  3.444391703679589E+00  3.438210743905664E+00  3.432027062639965E+00

  1.716227587755142E-01  1.716153492746542E-01  1.716115962937242E-01
  1.697693241749940E-01  1.697945638459356E-01  1.698234369483741E-01
  1.689021039104143E-01  1.689452643165102E-01  1.689920507824247E-01
  1.646312666229227E-01  1.646234957096623E-01  1.646189766454616E-01
  1.627707008926847E-01  1.627940943701943E-01  1.628206991619891E-01
  1.618947378960252E-01  1.619351678375051E-01  1.619787922502823E-01
  1.611966828828934E-01  1.611889289748820E-01  1.611842171876791E-01
  1.593344849447228E-01  1.593571723092649E-01  1.593828271747772E-01
  1.584552939639127E-01  1.584945707775960E-01  1.585367615660546E-01
  1.611966828828934E-01  1.611889289748820E-01  1.611842171876791E-01
  1.593344849447228E-01  1.593571723092649E-01  1.593828271747772E-01
  1.584552939639127E-01  1.584945707775960E-01  1.585367615660546E-01
  1.646312666229227E-01  1.646234957096623E-01  1.646189766454616E-01
  1.627707008926847E-01  1.627940943701943E-01  1.628206991619891E-01
  1.618947378960252E-01  1.619351678375051E-01  1.619787922502823E-01
  1.716227587755142E-01  1.716153492746542E-01  1.716115962937242E-01
  1.697693241749940E-01  1.697945638459356E-01  1.698234369483741E-01
  1.689021039104143E-01  1.689452643165102E-01  1.689920507824247E-01
  1.824073554677388E-01  1.824009891657082E-01  1.823987577237232E-01
  1.805746422175828E-01  1.806033423976675E-01  1.806361693539195E-01
  1.797264144389017E-01  1.797744616343193E-01  1.798266402061290E-01
  1.973098162097437E-01  1.973056876782452E-01  1.973061810783616E-01
  1.955233505943793E-01  1.955576000790173E-01  1.955964314919053E-01
  1.947119490617772E-01  1.947674863534312E-01  1.948275906460089E-01
  2.167032510730197E-01  2.167031382287197E-01  2.167080571200980E-01
  2.149991902364182E-01  2.150412455011422E-01  2.150882116589382E-01
  2.142491640852383E-01  2.143145687668768E-01  2.143848054424452E-01
  2.409459509116839E-01  2.409517885322081E-01  2.409629597532131E-01
  2.393653787168832E-01  2.394176656080003E-01  2.394751210128424E-01
  2.387033800961983E-01  2.387810900783904E-01  2.388638457914677E-01
  2.703089095028647E-01  2.703230157342054E-01  2.703427914794352E-01
  2.688968496121217E-01  2.689633111049378E-01  2.690353219219879E-01
  2.683506538766924E-01  2.684454452866267E-01  2.685456838108096E-01
  3.049328560687231E-01  3.049590855799260E-01  3.049915731679809E-01
  3.037433328504286E-01  3.038309513727117E-01  3.039247735328210E-01
  3.033456572038025E-01  3.034665188527372E-01  3.035935157448708E-01
  3.448378501659604E-01  3.448820527320428E-01  3.449334968704116E-01
  3.439241971796816E-01  3.440427193480747E-01  3.441684301154262E-01
  3.437053794037301E-01  3.438646510727393E-01  3.440310286425045E-01
  3.899908691845903E-01  3.900610501136362E-01  3.901399231151884E-01
  3.893628702350551E-01  3.895253014310353E-01  3.896963542235459E-01
  3.893209202937719E-01  3.895348394316698E-01  3.897572765115903E-01
  4.404473089945287E-01  4.405562917158691E-01  4.406758881311115E-01
  4.400220244970134E-01  4.402503795875694E-01  4.404893661982391E-01
  4.400949046099131E-01  4.403911447957805E-01  4.406979792180171E-01
  4.965134469399740E-01  4.966838487212525E-01  4.968671042364675E-01
  4.961185292184873E-01  4.964523333022371E-01  4.967992018956523E-01
  4.962058396921581E-01  4.966337952498354E-01  4.970749183070512E-01
  5.587685795418453E-01  5.590368161581607E-01  5.593201920100703E-01
  5.582377469919868E-01  5.587375219173062E-01  5.592527055059616E-01
  5.582973284616409E-01  5.589304513790400E-01  5.595791091081951E-01
  6.278980503490007E-01  6.283147118140253E-01  6.287485975698444E-01
  6.272632537225893E-01  6.280041365161182E-01  6.287620528132223E-01
  6.274687761442134E-01  6.283932036721807E-01  6.293344242518792E-01
  7.044145410158885E-01  7.050356920718173E-01  7.056757482376100E-01
  7.041378394668693E-01  7.051897305497572E-01  7.062590360174467E-01
  7.050324941638426E-01  7.063203739655802E-01  7.076244911982966E-01
  7.882101231070938E-01  7.890732568078604E-01  7.899563788807699E-01
  7.892916043936304E-01  7.906851756885629E-01  7.920950455230057E-01
  7.918072312723899E-01  7.934779507753659E-01  7.951623331750989E-01
  8.780213518695085E-01  8.791150835988210E-01  8.802292578384330E-01
  8.817888711844259E-01  8.834838778260958E-01  8.851928319862595E-01
  8.870008232699813E-01  8.889906495508816E-01  8.909901102706861E-01
  9.714166040419714E-01  9.726708869827727E-01  9.739457423835345E-01
  9.789877882219127E-01  9.808741638468617E-01  9.827717560501014E-01
  9.876523391527599E-01  9.898243383691669E-01  9.920017630514577E-01
  1.065684958127399E+00  1.066997978378879E+00  1.068331867268040E+00
  1.077411206240289E+00  1.079352868914445E+00  1.081303617934297E+00
  1.089594422820872E+00  1.091793346895810E+00  1.093994526140617E+00
  1.158918963716702E+00  1.160201964898182E+00  1.161506538896668E+00
  1.174219667863816E+00  1.176108504267536E+00  1.178005290174607E+00
  1.189304647630989E+00  1.191414860214199E+00  1.193525513198807E+00
  1.250323111623793E+00  1.251529795560186E+00  1.252758950540218E+00
  1.267931535572963E+00  1.269713526697855E+00  1.271503028726734E+00
  1.284893206438950E+00  1.286860804948689E+00  1.288827909991842E+00
  1.339558118039574E+00  1.340688940465715E+00  1.341842906294907E+00
  1.357792398814172E+00  1.359466792600420E+00  1.361148487770057E+00
  1.375403809161601E+00  1.377232737418290E+00  1.379060572697153E+00
  1.425586758089207E+00  1.426679142937888E+00  1.427794860451635E+00
  1.442412424333714E+00  1.444022310016792E+00  1.445639334928337E+00
  1.459259549654086E+00  1.461003843044029E+00  1.462746634224199E+00
  1.505977949613343E+00  1.507088283692349E+00  1.508221731458820E+00
  1.519091321888826E+00  1.520704798541181E+00  1.522325585018121E+00
  1.533575627854105E+00  1.535320879076951E+00  1.537064844723582E+00
  1.577635759890624E+00  1.578816232636620E+00  1.580019408463041E+00
  1.585008850193486E+00  1.586686100048547E+00  1.588371664410950E+00
  1.595624378526911E+00  1.597447395467457E+00  1.599270726648537E+00
  1.638384380060462E+00  1.639668319455202E+00  1.640974257025718E+00
  1.639306087015896E+00  1.641073286486808E+00  1.642850602578363E+00
  1.645267169763913E+00  1.647198990967733E+00  1.649134236275744E+00
  1.687425932097494E+00  1.688828842601243E+00  1.690252168726290E+00
  1.683252700596145E+00  1.685105074160819E+00  1.686969148899584E+00
  1.685060162828152E+00  1.687086784903817E+00  1.689120244644722E+00
  1.724324372825027E+00  1.725845885228056E+00  1.727384779366508E+00
  1.718034042720045E+00  1.719952015988770E+00  1.721881708663324E+00
  1.717367882894101E+00  1.719455198700134E+00  1.721551222283080E+00
  1.748296847449062E+00  1.749914761837964E+00  1.751545752636355E+00
  1.742998457131658E+00  1.744951709466326E+00  1.746914646775330E+00
  1.741868779953165E+00  1.743975817651388E+00  1.746090923818421E+00
  1.758690196229309E+00  1.760361443311544E+00  1.762041356498129E+00
  1.756216710746331E+00  1.758163242939429E+00  1.760116339066537E+00
  1.756006359666539E+00  1.758086069698531E+00  1.760171484859616E+00
  1.755823620462789E+00  1.757501463123369E+00  1.759184703378544E+00
  1.756341296895775E+00  1.758238607369744E+00  1.760139830813125E+00
  1.757419767791242E+00  1.759427523646196E+00  1.761438622776333E+00
  1.741250131326868E+00  1.742898120903428E+00  1.744549135941516E+00
  1.743856074332842E+00  1.745673993280426E+00  1.747493917096242E+00
  1.745864459751341E+00  1.747769999135097E+00  1.749677126236118E+00
  1.717222542702666E+00  1.718801235857715E+00  1.720379291212771E+00
  1.720823107144392E+00  1.722532877775514E+00  1.724241595739477E+00
  1.723209508968782E+00  1.724987339191446E+00  1.726763936546592E+00
  1.685790224958533E+00  1.687225789891574E+00  1.688653477556326E+00
  1.689647813420060E+00  1.691189625705165E+00  1.692723757391631E+00
  1.692029474605843E+00  1.693626091034363E+00  1.695215134870387E+00
  1.648204395226238E+00  1.649379119926469E+00  1.650535773928033E+00
  1.652019508667098E+00  1.653286821746780E+00  1.654536464534188E+00
  1.654257691850886E+00  1.655572479866395E+00  1.656869829907801E+00
  1.605098201017243E+00  1.605893478904300E+00  1.606662410808660E+00
  1.608813436920578E+00  1.609689891964826E+00  1.610539907690058E+00
  1.610910519170781E+00  1.611828870583165E+00  1.612720795152986E+00
  1.557335877848320E+00  1.557711413501712E+00  1.558060780367689E+00
  1.560901361608492E+00  1.561340114307842E+00  1.561751620686540E+00
  1.562866631484514E+00  1.563338681010628E+00  1.563783001470454E+00
  1.506848428166309E+00  1.506898283071848E+00  1.506933598694408E+00
  1.510108176984093E+00  1.510194977848620E+00  1.510265332516280E+00
  1.511887751097835E+00  1.511994812432101E+00  1.512084492381228E+00
  1.456727513421750E+00  1.456664010411636E+00  1.456605794404483E+00
  1.459457945208092E+00  1.459402941658323E+00  1.459351175105521E+00
  1.460950415650545E+00  1.460901061023801E+00  1.460853892500192E+00
  1.410495259294392E+00  1.410573887031272E+00  1.410679130291429E+00
  1.412513211334112E+00  1.412577839199788E+00  1.412667549132397E+00
  1.413628338389773E+00  1.413686702108749E+00  1.413769333391290E+00
  1.371162993026109E+00  1.371606943568105E+00  1.372095162106494E+00
  1.372398150537925E+00  1.372815580803730E+00  1.373276512730987E+00
  1.373099949197645E+00  1.373504245148163E+00  1.373951614377756E+00
  1.340700434243801E+00  1.341664679017013E+00  1.342685331404004E+00
  1.341195826566811E+00  1.342130330981014E+00  1.343121190118789E+00
  1.341506603993575E+00  1.342425957902449E+00  1.343401605394975E+00
  1.319993225385645E+00  1.321559776352489E+00  1.323188984079798E+00
  1.319868655441363E+00  1.321409502777661E+00  1.323013611209246E+00
  1.319850733932495E+00  1.321378204131536E+00  1.322969209540518E+00
  1.308973291688160E+00  1.311149699724039E+00  1.313388125840442E+00
  1.308395621376362E+00  1.310556635936838E+00  1.312780971638354E+00
  1.308135145857306E+00  1.310287778411203E+00  1.312504360497454E+00
  1.306685447030032E+00  1.309397257947739E+00  1.312162299513133E+00
  1.305855302074319E+00  1.308567787422840E+00  1.311335489406236E+00
  1.305455019583765E+00  1.308167081605978E+00  1.310935341026426E+00
  1.311342399261370E+00  1.314434300224331E+00  1.317562925365781E+00
  1.310480281936769E+00  1.313592812910090E+00  1.316744497993712E+00
  1.310053016050874E+00  1.313175162866646E+00  1.316337685234440E+00
  1.320543058030436E+00  1.323803792934412E+00  1.327080040827096E+00
  1.319861698398951E+00  1.323163215542001E+00  1.326482687475405E+00
  1.319517036676648E+00  1.322838466556155E+00  1.326179098910359E+00
  1.331693118383621E+00  1.334899025060160E+00  1.338098787869925E+00
  1.331362162983420E+00  1.334625057280086E+00  1.337883815608477E+00
  1.331188721482571E+00  1.334479967001306E+00  1.337768121532360E+00
  1.342472196956039E+00  1.345428873613183E+00  1.348360718975684E+00
  1.342591149232902E+00  1.345614112326912E+00  1.348613500333217E+00
  1.342642439900476E+00  1.345698769651724E+00  1.348732197959635E+00
  1.351157628442658E+00  1.353724388907886E+00  1.356252335732788E+00
  1.351746476736659E+00  1.354380720998059E+00  1.356976494669766E+00
  1.352035527417877E+00  1.354704048070913E+00  1.357334309728768E+00
  1.356738471101338E+00  1.358835459271559E+00  1.360884968313976E+00
  1.357745056189502E+00  1.359902966646760E+00  1.362012812705728E+00
  1.358247593407105E+00  1.360436689010991E+00  1.362577453510844E+00
  1.358869930691918E+00  1.360475265377025E+00  1.362029947129777E+00
  1.360189153664035E+00  1.361842688091948E+00  1.363444194813777E+00
  1.360853006827469E+00  1.362531397817743E+00  1.364157080302574E+00
  1.357740224779095E+00  1.358882063425963E+00  1.359975381630774E+00
  1.359239948360533E+00  1.360413663177910E+00  1.361536976375498E+00
  1.359998177611536E+00  1.361188473039794E+00  1.362327413933221E+00
  1.353898741640683E+00  1.354643487372744E+00  1.355346345134916E+00
  1.355446124262666E+00  1.356205778065411E+00  1.356921522618890E+00
  1.356230690312898E+00  1.356998229684968E+00  1.357720823387804E+00
  1.348081162424389E+00  1.348518510777139E+00  1.348923553583227E+00
  1.349563336664480E+00  1.350000659017976E+00  1.350403876015930E+00
  1.350316010398592E+00  1.350753505708035E+00  1.351155964062684E+00
  1.341057806651542E+00  1.341284080513849E+00  1.341488483402439E+00
  1.342394352088532E+00  1.342609653351898E+00  1.342801784686675E+00
  1.343073339220694E+00  1.343283110847432E+00  1.343469032662598E+00
  1.333514549043088E+00  1.333616455863178E+00  1.333705623243755E+00
  1.334662772486523E+00  1.334747773053913E+00  1.334819379140516E+00
  1.335245541053290E+00  1.335321868404686E+00  1.335384450549164E+00
  1.325966453298058E+00  1.326008264537965E+00  1.326043579338431E+00
  1.326920808644632E+00  1.326944782334242E+00  1.326962230849043E+00
  1.327403908922557E+00  1.327418644792343E+00  1.327426828984751E+00
  1.318710451468266E+00  1.318727821005942E+00  1.318741498915502E+00
  1.319496201356258E+00  1.319498780023633E+00  1.319498104905519E+00
  1.319892173079060E+00  1.319887026116801E+00  1.319878844045868E+00
  1.311827885016823E+00  1.311829774246607E+00  1.311827863627121E+00
  1.312489554155134E+00  1.312481939468712E+00  1.312471190047106E+00
  1.312821124062467E+00  1.312808491536178E+00  1.312793065947168E+00
  1.305235984825692E+00  1.305213028818980E+00  1.305184456977967E+00
  1.305823314786290E+00  1.305796484630448E+00  1.305764694545806E+00
  1.306116187925338E+00  1.306087262171235E+00  1.306053718151943E+00
  1.298767832430038E+00  1.298703161588929E+00  1.298630664268048E+00
  1.299323369668890E+00  1.299259306843952E+00  1.299187897661645E+00
  1.299599738693023E+00  1.299535932486762E+00  1.299465033280965E+00
  1.292250956794059E+00  1.292129447328197E+00  1.291998479561270E+00
  1.292802589683048E+00  1.292684269670408E+00  1.292556727981151E+00
  1.293077143001391E+00  1.292960454328828E+00  1.292834671645596E+00
  1.285561785321081E+00  1.285375481011847E+00  1.285179122437049E+00
  1.286121215833457E+00  1.285938776110714E+00  1.285746296663680E+00
  1.286400230846352E+00  1.286219802816511E+00  1.286029346433843E+00
  1.278648429447833E+00  1.278397936100558E+00  1.278137822253677E+00
  1.279214356223956E+00  1.278967013731247E+00  1.278709920091913E+00
  1.279497284229684E+00  1.279251600528156E+00  1.278996099863035E+00
  1.271526649220218E+00  1.271219561874874E+00  1.270904011585638E+00
  1.272090342298600E+00  1.271785032472034E+00  1.271471076495236E+00
  1.272372685155616E+00  1.272068325529254E+00  1.271755224873546E+00
  1.264259043975031E+00  1.263906826980805E+00  1.263547601985997E+00
  1.264810009008715E+00  1.264458201054347E+00  1.264099225260061E+00
  1.265086277471353E+00  1.264734703807868E+00  1.264375878367973E+00
  1.256927783051220E+00  1.256542401772516E+00  1.256151370258477E+00
  1.257457889881352E+00  1.257071979056414E+00  1.256680322894079E+00
  1.257723781345416E+00  1.257337607528217E+00  1.256945637624019E+00
  1.249609655524856E+00  1.249200960744852E+00  1.248787619267312E+00
  1.250115024555109E+00  1.249705425479574E+00  1.249291154360564E+00
  1.250368437691119E+00  1.249958371411842E+00  1.249543618770207E+00
  1.242359785005646E+00  1.241934232320105E+00  1.241504606415209E+00
  1.242840597394384E+00  1.242414227030973E+00  1.241983807155120E+00
  1.243081559036508E+00  1.242654760229626E+00  1.242223923614926E+00
  1.235206770655615E+00  1.234767540388081E+00  1.234324463000277E+00
  1.235665772802198E+00  1.235226049739967E+00  1.234782521990943E+00
  1.235895672245988E+00  1.235455687516245E+00  1.235011920112365E+00
  1.228157846949745E+00  1.227705953946670E+00  1.227250262239269E+00
  1.228598517337920E+00  1.228146471564346E+00  1.227690662595387E+00
  1.228819151784358E+00  1.228367022393916E+00  1.227911148626521E+00
  1.221209478474582E+00  1.220745208636787E+00  1.220277182698673E+00
  1.221634630083811E+00  1.221170420193014E+00  1.220702469585555E+00
  1.221847468063164E+00  1.221383288183455E+00  1.220915376101769E+00
  1.214357950768643E+00  1.213882014225857E+00  1.213402469915258E+00
  1.214769121445877E+00  1.214293291502011E+00  1.213813848669852E+00
  1.214974973836451E+00  1.214499201333280E+00  1.214019813749190E+00
  1.207606034171322E+00  1.207120106935691E+00  1.206630855974393E+00
  1.208003595908202E+00  1.207517696101816E+00  1.207028454675611E+00
  1.208202663744491E+00  1.207716782514231E+00  1.207227550678275E+00
  1.200964522387256E+00  1.200471185217220E+00  1.199974909272446E+00
  1.201348188000039E+00  1.200854746229782E+00  1.200358344702434E+00
  1.201540322073482E+00  1.201046831381318E+00  1.200550370183610E+00
  1.194449865522413E+00  1.193952180083717E+00  1.193451978383700E+00
  1.194819237200276E+00  1.194321326415928E+00  1.193820882354849E+00
  1.195004223919515E+00  1.194506201695768E+00  1.194005637407034E+00
  1.188080246453790E+00  1.187581266115772E+00  1.187080172254373E+00
  1.188435174050253E+00  1.187935892579427E+00  1.187434487232507E+00
  1.188612924675744E+00  1.188113492201514E+00  1.187611930491431E+00
  1.181872203696860E+00  1.181374631435471E+00  1.180875296692447E+00
  1.182212891637795E+00  1.181714990016752E+00  1.181215321293322E+00
  1.182383500924663E+00  1.181885433435218E+00  1.181385596475087E+00
  1.175838868103889E+00  1.175344933025687E+00  1.174849530203108E+00
  1.176165797052642E+00  1.175671535715027E+00  1.175175805096807E+00
  1.176329504433676E+00  1.175835078819751E+00  1.175339183189252E+00
  1.169989800107391E+00  1.169501307968944E+00  1.169011599463356E+00
  1.170303576212596E+00  1.169814771874716E+00  1.169324750165659E+00
  1.170460687969993E+00  1.169971726831658E+00  1.169481547886065E+00
  1.164331775976552E+00  1.163850237524028E+00  1.163367708330052E+00
  1.164633000333695E+00  1.164151160220867E+00  1.163668327435257E+00
  1.164783821360968E+00  1.164301830193614E+00  1.163818845443327E+00
  1.158869770978874E+00  1.158396520984783E+00  1.157922492903456E+00
  1.159158972199321E+00  1.158685422158105E+00  1.158211090913550E+00
  1.159303770257953E+00  1.158830070266266E+00  1.158355587539339E+00
  1.153607641115662E+00  1.153143902062426E+00  1.152679588993195E+00
  1.153885268627918E+00  1.153421223897523E+00  1.152956601350356E+00
  1.154024270303210E+00  1.153560072891953E+00  1.153095295763082E+00
  1.148548352969084E+00  1.148095239996980E+00  1.147641745917122E+00
  1.148814804886296E+00  1.148361378089657E+00  1.147907566388861E+00
  1.148948209812476E+00  1.148494626206355E+00  1.148040655783944E+00
  1.143693866886129E+00  1.143252356615511E+00  1.142810641216092E+00
  1.143949524174726E+00  1.143507693701141E+00  1.143065654790754E+00
  1.144077522800456E+00  1.143635532231703E+00  1.143193331557547E+00
  1.139044878608984E+00  1.138615770215738E+00  1.138186610398096E+00
  1.139290127875691E+00  1.138860696820459E+00  1.138431211674991E+00
  1.139412913450580E+00  1.138983321000761E+00  1.138553673119415E+00
  1.134600598198311E+00  1.134184486934598E+00  1.133768452760093E+00
  1.134835838486962E+00  1.134419406046564E+00  1.134003048573943E+00
  1.134953610751955E+00  1.134537017638627E+00  1.134120498430899E+00
  1.130358659619922E+00  1.129955930089345E+00  1.129553380722345E+00
  1.130584297584870E+00  1.130181251143515E+00  1.129778383095150E+00
  1.130697260368906E+00  1.130294055404187E+00  1.129891027949752E+00
  1.126315169626608E+00  1.125926005790803E+00  1.125537101293945E+00
  1.126531610408037E+00  1.126142135381337E+00  1.125752918111114E+00
  1.126639966927672E+00  1.126250336268403E+00  1.125860962577679E+00
  1.122464853596139E+00  1.122089257899114E+00  1.121713979014119E+00
  1.122672493119568E+00  1.122296592526568E+00  1.121921007271313E+00
  1.122776441978918E+00  1.122400388927339E+00  1.122024650478394E+00
  1.118801244395990E+00  1.118439059044610E+00  1.118077228358901E+00
  1.119000465411326E+00  1.118637981708797E+00  1.118275851295794E+00
  1.119100198536019E+00  1.118737565662216E+00  1.118375285390284E+00
  1.115316875729810E+00  1.114967802526938E+00  1.114619103971626E+00
  1.115508047037386E+00  1.115158682294628E+00  1.114809690940124E+00
  1.115603749275239E+00  1.115254238771937E+00  1.114905101026669E+00
  1.112003465277220E+00  1.111667083749846E+00  1.111331080563674E+00
  1.112186942343595E+00  1.111850276436236E+00  1.111513987739519E+00
  1.112278791802876E+00  1.111941983715641E+00  1.111605552273010E+00
  1.108852090509475E+00  1.108527875785716E+00  1.108204028504023E+00
  1.109028215912683E+00  1.108703724295342E+00  1.108379599109037E+00
  1.109116384221310E+00  1.108791754168025E+00  1.108467490039763E+00
  1.105853365385086E+00  1.105540707171790E+00  1.105228392875938E+00
  1.106022468456397E+00  1.105709541010617E+00  1.105396956564846E+00
  1.106107120604161E+00  1.105794058555323E+00  1.105481339047586E+00
  1.102997621600615E+00  1.102695844505057E+00  1.102394377391057E+00
  1.103160017463211E+00  1.102857978755380E+00  1.102556249174689E+00
  1.103241311324349E+00  1.102939141826885E+00  1.102637281029286E+00
  1.100275090221515E+00  1.099983474557689E+00  1.099692126838370E+00
  1.100431078778311E+00  1.100139208883093E+00  1.099847606115623E+00
  1.100509164598539E+00  1.100217167607044E+00  1.099925437334783E+00
  1.097676074151624E+00  1.097393875885660E+00  1.097111897658291E+00
  1.097825939480980E+00  1.097543493991246E+00  1.097261267744502E+00
  1.097900959567674E+00  1.097618390486957E+00  1.097336040251116E+00
  1.095191101336394E+00  1.094917570004125E+00  1.094644206969493E+00
  1.095335111667993E+00  1.095061339682546E+00  1.094787735211230E+00
  1.095407200374617E+00  1.095133308083206E+00  1.094859582913680E+00
  1.092811051786884E+00  1.092545445746071E+00  1.092279954215162E+00
  1.092949459985842E+00  1.092683619412840E+00  1.092417892573541E+00
  1.093018743954963E+00  1.092752786134645E+00  1.092486941659300E+00
  1.090527255943385E+00  1.090268854847499E+00  1.090010513976180E+00
  1.090660300327756E+00  1.090401670386864E+00  1.090143099898575E+00
  1.090726898903120E+00  1.090468154555451E+00  1.090209469273673E+00
  1.088331565513286E+00  1.088079680221000E+00  1.087827801709097E+00
  1.088459470842893E+00  1.088207361987648E+00  1.087955259142575E+00
  1.088523496567567E+00  1.088271275942616E+00  1.088019060941928E+00
  1.086216399966422E+00  1.085970380226403E+00  1.085724315822000E+00
  1.086339378496064E+00  1.086093140104060E+00  1.085846856277055E+00
  1.086400937642269E+00  1.086154589931408E+00  1.085908196399376E+00
  1.084174772645222E+00  1.083934012908991E+00  1.083693160065550E+00
  1.084293025178005E+00  1.084052051365388E+00  1.083810983672630E+00
  1.084352218276569E+00  1.084111137427760E+00  1.083869962311441E+00
  1.082200300563220E+00  1.081964244261455E+00  1.081728050279671E+00
  1.082314017456147E+00  1.082077751351980E+00  1.081841346790630E+00
  1.082370939802045E+00  1.082134568793249E+00  1.081898058937762E+00
  1.080287201831560E+00  1.080055344430456E+00  1.079823309399697E+00
  1.080396563908779E+00  1.080164500705309E+00  1.079932259088475E+00
  1.080451306020576E+00  1.080219139907008E+00  1.079986794987295E+00
  1.078430284356734E+00  1.078202175479977E+00  1.077973854301253E+00
  1.078535463692380E+00  1.078307152757487E+00  1.078078628727433E+00
  1.078588111706465E+00  1.078359699728275E+00  1.078131074257425E+00
  1.076624928928264E+00  1.076400173769766E+00  1.076175177477909E+00
  1.076726089477463E+00  1.076501135756628E+00  1.076275940096251E+00
  1.076776725466066E+00  1.076551672444895E+00  1.076326377080232E+00
  1.074867069039792E+00  1.074645329202682E+00  1.074423325712580E+00
  1.074964367119146E+00  1.074742431965152E+00  1.074520232335314E+00
  1.075013069332618E+00  1.074791036496592E+00  1.074568738772493E+00
  1.073153168849543E+00  1.072934162646263E+00  1.072714876946983E+00
  1.073246753489988E+00  1.073027554957423E+00  1.072808076086086E+00
  1.073293596534646E+00  1.073074301810023E+00  1.072854726324494E+00
  1.071480199747824E+00  1.071263701908576E+00  1.071046915644153E+00
  1.071570212957457E+00  1.071353525510500E+00  1.071136548773516E+00
  1.071615267927826E+00  1.071398485646383E+00  1.071181413641791E+00
  1.069845615227595E+00  1.069631455905681E+00  1.069417006227488E+00
  1.069932192208469E+00  1.069717845730691E+00  1.069503208009259E+00
  1.069975526795980E+00  1.069761086706995E+00  1.069546354930018E+00
  1.068247323278962E+00  1.068035386215502E+00  1.067823163770938E+00
  1.068330592640828E+00  1.068118470608922E+00  1.067906062287784E+00
  1.068372271240551E+00  1.068160056689002E+00  1.067947555393538E+00
  1.066683655407676E+00  1.066473875123288E+00  1.066263821055911E+00
  1.066763739415264E+00  1.066553776103162E+00  1.066343538083461E+00
  1.066803823249107E+00  1.066593768385977E+00  1.066383438352343E+00
  1.065153331554353E+00  1.064945689475678E+00  1.064737791354998E+00
  1.065230346434766E+00  1.065022523054487E+00  1.064814442697955E+00
  1.065268893704518E+00  1.065060979634792E+00  1.064852808121092E+00
  1.063655420497089E+00  1.063449940009258E+00  1.063244226691737E+00
  1.063729476821736E+00  1.063523816590312E+00  1.063317922594525E+00
  1.063766542899300E+00  1.063560792756126E+00  1.063354808380645E+00
  1.062189295608148E+00  1.061986036141261E+00  1.061782571681181E+00
  1.062260498750743E+00  1.062057060989489E+00  1.061853417311094E+00
  1.062296136406430E+00  1.062092609456794E+00  1.061888876127414E+00
  1.060754586186210E+00  1.060553636548824E+00  1.060352513386714E+00
  1.060823036845689E+00  1.060621910323251E+00  1.060420609375294E+00
  1.060857296509096E+00  1.060656081501674E+00  1.060454691617682E+00
  1.059351125313392E+00  1.059152596518226E+00  1.058953928213326E+00
  1.059416920079668E+00  1.059218215842903E+00  1.059019371231652E+00
  1.059449850122147E+00  1.059251058120810E+00  1.059052125311932E+00
  1.057978896410665E+00  1.057782914193973E+00  1.057586827922106E+00
  1.058042128343397E+00  1.057845972236880E+00  1.057649711258966E+00
  1.058073775367260E+00  1.057877532270677E+00  1.057681183893881E+00
  1.056637981722577E+00  1.056444678947149E+00  1.056251307953383E+00
  1.056698740910265E+00  1.056505265974180E+00  1.056311722063321E+00
  1.056729150028367E+00  1.056535588965367E+00  1.056341958548657E+00
  1.055328515519509E+00  1.055138024816590E+00  1.054947501144046E+00
  1.055386889588755E+00  1.055196228690705E+00  1.055005534135741E+00
  1.055416104679343E+00  1.055225358635707E+00  1.055034578590788E+00
  1.054050642251471E+00  1.053863089569100E+00  1.053675537683976E+00
  1.054106716802442E+00  1.053918996171563E+00  1.053731275726747E+00
  1.054134780727280E+00  1.053946976072745E+00  1.053759171297973E+00
  1.052804477044091E+00  1.052619976883824E+00  1.052435508971917E+00
  1.052858335994731E+00  1.052673670441660E+00  1.052489036606123E+00
  1.052885290771658E+00  1.052700542471534E+00  1.052515825622846E+00
  1.051590066698874E+00  1.051408719297458E+00  1.051227432563542E+00
  1.051641792524738E+00  1.051460282606205E+00  1.051278832906061E+00
  1.051667679448109E+00  1.051486088219312E+00  1.051304556983702E+00
  1.050407355925121E+00  1.050229245501821E+00  1.050051220705623E+00
  1.050457029786069E+00  1.050278760036678E+00  1.050100575545499E+00
  1.050481889490570E+00  1.050303540025633E+00  1.050125275633867E+00
  1.049256171645812E+00  1.049081363983866E+00  1.048906663495214E+00
  1.049303873400512E+00  1.049128909900895E+00  1.048954053281905E+00
  1.049327745868837E+00  1.049152704397392E+00  1.048977769659704E+00
  1.048136237531228E+00  1.047964775881531E+00  1.047793440034637E+00
  1.048182045658974E+00  1.048010431927623E+00  1.047838943776828E+00
  1.048204970183026E+00  1.048033280357699E+00  1.047861716001330E+00
  1.047047213709913E+00  1.046879114635083E+00  1.046711157628667E+00
  1.047091205179326E+00  1.046922958005268E+00  1.046754852741063E+00
  1.047113220294768E+00  1.046944899018133E+00  1.046776719571663E+00
  1.045988729527704E+00  1.045823983156364E+00  1.045659392728018E+00
  1.046030979657976E+00  1.045866089344808E+00  1.045701354872789E+00
  1.046052123074920E+00  1.045887160738399E+00  1.045722354191764E+00
  1.044960363141300E+00  1.044798942341369E+00  1.044637687947515E+00
  1.045000945480915E+00  1.044839385014263E+00  1.044677990901531E+00
  1.045021254023299E+00  1.044859623671683E+00  1.044698159647627E+00
  1.043961543685222E+00  1.043803422124574E+00  1.043645472312580E+00
  1.044000529892827E+00  1.043842273003606E+00  1.043684187853122E+00
  1.044020039438784E+00  1.043861714834777E+00  1.043703561964326E+00
  1.042991408131190E+00  1.042836580083411E+00  1.042681922683773E+00
  1.043028867812479E+00  1.042873908794706E+00  1.042719120449140E+00
  1.043047613212675E+00  1.042892588660735E+00  1.042737734792864E+00
  1.042048699640440E+00  1.041897190079103E+00  1.041745843919898E+00
  1.042084700105032E+00  1.041933063927138E+00  1.041781591200526E+00
  1.042102715060939E+00  1.041951015527104E+00  1.041799479469001E+00
  1.041131798534629E+00  1.040983655247987E+00  1.040835664352366E+00
  1.041166404491911E+00  1.041018138924943E+00  1.040870025814685E+00
  1.041183721403513E+00  1.041035394650365E+00  1.040887220386683E+00
  1.040238911943270E+00  1.040094181514381E+00  1.039949592338322E+00
  1.040272185220535E+00  1.040127336821249E+00  1.039982629750204E+00
  1.040288835045165E+00  1.040143927616412E+00  1.039999161553543E+00
  1.039368349784687E+00  1.039227049724149E+00  1.039085882840655E+00
  1.039400349172971E+00  1.039258935408743E+00  1.039117654902529E+00
  1.039416361348017E+00  1.039274890689491E+00  1.039133553329426E+00
  1.038518753558745E+00  1.038380855773130E+00  1.038243087414547E+00
  1.038549534845792E+00  1.038411527551591E+00  1.038273649769293E+00
  1.038564937305037E+00  1.038426875215943E+00  1.038288942681166E+00
  1.037689169652114E+00  1.037554603224491E+00  1.037420165860927E+00
  1.037718785814141E+00  1.037584113967406E+00  1.037449571273227E+00
  1.037733605083602E+00  1.037598880488569E+00  1.037464285090331E+00
  1.036878954735082E+00  1.036747623936196E+00  1.036616423090067E+00
  1.036907456189613E+00  1.036776023926505E+00  1.036644721708053E+00
  1.036921717513966E+00  1.036790234481837E+00  1.036658881540316E+00
  1.036087597056846E+00  1.035959402436591E+00  1.035831338036518E+00
  1.036115031873889E+00  1.035986739593859E+00  1.035858577628401E+00
  1.036128759322131E+00  1.036000418177087E+00  1.035872207393823E+00
  1.035314566868373E+00  1.035189418335345E+00  1.035064398953850E+00
  1.035340980892422E+00  1.035215738351481E+00  1.035090625057465E+00
  1.035354197418916E+00  1.035228907840615E+00  1.035103747556953E+00
  1.034559261426417E+00  1.034437080061973E+00  1.034315025802362E+00
  1.034584698329995E+00  1.034462426462918E+00  1.034340281795581E+00
  1.034597425801295E+00  1.034475108651152E+00  1.034352918748223E+00
  1.033821033482968E+00  1.033701746495656E+00  1.033582584321039E+00
  1.033845534805908E+00  1.033726160682079E+00  1.033606911464364E+00
  1.033857794020444E+00  1.033738376298187E+00  1.033619083528777E+00
  1.033099246770824E+00  1.032982782231147E+00  1.032866440443907E+00
  1.033122851986190E+00  1.033006303542173E+00  1.032889877942094E+00
  1.033134662707281E+00  1.033018072282434E+00  1.032901604747299E+00
  1.032393309781065E+00  1.032279594802716E+00  1.032166000801160E+00
  1.032416056393487E+00  1.032302260612298E+00  1.032188585897391E+00
  1.032427437398597E+00  1.032313601188760E+00  1.032199886089976E+00
  1.031702676140663E+00  1.031591638033307E+00  1.031480719238664E+00
  1.031724599798586E+00  1.031613483862353E+00  1.031502487326298E+00
  1.031735568935520E+00  1.031624414058984E+00  1.031513378626382E+00
  1.031026828345244E+00  1.030918396414014E+00  1.030810082092219E+00
  1.031047962947536E+00  1.030939456038104E+00  1.030831066823495E+00
  1.031058537187855E+00  1.030949992764747E+00  1.030841566079179E+00
  1.030365264538358E+00  1.030259370950576E+00  1.030153593196963E+00
  1.030385642328290E+00  1.030279676494941E+00  1.030173826579003E+00
  1.030395837814378E+00  1.030289835834890E+00  1.030183949814459E+00
  1.029717495313307E+00  1.029614074946231E+00  1.029510768611729E+00
  1.029737146963167E+00  1.029633656970671E+00  1.029530281091801E+00
  1.029746979050632E+00  1.029643454223227E+00  1.029540043549997E+00
  1.029083046674820E+00  1.028982036577210E+00  1.028881138740500E+00
  1.029102001366387E+00  1.029000924156321E+00  1.028899959286020E+00
  1.029111484664370E+00  1.029010373876970E+00  1.028909375468790E+00
  1.028461463427249E+00  1.028362802396159E+00  1.028264251914467E+00
  1.028479748930353E+00  1.028381023197484E+00  1.028282408090733E+00
  1.028488897340895E+00  1.028390139237064E+00  1.028291491797734E+00
  1.027852310288774E+00  1.027755938723433E+00  1.027659676053496E+00
  1.027869953037604E+00  1.027773519083414E+00  1.027677194099268E+00
  1.027878779793870E+00  1.027782314626160E+00  1.027685958465836E+00
  1.027255170630130E+00  1.027161030621321E+00  1.027066997887153E+00
  1.027272195796104E+00  1.027177995617947E+00  1.027083902787056E+00
  1.027280713498882E+00  1.027186483217881E+00  1.027092360320480E+00
  1.026669643906654E+00  1.026577679400162E+00  1.026485820559548E+00
  1.026686075466723E+00  1.026594052921175E+00  1.026502136112168E+00
  1.026694296118654E+00  1.026602244536285E+00  1.026510298725806E+00
  1.026095343473976E+00  1.026005500298341E+00  1.025915761194919E+00
  1.026111204273865E+00  1.026021305104408E+00  1.025931510075906E+00
  1.026119139311116E+00  1.026029212128284E+00  1.025939389120794E+00
  1.025531896146324E+00  1.025444121826251E+00  1.025356450022192E+00
  1.025547207959311E+00  1.025459379609569E+00  1.025371653842707E+00
  1.025554868281019E+00  1.025467012900761E+00  1.025379260136836E+00
  1.024978943120340E+00  1.024893186636768E+00  1.024807531164164E+00
  1.024993726702980E+00  1.024907918076487E+00  1.024822210526017E+00
  1.025001122699176E+00  1.024915287986286E+00  1.024829554381963E+00
  1.024436140352451E+00  1.024352352075458E+00  1.024268663343714E+00
  1.024450415498098E+00  1.024366576890920E+00  1.024282837892298E+00
  1.024457557076508E+00  1.024373693290004E+00  1.024289929143727E+00
  1.023903157198844E+00  1.023821288999792E+00  1.023739518898702E+00
  1.023916942788448E+00  1.023835026001179E+00  1.023753207373489E+00
  1.023923839399944E+00  1.023841898305001E+00  1.023760055400461E+00
  1.023379674404952E+00  1.023299679722850E+00  1.023219781707898E+00
  1.023392988454159E+00  1.023312946858245E+00  1.023233001989447E+00
  1.023399649116346E+00  1.023319584050593E+00  1.023239615741953E+00
  1.022865383399475E+00  1.022787217105404E+00  1.022709146082892E+00
  1.022878243102174E+00  1.022800031504219E+00  1.022721915236182E+00
  1.022884676421208E+00  1.022806442158977E+00  1.022728303255859E+00
  1.022359987090854E+00  1.022283605273739E+00  1.022207317380711E+00
  1.022372408860412E+00  1.022295983287714E+00  1.022219651695911E+00
  1.022378623051648E+00  1.022302175589394E+00  1.022225822136455E+00
  1.021863200355328E+00  1.021788560259701E+00  1.021714012777818E+00
  1.021875199864419E+00  1.021800517502496E+00  1.021725927809637E+00
  1.021881202772366E+00  1.021806499266072E+00  1.021731888456513E+00
  1.021374748901155E+00  1.021301809036175E+00  1.021228960492109E+00
  1.021386341119703E+00  1.021313360421213E+00  1.021240471097512E+00
  1.021392140237025E+00  1.021319139111068E+00  1.021246229386850E+00
  1.020894367487575E+00  1.020823087692114E+00  1.020751897940868E+00
  1.020905566717858E+00  1.020834247467669E+00  1.020763018314162E+00
  1.020911169202954E+00  1.020839830215174E+00  1.020768581350324E+00
  1.020421799376408E+00  1.020352140692355E+00  1.020282570809867E+00
  1.020432619285413E+00  1.020362922473822E+00  1.020293314514896E+00
  1.020438031978621E+00  1.020368316093497E+00  1.020298689086601E+00
  1.019956797176546E+00  1.019888721653377E+00  1.019820733734622E+00
  1.019967250826758E+00  1.019899138453864E+00  1.019831113735168E+00
  1.019972480265784E+00  1.019904349458703E+00  1.019836306330723E+00
  1.019499123335612E+00  1.019432593984259E+00  1.019366151074314E+00
  1.019509223215003E+00  1.019442658244380E+00  1.019376179763684E+00
  1.019514275649924E+00  1.019447692860758E+00  1.019381196585790E+00
  1.019048549086442E+00  1.018983529991008E+00  1.018918596189567E+00
  1.019058307137088E+00  1.018993253607434E+00  1.018928285419069E+00
  1.019063188544697E+00  1.018998117789421E+00  1.018933132399094E+00
  1.018604852850403E+00  1.018541309229044E+00  1.018477849769375E+00
  1.018614280494849E+00  1.018550703580882E+00  1.018487210874707E+00
  1.018618996591849E+00  1.018555403023442E+00  1.018491893685891E+00
  1.018167819853459E+00  1.018105717936349E+00  1.018043699081039E+00
  1.018176928018932E+00  1.018114793909288E+00  1.018052742906387E+00
  1.018181484274072E+00  1.018119334060383E+00  1.018057266975922E+00
  1.017737243007192E+00  1.017676549857531E+00  1.017615938712337E+00
  1.017746042148786E+00  1.017685317866853E+00  1.017624675633219E+00
  1.017750443794459E+00  1.017689703938955E+00  1.017629046153676E+00
  1.017312923363866E+00  1.017253606845871E+00  1.017194371306027E+00
  1.017321423487318E+00  1.017262076859070E+00  1.017202811251739E+00
  1.017325675530979E+00  1.017266313840492E+00  1.017207033192316E+00
  1.016894669097423E+00  1.016836697989082E+00  1.016778806846131E+00
  1.016902879780903E+00  1.016844879547609E+00  1.016786959321442E+00
  1.016906987015966E+00  1.016848972213393E+00  1.016791037438826E+00
  1.016482294058135E+00  1.016425638107843E+00  1.016369061123962E+00
  1.016490224472169E+00  1.016433540347064E+00  1.016376935229104E+00
  1.016494191487993E+00  1.016437493268974E+00  1.016380874077475E+00
  1.016075617565906E+00  1.016020247375414E+00  1.015964955182704E+00
  1.016083276491616E+00  1.016027879042801E+00  1.015972559631525E+00
  1.016087107682640E+00  1.016031696598434E+00  1.015976363571656E+00
  1.015674465404592E+00  1.015620352264340E+00  1.015566316192665E+00
  1.015681861251319E+00  1.015627721736934E+00  1.015573659329949E+00
  1.015685560825878E+00  1.015631408118465E+00  1.015577332537871E+00
  1.015278670321634E+00  1.015225786188783E+00  1.015172978223352E+00
  1.015285811144449E+00  1.015232901490574E+00  1.015180068042048E+00
  1.015289383133548E+00  1.015236460713452E+00  1.015183614517679E+00
  1.014888070980768E+00  1.014836388591130E+00  1.014784781479497E+00
  1.014894964497235E+00  1.014843257409799E+00  1.014791625637435E+00
  1.014898412762941E+00  1.014846693321140E+00  1.014795049212953E+00
  1.014502510352700E+00  1.014452003275906E+00  1.014401570600109E+00
  1.014509163957979E+00  1.014458632977973E+00  1.014408176435188E+00
  1.014512492200983E+00  1.014461949264135E+00  1.014411480782627E+00
  1.014121835239351E+00  1.014072477770813E+00  1.014023193854332E+00
  1.014128256019818E+00  1.014078875415214E+00  1.014029568398074E+00
  1.014131467786251E+00  1.014082075608598E+00  1.014032757036121E+00
  1.013745897211547E+00  1.013697664221451E+00  1.013649503970711E+00
  1.013752091958027E+00  1.013703836572640E+00  1.013655653961236E+00
  1.013755190646093E+00  1.013706924058256E+00  1.013658730261721E+00
  1.013374553722292E+00  1.013327420636228E+00  1.013280359502141E+00
  1.013380528943611E+00  1.013333374177610E+00  1.013286291397469E+00
  1.013383517810367E+00  1.013336352199791E+00  1.013289258592023E+00
  1.013007668397810E+00  1.012961611297648E+00  1.012915625372308E+00
  1.013013430334236E+00  1.012967352245007E+00  1.012921345363764E+00
  1.013016312502317E+00  1.012970223914140E+00  1.012924206550538E+00
  1.012645110679345E+00  1.012600106350647E+00  1.012555172430784E+00
  1.012650665314990E+00  1.012605640664604E+00  1.012560686455514E+00
  1.012653443778829E+00  1.012608408963366E+00  1.012563444605436E+00
  1.012286755055412E+00  1.012242780891470E+00  1.012198876396211E+00
  1.012292108129272E+00  1.012248114288487E+00  1.012204190148168E+00
  1.012294785760617E+00  1.012250782077352E+00  1.012206848110449E+00
  1.011932479090044E+00  1.011889512968703E+00  1.011846615809111E+00
  1.011937636105810E+00  1.011894650930788E+00  1.011851734748648E+00
  1.011940215658641E+00  1.011897220952886E+00  1.011854295255584E+00
  1.011582159588999E+00  1.011540179877370E+00  1.011498268443402E+00
  1.011587125823624E+00  1.011545127660539E+00  1.011503197805630E+00
  1.011589609938444E+00  1.011547602545894E+00  1.011505663476786E+00
  1.011235668753404E+00  1.011194654415013E+00  1.011153707679041E+00
  1.011240449264233E+00  1.011199417056424E+00  1.011158452480958E+00
  1.011242840471628E+00  1.011201799325527E+00  1.011160825826735E+00
  1.010892874788531E+00  1.010852805419696E+00  1.010812802987980E+00
  1.010897474419911E+00  1.010857387744317E+00  1.010817368035184E+00
  1.010899775143879E+00  1.010859679811466E+00  1.010819651460191E+00
  1.010553650482900E+00  1.010514506194452E+00  1.010475428201605E+00
  1.010558073874864E+00  1.010518912823708E+00  1.010479818096935E+00
  1.010560286437142E+00  1.010521117001331E+00  1.010482013904299E+00
  1.010217887805725E+00  1.010179649071101E+00  1.010141476021315E+00
  1.010222139407310E+00  1.010183884436082E+00  1.010145695177939E+00
  1.010224266034055E+00  1.010186002941355E+00  1.010147805575869E+00
  1.009885509628401E+00  1.009848157263897E+00  1.009810869994513E+00
  1.009889593715217E+00  1.009852225622822E+00  1.009814922653291E+00
  1.009891636545786E+00  1.009854260586401E+00  1.009816949763757E+00
  1.009556465313750E+00  1.009519980586435E+00  1.009483560372332E+00
  1.009560386003933E+00  1.009523886040621E+00  1.009487450617780E+00
  1.009562347098865E+00  1.009525839514630E+00  1.009489396484501E+00
  1.009230696796060E+00  1.009195061503078E+00  1.009159490150481E+00
  1.009234458053796E+00  1.009198808000533E+00  1.009163221914444E+00
  1.009236339396571E+00  1.009200681960359E+00  1.009165088504719E+00
  1.008908064997406E+00  1.008873261421407E+00  1.008838521235597E+00
  1.008911670610161E+00  1.008876852734068E+00  1.008842098274495E+00
  1.008913474095800E+00  1.008878649066961E+00  1.008843887467811E+00
  1.008588232609694E+00  1.008554243393014E+00  1.008520317040027E+00
  1.008591686124569E+00  1.008557683052971E+00  1.008523742870964E+00
  1.008593413527872E+00  1.008559403526220E+00  1.008525456427112E+00
