  3.444391703679589E+00  3.438210743905664E+00  3.432027062639965E+00

  1.716227587755142E-01  1.716153492746542E-01  1.716115962937242E-01
  1.697693241749940E-01  1.697945638459356E-01  1.698234369483741E-01
  1.689021039104143E-01  1.689452643165102E-01  1.689920507824247E-01
  1.689021039104143E-01  1.689452643165102E-01  1.689920507824247E-01
  1.697693241749940E-01  1.697945638459356E-01  1.698234369483741E-01
  1.716227587755142E-01  1.716153492746542E-01  1.716115962937242E-01
  1.747022742146687E-01  1.746534361377708E-01  1.746082987548562E-01
  1.793718594897634E-01  1.792802461787363E-01  1.791923935022532E-01
  1.861007676702657E-01  1.859719661503767E-01  1.858469760725870E-01
  1.953840789713219E-01  1.952282612621005E-01  1.950762496819849E-01
  2.076011068384864E-01  2.074301723585651E-01  2.072629490418158E-01
  2.228800993232617E-01  2.227061005039593E-01  2.225356136299428E-01
  2.410445796838868E-01  2.408788522307331E-01  2.407162792938747E-01
  2.616544076135660E-01  2.615053742337868E-01  2.613589168702805E-01
  2.841329297200040E-01  2.840036394807272E-01  2.838761633654607E-01
  3.079328906337298E-01  3.078209069146829E-01  3.077099265382304E-01
  3.326307214085613E-01  3.325302750333164E-01  3.324300937123661E-01
  3.579147349670537E-01  3.578191419233613E-01  3.577231967380941E-01
  3.835595547342873E-01  3.834626625760833E-01  3.833649242451130E-01
  4.094433738086550E-01  4.093400416800881E-01  4.092354886276834E-01
  4.355524241967549E-01  4.354385340163688E-01  4.353231704041274E-01
  4.619282021973374E-01  4.618006669445662E-01  4.616715324206147E-01
  4.885978382049758E-01  4.884547691646516E-01  4.883100999412706E-01
  5.155375886321495E-01  5.153784710083124E-01  5.152178648308153E-01
  5.426697755726223E-01  5.424954576110200E-01  5.423198527352314E-01
  5.698717111347409E-01  5.696841757065280E-01  5.694956174471439E-01
  5.969865162626984E-01  5.967885379371958E-01  5.965898367472631E-01
  6.238352684921573E-01  6.236300705793746E-01  6.234244636329427E-01
  6.502299849855162E-01  6.500209556418153E-01  6.498118281401802E-01
  6.759858002921174E-01  6.757762775103350E-01  6.755669521544215E-01
  7.009310517258927E-01  7.007241682056429E-01  7.005177536806938E-01
  7.249147227328400E-01  7.247133003485305E-01  7.245125887722164E-01
  7.478112194261933E-01  7.476177046874281E-01  7.474251095933643E-01
  7.695227433235885E-01  7.693391761245202E-01  7.691567033314690E-01
  7.899796608406368E-01  7.898076694355989E-01  7.896369137224682E-01
  8.091393285797536E-01  8.089801442930408E-01  8.088223053618366E-01
  8.269838337178212E-01  8.268383194281900E-01  8.266942312048611E-01
  8.435170610920046E-01  8.433857482284686E-01  8.432559162948151E-01
  8.587614246765759E-01  8.586445544175645E-01  8.585291973543909E-01
  8.727545220538798E-01  8.726520875134429E-01  8.725511790323814E-01
  8.855458979861931E-01  8.854576851975609E-01  8.853709949512253E-01
  8.971940417570546E-01  8.971196680922127E-01  8.970467998579024E-01
  9.077636934789519E-01  9.077026427403124E-01  9.076430692483305E-01
  9.173234964726288E-01  9.172751502916714E-01  9.172282443525841E-01
  9.259440048319154E-01  9.259076702652816E-01  9.258727320971802E-01
  9.336960357973140E-01  9.336709691753808E-01  9.336472499927443E-01
  9.406493439024997E-01  9.406347710957933E-01  9.406214931302759E-01
  9.468715864503786E-01  9.468667197953325E-01  9.468630929939519E-01
  9.524275463225531E-01  9.524315984983487E-01  9.524368341935426E-01
  9.573785772668898E-01  9.573907724425516E-01  9.574040943145405E-01
  9.617822377370985E-01  9.618018203154549E-01  9.618224729733766E-01
  9.656920814093034E-01  9.657183226860077E-01  9.657455781848338E-01
  9.691575752043203E-01  9.691897782408712E-01  9.692229408312907E-01
  9.722241186788610E-01  9.722616216632558E-01  9.723000310461958E-01
  9.749331417960206E-01  9.749753201369102E-01  9.750183534666672E-01
  9.773222611974277E-01  9.773685285697631E-01  9.774156014219707E-01
  9.794254780769193E-01  9.794752866102575E-01  9.795258531042498E-01
  9.812734035328877E-01  9.813262433082760E-01  9.813797955482989E-01
  9.828934998125870E-01  9.829488978105105E-01  9.830049647869064E-01
  9.843103281348714E-01  9.843678467552235E-01  9.844259928253011E-01
  9.855457957805998E-01  9.856050310361730E-01  9.856648540851278E-01
  9.866193968762006E-01  9.866799763439030E-01  9.867411057089903E-01
  9.875484427776557E-01  9.876100233766759E-01  9.876721176030065E-01
  9.883482792071505E-01  9.884105448607130E-01  9.884732893446208E-01
  9.890324883245596E-01  9.890951475518268E-01  9.891582521178707E-01
  9.896130747546383E-01  9.896758582318143E-01  9.897390546821844E-01
  9.901006352633305E-01  9.901632933881874E-01  9.902263330586865E-01
  9.905045123079186E-01  9.905668127998676E-01  9.906294641548223E-01
  9.908329320998848E-01  9.908946576684283E-01  9.909567039678797E-01
  9.910931281386691E-01  9.911540742565934E-01  9.912153113329529E-01
  9.912914514190738E-01  9.913514242430005E-01  9.914116584309290E-01
  9.914334687014265E-01  9.914922831910972E-01  9.915513294634081E-01
  9.915240503748084E-01  9.915815286732289E-01  9.916392090465999E-01
  9.915674495475056E-01  9.916234196959504E-01  9.916795619822081E-01
  9.915673740672430E-01  9.916216691406866E-01  9.916761061309042E-01
  9.915270532017677E-01  9.915795109594396E-01  9.916320801368443E-01
  9.914493006847193E-01  9.914997638343049E-01  9.915503077150351E-01
  9.913365757322632E-01  9.913848929011801E-01  9.914332600956006E-01
  9.911910434369766E-01  9.912370709262682E-01  9.912831179939189E-01
  9.910146356212339E-01  9.910582399834792E-01  9.911018341184551E-01
  9.908091127663468E-01  9.908501741967207E-01  9.908911967257342E-01
  9.905761270281170E-01  9.906145434884303E-01  9.906528940924574E-01
  9.903172856372752E-01  9.903529775515847E-01  9.903885790395078E-01
  9.900342132336334E-01  9.900671285104711E-01  9.900999318896377E-01
  9.897286109986462E-01  9.897587300623980E-01  9.897887195802466E-01
  9.894023099558202E-01  9.894296504232123E-01  9.894568482110638E-01
  9.890573156204551E-01  9.890819362506880E-01  9.891064061983353E-01
  9.886958413832699E-01  9.887178449699956E-01  9.887396955050058E-01
  9.883203286275408E-01  9.883398635872970E-01  9.883592491246039E-01
  9.879334525496168E-01  9.879507130847949E-01  9.879678340393432E-01
  9.875381138455851E-01  9.875533387023018E-01  9.875684401010528E-01
  9.871374176554807E-01  9.871508876340815E-01  9.871642564992128E-01
  9.867346422127630E-01  9.867466766955653E-01  9.867586384724801E-01
  9.863332003358954E-01  9.863441531495477E-01  9.863550674979210E-01
  9.859365970676658E-01  9.859468519773830E-01  9.859571082127314E-01
  9.855483863228572E-01  9.855583523517398E-01  9.855683647091010E-01
  9.851721283314041E-01  9.851822349113133E-01  9.851924376050866E-01
  9.848113480547374E-01  9.848220397665400E-01  9.848328815659088E-01
  9.844694928518443E-01  9.844812232507685E-01  9.844931610318777E-01
  9.841498859089421E-01  9.841631097348725E-01  9.841766002932900E-01
  9.838556709216517E-01  9.838708339648363E-01  9.838863233767501E-01
  9.835897438764244E-01  9.836072699982970E-01  9.836251800938068E-01
  9.833546699739094E-01  9.833749453098531E-01  9.833956573939082E-01
  9.831525877488717E-01  9.831759428889387E-01  9.831997796418629E-01
  9.829851075684715E-01  9.830117993564418E-01  9.830390066833692E-01
  9.828532165891465E-01  9.828834118523239E-01  9.829141430741341E-01
  9.827572052789091E-01  9.827909690491512E-01  9.828252739922441E-01
  9.826966303999835E-01  9.827339208526680E-01  9.827717419649558E-01
  9.826703253866425E-01  9.827109968198511E-01  9.827521734566153E-01
  9.826764620051430E-01  9.827202759022332E-01  9.827645566100552E-01
  9.827126587433006E-01  9.827593016308096E-01  9.828063629451513E-01
  9.827761237240652E-01  9.828252294928455E-01  9.828746987875179E-01
  9.828638149820581E-01  9.829149888239394E-01  9.829664683274093E-01
  9.829725997067752E-01  9.830254409029288E-01  9.830785301698025E-01
  9.830993964246296E-01  9.831535178030455E-01  9.832078325733545E-01
  9.832412889912370E-01  9.832963317327253E-01  9.833515179987856E-01
  9.833956071506110E-01  9.834512505222212E-01  9.835069935118740E-01
  9.835599738271456E-01  9.836159401657785E-01  9.836719686607427E-01
  9.837323232799533E-01  9.837883790340801E-01  9.838444658851964E-01
  9.839108964392307E-01  9.839668502892644E-01  9.840228101655919E-01
  9.840942203622833E-01  9.841499194312089E-01  9.842056048045480E-01
  9.842810782493823E-01  9.843364032692575E-01  9.843916994744785E-01
  9.844704752916894E-01  9.845253353971312E-01  9.845801554073931E-01
  9.846616041176868E-01  9.847159317576319E-01  9.847702111334184E-01
  9.848538120775041E-01  9.849075583857543E-01  9.849612507123332E-01
  9.850465714690032E-01  9.850997022825106E-01  9.851527752714064E-01
  9.852394534277051E-01  9.852919459638636E-01  9.853443782283419E-01
  9.854321064548217E-01  9.854839464992963E-01  9.855357248546348E-01
  9.856242405795953E-01  9.856754200127310E-01  9.857265371123938E-01
  9.858156168718851E-01  9.858661315560837E-01  9.859165838498580E-01
  9.860060394708494E-01  9.860558878178763E-01  9.861056741206790E-01
  9.861953455135658E-01  9.862445281141706E-01  9.862936491865342E-01
  9.863833903036771E-01  9.864319105307480E-01  9.864803696674016E-01
  9.865700315573827E-01  9.866178961774889E-01  9.866656999429464E-01
  9.867551236655365E-01  9.868023419083181E-01  9.868494994918399E-01
  9.869385333812888E-01  9.869851134401907E-01  9.870316334738425E-01
  9.871201776897612E-01  9.871661213815023E-01  9.872120067133403E-01
  9.873000672095832E-01  9.873453654696571E-01  9.873906083979522E-01
  9.874783270608853E-01  9.875229594655250E-01  9.875675406889253E-01
  9.876551736456266E-01  9.876991133474630E-01  9.877430063318738E-01
  9.878308499729550E-01  9.878740722098094E-01  9.879172514977087E-01
  9.880055487860654E-01  9.880480387218286E-01  9.880904880904025E-01
  9.881793620775338E-01  9.882211180377722E-01  9.882628343737873E-01
  9.883522796077702E-01  9.883933106587655E-01  9.884343021013049E-01
  9.885242290388011E-01  9.885645492120433E-01  9.886048295572650E-01
  9.886951280665405E-01  9.887347509700076E-01  9.887743340654486E-01
  9.888649189954387E-01  9.889038553538843E-01  9.889427522645841E-01
  9.890335748033970E-01  9.890718329699878E-01  9.891100522310609E-01
  9.892010860951089E-01  9.892386738143389E-01  9.892762231577908E-01
  9.893674459800154E-01  9.894043716578695E-01  9.894412593908186E-01
  9.895326435547696E-01  9.895689164298105E-01  9.896051517162615E-01
  9.896966658390786E-01  9.897322954922734E-01  9.897678878990047E-01
  9.898595022654232E-01  9.898944981429634E-01  9.899294571378964E-01
  9.900211470953063E-01  9.900555183522074E-01  9.900898531128642E-01
  9.901815990864472E-01  9.902153546699783E-01  9.902490741503209E-01
  9.903408599918423E-01  9.903740087752921E-01  9.904071218408421E-01
  9.904989333129611E-01  9.905314841702432E-01  9.905639996815037E-01
  9.906558237876664E-01  9.906877855864160E-01  9.907197124010598E-01
  9.908115375179408E-01  9.908429190548376E-01  9.908742659674693E-01
  9.909660823699565E-01  9.909968923040456E-01  9.910276679761074E-01
  9.911194681328326E-01  9.911497149748891E-01  9.911799279160058E-01
  9.912717061450714E-01  9.913013983054219E-01  9.913310569175452E-01
  9.914228086771926E-01  9.914519545080352E-01  9.914810671328844E-01
  9.915727886631537E-01  9.916013964392162E-01  9.916299713463173E-01
  9.917216599492109E-01  9.917497378108346E-01  9.917777831406323E-01
  9.918694375723176E-01  9.918969935045358E-01  9.919245172402971E-01
  9.920161375630746E-01  9.920431794351804E-01  9.920701894380552E-01
  9.921617764285373E-01  9.921883120367638E-01  9.922148160927357E-01
  9.923063709120700E-01  9.923324079653904E-01  9.923584137781276E-01
  9.924499382460961E-01  9.924754843148453E-01  9.925009994544062E-01
  9.925924964412300E-01  9.926175589394605E-01  9.926425908177973E-01
  9.927340641229213E-01  9.927586503478005E-01  9.927832062539814E-01
  9.928746600691933E-01  9.928987772417384E-01  9.929228643869240E-01
  9.930143030199839E-01  9.930379582709191E-01  9.930615837808607E-01
  9.931530119469095E-01  9.931762122687159E-01  9.931993831356118E-01
  9.932908063363969E-01  9.933135585691968E-01  9.933362816309568E-01
  9.934277060355087E-01  9.934500169064351E-01  9.934722988822889E-01
  9.935637308315501E-01  9.935856069930193E-01  9.936074545260358E-01
  9.936989003093677E-01  9.937203483244420E-01  9.937417679731176E-01
  9.938332341405206E-01  9.938542604378500E-01  9.938752586306213E-01
  9.939667523572223E-01  9.939873632197050E-01  9.940079462372620E-01
  9.940994751857691E-01  9.941196767893279E-01  9.941398508000068E-01
  9.942314226233725E-01  9.942512210729607E-01  9.942709921729216E-01
  9.943626143012042E-01  9.943820156161968E-01  9.944013898206232E-01
  9.944930698074441E-01  9.945120798791245E-01  9.945310630791334E-01
  9.946228090594499E-01  9.946414336408262E-01  9.946600315872759E-01
  9.947518522786347E-01  9.947700970209120E-01  9.947883153578231E-01
  9.948802196170972E-01  9.948980901032999E-01  9.949159344054893E-01
  9.950079308088087E-01  9.950254325412187E-01  9.950429083071168E-01
  9.951350050142097E-01  9.951521433774111E-01  9.951692559914456E-01
  9.952614607558711E-01  9.952782410095938E-01  9.952949957294068E-01
  9.953873160291369E-01  9.954037433410504E-01  9.954201453275453E-01
  9.955125890270673E-01  9.955286684983576E-01  9.955447228450960E-01
  9.956372996484428E-01  9.956530362947027E-01  9.956687480137674E-01
  9.957614709202821E-01  9.957768696331669E-01  9.957922436161144E-01
  9.958851286379601E-01  9.959001941820244E-01  9.959152351914424E-01
  9.960082980656424E-01  9.960230351197179E-01  9.960377478280704E-01
  9.961309985494643E-01  9.961454117436092E-01  9.961598007737864E-01
  9.962532393136548E-01  9.962673332182099E-01  9.962814031372912E-01
  9.963750213457329E-01  9.963888004279366E-01  9.964025557032350E-01
  9.964963507346076E-01  9.965098193285192E-01  9.965232642925084E-01
  9.966172684175618E-01  9.966304307113282E-01  9.966435695465037E-01
  9.967378994079157E-01  9.967507594000026E-01  9.967635961008739E-01
  1.646312666229227E-01  1.646234957096623E-01  1.646189766454616E-01
  1.627707008926847E-01  1.627940943701943E-01  1.628206991619891E-01
  1.618947378960252E-01  1.619351678375051E-01  1.619787922502823E-01
  1.618947378960252E-01  1.619351678375051E-01  1.619787922502823E-01
  1.627707008926847E-01  1.627940943701943E-01  1.628206991619891E-01
  1.646312666229227E-01  1.646234957096623E-01  1.646189766454616E-01
  1.676969823242652E-01  1.676494370613678E-01  1.676052117424691E-01
  1.723080852440473E-01  1.722192039428586E-01  1.721337343819477E-01
  1.789128368082292E-01  1.787878312192740E-01  1.786663431184694E-01
  1.879967785205914E-01  1.878456289588191E-01  1.876980729393475E-01
  1.999474657717880E-01  1.997820478310599E-01  1.996201896179579E-01
  2.149114405840994E-01  2.147433973974066E-01  2.145787306999756E-01
  2.327242832627435E-01  2.325640643741665E-01  2.324068761851114E-01
  2.529542671183880E-01  2.528096179365771E-01  2.526674568718569E-01
  2.750489167336518E-01  2.749228764616064E-01  2.747986078789891E-01
  2.985017488730183E-01  2.983922590896746E-01  2.982837641800142E-01
  3.229235096444696E-01  3.228251076851335E-01  3.227269797557605E-01
  3.480123048676214E-01  3.479183977610788E-01  3.478241545604550E-01
  3.735323965515345E-01  3.734368406307459E-01  3.733404591272321E-01
  3.993480154182844E-01  3.992457536286775E-01  3.991422972434508E-01
  4.254380037108207E-01  4.253250924604104E-01  4.252107394581849E-01
  4.518421952838506E-01  4.517157182204258E-01  4.515876753089729E-01
  4.785875930419870E-01  4.784457510295044E-01  4.783023394256856E-01
  5.056501367967768E-01  5.054924208349646E-01  5.053332408331317E-01
  5.329518306111518E-01  5.327790466419302E-01  5.326049925978169E-01
  5.603696824479147E-01  5.601837512114957E-01  5.599968057804836E-01
  5.877459495308388E-01  5.875495759540406E-01  5.873524801642773E-01
  6.148996682362147E-01  6.146960058581792E-01  6.144919279996838E-01
  6.416393483956674E-01  6.414317235542749E-01  6.412239883886213E-01
  6.677752115053596E-01  6.675669148971890E-01  6.673587993957877E-01
  6.931295522167459E-01  6.929236863980938E-01  6.927182705885878E-01
  7.175445491920955E-01  7.173439221723588E-01  7.171439855703998E-01
  7.408874323397852E-01  7.406944903831122E-01  7.405024472855422E-01
  7.630532315793169E-01  7.628700248507373E-01  7.626878921249367E-01
  7.839654772516396E-01  7.837936518691713E-01  7.836230427408728E-01
  8.035752884976674E-01  8.034160986863672E-01  8.032582361774480E-01
  8.218592983628200E-01  8.217136327710363E-01  8.215693768543025E-01
  8.388168280763810E-01  8.386852449717893E-01  8.385551282213118E-01
  8.544666568417464E-01  8.543494238648558E-01  8.542336913723788E-01
  8.688436586008357E-01  8.687407938529521E-01  8.686394442829202E-01
  8.819955062204232E-01  8.819068184845791E-01  8.818196441444290E-01
  8.939795816544336E-01  8.939047083590828E-01  8.938313329485496E-01
  9.048601794506606E-01  9.047986215640766E-01  9.047385348241478E-01
  9.147060505187484E-01  9.146572039488782E-01  9.146097928035836E-01
  9.235883025935840E-01  9.235514859228913E-01  9.235160619542949E-01
  9.315786520639934E-01  9.315531306217182E-01  9.315289538880749E-01
  9.387480072883368E-01  9.387330136855252E-01  9.387193130140286E-01
  9.451653546359539E-01  9.451601059770958E-01  9.451560959498705E-01
  9.508969138384636E-01  9.509006258833933E-01  9.509055207936269E-01
  9.560055275864227E-01  9.560174261700680E-01  9.560304512573776E-01
  9.605502507029235E-01  9.605695807321027E-01  9.605899810163262E-01
  9.645861059505392E-01  9.646121382914463E-01  9.646391853174149E-01
  9.681639760671157E-01  9.681960126200730E-01  9.682290094083084E-01
  9.713306046156520E-01  9.713679818501840E-01  9.714062663247365E-01
  9.741286814180876E-01  9.741707726150163E-01  9.742137197533608E-01
  9.765969915440421E-01  9.766432079644205E-01  9.766902308875406E-01
  9.787706099205911E-01  9.788204010950549E-01  9.788709512897481E-01
  9.806811265360418E-01  9.807339798431900E-01  9.807875466837646E-01
  9.823568898777467E-01  9.824123295567719E-01  9.824684392700114E-01
  9.838232586424663E-01  9.838808443636505E-01  9.839390585594324E-01
  9.851028538761986E-01  9.851621789732922E-01  9.852220928437443E-01
  9.862158055403927E-01  9.862764949914433E-01  9.863377352642166E-01
  9.871799890741954E-01  9.872416973022582E-01  9.873039200184905E-01
  9.880112488456432E-01  9.880736573980793E-01  9.881365455730868E-01
  9.887236064807876E-01  9.887864216356624E-01  9.888496828503651E-01
  9.893294529534210E-01  9.893924032939034E-01  9.894557672576206E-01
  9.898397240355509E-01  9.899025580282919E-01  9.899657741488409E-01
  9.902640592760008E-01  9.903265428872841E-01  9.903893778824013E-01
  9.906109451166589E-01  9.906728595006857E-01  9.907350950856452E-01
  9.908878430960891E-01  9.909489823930759E-01  9.910104130829891E-01
  9.911013043491325E-01  9.911614736367951E-01  9.912219047082576E-01
  9.912570718057779E-01  9.913160852559498E-01  9.913753309211363E-01
  9.913601716361667E-01  9.914178509381695E-01  9.914757327945238E-01
  9.914149955890066E-01  9.914711687119832E-01  9.915275145413111E-01
  9.914253759302091E-01  9.914798763065212E-01  9.915345193070271E-01
  9.913946547027491E-01  9.914473209216313E-01  9.915000994631246E-01
  9.913257489863243E-01  9.913764250886244E-01  9.914271830819604E-01
  9.912212137188946E-01  9.912697501766771E-01  9.913183381402567E-01
  9.910833034303657E-01  9.911295588761136E-01  9.911758357615974E-01
  9.909140339116262E-01  9.909578776479359E-01  9.910017134515589E-01
  9.907152443884706E-01  9.907565596592696E-01  9.907978387932697E-01
  9.904886601962667E-01  9.905273481361173E-01  9.905659734685806E-01
  9.902359552905184E-01  9.902719393944519E-01  9.903078367907711E-01
  9.899588132452539E-01  9.899920441266425E-01  9.900251672510386E-01
  9.896589847778866E-01  9.896894449179909E-01  9.897197799913715E-01
  9.893383394044879E-01  9.893660475575854E-01  9.893936177315358E-01
  9.889989086759789E-01  9.890239235898243E-01  9.890487925968465E-01
  9.886429186447706E-01  9.886653417942144E-01  9.886876165774487E-01
  9.882728097787338E-01  9.882927868900950E-01  9.883126190001920E-01
  9.878912434229162E-01  9.879089646793421E-01  9.879265503420824E-01
  9.875010949908875E-01  9.875167939381727E-01  9.875323728267412E-01
  9.871054351806117E-01  9.871193864775046E-01  9.871332393461464E-01
  9.867075014680181E-01  9.867200177217565E-01  9.867324631495337E-01
  9.863106627577507E-01  9.863220907325821E-01  9.863334812653322E-01
  9.859183802206981E-01  9.859290966863228E-01  9.859398146340390E-01
  9.855341669274867E-01  9.855445743141623E-01  9.855550273494260E-01
  9.851615478710609E-01  9.851720697182423E-01  9.851826862308997E-01
  9.848040204356614E-01  9.848150963801151E-01  9.848263202964408E-01
  9.844650135394829E-01  9.844770933331158E-01  9.844893778555167E-01
  9.841478419683007E-01  9.841613778234070E-01  9.841751773720125E-01
  9.838556514177690E-01  9.838710879479935E-01  9.838868475899614E-01
  9.835913501194687E-01  9.836091113715979E-01  9.836272532963549E-01
  9.833575251071887E-01  9.833779987036007E-01  9.833989058723475E-01
  9.831563451814936E-01  9.831798643627733E-01  9.832038622582032E-01
  9.829894577697589E-01  9.830162829768671E-01  9.830436212228592E-01
  9.828578918205332E-01  9.828881941386061E-01  9.829190303943425E-01
  9.827619819664002E-01  9.827958310138764E-01  9.828302197252582E-01
  9.827013290511719E-01  9.827386875761992E-01  9.827765757489278E-01
  9.826748082070701E-01  9.827155347546921E-01  9.827567659343462E-01
  9.826806286212050E-01  9.827244883526075E-01  9.827688146769362E-01
  9.827164406353734E-01  9.827631230370801E-01  9.828102238996655E-01
  9.827794780678563E-01  9.828286192267799E-01  9.828781240953356E-01
  9.828667185696888E-01  9.829179251557439E-01  9.829694376467056E-01
  9.829750434866553E-01  9.830279156543354E-01  9.830810361255714E-01
  9.831013810019673E-01  9.831555319968669E-01  9.832098765592039E-01
  9.832428212204734E-01  9.832978923399558E-01  9.833531070777166E-01
  9.833966977723535E-01  9.834523682361173E-01  9.835081383236581E-01
  9.835606359821468E-01  9.836166280220677E-01  9.836726821431488E-01
  9.837325716773972E-01  9.837886516504956E-01  9.838447625794893E-01
  9.839107469554552E-01  9.839667235034467E-01  9.840227058891047E-01
  9.840936898802017E-01  9.841494101540669E-01  9.842051165146383E-01
  9.842801845987467E-01  9.843355294219449E-01  9.843908452000855E-01
  9.844692372009983E-01  9.845241158498089E-01  9.845789541735577E-01
  9.846600411311176E-01  9.847143862291745E-01  9.847686828434399E-01
  9.848519444211753E-01  9.849057072926948E-01  9.849594159795821E-01
  9.850444198702728E-01  9.850975665433298E-01  9.851506552090722E-01
  9.852370389011919E-01  9.852895467734594E-01  9.853419942129376E-01
  9.854294500722496E-01  9.854813050909745E-01  9.855330982807323E-01
  9.856213632403026E-01  9.856725574241796E-01  9.857236891546159E-01
  9.858125390887464E-01  9.858630684133891E-01  9.859135352454613E-01
  9.860027811829413E-01  9.860526441482377E-01  9.861024449826750E-01
  9.861919259319142E-01  9.862411231931959E-01  9.862902588527647E-01
  9.863798277903997E-01  9.864283627644008E-01  9.864768365854022E-01
  9.865663435337946E-01  9.866142230139040E-01  9.866620415855252E-01
  9.867513265443608E-01  9.867985597738907E-01  9.868457322971214E-01
  9.869346425227743E-01  9.869812376987063E-01  9.870277728075426E-01
  9.871162073875932E-01  9.871621663214460E-01  9.872080668576191E-01
  9.872960307133912E-01  9.873413443267564E-01  9.873866025740261E-01
  9.874742366340543E-01  9.875188844805355E-01  9.875634811146807E-01
  9.876510406436532E-01  9.876949958459867E-01  9.877389043028525E-01
  9.878266849185436E-01  9.878699226809022E-01  9.879131174689547E-01
  9.880013614208148E-01  9.880438668742544E-01  9.880863317371953E-01
  9.881751613856880E-01  9.882169328274227E-01  9.882586646228753E-01
  9.883480738250594E-01  9.883891202987306E-01  9.884301271424648E-01
  9.885200256670227E-01  9.885603611859473E-01  9.886006568555801E-01
  9.886909339077045E-01  9.887305720638377E-01  9.887701703908233E-01
  9.888607402045562E-01  9.888996917070922E-01  9.889386037410056E-01
  9.890294169480576E-01  9.890676901347699E-01  9.891059243954204E-01
  9.891969542096555E-01  9.892345568104812E-01  9.892721210153256E-01
  9.893633446096526E-01  9.894002850175680E-01  9.894371874606712E-01
  9.895285767922567E-01  9.895648642345675E-01  9.896011140686339E-01
  9.896926373586729E-01  9.897282814066043E-01  9.897638881886569E-01
  9.898555153563413E-01  9.898905254475335E-01  9.899254986369520E-01
  9.900172046942183E-01  9.900515899761363E-01  9.900859387429061E-01
  9.901777038077584E-01  9.902114732210556E-01  9.902452065125319E-01
  9.903370141552255E-01  9.903701765674817E-01  9.904033032434802E-01
  9.904951389683081E-01  9.905277032485978E-01  9.905602321647812E-01
  9.906520827377935E-01  9.906840577497336E-01  9.907159977597512E-01
  9.908078513394093E-01  9.908392458764018E-01  9.908706057715798E-01
  9.909624524324201E-01  9.909932751508710E-01  9.910240635900145E-01
  9.911158956171771E-01  9.911461550257680E-01  9.911763805164122E-01
  9.912681920601999E-01  9.912978965676714E-01  9.913275675101804E-01
  9.914193538751866E-01  9.914485118326527E-01  9.914776365676543E-01
  9.915693938529044E-01  9.915980135344807E-01  9.916266003308840E-01
  9.917183257090204E-01  9.917464152548329E-01  9.917744722528663E-01
  9.918661643618585E-01  9.918937317570433E-01  9.919212669400790E-01
  9.920129257345518E-01  9.920399788487978E-01  9.920670000783778E-01
  9.921586262367074E-01  9.921851728669474E-01  9.922116879297476E-01
  9.923032825231418E-01  9.923293303793417E-01  9.923553469800163E-01
  9.924469117459781E-01  9.924724683996980E-01  9.924979941095299E-01
  9.925895318434548E-01  9.926146047101437E-01  9.926396469424820E-01
  9.927311613760915E-01  9.927557577544723E-01  9.927803237999369E-01
  9.928718190635779E-01  9.928959461764032E-01  9.929200432478825E-01
  9.930115235932856E-01  9.930351885731927E-01  9.930588237983442E-01
  9.931502938896292E-01  9.931735037311396E-01  9.931966841042009E-01
  9.932881493970805E-01  9.933109109424354E-01  9.933336433034354E-01
  9.934251099256900E-01  9.934474299042164E-01  9.934697209745750E-01
  9.935611952300430E-01  9.935830802964533E-01  9.936049367215276E-01
  9.936964248659159E-01  9.937178815856721E-01  9.937393099263523E-01
  9.938308184791995E-01  9.938518532834139E-01  9.938728599705974E-01
  9.939643960798278E-01  9.939850152538837E-01  9.940056065707449E-01
  9.940971778749859E-01  9.941173875973176E-01  9.941375697147005E-01
  9.942291838453834E-01  9.942489902235123E-01  9.942687692401377E-01
  9.943604336077548E-01  9.943798426636855E-01  9.943992245973606E-01
  9.944909467377008E-01  9.945099643653755E-01  9.945289551098742E-01
  9.946207431418390E-01  9.946393750969252E-01  9.946579804057640E-01
  9.947498430324210E-01  9.947680949687935E-01  9.947863204886588E-01
  9.948782665533081E-01  9.948961440567077E-01  9.949139953651253E-01
  9.950060334303948E-01  9.950235420058802E-01  9.950410246040511E-01
  9.951331628155552E-01  9.951503078505325E-01  9.951674271257034E-01
  9.952596732215881E-01  9.952764599786500E-01  9.952932211913227E-01
  9.953855826316644E-01  9.954020162814213E-01  9.954184245954344E-01
  9.955109092222956E-01  9.955269948690230E-01  9.955430553810173E-01
  9.956356728683351E-01  9.956514155309334E-01  9.956671332562906E-01
  9.957598965605829E-01  9.957753011343208E-01  9.957906809682018E-01
  9.958836060368346E-01  9.958986772903523E-01  9.959137239994192E-01
  9.960068264649401E-01  9.960215690819597E-01  9.960362873435482E-01
  9.961295770223676E-01  9.961439956392434E-01  9.961583900825108E-01
  9.962518666255755E-01  9.962659658214563E-01  9.962800410222477E-01
  9.963736956841385E-01  9.963874799397251E-01  9.964012403787481E-01
  9.964950692892818E-01  9.965085429601332E-01  9.965219929912449E-01
  9.966160278396384E-01  9.966291951399865E-01  9.966423389716188E-01
  9.967367030671117E-01  9.967495679685232E-01  9.967624095684465E-01
  1.611966828828934E-01  1.611889289748820E-01  1.611842171876791E-01
  1.593344849447228E-01  1.593571723092649E-01  1.593828271747772E-01
  1.584552939639127E-01  1.584945707775960E-01  1.585367615660546E-01
  1.584552939639127E-01  1.584945707775960E-01  1.585367615660546E-01
  1.593344849447228E-01  1.593571723092649E-01  1.593828271747772E-01
  1.611966828828934E-01  1.611889289748820E-01  1.611842171876791E-01
  1.642530641433916E-01  1.642063232642536E-01  1.641627063604886E-01
  1.688324303426144E-01  1.687450698529752E-01  1.686609182139404E-01
  1.753733424492829E-01  1.752503529925094E-01  1.751306716972873E-01
  1.843556531352309E-01  1.842067789139088E-01  1.840613492681798E-01
  1.961693430571629E-01  1.960065389982032E-01  1.958472358412807E-01
  2.109722311167479E-01  2.108071838583129E-01  2.106454750356747E-01
  2.286083775036353E-01  2.284510831647291E-01  2.282967660139804E-01
  2.486473077595039E-01  2.485049595366687E-01  2.483650530260901E-01
  2.705441004394131E-01  2.704196392746225E-01  2.702969279400534E-01
  2.938136540122639E-01  2.937053044647916E-01  2.935979482273798E-01
  3.180887188037309E-01  3.179912887586967E-01  3.178941405091810E-01
  3.430744561484645E-01  3.429814158352571E-01  3.428880489775836E-01
  3.685282797849964E-01  3.684334345753271E-01  3.683377734045403E-01
  3.943053220803128E-01  3.942036140707602E-01  3.941007232238292E-01
  4.203804472027987E-01  4.202680218090880E-01  4.201541698043451E-01
  4.467936000223073E-01  4.466676462892362E-01  4.465401434830469E-01
  4.735724293517798E-01  4.734312027428386E-01  4.732884220578940E-01
  5.006927870094625E-01  5.005357786312163E-01  5.003773185693723E-01
  5.280763265057041E-01  5.279043165295531E-01  5.277310449631565E-01
  5.555997647416555E-01  5.554146418741230E-01  5.552285092536149E-01
  5.831048832152228E-01  5.829093186148914E-01  5.827130322933041E-01
  6.104096858191328E-01  6.102067987778365E-01  6.100034931939416E-01
  6.373209063967012E-01  6.371139921569583E-01  6.369069616458605E-01
  6.636462742008608E-01  6.634385993717868E-01  6.632310976023653E-01
  6.892050232152813E-01  6.889996749434377E-01  6.887947672808170E-01
  7.138358904490721E-01  7.136356695891711E-01  7.134361290265809E-01
  7.374024769048677E-01  7.372098294252489E-01  7.370180704673743E-01
  7.597961830586106E-01  7.596131641099484E-01  7.594312089989195E-01
  7.809370752765948E-01  7.807653397882690E-01  7.805948108544393E-01
  8.007731072760810E-01  8.006139208418128E-01  8.004560526879765E-01
  8.192781393377119E-01  8.191324034502392E-01  8.189880690353044E-01
  8.364491678059109E-01  8.363174541493982E-01  8.361871995437083E-01
  8.523031153808096E-01  8.521857048543531E-01  8.520697884352920E-01
  8.668734600018125E-01  8.667703832501166E-01  8.666688162105001E-01
  8.802069099007822E-01  8.801179871461807E-01  8.800305731870496E-01
  8.923602703391937E-01  8.922851491110549E-01  8.922115219674726E-01
  9.033975955453399E-01  9.033357854707990E-01  9.032754434661280E-01
  9.133876777582220E-01  9.133385819587688E-01  9.132909191498808E-01
  9.224018935592317E-01  9.223648364520372E-01  9.223291701753024E-01
  9.305124047622896E-01  9.304866562422678E-01  9.304622510443612E-01
  9.377906956253723E-01  9.377754917332446E-01  9.377615797986507E-01
  9.443064185100206E-01  9.443009787862872E-01  9.442967770666423E-01
  9.501265148942484E-01  9.501300566835617E-01  9.501347809968099E-01
  9.553145765880480E-01  9.553263265956231E-01  9.553392029982570E-01
  9.599304121197439E-01  9.599496155351571E-01  9.599698892829430E-01
  9.640297848155458E-01  9.640557123151595E-01  9.640826547225615E-01
  9.676642915463404E-01  9.676962444696671E-01  9.677291579617068E-01
  9.708813540801092E-01  9.709186680528251E-01  9.709568896803169E-01
  9.737242981802928E-01  9.737663454309903E-01  9.738092490945084E-01
  9.762324988358364E-01  9.762786894272238E-01  9.763256870288705E-01
  9.784415731628603E-01  9.784913553321896E-01  9.785418970484259E-01
  9.803836054903667E-01  9.804364652690418E-01  9.804900391131048E-01
  9.820873918759594E-01  9.821428521349101E-01  9.821989829540725E-01
  9.835786937597774E-01  9.836363128055517E-01  9.836945608369401E-01
  9.848804926421424E-01  9.849398624689896E-01  9.849998215581229E-01
  9.860132395632927E-01  9.860739838489979E-01  9.861352794178002E-01
  9.869950947826919E-01  9.870568667006955E-01  9.871191535366826E-01
  9.878421544185687E-01  9.879046343261222E-01  9.879675942518306E-01
  9.885686619381215E-01  9.886315549899651E-01  9.886948944616222E-01
  9.891872033105319E-01  9.892502370399295E-01  9.893136847169259E-01
  9.897088853752942E-01  9.897718072792875E-01  9.898351116012782E-01
  9.901434975639342E-01  9.902060727274461E-01  9.902689995339383E-01
  9.904996575695911E-01  9.905616663635195E-01  9.906239965915957E-01
  9.907849419097943E-01  9.908461778014456E-01  9.909077053007677E-01
  9.910060025940648E-01  9.910662701139987E-01  9.911267996242370E-01
  9.911686713068979E-01  9.912277842241519E-01  9.912871295681173E-01
  9.912780526616328E-01  9.913358324287131E-01  9.913938149840611E-01
  9.913386081794755E-01  9.913948827184883E-01  9.914513302408630E-01
  9.913542327031233E-01  9.914088356134523E-01  9.914635814928157E-01
  9.913283249617453E-01  9.913810952357637E-01  9.914339782732866E-01
  9.912638539531159E-01  9.913146362869391E-01  9.913655010795631E-01
  9.911634226835023E-01  9.912120684617378E-01  9.912607664722800E-01
  9.910293305873945E-01  9.910756996011703E-01  9.911220909706170E-01
  9.908636356202077E-01  9.909075985440240E-01  9.909515546670903E-01
  9.906682165691976E-01  9.907096581734310E-01  9.907510650078679E-01
  9.904448355697040E-01  9.904836585834960E-01  9.905224205999545E-01
  9.901952001787073E-01  9.902313296474077E-01  9.902673742552434E-01
  9.899210237078353E-01  9.899544116185651E-01  9.899876938326275E-01
  9.896240819405925E-01  9.896547118300135E-01  9.896852188856674E-01
  9.893062639549658E-01  9.893341551771471E-01  9.893619107676911E-01
  9.889696146374034E-01  9.889948259672698E-01  9.890198937797540E-01
  9.886163666720963E-01  9.886389989573454E-01  9.886614852249380E-01
  9.882489603336712E-01  9.882691579845526E-01  9.882892128544873E-01
  9.878700502517916E-01  9.878880014653872E-01  9.879058190918296E-01
  9.874824993415939E-01  9.874984350799005E-01  9.875142524747078E-01
  9.870893611483050E-01  9.871035530074650E-01  9.871176477981796E-01
  9.866938527626138E-01  9.867066099621645E-01  9.867192972935489E-01
  9.862993210571266E-01  9.863109868221390E-01  9.863226156742059E-01
  9.859092051341786E-01  9.859201527219034E-01  9.859311018863616E-01
  9.855269974665930E-01  9.855376259909119E-01  9.855482998384689E-01
  9.851562052255799E-01  9.851669352561394E-01  9.851777592402304E-01
  9.848003117912723E-01  9.848115804671452E-01  9.848229960665872E-01
  9.844627366473898E-01  9.844749917926524E-01  9.844874503466234E-01
  9.841467901784269E-01  9.841604827162370E-01  9.841744374317838E-01
  9.838556189012024E-01  9.838711928335627E-01  9.838870882501213E-01
  9.835921370200371E-01  9.836100164660347E-01  9.836282749325976E-01
  9.833589423690174E-01  9.833795156778674E-01  9.834005209675027E-01
  9.831582188013447E-01  9.831818205264881E-01  9.832058995111679E-01
  9.829916322309140E-01  9.830185246040630E-01  9.830459287597793E-01
  9.828602324944903E-01  9.828905887265204E-01  9.829214778790452E-01
  9.827643763323101E-01  9.827982683362381E-01  9.828326992431097E-01
  9.827036866831628E-01  9.827410794987198E-01  9.827790014502481E-01
  9.826770596047771E-01  9.827178139086582E-01  9.827590725541084E-01
  9.826827230852224E-01  9.827266058874269E-01  9.827709551702108E-01
  9.827183434885157E-01  9.827650457658393E-01  9.828121665188609E-01
  9.827811675716936E-01  9.828303265185320E-01  9.828798492657320E-01
  9.828681828740794E-01  9.829194059071708E-01  9.829709349664765E-01
  9.829762778847421E-01  9.830291656009676E-01  9.830823017373038E-01
  9.831023856646108E-01  9.831565515220835E-01  9.832109110351196E-01
  9.832435994782122E-01  9.832986848346217E-01  9.833539138565267E-01
  9.833972549225880E-01  9.834529389748231E-01  9.835087226539447E-01
  9.835609785382091E-01  9.836169834657963E-01  9.836730504370155E-01
  9.837327069477996E-01  9.837887990618909E-01  9.838449220611940E-01
  9.839106828406593E-01  9.839666707634516E-01  9.840226644292900E-01
  9.840934347912351E-01  9.841491656876660E-01  9.842048825615147E-01
  9.842797474270303E-01  9.843351021664166E-01  9.843904277450288E-01
  9.844686272942778E-01  9.845235152240861E-01  9.845783627133411E-01
  9.846592682518718E-01  9.847136220836031E-01  9.847679273211762E-01
  9.848510186795268E-01  9.849047898332285E-01  9.849585067002959E-01
  9.850433516332310E-01  9.850965062332088E-01  9.851496027340471E-01
  9.852358386850676E-01  9.852883542198015E-01  9.853408092407762E-01
  9.854281284267802E-01  9.854799909249452E-01  9.855317915238724E-01
  9.856199306329363E-01  9.856711321829938E-01  9.857222712193293E-01
  9.858110057965531E-01  9.858615424312586E-01  9.859120165220742E-01
  9.860011571980224E-01  9.860510274617778E-01  9.861008355511575E-01
  9.861902208836689E-01  9.862394254644382E-01  9.862885684066045E-01
  9.863780508847821E-01  9.864265932214437E-01  9.864750743737023E-01
  9.865645035070792E-01  9.866123904065687E-01  9.866602163705743E-01
  9.867494316286403E-01  9.867966723412294E-01  9.868438523239459E-01
  9.869327004230561E-01  9.869793031476527E-01  9.870258457841852E-01
  9.871142252738579E-01  9.871601918195581E-01  9.872060999486441E-01
  9.872940152315850E-01  9.873393365131496E-01  9.873846024114190E-01
  9.874721939355178E-01  9.875168494952388E-01  9.875614538270470E-01
  9.876489764251548E-01  9.876929393707101E-01  9.877368555567685E-01
  9.878246044603084E-01  9.878678499788993E-01  9.879110525105176E-01
  9.879992696120947E-01  9.880417828182708E-01  9.880842554223077E-01
  9.881730627357936E-01  9.882148419126089E-01  9.882565814321189E-01
  9.883459724669973E-01  9.883870266468571E-01  9.884280411860329E-01
  9.885179253646975E-01  9.885582685518916E-01  9.885985718791460E-01
  9.886888380736826E-01  9.887284838521254E-01  9.887680897908513E-01
  9.888586519273193E-01  9.888976109983232E-01  9.889365305902668E-01
  9.890273390221432E-01  9.890656197156847E-01  9.891038614728985E-01
  9.891948891624908E-01  9.892324992011806E-01  9.892700708337931E-01
  9.893612947231972E-01  9.893982424935049E-01  9.894351522890489E-01
  9.895265441212090E-01  9.895628388448169E-01  9.895990959503522E-01
  9.896906237476146E-01  9.897262749908627E-01  9.897618889585235E-01
  9.898535224567276E-01  9.898885396529508E-01  9.899235199378165E-01
  9.900152339807613E-01  9.900496262736179E-01  9.900839820418750E-01
  9.901757565935746E-01  9.902095329203875E-01  9.902432731160637E-01
  9.903350916055929E-01  9.903682608310690E-01  9.904013943111092E-01
  9.904932421131644E-01  9.905258131039439E-01  9.905583487215747E-01
  9.906502124831225E-01  9.906821941007991E-01  9.907141407076450E-01
  9.908060084776745E-01  9.908374095140009E-01  9.908687758997375E-01
  9.909606376522768E-01  9.909914667623271E-01  9.910222615844293E-01
  9.911141095125937E-01  9.911443752039881E-01  9.911746069689321E-01
  9.912664351388981E-01  9.912961458195699E-01  9.913258229269113E-01
  9.914176265662265E-01  9.914467905867379E-01  9.914759213765492E-01
  9.915676965134871E-01  9.915963221476430E-01  9.916249148885192E-01
  9.917166586308005E-01  9.917447540186128E-01  9.917728168506689E-01
  9.918645277769724E-01  9.918921009036188E-01  9.919196418102689E-01
  9.920113198212461E-01  9.920383785566016E-01  9.920654053995734E-01
  9.921570511243487E-01  9.921836032656906E-01  9.922101238319994E-01
  9.923017382966434E-01  9.923277915544314E-01  9.923538135492223E-01
  9.924453984499244E-01  9.924709603963284E-01  9.924964913914931E-01
  9.925880494861133E-01  9.926131275372723E-01  9.926381749468514E-01
  9.927297099331699E-01  9.927543113885765E-01  9.927788825039575E-01
  9.928703984815163E-01  9.928945305647873E-01  9.929186325997182E-01
  9.930101337921143E-01  9.930338036368435E-01  9.930574437199349E-01
  9.931489347656489E-01  9.931721493673761E-01  9.931953344938838E-01
  9.932868208255301E-01  9.933095870275503E-01  9.933323240385574E-01
  9.934238117632463E-01  9.934461362959773E-01  9.934684319139924E-01
  9.935599273169576E-01  9.935818168362579E-01  9.936036777077798E-01
  9.936951870278082E-01  9.937166481003409E-01  9.937380807874575E-01
  9.938296105287587E-01  9.938506495868671E-01  9.938716605217061E-01
  9.939632178185411E-01  9.939838411488461E-01  9.940044366158208E-01
  9.940960290947461E-01  9.941162428769336E-01  9.941364290481370E-01
  9.942280643297785E-01  9.942478746726532E-01  9.942676576480853E-01
  9.943593431330656E-01  9.943787560599496E-01  9.943981418587321E-01
  9.944898850738226E-01  9.945089064799885E-01  9.945279009972250E-01
  9.946197100532203E-01  9.946383456956625E-01  9.946569546861962E-01
  9.947488382788580E-01  9.947670938127844E-01  9.947853229246326E-01
  9.948772898903694E-01  9.948951709028815E-01  9.949130257149261E-01
  9.950050846094312E-01  9.950225966069816E-01  9.950400826218145E-01
  9.951322415833842E-01  9.951493899547957E-01  9.951665125610794E-01
  9.952587793198134E-01  9.952755693291148E-01  9.952923337887856E-01
  9.953847157953111E-01  9.954011526145919E-01  9.954175640929651E-01
  9.955100691772861E-01  9.955261579123850E-01  9.955422215076583E-01
  9.956348593271745E-01  9.956506049986776E-01  9.956663257279138E-01
  9.957591092150129E-01  9.957745167200474E-01  9.957898994802618E-01
  9.958828445446641E-01  9.958979186540038E-01  9.959129682139857E-01
  9.960060904249810E-01  9.960208358249698E-01  9.960355568646664E-01
  9.961288659238725E-01  9.961432872543927E-01  9.961576844064726E-01
  9.962511797374539E-01  9.962652815829697E-01  9.962793594285663E-01
  9.963730317710900E-01  9.963868186216637E-01  9.964005816507975E-01
  9.964944256901299E-01  9.965079019220965E-01  9.965213545092835E-01
  9.966153983126337E-01  9.966285681897832E-01  9.966417145927239E-01
  9.967360893271499E-01  9.967489568080469E-01  9.967618009815833E-01
