  3.444391703679589E+00  3.438210743905664E+00  3.432027062639965E+00

 -3.349670440452868E-05 -3.338070134702165E-05 -3.326497634842385E-05
 -3.009540339841965E-05 -3.000518570077382E-05 -2.991513222637410E-05
 -2.896054073331378E-05 -2.888174174903169E-05 -2.880305020837304E-05
 -4.149775506456478E-05 -4.133126526950482E-05 -4.116526773993248E-05
 -3.191571860652577E-05 -3.181403630305352E-05 -3.171256780270772E-05
 -2.944196018769983E-05 -2.936013700305229E-05 -2.927843530178367E-05
 -1.091729251865431E-04 -1.085806064043265E-04 -1.079905598045522E-04
 -3.564956003489216E-05 -3.552456089711552E-05 -3.539986392457616E-05
 -2.964156011441010E-05 -2.955848995012111E-05 -2.947554725782341E-05
 -1.091729251865431E-04 -1.085806064043265E-04 -1.079905598045522E-04
 -3.564956003489216E-05 -3.552456089711552E-05 -3.539986392457616E-05
 -2.964156011441010E-05 -2.955848995012111E-05 -2.947554725782341E-05
 -4.149775506456478E-05 -4.133126526950482E-05 -4.116526773993248E-05
 -3.191571860652577E-05 -3.181403630305352E-05 -3.171256780270772E-05
 -2.944196018769983E-05 -2.936013700305229E-05 -2.927843530178367E-05
 -3.349670440452868E-05 -3.338070134702165E-05 -3.326497634842385E-05
 -3.009540339841965E-05 -3.000518570077382E-05 -2.991513222637410E-05
 -2.896054073331378E-05 -2.888174174903169E-05 -2.880305020837304E-05
 -3.042766233465434E-05 -3.033107077950605E-05 -3.023467413304446E-05
 -2.897049473976932E-05 -2.888737495249037E-05 -2.880438808301658E-05
 -2.851815375195934E-05 -2.844213546070145E-05 -2.836621157444041E-05
 -2.879593233962767E-05 -2.870968967407664E-05 -2.862359716751322E-05
 -2.820602301639461E-05 -2.812773682618413E-05 -2.804956184744235E-05
 -2.814614619905713E-05 -2.807246554429554E-05 -2.799886811559117E-05
 -2.778374763870817E-05 -2.770393755635327E-05 -2.762424977825417E-05
 -2.765465136958235E-05 -2.757985405685464E-05 -2.750515225290631E-05
 -2.783875783416005E-05 -2.776700567240084E-05 -2.769532777427121E-05
 -2.709579457455210E-05 -2.702036068469559E-05 -2.694503017153566E-05
 -2.723941716142160E-05 -2.716724552351870E-05 -2.709515768517580E-05
 -2.758407374590275E-05 -2.751391494513343E-05 -2.744382328087044E-05
 -2.659840028256132E-05 -2.652612883489694E-05 -2.645394708241748E-05
 -2.691586406039041E-05 -2.684573364096499E-05 -2.677567799653749E-05
 -2.737093597371707E-05 -2.730210476186959E-05 -2.723333491106644E-05
 -2.622202350817177E-05 -2.615213934107070E-05 -2.608233448919449E-05
 -2.665652666994169E-05 -2.658802508254351E-05 -2.651959109301179E-05
 -2.719027501737074E-05 -2.712256155309684E-05 -2.705490466293229E-05
 -2.592689184919405E-05 -2.585887088197651E-05 -2.579092108750696E-05
 -2.644357168553347E-05 -2.637639820870232E-05 -2.630928644911049E-05
 -2.703503086797600E-05 -2.696826857021887E-05 -2.690155875946040E-05
 -2.568863013627321E-05 -2.562210258227886E-05 -2.555563965578602E-05
 -2.626495470634961E-05 -2.619888410832382E-05 -2.613287034280505E-05
 -2.689977356073441E-05 -2.683382917352684E-05 -2.676793376863533E-05
 -2.549148533328980E-05 -2.542618142942527E-05 -2.536093679794729E-05
 -2.611227250611856E-05 -2.604713254145730E-05 -2.598204530203187E-05
 -2.678032520141167E-05 -2.671509147660977E-05 -2.664990372476800E-05
 -2.532483664322405E-05 -2.526055417425122E-05 -2.519632653030124E-05
 -2.597949889146467E-05 -2.591515549201617E-05 -2.585086134682724E-05
 -2.667345214423300E-05 -2.660884222253801E-05 -2.654427569229067E-05
 -2.518127090782088E-05 -2.511785489412400E-05 -2.505448994619216E-05
 -2.586220846752189E-05 -2.579855568702790E-05 -2.573494918495569E-05
 -2.657662977924652E-05 -2.651257276635034E-05 -2.644855689541634E-05
 -2.505546175180068E-05 -2.499279111341936E-05 -2.493016832503448E-05
 -2.575708312542078E-05 -2.569403602926233E-05 -2.563103263228864E-05
 -2.648786702885607E-05 -2.642430452218188E-05 -2.636078117867191E-05
 -2.494348744286546E-05 -2.488146611517310E-05 -2.481948986096725E-05
 -2.566158920217191E-05 -2.559907890153053E-05 -2.553661004326223E-05
 -2.640557725963708E-05 -2.634246075567650E-05 -2.627938165688095E-05
 -2.484239921081299E-05 -2.478095000224933E-05 -2.471954345124097E-05
 -2.557376083592290E-05 -2.551173093248472E-05 -2.544974048124034E-05
 -2.632848379255801E-05 -2.626577278983032E-05 -2.620309761920445E-05
 -2.474993923010094E-05 -2.468899942772655E-05 -2.462810016166287E-05
 -2.549205104780881E-05 -2.543045500434291E-05 -2.536889665509353E-05
 -2.625555005426147E-05 -2.619321059908441E-05 -2.613090557053529E-05
 -2.466435071183776E-05 -2.460386888103133E-05 -2.454342571448504E-05
 -2.541522704089418E-05 -2.535402620886921E-05 -2.529286150575724E-05
 -2.618592732885481E-05 -2.612393086706094E-05 -2.606196756373031E-05
 -2.458424707342810E-05 -2.452418067014845E-05 -2.446415126526597E-05
 -2.534229491100534E-05 -2.528145698517688E-05 -2.522065378129729E-05
 -2.611891478460073E-05 -2.605723719562999E-05 -2.599559161318513E-05
 -2.450851965048456E-05 -2.444883324687703E-05 -2.438918234843940E-05
 -2.527244468208614E-05 -2.521194251203338E-05 -2.515147379622481E-05
 -2.605392896197047E-05 -2.599254978695656E-05 -2.593120156824468E-05
 -2.443627192957652E-05 -2.437693586370071E-05 -2.431763396150374E-05
 -2.520500995033258E-05 -2.514482063206017E-05 -2.508466361701443E-05
 -2.599048040701682E-05 -2.592938226127076E-05 -2.586831410403582E-05
 -2.436677145283897E-05 -2.430776077621893E-05 -2.424878304953403E-05
 -2.513943763589595E-05 -2.507954179752047E-05 -2.501967721278800E-05
 -2.592815575341976E-05 -2.586732385738644E-05 -2.580652106208764E-05
 -2.429941404016037E-05 -2.424070770156004E-05 -2.418203321234026E-05
 -2.507526502792416E-05 -2.501564625652364E-05 -2.495605778071557E-05
 -2.586660373975377E-05 -2.580602554694767E-05 -2.574547563446922E-05
 -2.423369715763467E-05 -2.417527732883282E-05 -2.411688834219853E-05
 -2.501210222272597E-05 -2.495274659506797E-05 -2.489342038269226E-05
 -2.580552411415813E-05 -2.574518897736470E-05 -2.568488136298025E-05
 -2.416919931116210E-05 -2.411105087129243E-05 -2.405293235097433E-05
 -2.494961825635807E-05 -2.489051395324824E-05 -2.483143825141713E-05
 -2.574465865017023E-05 -2.568455754615936E-05 -2.562448325860591E-05
 -2.410556448678369E-05 -2.404767460430242E-05 -2.398981379191210E-05
 -2.488753043174245E-05 -2.482866743130554E-05 -2.476983227997318E-05
 -2.568378403460892E-05 -2.562390933994728E-05 -2.556406080369722E-05
 -2.404248994342250E-05 -2.398484773130855E-05 -2.392723380545282E-05
 -2.482559585690274E-05 -2.476696568523424E-05 -2.470836266346045E-05
 -2.562270622243252E-05 -2.556305153639433E-05 -2.550342239542908E-05
 -2.397971672244791E-05 -2.392231295867601E-05 -2.386493675431730E-05
 -2.476360476270381E-05 -2.470520028303434E-05 -2.464682230324673E-05
 -2.556125587440991E-05 -2.550181586835608E-05 -2.544240083466446E-05
 -2.391702204078036E-05 -2.385984893277387E-05 -2.380270270931896E-05
 -2.470137510678248E-05 -2.464319034216514E-05 -2.458503147252389E-05
 -2.549928464004332E-05 -2.544005492051031E-05 -2.538084963749806E-05
 -2.385421325008610E-05 -2.379726424238267E-05 -2.374034149128101E-05
 -2.463874816664211E-05 -2.458077814923238E-05 -2.452283345998459E-05
 -2.543666200951491E-05 -2.537763900181858E-05 -2.531863992598664E-05
 -2.379112293462937E-05 -2.373439254347705E-05 -2.367768782116385E-05
 -2.457558494983409E-05 -2.451782559037177E-05 -2.446009102839932E-05
 -2.537327273952137E-05 -2.531445358409271E-05 -2.525565788499960E-05
 -2.372760504226100E-05 -2.367108872131289E-05 -2.361459751898288E-05
 -2.451176331482779E-05 -2.445421130122937E-05 -2.439668358486097E-05
 -2.530901474620531E-05 -2.525039722131592E-05 -2.519180270408550E-05
 -2.366353163646620E-05 -2.360722566050886E-05 -2.355094428846139E-05
 -2.444717556814297E-05 -2.438982826968743E-05 -2.433250479906250E-05
 -2.524379739031429E-05 -2.518537984256391E-05 -2.512698487827289E-05
 -2.359879033258735E-05 -2.354269169964181E-05 -2.348661718498004E-05
 -2.438172652870804E-05 -2.432458192024285E-05 -2.426746069638300E-05
 -2.517754004243512E-05 -2.511932132089795E-05 -2.506112478094800E-05
 -2.353328205091456E-05 -2.347738839330289E-05 -2.342151839655425E-05
 -2.431533183675881E-05 -2.425838842758570E-05 -2.420146798290494E-05
 -2.511017082485419E-05 -2.505215022774100E-05 -2.499415143094079E-05
 -2.346691926128871E-05 -2.341122877283081E-05 -2.335556151307694E-05
 -2.424791658378603E-05 -2.419117335650549E-05 -2.413445269664116E-05
 -2.504162557350288E-05 -2.498380279817231E-05 -2.492600146054639E-05
 -2.339962444380391E-05 -2.334413581737132E-05 -2.328867001044982E-05
 -2.417941414993247E-05 -2.412287051200921E-05 -2.406634906393136E-05
 -2.497184696186116E-05 -2.491422206503931E-05 -2.485661826098520E-05
 -2.333132892225150E-05 -2.327604129534058E-05 -2.322077610028158E-05
 -2.410976527282451E-05 -2.405342101015251E-05 -2.399709857926370E-05
 -2.490078378154908E-05 -2.484335714346049E-05 -2.478595126927044E-05
 -2.326197175809594E-05 -2.320688466662887E-05 -2.315181963865390E-05
 -2.403891721031074E-05 -2.398277245139787E-05 -2.392664918332554E-05
 -2.482839032517898E-05 -2.477116261681708E-05 -2.471395535926700E-05
 -2.319149884617108E-05 -2.313661217726288E-05 -2.308174722151115E-05
 -2.396682304147527E-05 -2.391087821698594E-05 -2.385495455810283E-05
 -2.475462583250334E-05 -2.469759798633972E-05 -2.464059029099760E-05
 -2.311986220853846E-05 -2.306517616857714E-05 -2.301051150791198E-05
 -2.389344107968201E-05 -2.383769689327877E-05 -2.378197356211307E-05
 -2.467945403568846E-05 -2.462262721599244E-05 -2.456582026040689E-05
 -2.304701933409859E-05 -2.299253441106988E-05 -2.293807054899975E-05
 -2.381873435739279E-05 -2.376319175737087E-05 -2.370766971554895E-05
 -2.460284274824742E-05 -2.454621833105609E-05 -2.448961350279738E-05
 -2.297293262793612E-05 -2.291864956574970E-05 -2.286438726033478E-05
 -2.374267019757662E-05 -2.368733035297726E-05 -2.363201078273535E-05
 -2.452476354507488E-05 -2.446834309718851E-05 -2.441194197493489E-05
 -2.289756896255069E-05 -2.284348873504725E-05 -2.278942897339718E-05
 -2.366521985444259E-05 -2.361008413365947E-05 -2.355496841493822E-05
 -2.444519147231791E-05 -2.438897673228144E-05 -2.433278106514910E-05
 -2.282089927049958E-05 -2.276702305621341E-05 -2.271316702910928E-05
 -2.358635817989490E-05 -2.353142812923020E-05 -2.347651781975379E-05
 -2.436410478999864E-05 -2.430809765122636E-05 -2.425210934236818E-05
 -2.274289818983862E-05 -2.268922735080155E-05 -2.263557643132831E-05
 -2.350606334853211E-05 -2.345134067427863E-05 -2.339663749027429E-05
 -2.428148475107558E-05 -2.422568724527903E-05 -2.416990833588267E-05
 -2.266354376505614E-05 -2.261007983082978E-05 -2.255663555973952E-05
 -2.342431660676967E-05 -2.336980316022708E-05 -2.331530896283000E-05
 -2.419731540204818E-05 -2.414172968581009E-05 -2.408616234079887E-05
 -2.258281720908996E-05 -2.252956185769442E-05 -2.247632592269153E-05
 -2.334110207757400E-05 -2.328679983778614E-05 -2.323251661559571E-05
 -2.411158341579700E-05 -2.405621175654059E-05 -2.400085825213408E-05
 -2.250070265397855E-05 -2.244765769599567E-05 -2.239463191697200E-05
 -2.325640656581144E-05 -2.320231762865311E-05 -2.314824748540630E-05
 -2.402427795144741E-05 -2.396912271677785E-05 -2.391398542826804E-05
 -2.241718695277434E-05 -2.236435431965096E-05 -2.231154063720295E-05
 -2.317021940303233E-05 -2.311634596722318E-05 -2.306249111036198E-05
 -2.393539052823439E-05 -2.388045417520134E-05 -2.382553556697770E-05
 -2.233225953806380E-05 -2.227964126623327E-05 -2.222704172483106E-05
 -2.308253230739629E-05 -2.302887666368622E-05 -2.297523939110183E-05
 -2.384491489970069E-05 -2.379019996356547E-05 -2.373550257800893E-05
 -2.224591222504872E-05 -2.219351044539858E-05 -2.214112718354303E-05
 -2.299333924311085E-05 -2.293990376254390E-05 -2.288648645251853E-05
 -2.375284694849713E-05 -2.369835603251263E-05 -2.364388247932785E-05
 -2.215813908995007E-05 -2.210595601823417E-05 -2.205379125904505E-05
 -2.290263630829844E-05 -2.284942343410435E-05 -2.279622853672780E-05
 -2.365918459338864E-05 -2.360492036167883E-05 -2.355067331155342E-05
 -2.206893635875938E-05 -2.201697428427712E-05 -2.196503032422389E-05
 -2.281042164834714E-05 -2.275743388628919E-05 -2.270446391361698E-05
 -2.356392771188146E-05 -2.350989288120304E-05 -2.345587505670617E-05
 -2.197830230633356E-05 -2.192656358178540E-05 -2.187484277993609E-05
 -2.271669535845933E-05 -2.266393526768901E-05 -2.261119278528231E-05
 -2.346707805808116E-05 -2.341327538954140E-05 -2.335948955744758E-05
 -2.188623711943783E-05 -2.183472415435205E-05 -2.178322892640979E-05
 -2.262145939163961E-05 -2.256892957797232E-05 -2.251641719717023E-05
 -2.336863920217561E-05 -2.331507149350876E-05 -2.326152045742950E-05
 -2.179274284049214E-05 -2.174145809179202E-05 -2.169019090064077E-05
 -2.252471749014693E-05 -2.247242059771327E-05 -2.242014096823785E-05
 -2.326861645474018E-05 -2.321528653489254E-05 -2.316197312854331E-05
 -2.169782328945048E-05 -2.164676925420767E-05 -2.159573260245894E-05
 -2.242647511700089E-05 -2.237441382190701E-05 -2.232236962490766E-05
 -2.316701680794888E-05 -2.311392752907582E-05 -2.306085460972435E-05
 -2.160148396334523E-05 -2.155066317233185E-05 -2.149985959591350E-05
 -2.232673938328466E-05 -2.227491638689958E-05 -2.222311032910421E-05
 -2.306384888342132E-05 -2.301100311611762E-05 -2.295817355904716E-05
 -2.150373198528336E-05 -2.145314699564322E-05 -2.140257905686688E-05
 -2.222551899632914E-05 -2.217393701997104E-05 -2.212237182703439E-05
 -2.295912287922621E-05 -2.290652350671797E-05 -2.285394019993157E-05
 -2.140457603883072E-05 -2.135422942866912E-05 -2.130389971036514E-05
 -2.212282419773652E-05 -2.207148597590844E-05 -2.202016438704624E-05
 -2.285285051558242E-05 -2.280050042840618E-05 -2.274816626659222E-05
 -2.130402629890888E-05 -2.125392066089141E-05 -2.120383176021410E-05
 -2.201866670825686E-05 -2.196757498362372E-05 -2.191649974581629E-05
 -2.274504498882283E-05 -2.269294707906600E-05 -2.264086495840594E-05
 -2.120209438902796E-05 -2.115223232488215E-05 -2.110238684800908E-05
 -2.191305968145578E-05 -2.186221719982941E-05 -2.181139106284899E-05
 -2.263572092326094E-05 -2.258387808025174E-05 -2.253205089447556E-05
 -2.109879331349518E-05 -2.104917742962321E-05 -2.099957798694030E-05
 -2.180601764940275E-05 -2.175542715441356E-05 -2.170485286607181E-05
 -2.252489432634977E-05 -2.247330943166252E-05 -2.242174006583498E-05
 -2.099413741146375E-05 -2.094477031249939E-05 -2.089541951284448E-05
 -2.169755647554703E-05 -2.164722070450978E-05 -2.159690100573198E-05
 -2.241258254099773E-05 -2.236125846437861E-05 -2.230994979203284E-05
 -2.088814230611066E-05 -2.083902659307539E-05 -2.078992704096942E-05
 -2.158769330744435E-05 -2.153761498733144E-05 -2.148755260870616E-05
 -2.229880420485846E-05 -2.224774379996564E-05 -2.219669867825410E-05
 -2.078082485941974E-05 -2.073196312262290E-05 -2.068311741199619E-05
 -2.147644653608645E-05 -2.142662837838500E-05 -2.137682603480414E-05
 -2.218357920747465E-05 -2.213278530798329E-05 -2.208200657406921E-05
 -2.067220312351365E-05 -2.062359793844984E-05 -2.057500864847614E-05
 -2.136383574672870E-05 -2.131428044351327E-05 -2.126474083045038E-05
 -2.206692864546991E-05 -2.201640406137883E-05 -2.196589452838430E-05
 -2.056229629063755E-05 -2.051395021641501E-05 -2.046561990920905E-05
 -2.124988167389615E-05 -2.120059189545546E-05 -2.115131768616588E-05
 -2.194887478197421E-05 -2.189862229527007E-05 -2.184838474843339E-05
 -2.045112465684797E-05 -2.040304023020111E-05 -2.035497144577506E-05
 -2.113460616384974E-05 -2.108558455338199E-05 -2.103657839419656E-05
 -2.182944100260241E-05 -2.177946336463778E-05 -2.172950055826430E-05
 -2.033870956782301E-05 -2.029088930030179E-05 -2.024308455317680E-05
 -2.101803212493131E-05 -2.096928129585262E-05 -2.092054580303082E-05
 -2.170865177260425E-05 -2.165895170006281E-05 -2.160926635369918E-05
 -2.022507338589442E-05 -2.017751976043006E-05 -2.012998153640801E-05
 -2.090018348786175E-05 -2.085170602059952E-05 -2.080324377728498E-05
 -2.158653259425231E-05 -2.153711276652168E-05 -2.148770756226683E-05
 -2.011023943860825E-05 -2.006295490616746E-05 -2.001568565884965E-05
 -2.078108516228382E-05 -2.073288360102475E-05 -2.068469715409660E-05
 -2.146310996541707E-05 -2.141397302138806E-05 -2.136485060083993E-05
 -1.999423197486835E-05 -1.994721895176224E-05 -1.990022110012616E-05
 -2.066076299481594E-05 -2.061283984441823E-05 -2.056493170113895E-05
 -2.133841133846249E-05 -2.128955987330097E-05 -2.124072283416888E-05
 -1.987707613680333E-05 -1.983033700073416E-05 -1.978361292509556E-05
 -2.053924372853113E-05 -2.049160145141576E-05 -2.044397407673276E-05
 -2.121246507309951E-05 -2.116390163589891E-05 -2.111535252953736E-05
 -1.975879789860863E-05 -1.971233498724529E-05 -1.966588702745338E-05
 -2.041655495518499E-05 -2.036919596981463E-05 -2.032185178441111E-05
 -2.108530039856249E-05 -2.103702748988423E-05 -2.098876881932375E-05
 -1.963942403706313E-05 -1.959323964497257E-05 -1.954707009794085E-05
 -2.029272507870779E-05 -2.024565175597828E-05 -2.019859313292041E-05
 -2.095694736798281E-05 -2.090896743690461E-05 -2.086100165341850E-05
 -1.951898208952911E-05 -1.947307846497112E-05 -1.942718958117658E-05
 -2.016778327213489E-05 -2.012099793300397E-05 -2.007422719533797E-05
 -2.082743681516565E-05 -2.077975225725142E-05 -2.073208175843769E-05
 -1.939750030980696E-05 -1.935187965259502E-05 -1.930627363389476E-05
 -2.004175943301683E-05 -1.999526434655127E-05 -1.994878376529845E-05
 -2.069680031132319E-05 -2.064941346613599E-05 -2.060204059361670E-05
 -1.927500762443940E-05 -1.922967208481319E-05 -1.918435108333194E-05
 -1.991468414132404E-05 -1.986848152249411E-05 -1.982229331454254E-05
 -2.056507012457257E-05 -2.051798327381156E-05 -2.047091031121977E-05
 -1.915153359297045E-05 -1.910648526791135E-05 -1.906145138261162E-05
 -1.978658862067786E-05 -1.974068062807518E-05 -1.969478695379508E-05
 -2.043227917546957E-05 -2.038549454094747E-05 -2.033872371195978E-05
 -1.902710837218272E-05 -1.898234930465466E-05 -1.893760458024528E-05
 -1.965750469598489E-05 -1.961189343017300E-05 -1.956629639188254E-05
 -2.029846099455789E-05 -2.025198073612964E-05 -2.020551420222419E-05
 -1.890176267462970E-05 -1.885729485129141E-05 -1.881284127618920E-05
 -1.952746475100583E-05 -1.948215225274567E-05 -1.943685389272483E-05
 -2.016364967844850E-05 -2.011747589240211E-05 -2.007131575159475E-05
 -1.877552772307801E-05 -1.873135307206691E-05 -1.868719257593071E-05
 -1.939650168598625E-05 -1.935148993422542E-05 -1.930649223298278E-05
 -2.002787984740298E-05 -1.998201456482129E-05 -1.993616284974362E-05
 -1.864843521459358E-05 -1.860455560497400E-05 -1.856069005835264E-05
 -1.926464887824937E-05 -1.921993978882529E-05 -1.917524466372116E-05
 -1.989118660471077E-05 -1.984563178990395E-05 -1.980009046636919E-05
 -1.852051727869711E-05 -1.847693451730921E-05 -1.843336572874000E-05
 -1.913194014069389E-05 -1.908753556458704E-05 -1.904314486790911E-05
 -1.975360549080924E-05 -1.970836304019782E-05 -1.966313400597969E-05
 -1.839180644204475E-05 -1.834852227437543E-05 -1.830525199044044E-05
 -1.899840968132531E-05 -1.895431140379660E-05 -1.891022692209387E-05
 -1.961517244567100E-05 -1.957024418565303E-05 -1.952532926841839E-05
 -1.826233558854737E-05 -1.821935169498142E-05 -1.817638159756693E-05
 -1.886409206464920E-05 -1.882030180342638E-05 -1.877652525567422E-05
 -1.947592376349531E-05 -1.943131145019257E-05 -1.938671240742652E-05
 -1.813213791544808E-05 -1.808945591179118E-05 -1.804678761780099E-05
 -1.872902216830342E-05 -1.868554157277113E-05 -1.864207460946427E-05
 -1.933589605305763E-05 -1.929160137056059E-05 -1.924731988741231E-05
 -1.800124690269250E-05 -1.795886833796901E-05 -1.791650339763915E-05
 -1.859323514686187E-05 -1.855006579661543E-05 -1.850690999849947E-05
 -1.919512619591355E-05 -1.915115075552206E-05 -1.910718844449490E-05
 -1.786969626889680E-05 -1.782762262557302E-05 -1.778556252252573E-05
 -1.845676639117135E-05 -1.841390979571479E-05 -1.837106667323356E-05
 -1.905365130884977E-05 -1.900999664816082E-05 -1.896635504779116E-05
 -1.773751994288540E-05 -1.769575263467697E-05 -1.765399878365919E-05
 -1.831965149256163E-05 -1.827710908987397E-05 -1.823458008203600E-05
 -1.891150870024938E-05 -1.886817628224252E-05 -1.882485685652220E-05
 -1.760475201767877E-05 -1.756329238954904E-05 -1.752184613644892E-05
 -1.818192620183840E-05 -1.813969935791998E-05 -1.809748583149652E-05
 -1.876873583375039E-05 -1.872572704611367E-05 -1.868273118352306E-05
 -1.747142672136388E-05 -1.743027604845836E-05 -1.738913866934237E-05
 -1.804362639362285E-05 -1.800171640154022E-05 -1.795981965056439E-05
 -1.862537028661319E-05 -1.858268644121693E-05 -1.854001545444202E-05
 -1.733757837721772E-05 -1.729673786414678E-05 -1.725591056456753E-05
 -1.790478802931915E-05 -1.786319610915432E-05 -1.782161735431626E-05
 -1.848144971300478E-05 -1.843909204570836E-05 -1.839674717141008E-05
 -1.720324137350749E-05 -1.716271215465094E-05 -1.712219606963485E-05
 -1.776544712071318E-05 -1.772417441880768E-05 -1.768291480719012E-05
 -1.833701180675181E-05 -1.829498147648153E-05 -1.825296387419552E-05
 -1.706845012480438E-05 -1.702823326266546E-05 -1.698802945556971E-05
 -1.762563969602024E-05 -1.758468728414986E-05 -1.754374788824726E-05
 -1.819209426515064E-05 -1.815039235342748E-05 -1.810870310535908E-05
 -1.693323904350058E-05 -1.689333552891864E-05 -1.685344499125375E-05
 -1.748540176671155E-05 -1.744477064179931E-05 -1.740415245913137E-05
 -1.804673475633720E-05 -1.800536226627376E-05 -1.796400237630992E-05
 -1.679764250459003E-05 -1.675805325637442E-05 -1.671847690766262E-05
 -1.734476929487995E-05 -1.730446037882117E-05 -1.726416433195511E-05
 -1.790097088585804E-05 -1.785992874267756E-05 -1.781889913654640E-05
 -1.666169481805026E-05 -1.662242068242297E-05 -1.658315936950239E-05
 -1.720377815794587E-05 -1.716379229771323E-05 -1.712381923404783E-05
 -1.775484015561584E-05 -1.771412920702392E-05 -1.767343073281463E-05
 -1.652543019370319E-05 -1.648647194484141E-05 -1.644752644236900E-05
 -1.706246411362766E-05 -1.702280208178545E-05 -1.698315277419650E-05
 -1.760837992823147E-05 -1.756800094507893E-05 -1.752763437383950E-05
 -1.638888270856696E-05 -1.635024104806863E-05 -1.631161205810349E-05
 -1.692086276857134E-05 -1.688152526315597E-05 -1.684220040986535E-05
 -1.746162739564690E-05 -1.742158107224183E-05 -1.738154709830604E-05
 -1.625208628386335E-05 -1.621376184188167E-05 -1.617544999496997E-05
 -1.677900954975026E-05 -1.673999719518690E-05 -1.670099742074786E-05
 -1.731461954871459E-05 -1.727490650340293E-05 -1.723520574497691E-05
 -1.611507465203372E-05 -1.607706798707233E-05 -1.603907384183456E-05
 -1.663693966792791E-05 -1.659825301576262E-05 -1.655957887174653E-05
 -1.716739313262342E-05 -1.712801390937011E-05 -1.708864691045203E-05
 -1.597788131978246E-05 -1.594019291932505E-05 -1.590251696361866E-05
 -1.649468808211447E-05 -1.645632760943876E-05 -1.641797957385157E-05
 -1.701998461149848E-05 -1.698093967713617E-05 -1.694190690580587E-05
 -1.584053955046462E-05 -1.580316982975301E-05 -1.576581247969705E-05
 -1.635228950610809E-05 -1.631425560686751E-05 -1.627623407641236E-05
 -1.687243020072370E-05 -1.683371992807509E-05 -1.679502176196562E-05
 -1.570308236218305E-05 -1.566603165697909E-05 -1.562899325060274E-05
 -1.620977848595100E-05 -1.617207145225624E-05 -1.613437672473995E-05
 -1.672476602198767E-05 -1.668639066024241E-05 -1.664802735749647E-05
 -1.556554257436388E-05 -1.552881112940335E-05 -1.549209191541263E-05
 -1.606718950324285E-05 -1.602980951249195E-05 -1.599244177156329E-05
 -1.657702826247056E-05 -1.653898792196110E-05 -1.650095960155217E-05
 -1.542795285668883E-05 -1.539154082042686E-05 -1.535514095117134E-05
 -1.592455692772189E-05 -1.588750406114450E-05 -1.585046338935834E-05
 -1.642925304378546E-05 -1.639154773737870E-05 -1.635385441136903E-05
 -1.529034565643375E-05 -1.525425309628579E-05 -1.521817263991550E-05
 -1.578191467919252E-05 -1.574518897740260E-05 -1.570847540876825E-05
 -1.628147581757215E-05 -1.624410555681191E-05 -1.620674722280240E-05
 -1.515275298991946E-05 -1.511697992248534E-05 -1.508121889241220E-05
 -1.563929580446745E-05 -1.560289730721424E-05 -1.556651087346990E-05
 -1.613373072158401E-05 -1.609669556733448E-05 -1.605967227317820E-05
 -1.501520623773065E-05 -1.497975264082733E-05 -1.494431101272589E-05
 -1.549673257331028E-05 -1.546066125635621E-05 -1.542460194045977E-05
 -1.598605096103324E-05 -1.594935088718184E-05 -1.591266262308721E-05
 -1.487773630514609E-05 -1.484260206829151E-05 -1.480747973961425E-05
 -1.535425751902722E-05 -1.531851312090845E-05 -1.528278069233308E-05
 -1.583847072150994E-05 -1.580210531829561E-05 -1.576575172819584E-05
 -1.474037426555922E-05 -1.470555909415939E-05 -1.467075578954468E-05
 -1.521190464751689E-05 -1.517648657028445E-05 -1.514108046041548E-05
 -1.569102696617747E-05 -1.565499533197566E-05 -1.561897555441604E-05
 -1.460315185977973E-05 -1.456865525614736E-05 -1.453417049001300E-05
 -1.506970875168244E-05 -1.503461631387383E-05 -1.499953581489602E-05
 -1.554375761636987E-05 -1.550805887633362E-05 -1.547237197304976E-05
 -1.446610071317477E-05 -1.443192217056584E-05 -1.439775541161664E-05
 -1.492770158371017E-05 -1.489293462616901E-05 -1.485817947253475E-05
 -1.539669470019727E-05 -1.536132902576386E-05 -1.532597498019144E-05
 -1.432924995189371E-05 -1.429538929620226E-05 -1.426154030569949E-05
 -1.478590755914750E-05 -1.475146680037787E-05 -1.471703760556004E-05
 -1.524985806255025E-05 -1.521482705726889E-05 -1.517980732521848E-05
 -1.419262425035776E-05 -1.415908173731082E-05 -1.412555072502030E-05
 -1.464434565442777E-05 -1.461023190491432E-05 -1.457612955040826E-05
 -1.510326094482680E-05 -1.506856599712154E-05 -1.503388215021646E-05
 -1.405624607452473E-05 -1.402302178916474E-05 -1.398980891046319E-05
 -1.450304176939099E-05 -1.446925394363006E-05 -1.443547768389840E-05
 -1.495693238169879E-05 -1.492257128571982E-05 -1.488822172640955E-05
 -1.392014347333914E-05 -1.388723617808169E-05 -1.385434040823419E-05
 -1.436204399577824E-05 -1.432857767589828E-05 -1.429512348430832E-05
 -1.481094017957423E-05 -1.477690536609592E-05 -1.474288310105813E-05
 -1.378435763597232E-05 -1.375176421648802E-05 -1.371918263625105E-05
 -1.422142048839374E-05 -1.418826982667289E-05 -1.415513176955081E-05
 -1.466537962766833E-05 -1.463166245330756E-05 -1.459795848615230E-05
 -1.364893844025655E-05 -1.361665544062554E-05 -1.358438446416288E-05
 -1.408122400169127E-05 -1.404838774149284E-05 -1.401556360848472E-05
 -1.452030738781703E-05 -1.448690863044010E-05 -1.445352197047403E-05
 -1.351392127764104E-05 -1.348194855413607E-05 -1.344998741435545E-05
 -1.394143866929389E-05 -1.390892605082189E-05 -1.387642367560048E-05
 -1.437565775519931E-05 -1.434259588918768E-05 -1.430954280853831E-05
 -1.337929791854747E-05 -1.334764155553399E-05 -1.331599554918689E-05
 -1.380196427685832E-05 -1.376979275219840E-05 -1.373762913473626E-05
 -1.423123887864565E-05 -1.419854279851173E-05 -1.416585203717830E-05
 -1.324501469247266E-05 -1.321368459818899E-05 -1.318236353802609E-05
 -1.366269537504848E-05 -1.363087536204231E-05 -1.359906290559302E-05
 -1.408689135101685E-05 -1.405457240072435E-05 -1.402225933040575E-05
 -1.311102711855396E-05 -1.308002730008309E-05 -1.304903657481746E-05
 -1.352368390019184E-05 -1.349219769778840E-05 -1.346072296220428E-05
 -1.394275916185935E-05 -1.391077849926785E-05 -1.387881142269545E-05
 -1.297739643124917E-05 -1.294671304831509E-05 -1.291604140880293E-05
 -1.338526395498017E-05 -1.335405856180512E-05 -1.332287218141443E-05
 -1.379944591756290E-05 -1.376771157717853E-05 -1.373600328674169E-05
 -1.284435180504024E-05 -1.281395083118144E-05 -1.278356619913162E-05
 -1.324796333856087E-05 -1.321697666274437E-05 -1.318601502439353E-05
 -1.365778036108729E-05 -1.362620147951019E-05 -1.359465624591917E-05
 -1.271221811588647E-05 -1.268206333905270E-05 -1.265192811013261E-05
 -1.311212130906956E-05 -1.308134097989206E-05 -1.305058221251255E-05
 -1.351812663902077E-05 -1.348671303534186E-05 -1.345532315808721E-05
 -1.258117045022097E-05 -1.255126035078607E-05 -1.252136667016339E-05
 -1.297736011966263E-05 -1.294688399890633E-05 -1.291641071312705E-05
 -1.337956967788939E-05 -1.334851673060164E-05 -1.331745338425842E-05
 -1.245090827359183E-05 -1.242131329231550E-05 -1.239172167509811E-05
 -1.284226044848222E-05 -1.281231239636950E-05 -1.278233495043047E-05
 -1.323958314823996E-05 -1.320926727003680E-05 -1.317888960695317E-05
 -1.232045379914190E-05 -1.229132711275216E-05 -1.226218162462321E-05
 -1.270457007784052E-05 -1.267544297142315E-05 -1.264625115073841E-05
 -1.309463918429579E-05 -1.306549397335333E-05 -1.303623827917047E-05
 -1.218826475760511E-05 -1.215981008932217E-05 -1.213131133700632E-05
 -1.256197500677463E-05 -1.253391943952810E-05 -1.250577493384989E-05
 -1.294163496197175E-05 -1.291396061333348E-05 -1.288615224136424E-05
 -1.205268456978136E-05 -1.202509027495815E-05 -1.199743208899373E-05
 -1.241306317536556E-05 -1.238618227853107E-05 -1.235920902888414E-05
 -1.277937693416885E-05 -1.275319449671408E-05 -1.272689068341819E-05
 -1.191253086797662E-05 -1.188590327613057E-05 -1.185920406995511E-05
 -1.225791996519297E-05 -1.223213367611079E-05 -1.220627177639629E-05
 -1.260919658840152E-05 -1.258424151949273E-05 -1.255920616777945E-05
 -1.176750897912892E-05 -1.174184131343702E-05 -1.171610745646776E-05
 -1.209799229195882E-05 -1.207309168656422E-05 -1.204814214263674E-05
 -1.243427621490247E-05 -1.241013722890783E-05 -1.238596602116875E-05
 -1.161822809380114E-05 -1.159342016788202E-05 -1.156855999195577E-05
 -1.193532366487570E-05 -1.191107805638167E-05 -1.188680712435583E-05
 -1.225810444849334E-05 -1.223441842181486E-05 -1.221073374399494E-05
 -1.146583863139176E-05 -1.144175171477221E-05 -1.141762789049704E-05
 -1.177165199748889E-05 -1.174790181756867E-05 -1.172413883134970E-05
 -1.208302620064272E-05 -1.205961039518777E-05 -1.203620588139879E-05
 -1.131152753158326E-05 -1.128804040322608E-05 -1.126452763127935E-05
 -1.160788939099997E-05 -1.158457665527557E-05 -1.156125269357559E-05
 -1.190969514191353E-05 -1.188655335559117E-05 -1.186341486347735E-05
 -1.115615305785523E-05 -1.113319095352325E-05 -1.111020883377145E-05
 -1.144417748355514E-05 -1.142131401922855E-05 -1.139843574735979E-05
 -1.173754233362495E-05 -1.171477284235477E-05 -1.169199381817446E-05
 -1.100016109969424E-05 -1.097769167224798E-05 -1.095520399099407E-05
 -1.128031382073736E-05 -1.125792588817660E-05 -1.123552044385127E-05
 -1.156571343772668E-05 -1.154340181612169E-05 -1.152107339854193E-05
 -1.084372632963772E-05 -1.082173741168546E-05 -1.079973091077532E-05
 -1.111617260265819E-05 -1.109426341405020E-05 -1.107233745425204E-05
 -1.139377512589260E-05 -1.137194073144037E-05 -1.135009028626141E-05
 -1.068695106133923E-05 -1.066543033219361E-05 -1.064389335710174E-05
 -1.095187063556609E-05 -1.093041621606270E-05 -1.090894821730063E-05
 -1.122185392880227E-05 -1.120046145850899E-05 -1.117905797775713E-05
 -1.052998419043027E-05 -1.050891157155922E-05 -1.048782491089189E-05
 -1.078768588955559E-05 -1.076665186686655E-05 -1.074560766324043E-05
 -1.105035629247714E-05 -1.102935697034193E-05 -1.100835126082829E-05
 -1.037302957671672E-05 -1.035238045769112E-05 -1.033171971111148E-05
 -1.062389677666258E-05 -1.060325491975020E-05 -1.058260512525586E-05
 -1.087963707808280E-05 -1.085899879448090E-05 -1.083835622821287E-05
 -1.021629724915779E-05 -1.019604856307057E-05 -1.017579027508293E-05
 -1.046069034858727E-05 -1.044042351474167E-05 -1.042014986354060E-05
 -1.070986222671627E-05 -1.068957360081536E-05 -1.066928092216904E-05
 -1.005996228816034E-05 -1.004009557572638E-05 -1.002022076000282E-05
 -1.029817025208899E-05 -1.027826804935770E-05 -1.025835971915347E-05
 -1.054106456235384E-05 -1.052112325570008E-05 -1.050117777804779E-05
 -9.904157685765867E-06 -9.884658446966578E-06 -9.865152263989623E-06
 -1.013640896051898E-05 -1.011686190977187E-05 -1.009730952273471E-05
 -1.037325566877296E-05 -1.035365728277473E-05 -1.033405514546834E-05
 -9.748989653326232E-06 -9.729845287433391E-06 -9.710695019762347E-06
 -9.975485308194486E-06 -9.956282258277949E-06 -9.937074872032580E-06
 -1.020648644506410E-05 -1.018722133035021E-05 -1.016795342115899E-05
 -9.594554002733728E-06 -9.575752379990259E-06 -9.556945883733589E-06
 -9.815490322110798E-06 -9.796618986474611E-06 -9.777744377725308E-06
 -1.004084285651574E-05 -1.002189858217011E-05 -1.000295261583920E-05
 -9.440943059759563E-06 -9.422472227140215E-06 -9.403997524768365E-06
 -9.656515732408516E-06 -9.637964224951302E-06 -9.619410401869270E-06
 -9.876416084136602E-06 -9.857780809066365E-06 -9.839144761444052E-06
 -9.288244567874072E-06 -9.270093102265288E-06 -9.251938693580209E-06
 -9.498642463806840E-06 -9.480400337269195E-06 -9.462156669062989E-06
 -9.713280452387052E-06 -9.694944667455389E-06 -9.676608740644886E-06
 -9.136538127631147E-06 -9.118695533569795E-06 -9.100850811203949E-06
 -9.341936462473724E-06 -9.323994816299120E-06 -9.306052252163759E-06
 -9.551488474408307E-06 -9.533444843307767E-06 -9.515401509633642E-06
 -8.985893221649222E-06 -8.968350024505756E-06 -8.950805411160509E-06
 -9.186451779529965E-06 -9.168802620640839E-06 -9.151153116668823E-06
 -9.391078861963474E-06 -9.373320867578264E-06 -9.355563605983962E-06
 -8.836370227196503E-06 -8.819117722557412E-06 -8.801864451853615E-06
 -9.032237289228598E-06 -9.014872736626001E-06 -8.997508435701097E-06
 -9.232088901697423E-06 -9.214609506657053E-06 -9.197131385990588E-06
 -8.688023383642230E-06 -8.671053285628343E-06 -8.654083041809952E-06
 -8.879341457555743E-06 -8.862253489529625E-06 -8.845166376714002E-06
 -9.074561117385642E-06 -9.057352589381126E-06 -9.040145921707866E-06
 -8.540903164091469E-06 -8.524207467659888E-06 -8.507512211685594E-06
 -8.727811348445177E-06 -8.710992248932537E-06 -8.694174538770674E-06
 -8.918539060807458E-06 -8.901593978702469E-06 -8.884651243086769E-06
 -8.395056291231440E-06 -8.378627413762063E-06 -8.362199503654850E-06
 -8.577688021534330E-06 -8.561130906187340E-06 -8.544575609284774E-06
 -8.764058174232082E-06 -8.747370330703153E-06 -8.730685174097761E-06
 -8.250524269380276E-06 -8.234355214999939E-06 -8.218187588912404E-06
 -8.429004475244967E-06 -8.412703218005953E-06 -8.396404151588764E-06
 -8.611143090287075E-06 -8.594707193170050E-06 -8.578274277471440E-06
 -8.107342937774343E-06 -8.091427222376397E-06 -8.075513355970063E-06
 -8.281788848690262E-06 -8.265737519156188E-06 -8.249688763181663E-06
 -8.459814379727982E-06 -8.443625021414323E-06 -8.427438996925740E-06
 -7.965544022781407E-06 -7.949875424364962E-06 -7.934209083914808E-06
 -8.136068766148816E-06 -8.120261307385955E-06 -8.104456817295477E-06
 -8.310095629158817E-06 -8.294146906355367E-06 -8.278201899963774E-06
 -7.825156991618560E-06 -7.809729418795195E-06 -7.794304499781909E-06
 -7.991871480808362E-06 -7.976301987674655E-06 -7.960735816732338E-06
 -8.162011865796629E-06 -8.146298073224428E-06 -8.130588303388401E-06
 -7.686209192153506E-06 -7.671016798118518E-06 -7.655827415890354E-06
 -7.849220383873335E-06 -7.833883517324576E-06 -7.818550257432225E-06
 -8.015582428857981E-06 -8.000098769958403E-06 -7.984619337253425E-06
 -7.548724594845464E-06 -7.533761941926357E-06 -7.518802607711157E-06
 -7.708133229693923E-06 -7.693024162320295E-06 -7.677918953764176E-06
 -7.870818687404110E-06 -7.855560983564384E-06 -7.840307699003459E-06
 -7.412723223699584E-06 -7.397985258083595E-06 -7.383250881962962E-06
 -7.568624667494763E-06 -7.553738650069452E-06 -7.538856756449034E-06
 -7.727729747912520E-06 -7.712693570437094E-06 -7.697662075453895E-06
 -7.278222249787723E-06 -7.263704120693914E-06 -7.249189837827020E-06
 -7.430709545082585E-06 -7.416041709101815E-06 -7.401378263561567E-06
 -7.586328097144456E-06 -7.571508535991277E-06 -7.556693946538696E-06
 -7.145237384943507E-06 -7.130934340292253E-06 -7.116635387431524E-06
 -7.294402564680291E-06 -7.279948213302910E-06 -7.265498471582902E-06
 -7.446627578977174E-06 -7.432019937041524E-06 -7.417417475730970E-06
 -7.013782950547271E-06 -6.999690411676209E-06 -6.985602186773026E-06
 -7.159715182168293E-06 -7.145470123409021E-06 -7.131229832004445E-06
 -7.308637030908800E-06 -7.294237447034630E-06 -7.279843149065044E-06
 -6.883870927786881E-06 -6.869984589492926E-06 -6.856102760526632E-06
 -7.026654423653147E-06 -7.012614855477973E-06 -6.998580194602021E-06
 -7.172358690496957E-06 -7.158163839892155E-06 -7.143974363214752E-06
 -6.755510655020630E-06 -6.741826439837784E-06 -6.728146916245558E-06
 -6.895225395529388E-06 -6.881387494970494E-06 -6.867554668077811E-06
 -7.037793420378955E-06 -7.023799745744967E-06 -7.009811590779735E-06
 -6.628709776064362E-06 -6.615223697116245E-06 -6.601742490613866E-06
 -6.765434049683607E-06 -6.751793821124777E-06 -6.738158847330099E-06
 -6.904945342738864E-06 -6.891148872314498E-06 -6.877358093782019E-06
 -6.503475211990353E-06 -6.490183332150567E-06 -6.476896496637145E-06
 -6.637286576224882E-06 -6.623840131399462E-06 -6.610399091608858E-06
 -6.773819768318263E-06 -6.760216697574034E-06 -6.746619437909453E-06
 -6.379812948420944E-06 -6.366711484848537E-06 -6.353615211200304E-06
 -6.510786630792287E-06 -6.497530477205456E-06 -6.484279833421010E-06
 -6.644417923099317E-06 -6.631005078125022E-06 -6.617598100839607E-06
 -6.257727102725591E-06 -6.244812522355623E-06 -6.231903247207386E-06
 -6.385934468873290E-06 -6.372865406167445E-06 -6.359801945175525E-06
 -6.516736125148313E-06 -6.503510657692998E-06 -6.490291123073079E-06
 -6.137219740470478E-06 -6.124488710360624E-06 -6.111763084401680E-06
 -6.262729159687432E-06 -6.249843952527060E-06 -6.236964455974301E-06
 -6.390770379951615E-06 -6.377729159920570E-06 -6.364693993258674E-06
 -6.018291767820872E-06 -6.005741027873741E-06 -5.993195787676453E-06
 -6.141170715498976E-06 -6.128466009070557E-06 -6.115767123649305E-06
 -6.266519777653849E-06 -6.253659346430612E-06 -6.240805100522740E-06
 -5.900943753536408E-06 -5.888570077809131E-06 -5.876201990882238E-06
 -6.021259302146763E-06 -6.008731877999147E-06 -5.996210350083612E-06
 -6.143984130163121E-06 -6.131301251840159E-06 -6.118624630436915E-06
 -5.785175682815634E-06 -5.772975961604791E-06 -5.760781900816793E-06
 -5.902992915922968E-06 -5.890639905418390E-06 -5.878292826385120E-06
 -6.023159540539456E-06 -6.010651557180802E-06 -5.998149840644759E-06
 -5.670986166075849E-06 -5.658957474109225E-06 -5.646934496356108E-06
 -5.786366933109324E-06 -5.774185686646638E-06 -5.762010400507366E-06
 -5.904038220447792E-06 -5.891702733107673E-06 -5.879373526436305E-06
 -5.558372314403151E-06 -5.546511860822495E-06 -5.534657169700214E-06
 -5.671376124709553E-06 -5.659363927886541E-06 -5.647357739420560E-06
 -5.786612600903415E-06 -5.774446954717063E-06 -5.762287645098772E-06
 -5.447330504168566E-06 -5.435635531807689E-06 -5.423946373546352E-06
 -5.558016276051364E-06 -5.546170303405952E-06 -5.534330391455445E-06
 -5.670877842583095E-06 -5.658879130718133E-06 -5.646886814762388E-06
 -5.337857040559168E-06 -5.326324808919938E-06 -5.314798441256293E-06
 -5.446283289536343E-06 -5.434600834894727E-06 -5.422924467549248E-06
 -5.556829442037500E-06 -5.544994980510216E-06 -5.533166922351143E-06
 -5.229947958020038E-06 -5.218575821622093E-06 -5.207209586690557E-06
 -5.336171278987965E-06 -5.324649918792007E-06 -5.313134645577772E-06
 -5.444459645008163E-06 -5.432787223805831E-06 -5.421121169204600E-06
 -5.123598401869096E-06 -5.112383866173673E-06 -5.101175256350270E-06
 -5.227672470270716E-06 -5.216309933635236E-06 -5.204953485486163E-06
 -5.333757826098682E-06 -5.322245397379642E-06 -5.310739312320075E-06
 -5.018802511363779E-06 -5.007743188093166E-06 -4.996689811642769E-06
 -5.120779033497603E-06 -5.109572972807631E-06 -5.098373021854510E-06
 -5.224714209241121E-06 -5.213359472387180E-06 -5.202011097138128E-06
 -4.915553871516797E-06 -4.904647400440900E-06 -4.893746899739183E-06
 -5.015484240206673E-06 -5.004432222015679E-06 -4.993386338406913E-06
 -5.117321693529028E-06 -5.106122149780334E-06 -5.094928989036584E-06
 -4.813845788513455E-06 -4.803089832131310E-06 -4.792339866925922E-06
 -4.911781364463911E-06 -4.900881075801113E-06 -4.889986924776509E-06
 -5.011573380729084E-06 -5.000526747278628E-06 -4.989486476724541E-06
 -4.713671000972568E-06 -4.703063311725415E-06 -4.692461623164519E-06
 -4.809661903738703E-06 -4.798911274221961E-06 -4.788166764742900E-06
 -4.907459349115551E-06 -4.896563736625263E-06 -4.885674436171773E-06
 -4.615021396145905E-06 -4.604559855594707E-06 -4.594104314338286E-06
 -4.709115557912896E-06 -4.698512633749905E-06 -4.687915815815969E-06
 -4.804966979558327E-06 -4.794220603618449E-06 -4.783480506562913E-06
 -4.517888414555527E-06 -4.507570990141735E-06 -4.497259561154974E-06
 -4.610131937883159E-06 -4.599674696230855E-06 -4.589223563550180E-06
 -4.704084094858317E-06 -4.693484948116338E-06 -4.682892082281679E-06
 -4.422263808165232E-06 -4.412088490534893E-06 -4.401919166727035E-06
 -4.512701740076261E-06 -4.502388100393011E-06 -4.492080573632628E-06
 -4.604800605852588E-06 -4.594346541042853E-06 -4.583898759448825E-06
 -4.328139915013144E-06 -4.318104721352572E-06 -4.308075517542832E-06
 -4.416816062565725E-06 -4.406644064790045E-06 -4.396478164797845E-06
 -4.507106886913601E-06 -4.496795967202045E-06 -4.486491297586677E-06
 -4.235508658535466E-06 -4.225611694452566E-06 -4.215720707201104E-06
 -4.322464993238570E-06 -4.312432888817702E-06 -4.302406850861174E-06
 -4.410991624172744E-06 -4.400822243809848E-06 -4.390659057523622E-06
 -4.144360879747995E-06 -4.134600368761315E-06 -4.124845813524801E-06
 -4.229637260573552E-06 -4.219743401714671E-06 -4.209855582387608E-06
 -4.316441997302398E-06 -4.306412629776153E-06 -4.296389417262485E-06
 -4.054684434176322E-06 -4.045058689078642E-06 -4.035438877681888E-06
 -4.138320530770326E-06 -4.128563230081871E-06 -4.118811955583372E-06
 -4.223445101792977E-06 -4.213554052655975E-06 -4.203669147334125E-06
 -3.966467638265962E-06 -3.956975001238538E-06 -3.947488278811066E-06
 -4.048501342306836E-06 -4.038878902406809E-06 -4.029262475679979E-06
 -4.131987615462871E-06 -4.122233122792231E-06 -4.112484760331040E-06
 -3.879689944647328E-06 -3.870328854472078E-06 -3.860973658642134E-06
 -3.960162413326828E-06 -3.950673297970839E-06 -3.941190167855271E-06
 -4.042053597262388E-06 -4.032434129375160E-06 -4.022820750053477E-06
 -3.794340296789258E-06 -3.785109285411425E-06 -3.775884140756538E-06
 -3.873282334885771E-06 -3.863925256477569E-06 -3.854574123294976E-06
 -3.953624432946001E-06 -3.944138775056074E-06 -3.934659148612887E-06
 -3.710329726025883E-06 -3.701227940681278E-06 -3.692131985434169E-06
 -3.787826975052504E-06 -3.778600826453620E-06 -3.769380584705638E-06
 -3.866683683989792E-06 -3.857330608366984E-06 -3.847983516666765E-06
