  3.444391703679589E+00  3.438210743905664E+00  3.432027062639965E+00

  3.657392421034878E+01  3.657658364802193E+01  3.657782287039276E+01
  3.740614784806687E+01  3.739444021517881E+01  3.738129652931229E+01
  3.780817133748064E+01  3.778824548173842E+01  3.776688393154916E+01
  3.780817133748064E+01  3.778824548173842E+01  3.776688393154916E+01
  3.740614784806687E+01  3.739444021517881E+01  3.738129652931229E+01
  3.657392421034878E+01  3.657658364802193E+01  3.657782287039276E+01
  3.526311542136649E+01  3.528252611634803E+01  3.530056886574135E+01
  3.342074084932111E+01  3.345482901756238E+01  3.348764739824483E+01
  3.102165504490752E+01  3.106475973376947E+01  3.110673381209754E+01
  2.811912853454559E+01  2.816422193259226E+01  2.820835212111109E+01
  2.487847814795048E+01  2.491959041171940E+01  2.495992071754497E+01
  2.155040544435812E+01  2.158405002594412E+01  2.161709490177718E+01
  1.839054931559674E+01  1.841582003805542E+01  1.844066356411171E+01
  1.557918134325532E+01  1.559699793889074E+01  1.561453954201679E+01
  1.318934913313876E+01  1.320147860467436E+01  1.321345487956516E+01
  1.120903844490324E+01  1.121730911290854E+01  1.122551314382961E+01
  9.585631363680276E+00  9.591508400696741E+00  9.597373436058190E+00
  8.258838280455238E+00  8.263320121267896E+00  8.267820873295365E+00
  7.172995847524173E+00  7.176687182129066E+00  7.180412750114865E+00
  6.278966321445743E+00  6.282202374784870E+00  6.285478314900602E+00
  5.535272134908364E+00  5.538228054867409E+00  5.541223726922147E+00
  4.909473775933138E+00  4.912236224356715E+00  4.915034956655638E+00
  4.377763022062074E+00  4.380368376302257E+00  4.383004764635791E+00
  3.922914525905338E+00  3.925369537227375E+00  3.927849610526606E+00
  3.532110158703815E+00  3.534406468936377E+00  3.536721910984848E+00
  3.195428010021474E+00  3.197553294910214E+00  3.199692321593562E+00
  2.904923505895947E+00  2.906868451810915E+00  2.908822534961988E+00
  2.654055980636030E+00  2.655817132190891E+00  2.657583657603125E+00
  2.437320183726469E+00  2.438900018458371E+00  2.440482252386130E+00
  2.250011332138239E+00  2.251417072603994E+00  2.252822927230232E+00
  2.088074857945005E+00  2.089316981201196E+00  2.090557511943472E+00
  1.948005532965514E+00  1.949096411501679E+00  1.950184462105483E+00
  1.826773264945877E+00  1.827726086150686E+00  1.828675219313606E+00
  1.721763012458977E+00  1.722590995542591E+00  1.723414723439025E+00
  1.630722816657192E+00  1.631438690912739E+00  1.632149967242463E+00
  1.551717391889070E+00  1.552333081317100E+00  1.552943998801181E+00
  1.483086299794393E+00  1.483612759440742E+00  1.484134397599263E+00
  1.423406387333385E+00  1.423853545104686E+00  1.424295921857676E+00
  1.371458371929944E+00  1.371835139730454E+00  1.372207230620562E+00
  1.326197448389334E+00  1.326511775585012E+00  1.326821573715983E+00
  1.286727710422368E+00  1.286986660267084E+00  1.287241257776444E+00
  1.252280096985841E+00  1.252489932739380E+00  1.252695610769498E+00
  1.222193518913098E+00  1.222359791067159E+00  1.222522109894054E+00
  1.195898798668796E+00  1.196026428144626E+00  1.196150312549232E+00
  1.172905059402098E+00  1.172998413992986E+00  1.173088231330641E+00
  1.152788220252469E+00  1.152851183170936E+00  1.152910813139565E+00
  1.135181285530746E+00  1.135217315893530E+00  1.135250211937159E+00
  1.119766150403567E+00  1.119778336034332E+00  1.119787578836915E+00
  1.106266681410220E+00  1.106257784612292E+00  1.106246128389127E+00
  1.094442864344211E+00  1.094415361404324E+00  1.094385273793395E+00
  1.084085843513242E+00  1.084041958714733E+00  1.083995655078311E+00
  1.075013704549967E+00  1.074955439442770E+00  1.074894912351361E+00
  1.067067877580231E+00  1.066997036198629E+00  1.066924080807308E+00
  1.060110058723084E+00  1.060028269373164E+00  1.059944505326568E+00
  1.054019565816431E+00  1.053928299980889E+00  1.053835190405153E+00
  1.048691059242027E+00  1.048591648075629E+00  1.048490516138252E+00
  1.044032571112979E+00  1.043926219931228E+00  1.043818263377051E+00
  1.039963796241260E+00  1.039851597340259E+00  1.039737901345669E+00
  1.036414606562220E+00  1.036297550650719E+00  1.036179099280171E+00
  1.033323757370170E+00  1.033202743845691E+00  1.033080430344820E+00
  1.030637759091535E+00  1.030513605350946E+00  1.030388241468434E+00
  1.028309892631374E+00  1.028183342571329E+00  1.028055667066352E+00
  1.026299349780346E+00  1.026171081613662E+00  1.026041768075947E+00
  1.024570482934726E+00  1.024441116423669E+00  1.024310780507759E+00
  1.023092150602860E+00  1.022962253788313E+00  1.022831459941278E+00
  1.021837146961780E+00  1.021707242447158E+00  1.021576510188447E+00
  1.020781705177725E+00  1.020652276007133E+00  1.020522085799511E+00
  1.019905065384597E+00  1.019776560535142E+00  1.019647359265563E+00
  1.019189099178913E+00  1.019061938666384E+00  1.018934144734480E+00
  1.018617983280018E+00  1.018492562854795E+00  1.018366570843778E+00
  1.018177915652666E+00  1.018054611038422E+00  1.017930795918427E+00
  1.017856867922252E+00  1.017736038524025E+00  1.017614759311501E+00
  1.017644368355652E+00  1.017526360337023E+00  1.017407963106721E+00
  1.017531310058034E+00  1.017416458661201E+00  1.017301278781370E+00
  1.017509779378032E+00  1.017398410338219E+00  1.017286773777735E+00
  1.017572899855562E+00  1.017465329746437E+00  1.017357553288771E+00
  1.017714687431890E+00  1.017611222776375E+00  1.017507612974750E+00
  1.017929913119116E+00  1.017830848116119E+00  1.017731698842729E+00
  1.018213969946729E+00  1.018119582704499E+00  1.018025171190055E+00
  1.018562741809306E+00  1.018473289044842E+00  1.018383870376998E+00
  1.018972472853273E+00  1.018888183115627E+00  1.018803983266941E+00
  1.019439637247448E+00  1.019360702847083E+00  1.019281910430433E+00
  1.019960810516316E+00  1.019887378482575E+00  1.019814135573361E+00
  1.020532544954552E+00  1.020464707481844E+00  1.020397099984073E+00
  1.021151252815657E+00  1.021089037774016E+00  1.021027085918891E+00
  1.021813101780458E+00  1.021756463934127E+00  1.021700113561504E+00
  1.022513927481600E+00  1.022462741060196E+00  1.022411856325742E+00
  1.023249167466217E+00  1.023203220655641E+00  1.023157578719918E+00
  1.024013819900115E+00  1.023972811666797E+00  1.023932099760444E+00
  1.024802428654524E+00  1.024765968103632E+00  1.024729783144114E+00
  1.025609094390747E+00  1.025576702616998E+00  1.025544553308763E+00
  1.026427509175922E+00  1.026398623334158E+00  1.026369934456267E+00
  1.027251010371068E+00  1.027224989516352E+00  1.027199107933639E+00
  1.028072648366796E+00  1.028048780532656E+00  1.028024982400508E+00
  1.028885262487217E+00  1.028862772522305E+00  1.028840271226892E+00
  1.029681560239103E+00  1.029659618131769E+00  1.029637572739800E+00
  1.030454197122622E+00  1.030431926912399E+00  1.030409451295343E+00
  1.031195857309241E+00  1.031172347177156E+00  1.031148520479818E+00
  1.031899339181250E+00  1.031873653831467E+00  1.031847533467238E+00
  1.032557653158100E+00  1.032528849987768E+00  1.032499488688874E+00
  1.033164141165185E+00  1.033131291756205E+00  1.033097760171811E+00
  1.033712626163156E+00  1.033674844122333E+00  1.033636259853192E+00
  1.034197595363368E+00  1.034154070399569E+00  1.034109633124241E+00
  1.034614412129614E+00  1.034564448604760E+00  1.034513479242674E+00
  1.034959540583879E+00  1.034902596964267E+00  1.034844577025824E+00
  1.035230756463720E+00  1.035166480660184E+00  1.035101086601049E+00
  1.035427311349572E+00  1.035355566410595E+00  1.035282693462444E+00
  1.035550017936664E+00  1.035470893288567E+00  1.035390664175558E+00
  1.035601232668248E+00  1.035515038056037E+00  1.035427794136230E+00
  1.035584727342305E+00  1.035491969389123E+00  1.035398244601834E+00
  1.035505459575249E+00  1.035406803749193E+00  1.035307284578723E+00
  1.035369268535988E+00  1.035265491556799E+00  1.035160968321839E+00
  1.035182533021555E+00  1.035074471837641E+00  1.034965787514018E+00
  1.034951831540444E+00  1.034840334810035E+00  1.034728337205290E+00
  1.034683638884500E+00  1.034569525629505E+00  1.034455027328005E+00
  1.034384083053310E+00  1.034268111292062E+00  1.034151859874478E+00
  1.034058773698003E+00  1.033941619929158E+00  1.033824279060237E+00
  1.033712701626497E+00  1.033594950444875E+00  1.033477090906078E+00
  1.033350200432266E+00  1.033232342526644E+00  1.033114441330235E+00
  1.032974956658179E+00  1.032857392996311E+00  1.032739838353069E+00
  1.032590053634107E+00  1.032473103669042E+00  1.032356203666861E+00
  1.032198035237359E+00  1.032081947288725E+00  1.031965940490909E+00
  1.031800978354575E+00  1.031685940739220E+00  1.031571007345978E+00
  1.031400566054397E+00  1.031286717928328E+00  1.031172990532679E+00
  1.030998156737109E+00  1.030885597934261E+00  1.030773171213113E+00
  1.030594846943266E+00  1.030483646419032E+00  1.030372585395916E+00
  1.030191526324651E+00  1.030081729186757E+00  1.029972076051659E+00
  1.029788922768009E+00  1.029680556212110E+00  1.029572336017436E+00
  1.029387635628545E+00  1.029280714144332E+00  1.029173939778068E+00
  1.028988157713168E+00  1.028882687519431E+00  1.028777363989751E+00
  1.028590891971132E+00  1.028486874018493E+00  1.028383001451535E+00
  1.028196172538922E+00  1.028093603287535E+00  1.027991177806509E+00
  1.027804295665865E+00  1.027703165829264E+00  1.027602178328089E+00
  1.027415552488423E+00  1.027315845760352E+00  1.027216280371537E+00
  1.027030240871247E+00  1.026931935866422E+00  1.026833771306449E+00
  1.026648632651926E+00  1.026551710192323E+00  1.026454926386567E+00
  1.026270894881028E+00  1.026175349103975E+00  1.026079938057551E+00
  1.025896999832530E+00  1.025802847544908E+00  1.025708823240148E+00
  1.025526682123446E+00  1.025433963773088E+00  1.025341364330149E+00
  1.025159487515323E+00  1.025068256913222E+00  1.024977135495140E+00
  1.024794907592930E+00  1.024705214229727E+00  1.024615621774234E+00
  1.024432539322686E+00  1.024344412096287E+00  1.024256380385418E+00
  1.024072189407650E+00  1.023985629927901E+00  1.023899163566140E+00
  1.023713876784634E+00  1.023628864417105E+00  1.023543944705542E+00
  1.023357748936547E+00  1.023274252792289E+00  1.023190849344073E+00
  1.023003973639632E+00  1.022921963747434E+00  1.022840046109235E+00
  1.022652667381788E+00  1.022572119780702E+00  1.022491663300084E+00
  1.022303882961709E+00  1.022224778637722E+00  1.022145763936185E+00
  1.021957636624990E+00  1.021879957861273E+00  1.021802367259303E+00
  1.021613939399066E+00  1.021537667150091E+00  1.021461481817857E+00
  1.021272810562345E+00  1.021197924102534E+00  1.021123123479737E+00
  1.020934273627076E+00  1.020860751565239E+00  1.020787314301046E+00
  1.020598347069295E+00  1.020526168334465E+00  1.020454073323832E+00
  1.020265039363662E+00  1.020194183527532E+00  1.020123410306168E+00
  1.019934349697899E+00  1.019864796802223E+00  1.019795325408218E+00
  1.019606271089462E+00  1.019538001369971E+00  1.019469812064906E+00
  1.019280792968700E+00  1.019213786701189E+00  1.019146859798071E+00
  1.018957902242537E+00  1.018892139756869E+00  1.018826455615405E+00
  1.018637583039314E+00  1.018573044852186E+00  1.018508584002418E+00
  1.018319815894116E+00  1.018256482845727E+00  1.018193226131719E+00
  1.018004577431730E+00  1.017942430706991E+00  1.017880359324544E+00
  1.017691841143726E+00  1.017630862173226E+00  1.017569957578415E+00
  1.017381578664050E+00  1.017321749036388E+00  1.017261992847375E+00
  1.017073760325172E+00  1.017015061825988E+00  1.016956435846888E+00
  1.016768354650699E+00  1.016710769378779E+00  1.016653255715720E+00
  1.016465327788349E+00  1.016408838197731E+00  1.016352419315679E+00
  1.016164643918987E+00  1.016109232736909E+00  1.016053891386883E+00
  1.015866266320686E+00  1.015811916459224E+00  1.015757635581175E+00
  1.015570157862554E+00  1.015516852446908E+00  1.015463615183567E+00
  1.015276280487887E+00  1.015224002960806E+00  1.015171792761928E+00
  1.014984594623903E+00  1.014933328780918E+00  1.014882129452560E+00
  1.014695059518511E+00  1.014644789426376E+00  1.014594585057897E+00
  1.014407634187597E+00  1.014358344100080E+00  1.014309118971253E+00
  1.014122277804850E+00  1.014073952190833E+00  1.014025690786369E+00
  1.013838949149757E+00  1.013791572790427E+00  1.013744259897565E+00
  1.013557606029466E+00  1.013511164046278E+00  1.013464784796283E+00
  1.013278205594744E+00  1.013232683368120E+00  1.013187223162674E+00
  1.013000705198569E+00  1.012956088288934E+00  1.012911532712501E+00
  1.012725062686314E+00  1.012681336863193E+00  1.012637671699417E+00
  1.012451235804628E+00  1.012408387137778E+00  1.012365598461496E+00
  1.012179181642596E+00  1.012137196524304E+00  1.012095270736791E+00
  1.011908856971697E+00  1.011867722036914E+00  1.011826645792921E+00
  1.011640219107611E+00  1.011599921159828E+00  1.011559681284962E+00
  1.011373226187540E+00  1.011333752227828E+00  1.011294335735766E+00
  1.011107836510968E+00  1.011069173823803E+00  1.011030568003293E+00
  1.010844007782185E+00  1.010806143955409E+00  1.010768336402470E+00
  1.010581697162532E+00  1.010544620012419E+00  1.010507598561614E+00
  1.010320862030424E+00  1.010284559532634E+00  1.010248312179869E+00
  1.010061460689806E+00  1.010025921004254E+00  1.009990435920720E+00
  1.009803452684480E+00  1.009768664229690E+00  1.009733929837564E+00
  1.009546798927866E+00  1.009512750394677E+00  1.009478755392266E+00
  1.009291461479517E+00  1.009258141763699E+00  1.009224875063627E+00
  1.009037402079457E+00  1.009004800229118E+00  1.008972250897989E+00
  1.008784579102779E+00  1.008752684356555E+00  1.008720841643054E+00
  1.008532944701229E+00  1.008501746565353E+00  1.008470599978752E+00
  1.008282445574551E+00  1.008251933828188E+00  1.008221473154396E+00
  1.008033029719437E+00  1.008003194329018E+00  1.007973409550046E+00
  1.007784657449571E+00  1.007755488490817E+00  1.007726369699530E+00
  1.007537310147969E+00  1.007508797822499E+00  1.007480335229717E+00
  1.007290987080391E+00  1.007263121792774E+00  1.007235305805555E+00
  1.007045680166986E+00  1.007018452561657E+00  1.006991273830462E+00
  1.006801318614172E+00  1.006774719541514E+00  1.006748168931509E+00
  1.006557680037681E+00  1.006531700502112E+00  1.006505769030459E+00
  3.791110793818455E+01  3.791449068995116E+01  3.791643345302339E+01
  3.879379405765146E+01  3.878239684926651E+01  3.876954235687602E+01
  3.922111009719873E+01  3.920125857414387E+01  3.917994911270693E+01
  3.922111009719873E+01  3.920125857414387E+01  3.917994911270693E+01
  3.879379405765146E+01  3.878239684926651E+01  3.876954235687602E+01
  3.791110793818455E+01  3.791449068995116E+01  3.791643345302339E+01
  3.652535923615962E+01  3.654597016858607E+01  3.656519445604570E+01
  3.458532551804905E+01  3.462100961276364E+01  3.465540506411394E+01
  3.206912974046226E+01  3.211401547453985E+01  3.215775016768192E+01
  2.903551010255903E+01  2.908231162575655E+01  2.912812792325377E+01
  2.565789811000832E+01  2.570044933286658E+01  2.574219713870269E+01
  2.219659397027800E+01  2.223133071664393E+01  2.226544965000161E+01
  1.891561453071876E+01  1.894165046674627E+01  1.896724600817948E+01
  1.600020500596879E+01  1.601852640510329E+01  1.603656449053859E+01
  1.352468399473607E+01  1.353713363903409E+01  1.354942568096710E+01
  1.147568870933089E+01  1.148416093099804E+01  1.149256479338025E+01
  9.798023323935528E+00  9.804032141686587E+00  9.810028823060749E+00
  8.428618258864962E+00  8.433193621819793E+00  8.437788555228327E+00
  7.309323176383716E+00  7.313087573451579E+00  7.316887152575242E+00
  6.388939011467201E+00  6.392236383900270E+00  6.395574593670666E+00
  5.624352161999492E+00  5.627361378909804E+00  5.630411165147069E+00
  4.981874963156538E+00  4.984684178585166E+00  4.987530321885097E+00
  4.436771648588152E+00  4.439417906286101E+00  4.442095677297766E+00
  3.971127244517214E+00  3.973617696215446E+00  3.976133552116391E+00
  3.571600300275445E+00  3.573926945228527E+00  3.576272959611635E+00
  3.227862364036371E+00  3.230013290454520E+00  3.232178120916208E+00
  2.931647236778911E+00  2.933613616607075E+00  2.935589243076874E+00
  2.676156412838563E+00  2.677935317075014E+00  2.679719667429409E+00
  2.455676017493361E+00  2.457270446989578E+00  2.458867321532819E+00
  2.265331576903464E+00  2.266749243354266E+00  2.268167051174485E+00
  2.100930285518567E+00  2.102182106593862E+00  2.103432349733523E+00
  1.958854460739315E+00  1.959953197467561E+00  1.961049112926850E+00
  1.835982857997384E+00  1.836942035216572E+00  1.837897526662927E+00
  1.729626917445122E+00  1.730460042980712E+00  1.731288913596346E+00
  1.637475718362518E+00  1.638195764021406E+00  1.638911211449895E+00
  1.557546956640765E+00  1.558166046275938E+00  1.558780363807244E+00
  1.488142897916512E+00  1.488672148125923E+00  1.489196577096533E+00
  1.427810940517049E+00  1.428260407568118E+00  1.428705094284207E+00
  1.375308633570044E+00  1.375687329934838E+00  1.376061350433662E+00
  1.329572988514542E+00  1.329888941524497E+00  1.330200366777616E+00
  1.289693840939464E+00  1.289954173838612E+00  1.290210155881120E+00
  1.254890938802444E+00  1.255101960767657E+00  1.255308826578548E+00
  1.224494381218395E+00  1.224661677759556E+00  1.224825022564430E+00
  1.197928012690566E+00  1.198056531379520E+00  1.198181306552578E+00
  1.174695384290975E+00  1.174789513205054E+00  1.174880106340218E+00
  1.154367917169982E+00  1.154431555013926E+00  1.154491861268526E+00
  1.136574937339911E+00  1.136611555162093E+00  1.136645039891456E+00
  1.120995288418680E+00  1.121007983365056E+00  1.121017736566077E+00
  1.107350267292952E+00  1.107341809101638E+00  1.107330592423546E+00
  1.095397664231412E+00  1.095370535271986E+00  1.095340822440393E+00
  1.084926722574344E+00  1.084883152248406E+00  1.084837163751629E+00
  1.075753863112569E+00  1.075695857396342E+00  1.075635590239816E+00
  1.067719044441938E+00  1.067648411290140E+00  1.067575664557306E+00
  1.060682653013971E+00  1.060601024269788E+00  1.060517421148521E+00
  1.054522835548684E+00  1.054431685925288E+00  1.054338692775823E+00
  1.049133202274575E+00  1.049033865894945E+00  1.048932808853641E+00
  1.044420842495072E+00  1.044314527402709E+00  1.044206606939783E+00
  1.040304604635350E+00  1.040192405621296E+00  1.040078709402046E+00
  1.036713601564140E+00  1.036596511596807E+00  1.036478025935895E+00
  1.033585908946926E+00  1.033464829440699E+00  1.033342449587805E+00
  1.030867429967284E+00  1.030743180083229E+00  1.030617719535230E+00
  1.028510904210109E+00  1.028384229346434E+00  1.028256428345108E+00
  1.026475042053857E+00  1.026346621653820E+00  1.026217154997767E+00
  1.024723768752139E+00  1.024594223531695E+00  1.024463707805394E+00
  1.023225564648812E+00  1.023095463324097E+00  1.022964463624466E+00
  1.021952889786416E+00  1.021822755361034E+00  1.021691791581331E+00
  1.020881682631277E+00  1.020751998284045E+00  1.020621550995236E+00
  1.019990923824410E+00  1.019862138418767E+00  1.019732654368542E+00
  1.019262256832500E+00  1.019134790048245E+00  1.019006687276844E+00
  1.018679658161087E+00  1.018553905226899E+00  1.018427577776170E+00
  1.018229150436173E+00  1.018105486417137E+00  1.017981308584505E+00
  1.017898552188365E+00  1.017777335756634E+00  1.017655665819160E+00
  1.017677258609506E+00  1.017558835199104E+00  1.017440018505378E+00
  1.017556047921315E+00  1.017440752141486E+00  1.017325123442520E+00
  1.017526908327309E+00  1.017415065485459E+00  1.017302950352731E+00
  1.017582880848684E+00  1.017474807417657E+00  1.017366522581094E+00
  1.017717913714847E+00  1.017613916575050E+00  1.017509769011129E+00
  1.017926724439154E+00  1.017827098739783E+00  1.017727383356051E+00
  1.018204666312267E+00  1.018109691833573E+00  1.018014687636711E+00
  1.018547596834795E+00  1.018457532799736E+00  1.018367497504367E+00
  1.018951746612906E+00  1.018866824993407E+00  1.018781988129465E+00
  1.019413588445154E+00  1.019334005932252E+00  1.019254560635957E+00
  1.019929707674457E+00  1.019855616623073E+00  1.019781710439720E+00
  1.020496676246322E+00  1.020428175047484E+00  1.020359900215850E+00
  1.021110934131917E+00  1.021048057585744E+00  1.020985441391069E+00
  1.021768682642255E+00  1.021711392979674E+00  1.021654388830722E+00
  1.022465794488839E+00  1.022413973697846E+00  1.022362453582986E+00
  1.023197745105342E+00  1.023151189146294E+00  1.023104938042802E+00
  1.023959568703941E+00  1.023917984048789E+00  1.023876696701375E+00
  1.024745840892974E+00  1.024708843611674E+00  1.024672123878356E+00
  1.025550687646179E+00  1.025517805019681E+00  1.025485167737370E+00
  1.026367818296527E+00  1.026338492699639E+00  1.026309367789032E+00
  1.027190578381334E+00  1.027164172994543E+00  1.027137911348849E+00
  1.028012016934348E+00  1.027987822754518E+00  1.027963703382400E+00
  1.028824962498206E+00  1.028802206161469E+00  1.028779444118050E+00
  1.029622102926387E+00  1.029599955058463E+00  1.029577709923330E+00
  1.030396066037086E+00  1.030373650210576E+00  1.030351035257763E+00
  1.031139501247971E+00  1.031115904117630E+00  1.031091996826689E+00
  1.031845166019173E+00  1.031819449730406E+00  1.031793304804594E+00
  1.032506024410162E+00  1.032477242770015E+00  1.032447909184255E+00
  1.033115367072561E+00  1.033082587024235E+00  1.033049130605552E+00
  1.033666961173757E+00  1.033629290625464E+00  1.033590823081491E+00
  1.034155234061220E+00  1.034111855996110E+00  1.034067570086316E+00
  1.034575485917535E+00  1.034525697063807E+00  1.034474905900524E+00
  1.034924115661889E+00  1.034867366181841E+00  1.034809542840723E+00
  1.035198833777973E+00  1.035134762972381E+00  1.035069575232458E+00
  1.035398829136850E+00  1.035327291603461E+00  1.035254626258106E+00
  1.035524857231849E+00  1.035445934614664E+00  1.035365906700779E+00
  1.035579225719859E+00  1.035493221125464E+00  1.035406165530862E+00
  1.035565668398432E+00  1.035473083319861E+00  1.035379529073874E+00
  1.035489117089999E+00  1.035390613569836E+00  1.035291243975023E+00
  1.035355397617168E+00  1.035251750660136E+00  1.035147354558106E+00
  1.035170886948616E+00  1.035062933329975E+00  1.034954353730597E+00
  1.034942171410416E+00  1.034830760860415E+00  1.034718846803235E+00
  1.034675740815837E+00  1.034561694310911E+00  1.034447260440963E+00
  1.034377742789271E+00  1.034261820817654E+00  1.034145617239914E+00
  1.034053808807477E+00  1.033936690529608E+00  1.033819383581580E+00
  1.033708951741250E+00  1.033591224354304E+00  1.033473387398734E+00
  1.033347526068455E+00  1.033229682634088E+00  1.033111795014787E+00
  1.032973237165546E+00  1.032855680700272E+00  1.032738132625489E+00
  1.032589184735939E+00  1.032472236383630E+00  1.032355337578752E+00
  1.032197926508720E+00  1.032081835931302E+00  1.031965826251888E+00
  1.031801550867492E+00  1.031686507411599E+00  1.031571568043961E+00
  1.031401750316274E+00  1.031287893904303E+00  1.031174158171830E+00
  1.030999890971215E+00  1.030887321992551E+00  1.030774885099328E+00
  1.030597075708202E+00  1.030485863512220E+00  1.030374790854584E+00
  1.030194199439369E+00  1.030084389409288E+00  1.029974723437601E+00
  1.029791994494541E+00  1.029683614018110E+00  1.029575379966637E+00
  1.029391064060327E+00  1.029284127763202E+00  1.029177338649392E+00
  1.028991904318620E+00  1.028886418519804E+00  1.028781079448243E+00
  1.028594921248050E+00  1.028490886977278E+00  1.028386998151250E+00
  1.028200451744782E+00  1.028097865530048E+00  1.027995423139861E+00
  1.027808794601189E+00  1.027707647218283E+00  1.027606642220191E+00
  1.027420243321135E+00  1.027320518522754E+00  1.027220935108865E+00
  1.027035097994548E+00  1.026936774451266E+00  1.026838591394880E+00
  1.026653632564456E+00  1.026556691150989E+00  1.026459888431191E+00
  1.026276016070232E+00  1.026180450974872E+00  1.026085020648387E+00
  1.025902222639901E+00  1.025808050721674E+00  1.025714006823096E+00
  1.025531988581037E+00  1.025439250344164E+00  1.025346631049702E+00
  1.025164861164019E+00  1.025073610480962E+00  1.024982469014698E+00
  1.024800333311479E+00  1.024710619736743E+00  1.024621007100166E+00
  1.024438003197988E+00  1.024349855690418E+00  1.024261803726919E+00
  1.024077678658085E+00  1.023991098880378E+00  1.023904612248097E+00
  1.023719379721598E+00  1.023634347081787E+00  1.023549407125094E+00
  1.023363254933237E+00  1.023279738575790E+00  1.023196314941749E+00
  1.023009473080895E+00  1.022927443062449E+00  1.022845505325661E+00
  1.022658151588514E+00  1.022577583973593E+00  1.022497107506902E+00
  1.022309344101880E+00  1.022230219900924E+00  1.022151185350056E+00
  1.021963067629073E+00  1.021885369148329E+00  1.021807758856721E+00
  1.021619333889876E+00  1.021543042104590E+00  1.021466837263174E+00
  1.021278162798595E+00  1.021203257001185E+00  1.021128437067682E+00
  1.020939578454227E+00  1.020866037268916E+00  1.020792580907914E+00
  1.020603599872637E+00  1.020531402241791E+00  1.020459288361555E+00
  1.020270236022611E+00  1.020199361529601E+00  1.020128569677478E+00
  1.019939486542798E+00  1.019869915239609E+00  1.019800425463885E+00
  1.019611344862110E+00  1.019543056993339E+00  1.019474849564446E+00
  1.019285800786835E+00  1.019218776635837E+00  1.019151831874331E+00
  1.018962841567829E+00  1.018897061470789E+00  1.018831359742697E+00
  1.018642451648200E+00  1.018577896127019E+00  1.018513417967581E+00
  1.018324611850816E+00  1.018261261749925E+00  1.018197988007436E+00
  1.018009299063030E+00  1.017947135570749E+00  1.017885047444407E+00
  1.017696487015616E+00  1.017635491565192E+00  1.017574570513727E+00
  1.017386147560527E+00  1.017326301742493E+00  1.017266529386005E+00
  1.017078251229160E+00  1.017019536830406E+00  1.016960894974267E+00
  1.016772766726554E+00  1.016715165846527E+00  1.016657636597525E+00
  1.016469660365400E+00  1.016413155458313E+00  1.016356721281588E+00
  1.016168896476134E+00  1.016113470268970E+00  1.016058113915290E+00
  1.015870438472428E+00  1.015816073876582E+00  1.015761778285223E+00
  1.015574249346538E+00  1.015520929486115E+00  1.015467677798719E+00
  1.015280291153494E+00  1.015227999469798E+00  1.015175775134679E+00
  1.014988524421374E+00  1.014937244708226E+00  1.014886031529735E+00
  1.014698908488706E+00  1.014648624810923E+00  1.014598406876480E+00
  1.014411402452765E+00  1.014362099061929E+00  1.014312860649132E+00
  1.014125965560517E+00  1.014077626923077E+00  1.014029352514215E+00
  1.013842556657280E+00  1.013795167551799E+00  1.013747841931489E+00
  1.013561133608832E+00  1.013514679154014E+00  1.013468287450771E+00
  1.013281653617715E+00  1.013236119191128E+00  1.013190646803783E+00
  1.013004074082577E+00  1.012959445241660E+00  1.012914877751700E+00
  1.012728352889210E+00  1.012684615400361E+00  1.012640938588314E+00
  1.012454447819844E+00  1.012411587749602E+00  1.012368787687089E+00
  1.012182315994370E+00  1.012140319731766E+00  1.012098382816807E+00
  1.011911914210456E+00  1.011870768387161E+00  1.011829681271230E+00
  1.011643199805966E+00  1.011602891222132E+00  1.011562640727507E+00
  1.011376130936939E+00  1.011336646590230E+00  1.011297219727189E+00
  1.011110665918622E+00  1.011071993090075E+00  1.011033377143931E+00
  1.010846762467862E+00  1.010808888741901E+00  1.010771071305256E+00
  1.010584377755364E+00  1.010547290944871E+00  1.010510259848898E+00
  1.010323469166172E+00  1.010287157243404E+00  1.010250900480617E+00
  1.010063995008780E+00  1.010028446130228E+00  1.009992951868400E+00
  1.009805914829810E+00  1.009771117410580E+00  1.009736374068473E+00
  1.009549189543736E+00  1.009515132271303E+00  1.009481128543860E+00
  1.009293781209277E+00  1.009260452976104E+00  1.009227177772644E+00
  1.009039651563693E+00  1.009007041414602E+00  1.008974483798454E+00
  1.008786758977203E+00  1.008754856147553E+00  1.008723005364131E+00
  1.008535055594239E+00  1.008503849587024E+00  1.008472695142365E+00
  1.008284488104850E+00  1.008253968696077E+00  1.008223500372928E+00
  1.008035004494883E+00  1.008005161647895E+00  1.007975369425187E+00
  1.007786565068361E+00  1.007757388855832E+00  1.007728262823385E+00
  1.007539151201887E+00  1.007510631822399E+00  1.007482162188008E+00
  1.007292762157683E+00  1.007264890012817E+00  1.007237067180550E+00
  1.007047389850305E+00  1.007020155581591E+00  1.006992970199006E+00
  1.006802963466566E+00  1.006776357921580E+00  1.006749800851039E+00
  1.006559260565931E+00  1.006533274746400E+00  1.006507337002377E+00
  3.860171817854782E+01  3.860545700397970E+01  3.860774834655491E+01
  3.951060088030736E+01  3.949935009431735E+01  3.948663415958090E+01
  3.995105710157772E+01  3.993123274636041E+01  3.990994231033743E+01
  3.995105710157772E+01  3.993123274636041E+01  3.990994231033743E+01
  3.951060088030736E+01  3.949935009431735E+01  3.948663415958090E+01
  3.860171817854782E+01  3.860545700397970E+01  3.860774834655491E+01
  3.717710599363048E+01  3.719831775364040E+01  3.721813555572837E+01
  3.518649022477043E+01  3.522298233611085E+01  3.525817807339011E+01
  3.260971620020396E+01  3.265551194403355E+01  3.270014766408710E+01
  2.950834619934665E+01  2.955602627328049E+01  2.960271072218395E+01
  2.605997600362577E+01  2.610327015836679E+01  2.614575022155175E+01
  2.252983972470984E+01  2.256514126029346E+01  2.259981572081286E+01
  1.918627254722501E+01  1.921270445989358E+01  1.923868916742866E+01
  1.621709834500743E+01  1.623568117252159E+01  1.625397639926481E+01
  1.369731101978996E+01  1.370992663052810E+01  1.372238237418543E+01
  1.161285754787661E+01  1.162143424965502E+01  1.162994170258512E+01
  9.907200630220533E+00  9.913277630352612E+00  9.919342417583932E+00
  8.515823061063420E+00  8.520446652895236E+00  8.525090148600091E+00
  7.379285189600811E+00  7.383087151100272E+00  7.386924779551195E+00
  6.445323168962114E+00  6.448652004539610E+00  6.452022164366613E+00
  5.669978850029435E+00  5.673015372447312E+00  5.676092882503822E+00
  5.018919735327884E+00  5.021752875937113E+00  5.024623273707470E+00
  4.466930582830761E+00  4.469597737866482E+00  4.472296651220415E+00
  3.995739937120427E+00  3.998248475852509E+00  4.000782593861422E+00
  3.591735891527149E+00  3.594078006079125E+00  3.596439611675072E+00
  3.244379906754283E+00  3.246543901988635E+00  3.248721884258154E+00
  2.945239575148578E+00  2.947216873714850E+00  2.949203474754678E+00
  2.687383161140491E+00  2.689171103899357E+00  2.690964529480033E+00
  2.464989032568232E+00  2.466590888024926E+00  2.468195211631451E+00
  2.273095122433579E+00  2.274518852316353E+00  2.275942737091988E+00
  2.107437321622247E+00  2.108694068855850E+00  2.109949245218350E+00
  1.964339989211913E+00  1.965442713519906E+00  1.966542619608208E+00
  1.840634938908736E+00  1.841597337735264E+00  1.842556051638202E+00
  1.733595780695547E+00  1.734431509484244E+00  1.735262983226977E+00
  1.640881278938624E+00  1.641603433486487E+00  1.642320989428036E+00
  1.560484976104855E+00  1.561105782378912E+00  1.561721816282123E+00
  1.490689996664752E+00  1.491220653748390E+00  1.491746489564268E+00
  1.430028640746194E+00  1.430479270402161E+00  1.430925119941202E+00
  1.377246592815332E+00  1.377626258802220E+00  1.378001249348142E+00
  1.331271564446589E+00  1.331588333837970E+00  1.331900576052295E+00
  1.291186109364380E+00  1.291447135969243E+00  1.291703812402269E+00
  1.256204269076959E+00  1.256415885452088E+00  1.256623346418922E+00
  1.225651657092242E+00  1.225819466561725E+00  1.225983325064405E+00
  1.198948572118063E+00  1.199077535794282E+00  1.199202756715793E+00
  1.175595738984775E+00  1.175690255234457E+00  1.175781236432830E+00
  1.155162301499079E+00  1.155226276870688E+00  1.155286921328588E+00
  1.137275726504215E+00  1.137312638074201E+00  1.137346417163395E+00
  1.121613317583765E+00  1.121626267197110E+00  1.121636275607792E+00
  1.107895076456697E+00  1.107886837590481E+00  1.107875840709664E+00
  1.095877687911798E+00  1.095850745988018E+00  1.095821220595606E+00
  1.085349438820982E+00  1.085306025804831E+00  1.085260194956267E+00
  1.076125912704167E+00  1.076068036785723E+00  1.076007899704394E+00
  1.068046328286872E+00  1.067975799379950E+00  1.067903157112234E+00
  1.060970413580679E+00  1.060888865295339E+00  1.060805342799009E+00
  1.054775726491625E+00  1.054684635154861E+00  1.054591700405797E+00
  1.049355349183228E+00  1.049256050401447E+00  1.049155031019801E+00
  1.044615896787634E+00  1.044509599968621E+00  1.044401697787659E+00
  1.040475791970635E+00  1.040363593154229E+00  1.040249897085117E+00
  1.036863765693139E+00  1.036746658979907E+00  1.036628156464824E+00
  1.033717551619744E+00  1.033596439435710E+00  1.033474026729657E+00
  1.030982747312108E+00  1.030858449704380E+00  1.030732941182351E+00
  1.028611819877567E+00  1.028485082999616E+00  1.028357219649249E+00
  1.026563237349021E+00  1.026434741264157E+00  1.026305198493375E+00
  1.024800709939996E+00  1.024671075845970E+00  1.024540470709202E+00
  1.023292527604519E+00  1.023162324559927E+00  1.023031222483850E+00
  1.022010982160082E+00  1.021880733373070E+00  1.021749654442265E+00
  1.020931863702267E+00  1.020802052422782E+00  1.020671477266021E+00
  1.020034022228178E+00  1.019905097265611E+00  1.019775472563623E+00
  1.019298986351267E+00  1.019171367218875E+00  1.019043110833489E+00
  1.018710631776755E+00  1.018584713442116E+00  1.018458219144018E+00
  1.018254892848802E+00  1.018131050045356E+00  1.018006691792977E+00
  1.017919511005708E+00  1.017798102034330E+00  1.017676237729834E+00
  1.017693814412004E+00  1.017575184334233E+00  1.017456158955004E+00
  1.017568523401793E+00  1.017453006499505E+00  1.017337154476556E+00
  1.017535576694404E+00  1.017423498046790E+00  1.017311144738062E+00
  1.017587973666644E+00  1.017479649678353E+00  1.017371111768651E+00
  1.017719628328239E+00  1.017615366037288E+00  1.017510950693025E+00
  1.017925231098051E+00  1.017825326104707E+00  1.017725328726508E+00
  1.018200115071114E+00  1.018104847965315E+00  1.018009548421097E+00
  1.018540124246962E+00  1.018449755477127E+00  1.018359412767161E+00
  1.018941482185609E+00  1.018856245407682E+00  1.018771090813030E+00
  1.019400660760504E+00  1.019320754830031E+00  1.019240983722860E+00
  1.019914250028983E+00  1.019839829941166E+00  1.019765592579484E+00
  1.020478831621295E+00  1.020409998847803E+00  1.020341390620589E+00
  1.021090859288256E+00  1.021027652082757E+00  1.020964703791454E+00
  1.021746551142739E+00  1.021688935465126E+00  1.021631604299399E+00
  1.022441798488899E+00  1.022389660209533E+00  1.022337822078171E+00
  1.023172095819399E+00  1.023125234796435E+00  1.023078678596562E+00
  1.023932495539469E+00  1.023890622014882E+00  1.023849046266371E+00
  1.024717589337980E+00  1.024680322886898E+00  1.024643334941574E+00
  1.025521516084453E+00  1.025488387107726E+00  1.025455504896120E+00
  1.026337993996398E+00  1.026308447507941E+00  1.026279103551129E+00
  1.027160372947969E+00  1.027133774220822E+00  1.027107321456307E+00
  1.027981701527187E+00  1.027957343068994E+00  1.027933061961311E+00
  1.028794803092600E+00  1.028771912460516E+00  1.028749018926552E+00
  1.029592355845205E+00  1.029570104008364E+00  1.029547757908808E+00
  1.030366973901190E+00  1.030344484220598E+00  1.030321798552553E+00
  1.031111289405821E+00  1.031087647792155E+00  1.031063699221520E+00
  1.031818039431370E+00  1.031792306767166E+00  1.031766148658575E+00
  1.032480164903756E+00  1.032451393215269E+00  1.032422072679186E+00
  1.033090930861642E+00  1.033058184784877E+00  1.033024765249292E+00
  1.033644076579954E+00  1.033606461183676E+00  1.033568051419289E+00
  1.034133999458956E+00  1.034090694370431E+00  1.034046483683736E+00
  1.034555968053869E+00  1.034506266187651E+00  1.034455563790040E+00
  1.034906348620705E+00  1.034849695985604E+00  1.034791970733074E+00
  1.035182818926289E+00  1.035118850511186E+00  1.035053765836663E+00
  1.035384536368144E+00  1.035313102533072E+00  1.035240540997515E+00
  1.035512227694106E+00  1.035433406174767E+00  1.035353478953524E+00
  1.035568176005426E+00  1.035482266568712E+00  1.035395305293462E+00
  1.035556095930520E+00  1.035463597482559E+00  1.035370128705598E+00
  1.035480906232602E+00  1.035382479082155E+00  1.035283184494239E+00
  1.035348425917932E+00  1.035244844193810E+00  1.035140511880013E+00
  1.035165030926064E+00  1.035057131302528E+00  1.034948604275892E+00
  1.034937311409891E+00  1.034825944143315E+00  1.034714072050147E+00
  1.034671764644388E+00  1.034557751682999E+00  1.034443350193793E+00
  1.034374548046370E+00  1.034258651111626E+00  1.034142471592276E+00
  1.034051304008084E+00  1.033934203592382E+00  1.033816913718175E+00
  1.033707056449844E+00  1.033589341054373E+00  1.033471515481740E+00
  1.033346170318429E+00  1.033228334194991E+00  1.033110453437303E+00
  1.032972360436953E+00  1.032854807630321E+00  1.032737262898438E+00
  1.032588734724752E+00  1.032471787227804E+00  1.032354889069390E+00
  1.032197857862907E+00  1.032081766011769E+00  1.031965754931477E+00
  1.031801824005500E+00  1.031686777664118E+00  1.031571835343633E+00
  1.031402330391958E+00  1.031288469867727E+00  1.031174729997335E+00
  1.031000747010167E+00  1.030888172971456E+00  1.030775731020018E+00
  1.030598179914202E+00  1.030486961908203E+00  1.030375883459221E+00
  1.030195526654333E+00  1.030085710202509E+00  1.029976037836983E+00
  1.029793521787996E+00  1.029685134374407E+00  1.029576893417766E+00
  1.029392770422248E+00  1.029285826740647E+00  1.029179030275169E+00
  1.028993770430353E+00  1.028888276849879E+00  1.028782930028369E+00
  1.028596929308963E+00  1.028492886898888E+00  1.028388989963182E+00
  1.028202585337089E+00  1.028099990659298E+00  1.027997539833222E+00
  1.027811038581453E+00  1.027709882442838E+00  1.027608868713787E+00
  1.027422583732333E+00  1.027322849915054E+00  1.027223257504923E+00
  1.027037521994934E+00  1.026939189197499E+00  1.026840996908006E+00
  1.026656128367578E+00  1.026559177491092E+00  1.026462365328201E+00
  1.026278572886546E+00  1.026182998144820E+00  1.026087558191098E+00
  1.025904830609313E+00  1.025810648887491E+00  1.025716595203712E+00
  1.025534638691064E+00  1.025441890521614E+00  1.025349261312069E+00
  1.025167545158803E+00  1.025076284444985E+00  1.024985132964342E+00
  1.024803043606179E+00  1.024713319934491E+00  1.024623697216182E+00
  1.024440732813776E+00  1.024352575173601E+00  1.024264513091761E+00
  1.024080421183682E+00  1.023993831264206E+00  1.023907334503868E+00
  1.023722129293899E+00  1.023637086524450E+00  1.023552136451689E+00
  1.023366006221594E+00  1.023282479763407E+00  1.023199046042302E+00
  1.023012221261918E+00  1.022930181185607E+00  1.022848233404778E+00
  1.022660892308154E+00  1.022580314691031E+00  1.022499828236015E+00
  1.022312073430852E+00  1.022232939295630E+00  1.022153894824311E+00
  1.021965782020444E+00  1.021888073684950E+00  1.021810453552285E+00
  1.021622030143902E+00  1.021545728593810E+00  1.021469514001150E+00
  1.021280838034411E+00  1.021205922571173E+00  1.021131092985288E+00
  1.020942230085188E+00  1.020868679340767E+00  1.020795213433986E+00
  1.020606225582789E+00  1.020534018506250E+00  1.020461895193525E+00
  1.020272833743777E+00  1.020201949924355E+00  1.020131148758880E+00
  1.019942054432911E+00  1.019872473927733E+00  1.019802974962918E+00
  1.019613881285429E+00  1.019545584343548E+00  1.019477367854271E+00
  1.019288304296132E+00  1.019221271204705E+00  1.019154317515319E+00
  1.018965310888343E+00  1.018899521986734E+00  1.018833811466446E+00
  1.018644885663009E+00  1.018580321475739E+00  1.018515834662406E+00
  1.018327009587308E+00  1.018263650960943E+00  1.018200368704989E+00
  1.018011659680261E+00  1.017949487804838E+00  1.017887391307178E+00
  1.017698809792595E+00  1.017637806102704E+00  1.017576876823408E+00
  1.017388431885591E+00  1.017328577972745E+00  1.017268797532894E+00
  1.017080496590406E+00  1.017021774242131E+00  1.016963124447738E+00
  1.016774972703067E+00  1.016717364019150E+00  1.016659826977343E+00
  1.016471826619004E+00  1.016415314053757E+00  1.016358872229772E+00
  1.016171022743667E+00  1.016115589023954E+00  1.016060225168441E+00
  1.015872524558739E+00  1.015818152595622E+00  1.015763849647530E+00
  1.015576295118248E+00  1.015522968035291E+00  1.015469709135724E+00
  1.015282296533264E+00  1.015229997771057E+00  1.015177766367616E+00
  1.014990489382463E+00  1.014939202733979E+00  1.014887982630167E+00
  1.014700833049831E+00  1.014650542578923E+00  1.014600317861198E+00
  1.014413286673482E+00  1.014363976630644E+00  1.014314731575521E+00
  1.014127809537142E+00  1.014079464387612E+00  1.014031183476173E+00
  1.013844360519169E+00  1.013796965040202E+00  1.013749633055758E+00
  1.013562897514758E+00  1.013516436823688E+00  1.013470038893384E+00
  1.013283377752444E+00  1.013237837225413E+00  1.013192358746658E+00
  1.013005758653797E+00  1.012961123846756E+00  1.012916550399552E+00
  1.012729998124908E+00  1.012686254802695E+00  1.012642572166014E+00
  1.012456053965872E+00  1.012413188193420E+00  1.012370382437279E+00
  1.012183883312053E+00  1.012141881476768E+00  1.012099938997562E+00
  1.011913442974286E+00  1.011872291706200E+00  1.011831199153766E+00
  1.011644690301581E+00  1.011604376399179E+00  1.011564120594135E+00
  1.011377583459454E+00  1.011338093918700E+00  1.011298661869624E+00
  1.011112080771084E+00  1.011073402871296E+00  1.011034781861787E+00
  1.010848139959648E+00  1.010810261283543E+00  1.010772438904495E+00
  1.010585718200572E+00  1.010548626559337E+00  1.010511590640230E+00
  1.010324772882257E+00  1.010288456246451E+00  1.010252194778104E+00
  1.010065262315508E+00  1.010029708839909E+00  1.009994209988389E+00
  1.009807146048392E+00  1.009772344146399E+00  1.009737596328760E+00
  1.009550384995941E+00  1.009516323353349E+00  1.009482315262853E+00
  1.009294941216488E+00  1.009261608724105E+00  1.009228329268421E+00
  1.009040776445935E+00  1.009008162146943E+00  1.008975600387762E+00
  1.008787849052092E+00  1.008755942180212E+00  1.008724087361314E+00
  1.008536111175765E+00  1.008504901232372E+00  1.008473742858176E+00
  1.008285509502200E+00  1.008254986261720E+00  1.008224514113394E+00
  1.008035992011876E+00  1.008006145436111E+00  1.007976349491042E+00
  1.007787519004051E+00  1.007758339164149E+00  1.007729209510638E+00
  1.007540071852158E+00  1.007511548945182E+00  1.007483075789508E+00
  1.007293649816681E+00  1.007265774242716E+00  1.007237947987453E+00
  1.007048244809621E+00  1.007021007208741E+00  1.006993818499990E+00
  1.006803786008607E+00  1.006777177226976E+00  1.006750616925686E+00
  1.006560050943508E+00  1.006534061981510E+00  1.006508121100818E+00
