  3.444391703679589E+00  3.438210743905664E+00  3.432027062639965E+00

  1.509272717103884E+00  1.509534256214624E+00  1.509796499440885E+00
  1.515225387253648E+00  1.515472902269386E+00  1.515721288895845E+00
  1.518286026166581E+00  1.518525846921464E+00  1.518766598430196E+00
  1.518286026166581E+00  1.518525846921464E+00  1.518766598430196E+00
  1.515225387253648E+00  1.515472902269386E+00  1.515721288895845E+00
  1.509272717103884E+00  1.509534256214624E+00  1.509796499440885E+00
  1.500727116263564E+00  1.501006346142818E+00  1.501285905233060E+00
  1.489940686715241E+00  1.490237253597937E+00  1.490533451186834E+00
  1.477221153006932E+00  1.477529420426452E+00  1.477836250070088E+00
  1.462761038929335E+00  1.463069901899952E+00  1.463376003890533E+00
  1.446637057099796E+00  1.446931942416424E+00  1.447222766651548E+00
  1.428879457763246E+00  1.429146152308002E+00  1.429407829245986E+00
  1.409558855773389E+00  1.409787162183873E+00  1.410010044314349E+00
  1.388831458151296E+00  1.389016789291059E+00  1.389196844304004E+00
  1.366928260089615E+00  1.367070788804130E+00  1.367208569216641E+00
  1.344114512306180E+00  1.344216821989396E+00  1.344315038926547E+00
  1.320649921681094E+00  1.320714616227831E+00  1.320775796968138E+00
  1.296765933893811E+00  1.296794393397692E+00  1.296819758960888E+00
  1.272663344215991E+00  1.272655926424656E+00  1.272645704958169E+00
  1.248523801725579E+00  1.248480887584169E+00  1.248435407365528E+00
  1.224523944987620E+00  1.224446945368964E+00  1.224367627559410E+00
  1.200842789095928E+00  1.200734568959161E+00  1.200624312591687E+00
  1.177659274707454E+00  1.177523959350817E+00  1.177386915701238E+00
  1.155143042597905E+00  1.154985481326371E+00  1.154826504786347E+00
  1.133443961766953E+00  1.133269155338282E+00  1.133093232662214E+00
  1.112684534582475E+00  1.112497204084599E+00  1.112309030537727E+00
  1.092956565337154E+00  1.092760902636776E+00  1.092564639010214E+00
  1.074321543440412E+00  1.074121108214040E+00  1.073920281797614E+00
  1.056813469959372E+00  1.056611180552770E+00  1.056408677840392E+00
  1.040442897493066E+00  1.040241072864884E+00  1.040039182344186E+00
  1.025201291179850E+00  1.025001716877122E+00  1.024802195593027E+00
  1.011065178982216E+00  1.010869182124939E+00  1.010673331240107E+00
  9.979998321102282E-01  9.978083572838263E-01  9.976170984796239E-01
  9.859623873473297E-01  9.857760686929439E-01  9.855900165713125E-01
  9.749044160318795E-01  9.747236425453463E-01  9.745431699709097E-01
  9.647739887812466E-01  9.645989610214343E-01  9.644242556223790E-01
  9.555173025811019E-01  9.553480800493634E-01  9.551791912179411E-01
  9.470799404952193E-01  9.469164798758181E-01  9.467533565545566E-01
  9.394078307182743E-01  9.392500158540981E-01  9.390925360617567E-01
  9.324479645039246E-01  9.322956293613607E-01  9.321436227609524E-01
  9.261489236780019E-01  9.260018696530047E-01  9.258551345321231E-01
  9.204612593206009E-01  9.203192681361014E-01  9.201775840471078E-01
  9.153377546760758E-01  9.152005979158806E-01  9.150637350086540E-01
  9.107335979804366E-01  9.106010440768317E-01  9.104687699273101E-01
  9.066064849171703E-01  9.064783042078113E-01  9.063503887467114E-01
  9.029166658070266E-01  9.027926341205931E-01  9.026688531144400E-01
  8.996269492202716E-01  8.995068503385057E-01  8.993869877662347E-01
  8.967026712149906E-01  8.965862984802565E-01  8.964701480718000E-01
  8.941116375969799E-01  8.939987948773862E-01  8.938861610241060E-01
  8.918240452548579E-01  8.917145474344554E-01  8.916052456367756E-01
  8.898123875954886E-01  8.897060607203315E-01  8.895999177011593E-01
  8.880513482896353E-01  8.879480294697598E-01  8.878448830516609E-01
  8.865176868730467E-01  8.864172240152762E-01  8.863169228345041E-01
  8.851901191943995E-01  8.850923706211076E-01  8.849947737321818E-01
  8.840491952319796E-01  8.839540292260130E-01  8.838590056359670E-01
  8.830771763954991E-01  8.829844707005277E-01  8.828918988613030E-01
  8.822579140735105E-01  8.821675553711577E-01  8.820773226509171E-01
  8.815767308697423E-01  8.814886142491023E-01  8.814006163976256E-01
  8.810203056866984E-01  8.809343341176042E-01  8.808484747367836E-01
  8.805765635581798E-01  8.804926473764070E-01  8.804088374037538E-01
  8.802345709024005E-01  8.801526273125917E-01  8.800707845233110E-01
  8.799844366634607E-01  8.799043892637313E-01  8.798244377951496E-01
  8.798172196306326E-01  8.797389979614370E-01  8.796608678622128E-01
  8.797248420717299E-01  8.796483811905115E-01  8.795720079960306E-01
  8.797000096878946E-01  8.796252497702249E-01  8.795505741047847E-01
  8.797361377911767E-01  8.796630237584439E-01  8.795899909641977E-01
  8.798272835215679E-01  8.797557646947635E-01  8.796843244868966E-01
  8.799680838549909E-01  8.798981136337261E-01  8.798282197809294E-01
  8.801536991059404E-01  8.800852346714951E-01  8.800168447004802E-01
  8.803797615958033E-01  8.803127636367520E-01  8.802458385593073E-01
  8.806423291384591E-01  8.805767615972298E-01  8.805112656581329E-01
  8.809378429860559E-01  8.808736728246510E-01  8.808095732686405E-01
  8.812630898782603E-01  8.812002868613045E-01  8.811375537172546E-01
  8.816151678456325E-01  8.815537043389116E-01  8.814923102193698E-01
  8.819914554307462E-01  8.819313062134728E-01  8.818712261277988E-01
  8.823895840076704E-01  8.823307260968631E-01  8.822719372763780E-01
  8.828074129005102E-01  8.827498253861341E-01  8.826923071199694E-01
  8.832430070239413E-01  8.831866709138563E-01  8.831304043946161E-01
  8.836946167925851E-01  8.836395148669336E-01  8.835844830459065E-01
  8.841606600712557E-01  8.841067767467552E-01  8.840529641992911E-01
  8.846397059646222E-01  8.845870271703842E-01  8.845344199732679E-01
  8.851304602726999E-01  8.850789733407617E-01  8.850275589650560E-01
  8.856317524682140E-01  8.855814460440351E-01  8.855312132690241E-01
  8.861425240835481E-01  8.860933880643802E-01  8.860443269210022E-01
  8.866618184291811E-01  8.866138439415339E-01  8.865659456971255E-01
  8.871887716023021E-01  8.871419510337180E-01  8.870952082339943E-01
  8.877226047838006E-01  8.876769318887541E-01  8.876313384776430E-01
  8.882626178627989E-01  8.882180879674964E-01  8.881736395104382E-01
  8.888081844684387E-01  8.887647948041051E-01  8.887214888451638E-01
  8.893587485242677E-01  8.893164987222514E-01  8.892743353088528E-01
  8.899138224643500E-01  8.898727152475916E-01  8.898316976573621E-01
  8.904729872511525E-01  8.904330293530941E-01  8.903931650528151E-01
  8.910358942978085E-01  8.909970976286224E-01  8.909583994825460E-01
  8.916022692998321E-01  8.915646523568543E-01  8.915271400763085E-01
  8.921719177963381E-01  8.921355072758781E-01  8.920992090592085E-01
  8.927447319776020E-01  8.927095644841206E-01  8.926745187310411E-01
  8.933206978112969E-01  8.932868214754096E-01  8.932530783716731E-01
  8.938999009816688E-01  8.938673766959857E-01  8.938349993600020E-01
  8.944825294921700E-01  8.944514313715701E-01  8.944204961544765E-01
  8.950688702316286E-01  8.950392848354215E-01  8.950098803057367E-01
  8.956592965940559E-01  8.956313204563771E-01  8.956035446255214E-01
  8.962542446606635E-01  8.962279798056576E-01  8.962019353027622E-01
  8.968541767160582E-01  8.968297241068922E-01  8.968055113060710E-01
  8.974595329892719E-01  8.974369842526143E-01  8.974146927630217E-01
  8.980706751807005E-01  8.980501033862214E-01  8.980298027520214E-01
  8.986878279440635E-01  8.986692785861192E-01  8.986510093900971E-01
  8.993110262587255E-01  8.992945097621993E-01  8.992782764631223E-01
  8.999400768688650E-01  8.999255638394146E-01  8.999113305252073E-01
  9.005745403751221E-01  9.005619604286744E-01  9.005496502415959E-01
  9.012137373774689E-01  9.012029817955377E-01  9.011924801754820E-01
  9.018567780310528E-01  9.018477058432853E-01  9.018388670938192E-01
  9.025026105077565E-01  9.024950570631881E-01  9.024877132322643E-01
  9.031500811012919E-01  9.031438678790314E-01  9.031378386768890E-01
  9.037979976404749E-01  9.037929420174460E-01  9.037880445034826E-01
  9.044451885263172E-01  9.044411124309070E-01  9.044371694444281E-01
  9.050905516593785E-01  9.050872884033845E-01  9.050841350918643E-01
  9.057330900913023E-01  9.057304890768331E-01  9.057279772781510E-01
  9.063719337340992E-01  9.063698630830108E-01  9.063678636558585E-01
  9.070063484026524E-01  9.070046957991318E-01  9.070030992205983E-01
  9.076357346374057E-01  9.076344067973656E-01  9.076331224524185E-01
  9.082596191885903E-01  9.082585403917879E-01  9.082574949886613E-01
  9.088776419251462E-01  9.088767520010976E-01  9.088758874941847E-01
  9.094895404900609E-01  9.094887925707409E-01  9.094880638915274E-01
  9.100951344587903E-01  9.100944927254666E-01  9.100938655365125E-01
  9.106943102036948E-01  9.106937477774335E-01  9.106931963883175E-01
  9.112870071963116E-01  9.112865042584807E-01  9.112860097816966E-01
  9.118732061149903E-01  9.118727482967230E-01  9.118722970764005E-01
  9.124529188650232E-01  9.124524959115170E-01  9.124520782266980E-01
  9.130261804462741E-01  9.130257851404403E-01  9.130253941648371E-01
  9.135930425003003E-01  9.135926698180220E-01  9.135923008070880E-01
  9.141535683162323E-01  9.141532147799708E-01  9.141528644514303E-01
  9.147078290568397E-01  9.147074922534635E-01  9.147071583271427E-01
  9.152559009715663E-01  9.152555792022310E-01  9.152552600673626E-01
  9.157978633847466E-01  9.157975554179378E-01  9.157972498996383E-01
  9.163337972786345E-01  9.163335021811708E-01  9.163332093815827E-01
  9.168637843263346E-01  9.168635013509144E-01  9.168632205442782E-01
  9.173879062619902E-01  9.173876347739220E-01  9.173873653387690E-01
  9.179062444987846E-01  9.179059839289657E-01  9.179057253048852E-01
  9.184188799186626E-01  9.184186297342971E-01  9.184183813950457E-01
  9.189258927662735E-01  9.189256524544084E-01  9.189254138927107E-01
  9.194273625911032E-01  9.194271316520322E-01  9.194269023734633E-01
  9.199233682006813E-01  9.199231461485660E-01  9.199229256722545E-01
  9.204139876107719E-01  9.204137739783218E-01  9.204135618416335E-01
  9.208992979968330E-01  9.208990923407401E-01  9.208988881047976E-01
  9.213793756576347E-01  9.213791775623359E-01  9.213789808159313E-01
  9.218542959970210E-01  9.218541050759363E-01  9.218539154368813E-01
  9.223241335201494E-01  9.223239494149430E-01  9.223237665293322E-01
  9.227889618350038E-01  9.227887842139681E-01  9.227886077544680E-01
  9.232488536509043E-01  9.232486822072895E-01  9.232485118713407E-01
  9.237038807713887E-01  9.237037152219010E-01  9.237035507301247E-01
  9.241541140835871E-01  9.241539541668938E-01  9.241537952615598E-01
  9.245996235476494E-01  9.245994690227126E-01  9.245993154660757E-01
  9.250404781884622E-01  9.250403288326985E-01  9.250401804051747E-01
  9.254767460899136E-01  9.254766016973108E-01  9.254764581956099E-01
  9.259084943911103E-01  9.259083547704381E-01  9.259082160057877E-01
  9.263357892841100E-01  9.263356542572955E-01  9.263355200538336E-01
  9.267586960130486E-01  9.267585654137326E-01  9.267584356070818E-01
  9.271772788748128E-01  9.271771525470662E-01  9.271770269830739E-01
  9.275916012213761E-01  9.275914790185549E-01  9.275913575521717E-01
  9.280017254638321E-01  9.280016072475513E-01  9.280014897418288E-01
  9.284077130779567E-01  9.284075987171848E-01  9.284074850423895E-01
  9.288096246110388E-01  9.288095139813178E-01  9.288094040141666E-01
  9.292075196896895E-01  9.292074126724769E-01  9.292073062954933E-01
  9.296014570285527E-01  9.296013535106606E-01  9.296012506116289E-01
  9.299914944398813E-01  9.299913943129871E-01  9.299912947844752E-01
  9.303776888439401E-01  9.303775920041535E-01  9.303774957430928E-01
  9.307600962800718E-01  9.307600026275662E-01  9.307599095348899E-01
  9.311387719182124E-01  9.311386813569174E-01  9.311385913372601E-01
  9.315137700707422E-01  9.315136825080842E-01  9.315135954695297E-01
  9.318851442047131E-01  9.318850595513847E-01  9.318849754052417E-01
  9.322529469544630E-01  9.322528651242156E-01  9.322527837848160E-01
  9.326172301344241E-01  9.326171510438903E-01  9.326170724284144E-01
  9.329780447520950E-01  9.329779683206421E-01  9.329778923489748E-01
  9.333354410210497E-01  9.333353671706525E-01  9.333352937652600E-01
  9.336894683740690E-01  9.336893970291905E-01  9.336893261150047E-01
  9.340401754764122E-01  9.340401065638901E-01  9.340400380681969E-01
  9.343876102391045E-01  9.343875436880528E-01  9.343874775403949E-01
  9.347318198321817E-01  9.347317555739101E-01  9.347316917060076E-01
  9.350728506978386E-01  9.350727886657819E-01  9.350727270114627E-01
  9.354107485635930E-01  9.354106886932391E-01  9.354106291883697E-01
  9.357455584554261E-01  9.357455006842429E-01  9.357454432666565E-01
  9.360773247108870E-01  9.360772689782566E-01  9.360772135876875E-01
  9.364060909920638E-01  9.364060372392282E-01  9.364059838172573E-01
  9.367319002984075E-01  9.367318484684198E-01  9.367317969584269E-01
  9.370547949794779E-01  9.370547450171505E-01  9.370546953642638E-01
  9.373748167476418E-01  9.373747685994919E-01  9.373747207505345E-01
  9.376920066906680E-01  9.376919603048680E-01  9.376919142083082E-01
  9.380064052841531E-01  9.380063606104888E-01  9.380063162163977E-01
  9.383180524038132E-01  9.383180093936440E-01  9.383179666536570E-01
  9.386269873376510E-01  9.386269459438672E-01  9.386269048111419E-01
  9.389332487980518E-01  9.389332089750292E-01  9.389331694042007E-01
  9.392368749337564E-01  9.392368366373152E-01  9.392367985844545E-01
  9.395379033416649E-01  9.395378665290343E-01  9.395378299516129E-01
  9.398363710785028E-01  9.398363357082882E-01  9.398363005651458E-01
  9.401323146723665E-01  9.401322807045120E-01  9.401322469558199E-01
  9.404257701341956E-01  9.404257375299452E-01  9.404257051371673E-01
  9.407167729691092E-01  9.407167416909697E-01  9.407167106168265E-01
  9.410053581875961E-01  9.410053281993069E-01  9.410052984077434E-01
  9.412915603165571E-01  9.412915315830606E-01  9.412915030392183E-01
  9.415754134102151E-01  9.415753858976249E-01  9.415753585678105E-01
  9.418569510609761E-01  9.418569247365434E-01  9.418568985881949E-01
  9.421362064101889E-01  9.421361812422705E-01  9.421361562439255E-01
  9.424132121588149E-01  9.424131881168465E-01  9.424131642381154E-01
  1.535082135195500E+00  1.535348408906055E+00  1.535615402808640E+00
  1.541354610370779E+00  1.541606619819030E+00  1.541859520909606E+00
  1.544578054317874E+00  1.544822236385101E+00  1.545067370711364E+00
  1.544578054317874E+00  1.544822236385101E+00  1.545067370711364E+00
  1.541354610370779E+00  1.541606619819030E+00  1.541859520909606E+00
  1.535082135195500E+00  1.535348408906055E+00  1.535615402808640E+00
  1.526070334682227E+00  1.526354593803096E+00  1.526639189758354E+00
  1.514684803853197E+00  1.514986666836362E+00  1.515288153039130E+00
  1.501247414895624E+00  1.501561110357020E+00  1.501873338435397E+00
  1.485963998719682E+00  1.486278183892386E+00  1.486589552358075E+00
  1.468923724430307E+00  1.469223534641829E+00  1.469519203785356E+00
  1.450169567961649E+00  1.450440522169048E+00  1.450706362724886E+00
  1.429786214217628E+00  1.430017940020026E+00  1.430244141754423E+00
  1.407945488830578E+00  1.408133350118928E+00  1.408315844053111E+00
  1.384894949245432E+00  1.385039181918553E+00  1.385178591682554E+00
  1.360916375161705E+00  1.361019686779059E+00  1.361118849573706E+00
  1.336285000851114E+00  1.336350125243164E+00  1.336411695585638E+00
  1.311246160700386E+00  1.311274586455986E+00  1.311299889864649E+00
  1.286012733845231E+00  1.286004910889107E+00  1.285994264652340E+00
  1.260776769887287E+00  1.260733170182347E+00  1.260686991650325E+00
  1.235723725877037E+00  1.235645854065443E+00  1.235565656406361E+00
  1.211039795701791E+00  1.210930603489685E+00  1.210819370410050E+00
  1.186909324653906E+00  1.186773004560382E+00  1.186634952497216E+00
  1.163505529918548E+00  1.163346973807768E+00  1.163186998291415E+00
  1.140980140357841E+00  1.140804370886595E+00  1.140627480108251E+00
  1.119456052349760E+00  1.119267800384515E+00  1.119078699718868E+00
  1.099024302951813E+00  1.098827765662223E+00  1.098630621883578E+00
  1.079744737501082E+00  1.079543479409786E+00  1.079341825259670E+00
  1.061649067301350E+00  1.061446011752336E+00  1.061242739027921E+00
  1.044745087903052E+00  1.044542557873870E+00  1.044339959073506E+00
  1.029021180275529E+00  1.028820963109638E+00  1.028620796869074E+00
  1.014450576908226E+00  1.014253998807253E+00  1.014057565110111E+00
  1.000995141431380E+00  1.000803143693860E+00  1.000611360720284E+00
  9.886085757617926E-01  9.884217877112154E-01  9.882352651174096E-01
  9.772390591874824E-01  9.770578643780613E-01  9.768769695366714E-01
  9.668313680562035E-01  9.666559616735941E-01  9.664808768358311E-01
  9.573285433601079E-01  9.571589799862327E-01  9.569897496362804E-01
  9.486731782639862E-01  9.485094102430175E-01  9.483459789897399E-01
  9.408083946803251E-01  9.406503020651312E-01  9.404925441317804E-01
  9.336785708040852E-01  9.335259842350667E-01  9.333737259432320E-01
  9.272298723220385E-01  9.270825902511078E-01  9.269356269244008E-01
  9.214106303930745E-01  9.212684319250699E-01  9.211265404782342E-01
  9.161716005415269E-01  9.160342549354836E-01  9.158972031771909E-01
  9.114661289393915E-01  9.113334025750613E-01  9.112009560158770E-01
  9.072502464016137E-01  9.071219078165051E-01  9.069938345770158E-01
  9.034827057179441E-01  9.033585291696024E-01  9.032346034370148E-01
  9.001249744654644E-01  9.000047423667475E-01  8.998847467439313E-01
  8.971411929036122E-01  8.970246974026390E-01  8.969084244187185E-01
  8.944981046835260E-01  8.943851486029887E-01  8.942724015979019E-01
  8.921649666969440E-01  8.920553640018895E-01  8.919459575516800E-01
  8.901134433003971E-01  8.900070192256456E-01  8.899007792373217E-01
  8.883174892818181E-01  8.882140802186644E-01  8.881108437921161E-01
  8.867532252284319E-01  8.866526784448433E-01  8.865522935742244E-01
  8.853988083659325E-01  8.853009816147349E-01  8.852033067823872E-01
  8.842343014410611E-01  8.841390624958645E-01  8.840439661974817E-01
  8.832415417911076E-01  8.831487679389488E-01  8.830561281681844E-01
  8.824040123685235E-01  8.823135898803967E-01  8.822232935935086E-01
  8.817067161557267E-01  8.816185397504614E-01  8.815304823260115E-01
  8.811360551073125E-01  8.810500274200306E-01  8.809641121245189E-01
  8.806797144902107E-01  8.805957455534185E-01  8.805118830206333E-01
  8.803265532551762E-01  8.802445599981612E-01  8.801626677276864E-01
  8.800665008642621E-01  8.799864066346544E-01  8.799064085132162E-01
  8.798904608178171E-01  8.798121949278143E-01  8.797340207758194E-01
  8.797902209703790E-01  8.797137182690914E-01  8.796373034136924E-01
  8.797583705961682E-01  8.796835710687398E-01  8.796088559439776E-01
  8.797882240603428E-01  8.797150724538650E-01  8.796420022278210E-01
  8.798737508696334E-01  8.798021963453657E-01  8.797307205737562E-01
  8.800095118135469E-01  8.799395076245483E-01  8.798695799298009E-01
  8.801906008626034E-01  8.801221040555516E-01  8.800536818300813E-01
  8.804125924608273E-01  8.803455636005525E-01  8.802786077327172E-01
  8.806714938334421E-01  8.806058967485125E-01  8.805403713695465E-01
  8.809637019255260E-01  8.808995034730986E-01  8.808353757232082E-01
  8.812859645907097E-01  8.812231344387977E-01  8.811603742505515E-01
  8.816353456595123E-01  8.815738560848171E-01  8.815124359819717E-01
  8.820091935324919E-01  8.819490192320188E-01  8.818889141420029E-01
  8.824051129628091E-01  8.823462308776342E-01  8.822874179560772E-01
  8.828209397151935E-01  8.827633288650032E-01  8.827057873309746E-01
  8.832547178123936E-01  8.831983591398145E-01  8.831420701208523E-01
  8.837046791057608E-01  8.836495553300726E-01  8.835945017167004E-01
  8.841692249333990E-01  8.841153204140504E-01  8.840614867243494E-01
  8.846469096569048E-01  8.845942102683996E-01  8.845415825244123E-01
  8.851364258967919E-01  8.850849189180685E-01  8.850334845374419E-01
  8.856365913171796E-01  8.855862653406672E-01  8.855360130490928E-01
  8.861463368427822E-01  8.860971817109622E-01  8.860481014837253E-01
  8.866646962260535E-01  8.866167030066688E-01  8.865687860510445E-01
  8.871907969197758E-01  8.871439579348198E-01  8.870971967291597E-01
  8.877238522502848E-01  8.876781611785076E-01  8.876325495885600E-01
  8.882631549280402E-01  8.882186070056929E-01  8.881741405037186E-01
  8.888080719732513E-01  8.887646643226440E-01  8.887213403396688E-01
  8.893580411705789E-01  8.893157732898463E-01  8.892735917349512E-01
  8.899125691914366E-01  8.898714436402552E-01  8.898304076216006E-01
  8.904712315246350E-01  8.904312548373693E-01  8.903913716154127E-01
  8.910336743200997E-01  8.909948581669530E-01  8.909561403578635E-01
  8.915996181552702E-01  8.915619807494319E-01  8.915244477718138E-01
  8.921688635514295E-01  8.921324312610005E-01  8.920961109766748E-01
  8.927412977673197E-01  8.927061068301505E-01  8.926710372652972E-01
  8.933169019558146E-01  8.932830001112366E-01  8.932492310563668E-01
  8.938957571922947E-01  8.938632049411912E-01  8.938307991239437E-01
  8.944780472369727E-01  8.944469183382923E-01  8.944159517618272E-01
  8.950640553335171E-01  8.950344360741095E-01  8.950049970512199E-01
  8.956541521203970E-01  8.956261389007417E-01  8.955983253355969E-01
  8.962487721276949E-01  8.962224670325369E-01  8.961963816503293E-01
  8.968483775739634E-01  8.968238818661598E-01  8.967996253826783E-01
  8.974534102823238E-01  8.974308161495872E-01  8.974084787790982E-01
  8.980642352081410E-01  8.980436165322196E-01  8.980232686713345E-01
  8.986810817022681E-01  8.986624849930591E-01  8.986441682707228E-01
  8.993039904425660E-01  8.992874272622353E-01  8.992711472903776E-01
  8.999327742585773E-01  8.999182163671311E-01  8.999039383864369E-01
  9.005669995279162E-01  9.005543776021566E-01  9.005420257969168E-01
  9.012059916597052E-01  9.011951978509788E-01  9.011846584979216E-01
  9.018488641373956E-01  9.018397580853597E-01  9.018308860561252E-01
  9.024945666911112E-01  9.024869840640452E-01  9.024796116810619E-01
  9.031419453642809E-01  9.031357076773636E-01  9.031296546450419E-01
  9.037898061144884E-01  9.037847305368999E-01  9.037798136721555E-01
  9.044369742005987E-01  9.044328822688220E-01  9.044289239938590E-01
  9.050823435409832E-01  9.050790680579645E-01  9.050759029962401E-01
  9.057249127986114E-01  9.057223026044311E-01  9.057197820256790E-01
  9.063638074672932E-01  9.063617301214544E-01  9.063597243230697E-01
  9.069982892007421E-01  9.069966318631570E-01  9.069950308039941E-01
  9.076277548220086E-01  9.076264237461489E-01  9.076251363576855E-01
  9.082517279031543E-01  9.082506469792755E-01  9.082495995904031E-01
  9.088698456968980E-01  9.088689544394430E-01  9.088680886996053E-01
  9.094818437637547E-01  9.094810950590924E-01  9.094803656634585E-01
  9.100875400715046E-01  9.100868979161153E-01  9.100862703504830E-01
  9.106868197862212E-01  9.106862571670009E-01  9.106857056133817E-01
  9.112796214984118E-01  9.112791185028990E-01  9.112786239851661E-01
  9.118659252593562E-01  9.118654674557629E-01  9.118650162590762E-01
  9.124457425389101E-01  9.124453196323086E-01  9.124449019984704E-01
  9.130191080414435E-01  9.130187127907907E-01  9.130183218715834E-01
  9.135860732119755E-01  9.135857005801944E-01  9.135853316194705E-01
  9.141467012108344E-01  9.141463477145374E-01  9.141459974250381E-01
  9.147010631167698E-01  9.147007263412912E-01  9.147003924418218E-01
  9.152492351238103E-01  9.152489133711544E-01  9.152485942520697E-01
  9.157912965184456E-01  9.157909885590594E-01  9.157906830475552E-01
  9.163273282554988E-01  9.163270331584881E-01  9.163267403590176E-01
  9.168574119866629E-01  9.168571290068930E-01  9.168568481958352E-01
  9.173816294281523E-01  9.173813579327592E-01  9.173810884904209E-01
  9.179000619774018E-01  9.178998013986959E-01  9.178995427660205E-01
  9.184127905022543E-01  9.184125403084461E-01  9.184122919601418E-01
  9.189198952347681E-01  9.189196549135566E-01  9.189194163429535E-01
  9.194214557134518E-01  9.194212247654970E-01  9.194209954785006E-01
  9.199175507366431E-01  9.199173286762583E-01  9.199171081921227E-01
  9.204082583128447E-01  9.204080446727411E-01  9.204078325288160E-01
  9.208936556122866E-01  9.208934499490622E-01  9.208932457063665E-01
  9.213738189305992E-01  9.213736208285447E-01  9.213734240757195E-01
  9.218488236705419E-01  9.218486327429107E-01  9.218484430976003E-01
  9.223187443382038E-01  9.223185602264943E-01  9.223183773346294E-01
  9.227836545444001E-01  9.227834769167538E-01  9.227833004508533E-01
  9.232436270030869E-01  9.232434555526253E-01  9.232432852100059E-01
  9.236987335240883E-01  9.236985679674147E-01  9.236984034685993E-01
  9.241490450023185E-01  9.241488850780235E-01  9.241487261652100E-01
  9.245946314070868E-01  9.245944768740806E-01  9.245943233094766E-01
  9.250355617736312E-01  9.250354124093012E-01  9.250352639732973E-01
  9.254719041972798E-01  9.254717597956038E-01  9.254716162849032E-01
  9.259037258295116E-01  9.259035861992654E-01  9.259034474251050E-01
  9.263310928755755E-01  9.263309578387051E-01  9.263308236252443E-01
  9.267540705935057E-01  9.267539399836808E-01  9.267538101665733E-01
  9.271727232946998E-01  9.271725969560276E-01  9.271724713811584E-01
  9.275871143461587E-01  9.275869921320364E-01  9.275868706543988E-01
  9.279973061744304E-01  9.279971879465178E-01  9.279970704292090E-01
  9.284033602711157E-01  9.284032458984273E-01  9.284031322117607E-01
  9.288053371996194E-01  9.288052265577440E-01  9.288051165784840E-01
  9.292032966029127E-01  9.292031895733538E-01  9.292030831840705E-01
  9.295972972121760E-01  9.295971936817909E-01  9.295970907703136E-01
  9.299873968563382E-01  9.299872967168471E-01  9.299871971757869E-01
  9.303736524724442E-01  9.303735556199978E-01  9.303734593463270E-01
  9.307561201166741E-01  9.307560264514841E-01  9.307559333461743E-01
  9.311348549758199E-01  9.311347644018518E-01  9.311346743695734E-01
  9.315099113791258E-01  9.315098238038388E-01  9.315097367527084E-01
  9.318813428104907E-01  9.318812581446078E-01  9.318811739859642E-01
  9.322492019210294E-01  9.322491200783296E-01  9.322490387265322E-01
  9.326135405418983E-01  9.326134614390390E-01  9.326133828112928E-01
  9.329744096972180E-01  9.329743332535889E-01  9.329742572698012E-01
  9.333318596170884E-01  9.333317857546843E-01  9.333317123373411E-01
  9.336859397507029E-01  9.336858683940046E-01  9.336857974680551E-01
  9.340366987795939E-01  9.340366298554547E-01  9.340365613482005E-01
  9.343841846309296E-01  9.343841180684768E-01  9.343840519094739E-01
  9.347284444907358E-01  9.347283802212907E-01  9.347283163422706E-01
  9.350695248170443E-01  9.350694627740518E-01  9.350694011088524E-01
  9.354074713530401E-01  9.354074114719965E-01  9.354073519564925E-01
  9.357423291402072E-01  9.357422713585870E-01  9.357422139306183E-01
  9.360741425314263E-01  9.360740867886173E-01  9.360740313879234E-01
  9.364029552039402E-01  9.364029014411887E-01  9.364028480093550E-01
  9.367288101721730E-01  9.367287583325352E-01  9.367287068129445E-01
  9.370517498004756E-01  9.370516998287659E-01  9.370516501665486E-01
  9.373718158158297E-01  9.373717676585668E-01  9.373717198005472E-01
  9.376890493204326E-01  9.376890029257893E-01  9.376889568204360E-01
  9.380034908041186E-01  9.380034461218802E-01  9.380034017192640E-01
  9.383151801566667E-01  9.383151371381919E-01  9.383150943899471E-01
  9.386241566799607E-01  9.386241152781380E-01  9.386240741374207E-01
  9.389304591000847E-01  9.389304192692881E-01  9.389303796907313E-01
  9.392341255792945E-01  9.392340872753417E-01  9.392340492150140E-01
  9.395351937278352E-01  9.395351569079525E-01  9.395351203233224E-01
  9.398337006155887E-01  9.398336652383782E-01  9.398336300882821E-01
  9.401296827836515E-01  9.401296488090540E-01  9.401296150536598E-01
  9.404231762557852E-01  9.404231436450406E-01  9.404231112458086E-01
  9.407142165497693E-01  9.407141852653806E-01  9.407141541850270E-01
  9.410028386885897E-01  9.410028086942922E-01  9.410027788967580E-01
  9.412890772114808E-01  9.412890484722125E-01  9.412890199226349E-01
  9.415729661848485E-01  9.415729386667188E-01  9.415729113314001E-01
  9.418545392131380E-01  9.418545128833935E-01  9.418544867297672E-01
  9.421338294495820E-01  9.421338042765749E-01  9.421337792731742E-01
  9.424108696068801E-01  9.424108455600417E-01  9.424108216764725E-01
  1.548323673002945E+00  1.548592370954742E+00  1.548861797252604E+00
  1.554762050444280E+00  1.555016361689546E+00  1.555271574747325E+00
  1.558069955126238E+00  1.558316371058726E+00  1.558563750173737E+00
  1.558069955126238E+00  1.558316371058726E+00  1.558563750173737E+00
  1.554762050444280E+00  1.555016361689546E+00  1.555271574747325E+00
  1.548323673002945E+00  1.548592370954742E+00  1.548861797252604E+00
  1.539070050330284E+00  1.539356883650452E+00  1.539644057656332E+00
  1.527373817105280E+00  1.527678389666498E+00  1.527982581609128E+00
  1.513564252089596E+00  1.513880723290937E+00  1.514195712013737E+00
  1.497854185315472E+00  1.498171090912976E+00  1.498485151425275E+00
  1.480339363149520E+00  1.480641690004639E+00  1.480939835095238E+00
  1.461069479636845E+00  1.461342610616507E+00  1.461610579105780E+00
  1.440136616618695E+00  1.440370090694523E+00  1.440597989971343E+00
  1.417720768365455E+00  1.417909924903518E+00  1.418093667700693E+00
  1.394078115375258E+00  1.394223222588694E+00  1.394363468931353E+00
  1.369499010840302E+00  1.369602839530356E+00  1.369702490825022E+00
  1.344266715715071E+00  1.344332065793994E+00  1.344393841271851E+00
  1.318633718837895E+00  1.318662134037933E+00  1.318687412335592E+00
  1.292819098646102E+00  1.292811075691648E+00  1.292800219356691E+00
  1.267020213894996E+00  1.266976270873843E+00  1.266929742392648E+00
  1.241426996742407E+00  1.241348685751231E+00  1.241268044854090E+00
  1.216229258956221E+00  1.216119575606808E+00  1.216007848863180E+00
  1.191614045027660E+00  1.191477215946845E+00  1.191338652872139E+00
  1.167756331477500E+00  1.167597270283667E+00  1.167436787458103E+00
  1.144808728283756E+00  1.144632469047025E+00  1.144455085851558E+00
  1.122894265613582E+00  1.122705544537851E+00  1.122515971854530E+00
  1.102103524260844E+00  1.101906541572290E+00  1.101708949570367E+00
  1.082495449604440E+00  1.082293772571534E+00  1.082091697033290E+00
  1.064100528177306E+00  1.063897082852717E+00  1.063693418425179E+00
  1.046925097737347E+00  1.046722209197035E+00  1.046519250461690E+00
  1.030955920537255E+00  1.030755377009693E+00  1.030554883376305E+00
  1.016164508865804E+00  1.015967636013012E+00  1.015770906791128E+00
  1.002510955346255E+00  1.002318692713129E+00  1.002126644221434E+00
  9.899471831323532E-01  9.897601575223742E-01  9.895733968343554E-01
  9.784196202832507E-01  9.782382124331594E-01  9.780571040806297E-01
  9.678713468460568E-01  9.676957491765965E-01  9.675204726453022E-01
  9.582437823716198E-01  9.580740469420304E-01  9.579046441996950E-01
  9.494779869055254E-01  9.493140638373486E-01  9.491504772733473E-01
  9.415156458264743E-01  9.413574132315511E-01  9.411995151250313E-01
  9.342998016859135E-01  9.341470885004592E-01  9.339947034608092E-01
  9.277753867920924E-01  9.276279899594598E-01  9.274809117916401E-01
  9.218896004008079E-01  9.217472976853168E-01  9.216053019538418E-01
  9.165921651981599E-01  9.164547246702868E-01  9.163175779872016E-01
  9.118354899438658E-01  9.117026769359684E-01  9.115701437581908E-01
  9.075747589055388E-01  9.074463410383063E-01  9.073181885647409E-01
  9.037679639659462E-01  9.036437146981483E-01  9.035197163132127E-01
  9.003758917742321E-01  9.002555928238142E-01  9.001355304319100E-01
  8.973620757401806E-01  8.972455186497623E-01  8.971291841712448E-01
  8.946927207685645E-01  8.945797078313815E-01  8.944669040737288E-01
  8.923366071913550E-01  8.922269519075025E-01  8.921174929791175E-01
  8.902649792353982E-01  8.901585064296857E-01  8.900522178252325E-01
  8.884514224682621E-01  8.883479681690830E-01  8.882446866235826E-01
  8.868717339352534E-01  8.867711450883149E-01  8.866707182720378E-01
  8.855037880946698E-01  8.854059221657524E-01  8.853082082726771E-01
  8.843274011467113E-01  8.842321256529782E-01  8.841369929212960E-01
  8.833241959115088E-01  8.832313879102016E-01  8.831387141029388E-01
  8.824774690269301E-01  8.823870145825259E-01  8.822966864487806E-01
  8.817720618959567E-01  8.816838555411689E-01  8.815957682729056E-01
  8.811942365091840E-01  8.811081807109693E-01  8.810222374061786E-01
  8.807315569965265E-01  8.806475616350864E-01  8.805636727750215E-01
  8.803727775215551E-01  8.802907593879409E-01  8.802088423338129E-01
  8.801077369207617E-01  8.800276192368919E-01  8.799475977496555E-01
  8.799272603077735E-01  8.798489722713202E-01  8.797707760568573E-01
  8.798230677077896E-01  8.797465440633585E-01  8.796701083443643E-01
  8.797876896591652E-01  8.797128702963953E-01  8.796381354114903E-01
  8.798143896151910E-01  8.797412191937731E-01  8.796681302237488E-01
  8.798970928977810E-01  8.798255204988885E-01  8.797540269195054E-01
  8.800303218937066E-01  8.799603006969282E-01  8.798903560572874E-01
  8.802091371409537E-01  8.801406241254942E-01  8.800721857506897E-01
  8.804290839251738E-01  8.803620395938380E-01  8.802950683103589E-01
  8.806861439916910E-01  8.806205321159795E-01  8.805549919981501E-01
  8.809766919749341E-01  8.809124793594575E-01  8.808483374950941E-01
  8.812974561521945E-01  8.812346124165482E-01  8.811718386899545E-01
  8.816454831405730E-01  8.815839805168154E-01  8.815225474072519E-01
  8.820181061728786E-01  8.819579193168213E-01  8.818978017106608E-01
  8.824129166091037E-01  8.823540224237717E-01  8.822951974387192E-01
  8.828277383633810E-01  8.827701158332537E-01  8.827125626532806E-01
  8.832606049515348E-01  8.832042349865680E-01  8.831479347066263E-01
  8.837097388907937E-01  8.836546041797972E-01  8.835995396599917E-01
  8.841735332105910E-01  8.841196180843602E-01  8.840657738141215E-01
  8.846505348618423E-01  8.845978251675815E-01  8.845451871415889E-01
  8.851394298414412E-01  8.850879128315714E-01  8.850364684408003E-01
  8.856390298799042E-01  8.855886941204032E-01  8.855384320638184E-01
  8.861482605727621E-01  8.860990958788267E-01  8.860500061039943E-01
  8.866661508715483E-01  8.866181482816802E-01  8.865702219659937E-01
  8.871918238879446E-01  8.871449756915485E-01  8.870982052798727E-01
  8.877244890047533E-01  8.876787888429508E-01  8.876331681621880E-01
  8.882634353291557E-01  8.882188783935046E-01  8.881744028696198E-01
  8.888080265649855E-01  8.887646099236728E-01  8.887212769315186E-01
  8.893576974173349E-01  8.893154205022726E-01  8.892732298821522E-01
  8.899119516677463E-01  8.898708169574066E-01  8.898297717331842E-01
  8.904703620609773E-01  8.904303759906442E-01  8.903904833200808E-01
  8.910325721092208E-01  8.909937462295795E-01  8.909550186052703E-01
  8.915982998255247E-01  8.915606522081261E-01  8.915231089027411E-01
  8.921673432173045E-01  8.921309000664888E-01  8.920945687739111E-01
  8.927395870724980E-01  8.927043844429799E-01  8.926693030027555E-01
  8.933150101307963E-01  8.932810955661540E-01  8.932473135710045E-01
  8.938936911559459E-01  8.938611249606869E-01  8.938287049422747E-01
  8.944758117771667E-01  8.944446675312502E-01  8.944136853176248E-01
  8.950616534034814E-01  8.950320172559167E-01  8.950025610302907E-01
  8.956515852805836E-01  8.956235535628312E-01  8.955957211734561E-01
  8.962460411454868E-01  8.962197159699357E-01  8.961936101873040E-01
  8.968454831648051E-01  8.968209659412760E-01  8.967966876491056E-01
  8.974503539402139E-01  8.974277371341814E-01  8.974053768465694E-01
  8.980610200387468E-01  8.980403779357571E-01  8.980200064733986E-01
  8.986777131490061E-01  8.986590927653725E-01  8.986407522790965E-01
  8.993004767940375E-01  8.992838902603510E-01  8.992675869386435E-01
  8.999291268495445E-01  8.999145465039764E-01  8.999002461650848E-01
  9.005632325922296E-01  9.005505896440795E-01  9.005382169955313E-01
  9.012021218518019E-01  9.011913088901490E-01  9.011807506300104E-01
  9.018449097948509E-01  9.018357867675125E-01  9.018268980546527E-01
  9.024905469497924E-01  9.024829496877368E-01  9.024755629848614E-01
  9.031378792517792E-01  9.031316292908426E-01  9.031255643019939E-01
  9.037857117356034E-01  9.037806261430460E-01  9.037756995657469E-01
  9.044328680969840E-01  9.044287682145378E-01  9.044248022635318E-01
  9.050782402663043E-01  9.050749586429837E-01  9.050717876801149E-01
  9.057208247112258E-01  9.057182099060157E-01  9.057156849167853E-01
  9.063597447124855E-01  9.063576640032256E-01  9.063556550038404E-01
  9.069942598374268E-01  9.069926001211693E-01  9.069909968106150E-01
  9.076237650438586E-01  9.076224323420397E-01  9.076211434242243E-01
  9.082477823082579E-01  9.082467003155813E-01  9.082456519289273E-01
  9.088659475692988E-01  9.088650556419501E-01  9.088641892827171E-01
  9.094779953411893E-01  9.094772462421274E-01  9.094765164867354E-01
  9.100837427837574E-01  9.100831004165866E-01  9.100824726619858E-01
  9.106830744567304E-01  9.106825117408960E-01  9.106819601049644E-01
  9.112759285077240E-01  9.112754254835866E-01  9.112749309456369E-01
  9.118622846727845E-01  9.118618268769157E-01  9.118613756924536E-01
  9.124421542028721E-01  9.124417313201659E-01  9.124413137122664E-01
  9.130155716538316E-01  9.130151764311996E-01  9.130147855406175E-01
  9.135825883719246E-01  9.135822157657737E-01  9.135818468305298E-01
  9.141432674527770E-01  9.141429139767813E-01  9.141425637071133E-01
  9.146976799329547E-01  9.146973431716804E-01  9.146970092858840E-01
  9.152459019786719E-01  9.152455802345538E-01  9.152452611235520E-01
  9.157880128574373E-01  9.157877049019122E-01  9.157873993939497E-01
  9.163240935103240E-01  9.163237984136516E-01  9.163235056143475E-01
  9.168542255782789E-01  9.168539425964174E-01  9.168536617832291E-01
  9.173784907685222E-01  9.173782192695294E-01  9.173779498236591E-01
  9.178969704705748E-01  9.178967098874738E-01  9.178964512505482E-01
  9.184097455451870E-01  9.184094953466966E-01  9.184092469939042E-01
  9.189168962180795E-01  9.189166558922284E-01  9.189164173172056E-01
  9.194185020222244E-01  9.194182710698580E-01  9.194180417786777E-01
  9.199146417513140E-01  9.199144196868229E-01  9.199141991988034E-01
  9.204053934101744E-01  9.204051797662713E-01  9.204049676187555E-01
  9.208908341663739E-01  9.208906284996106E-01  9.208904242535654E-01
  9.213710403139296E-01  9.213708422085238E-01  9.213706454525152E-01
  9.218460872550149E-01  9.218458963241367E-01  9.218457066757250E-01
  9.223160494961475E-01  9.223158653812124E-01  9.223156824862463E-01
  9.227810006495287E-01  9.227808230186023E-01  9.227806465495271E-01
  9.232410134313886E-01  9.232408419775281E-01  9.232406716315980E-01
  9.236961596546610E-01  9.236959940944180E-01  9.236958295921067E-01
  9.241465102181363E-01  9.241463502900631E-01  9.241461913735325E-01
  9.245921350956656E-01  9.245919805586463E-01  9.245918269900801E-01
  9.250331033276520E-01  9.250329539590592E-01  9.250328055188354E-01
  9.254694830151157E-01  9.254693386089223E-01  9.254691950937409E-01
  9.259013413157058E-01  9.259012016806905E-01  9.259010629017929E-01
  9.263287444412465E-01  9.263286093993649E-01  9.263284751809213E-01
  9.267517576567117E-01  9.267516270416478E-01  9.267514972193273E-01
  9.271704452807373E-01  9.271703189366166E-01  9.271701933563232E-01
  9.275848706878195E-01  9.275847484680598E-01  9.275846269848081E-01
  9.279950963122324E-01  9.279949780785159E-01  9.279948605554261E-01
  9.284011836534742E-01  9.284010692748387E-01  9.284009555822477E-01
  9.288031932829982E-01  9.288030826350557E-01  9.288029726497515E-01
  9.292011848519474E-01  9.292010778162246E-01  9.292009714208007E-01
  9.295952170997589E-01  9.295951135631358E-01  9.295950106454441E-01
  9.299853478637026E-01  9.299852477179208E-01  9.299851481705942E-01
  9.303716340892030E-01  9.303715372304338E-01  9.303714409504650E-01
  9.307541318408473E-01  9.307540381693216E-01  9.307539450577014E-01
  9.311328963138558E-01  9.311328057335568E-01  9.311327156949736E-01
  9.315079818459011E-01  9.315078942643049E-01  9.315078072068916E-01
  9.318794419292981E-01  9.318793572571427E-01  9.318792730922535E-01
  9.322473292235557E-01  9.322472473746338E-01  9.322471660166417E-01
  9.326116955681755E-01  9.326116164591574E-01  9.326115378252798E-01
  9.329725919955988E-01  9.329725155458851E-01  9.329724395560406E-01
  9.333300687441759E-01  9.333299948757715E-01  9.333299214524560E-01
  9.336841752713096E-01  9.336841039087043E-01  9.336840329768757E-01
  9.340349602666658E-01  9.340348913367204E-01  9.340348228236880E-01
  9.343824716654845E-01  9.343824050973333E-01  9.343823389326601E-01
  9.347267566617800E-01  9.347266923867501E-01  9.347266285021733E-01
  9.350678617215087E-01  9.350677996730501E-01  9.350677380024123E-01
  9.354058325956839E-01  9.354057727092968E-01  9.354057131884770E-01
  9.357407143335374E-01  9.357406565467001E-01  9.357405991135417E-01
  9.360725512956208E-01  9.360724955477236E-01  9.360724401419688E-01
  9.364013871667514E-01  9.364013333990429E-01  9.364012799622788E-01
  9.367272649688395E-01  9.367272131243775E-01  9.367271615999888E-01
  9.370502270736334E-01  9.370501770972334E-01  9.370501274303515E-01
  9.373703152154214E-01  9.373702670536026E-01  9.373702191910526E-01
  9.376875705036071E-01  9.376875241045426E-01  9.376874779947930E-01
  9.380020334351550E-01  9.380019887486302E-01  9.380019443417518E-01
  9.383137439068687E-01  9.383137008842415E-01  9.383136581318682E-01
  9.386227412275746E-01  9.386226998217330E-01  9.386226586770200E-01
  9.389290641302092E-01  9.389290242955259E-01  9.389289847131053E-01
  9.392327507837875E-01  9.392327124760792E-01  9.392326744120181E-01
  9.395338388052188E-01  9.395338019817103E-01  9.395337653934761E-01
  9.398323652709714E-01  9.398323298902631E-01  9.398322947366904E-01
  9.401283667286393E-01  9.401283327506703E-01  9.401282989919252E-01
  9.404218792083995E-01  9.404218465944080E-01  9.404218141919488E-01
  9.407129382343578E-01  9.407129069468446E-01  9.407128758633858E-01
  9.410015788357529E-01  9.410015488384512E-01  9.410015190379317E-01
  9.412878355579862E-01  9.412878068158321E-01  9.412877782633869E-01
  9.415717424735575E-01  9.415717149526580E-01  9.415716876145872E-01
  9.418533331929227E-01  9.418533068605223E-01  9.418532807042571E-01
  9.421326408752557E-01  9.421326156997042E-01  9.421325906937756E-01
  9.424096982390835E-01  9.424096741898099E-01  9.424096503038214E-01
