  3.444391703679589E+00  3.438210743905664E+00  3.432027062639965E+00

 -2.721484198205750E-06 -2.707907029676202E-06 -2.694372176717580E-06
 -1.633540120595835E-06 -1.625390497011924E-06 -1.617266274158269E-06
 -5.446216831639711E-07 -5.419045881000068E-07 -5.391959621326374E-07
  5.446216831639711E-07  5.419045881000068E-07  5.391959621326374E-07
  1.633540120595835E-06  1.625390497011924E-06  1.617266274158269E-06
  2.721484198205750E-06  2.707907029676202E-06  2.694372176717580E-06
  3.807805754492676E-06  3.788809343092972E-06  3.769872134498799E-06
  4.891858711855887E-06  4.867454664791863E-06  4.843126667432474E-06
  5.972999924471862E-06  5.943203137219931E-06  5.913499196707339E-06
  7.050589997886361E-06  7.015418637933707E-06  6.980356860543849E-06
  8.123994031364401E-06  8.083469513482116E-06  8.043071240463723E-06
  9.192582409408601E-06  9.146729367165136E-06  9.101019148911379E-06
  1.025573164900537E-05  1.020457790292946E-05  1.015358346532886E-05
  1.131282520466763E-05  1.125640172806169E-05  1.120015393956907E-05
  1.236325422037214E-05  1.230159509861209E-05  1.224012792928732E-05
  1.340641825877664E-05  1.333956064183736E-05  1.327291111527372E-05
  1.444172602661256E-05  1.436971008293813E-05  1.429791823198816E-05
  1.546859607541755E-05  1.539146494344646E-05  1.531457376032500E-05
  1.648645747653147E-05  1.640425721010712E-05  1.632231259288475E-05
  1.749475049432014E-05  1.740753000391014E-05  1.732058069736086E-05
  1.849292724516691E-05  1.840073823139956E-05  1.830883576095532E-05
  1.948045232238820E-05  1.938334921031413E-05  1.928654781802601E-05
  2.045680339159812E-05  2.035484327263021E-05  2.025319985661621E-05
  2.142147173601661E-05  2.131471429412535E-05  2.120828833629327E-05
  2.237396274950362E-05  2.226247017813070E-05  2.215132366285341E-05
  2.331379646833819E-05  2.319763339987804E-05  2.308183074176502E-05
  2.424050807752926E-05  2.411974150982978E-05  2.399934948022170E-05
  2.515364836393807E-05  2.502834757511016E-05  2.490343521874988E-05
  2.605278414913234E-05  2.592302061124057E-05  2.579365916024949E-05
  2.693749862115541E-05  2.680334591765036E-05  2.666960870762561E-05
  2.780739168895468E-05  2.766892542524621E-05  2.753088780763858E-05
  2.866208038403434E-05  2.851937810122930E-05  2.837711735700402E-05
  2.950119905622549E-05  2.935434014578582E-05  2.920793539943801E-05
  3.032439959269978E-05  3.017346519889324E-05  3.002299732298774E-05
  3.113135173337894E-05  3.097642465709013E-05  3.082197617596337E-05
  3.192174326669997E-05  3.176290787719986E-05  3.160456287742534E-05
  3.269528017655667E-05  3.253262231867216E-05  3.237046635766084E-05
  3.345168678086153E-05  3.328529367678901E-05  3.311941368531074E-05
  3.419070577426939E-05  3.402066592788530E-05  3.385115011473118E-05
  3.491209830714005E-05  3.473850140903682E-05  3.456543916680824E-05
  3.561564406467345E-05  3.543858089910548E-05  3.526206270953642E-05
  3.630114117050721E-05  3.612070351568807E-05  3.594082085079228E-05
  3.696840615241770E-05  3.678468668430217E-05  3.660153191288635E-05
  3.761727397838141E-05  3.743036617892657E-05  3.724403247302074E-05
  3.824759793898807E-05  3.805759599927838E-05  3.786817723744091E-05
  3.885924952733485E-05  3.866624825392432E-05  3.847383892944114E-05
  3.945211830051365E-05  3.925621302151600E-05  3.906090814720707E-05
  4.002611169060342E-05  3.982739816466427E-05  3.962929318311907E-05
  4.058115481275049E-05  4.037972913885593E-05  4.017891983228717E-05
  4.111719019696611E-05  4.091314871976367E-05  4.070973111594684E-05
  4.163417755049495E-05  4.142761677583157E-05  4.122168706345863E-05
  4.213209354442074E-05  4.192311005147982E-05  4.171476449228601E-05
  4.261093148825913E-05  4.239962184195755E-05  4.218895668478729E-05
  4.307070102642857E-05  4.285716169346221E-05  4.264427308961029E-05
  4.351142783400954E-05  4.329575510200098E-05  4.308073902434823E-05
  4.393315321916770E-05  4.371544311842060E-05  4.349839528371651E-05
  4.433593378729579E-05  4.411628200655831E-05  4.389729779280960E-05
  4.471984109122247E-05  4.449834290616262E-05  4.427751727920520E-05
  4.508496116975476E-05  4.486171136732987E-05  4.463913880634290E-05
  4.543139413247528E-05  4.520648693500788E-05  4.498226135743435E-05
  4.575925375853747E-05  4.553278275987392E-05  4.530699745683482E-05
  4.606866707987930E-05  4.584072517663482E-05  4.561347274568841E-05
  4.635977394637507E-05  4.613045326954996E-05  4.590182554480800E-05
  4.663272652504639E-05  4.640211837731303E-05  4.617220636768093E-05
  4.688768886885331E-05  4.665588366766990E-05  4.642477750059222E-05
  4.712483644783677E-05  4.689192366569814E-05  4.665971252813550E-05
  4.734435568897696E-05  4.711042379642527E-05  4.687719587678400E-05
  4.754644351491287E-05  4.731157993010673E-05  4.707742236736998E-05
  4.773130683560461E-05  4.749559787301146E-05  4.726059670742476E-05
  4.789916203398520E-05  4.766269285620842E-05  4.742693298029217E-05
  4.805023451791405E-05  4.781308909032887E-05  4.757665420429257E-05
  4.818475822585565E-05  4.794701927313160E-05  4.770999184103643E-05
  4.830297513270517E-05  4.806472410202536E-05  4.782718531452417E-05
  4.840513480829856E-05  4.816645182930337E-05  4.792848156417754E-05
  4.849149392568457E-05  4.825245777074179E-05  4.801413455408758E-05
  4.856231580139431E-05  4.832300386148546E-05  4.808440484354272E-05
  4.861786990130675E-05  4.837835815393806E-05  4.813955907530726E-05
  4.865843133480009E-05  4.841879430999443E-05  4.817986946899998E-05
  4.868428045192263E-05  4.844459121255423E-05  4.820561344709631E-05
  4.869570237240163E-05  4.845603248982112E-05  4.821707315047705E-05
  4.869298651902274E-05  4.845340605160190E-05  4.821453498105024E-05
  4.867642620813413E-05  4.843700368507363E-05  4.819828920351526E-05
  4.864631819310783E-05  4.840712059452976E-05  4.816862947697820E-05
  4.860296223716014E-05  4.836405498349002E-05  4.812585245159421E-05
  4.854666073987232E-05  4.830810768192905E-05  4.807025739406482E-05
  4.847771835472097E-05  4.823958175943663E-05  4.800214579410367E-05
  4.839644154671227E-05  4.815878208958387E-05  4.792182094005460E-05
  4.830313821088948E-05  4.806601497217261E-05  4.782958754238593E-05
  4.819811729549158E-05  4.796158775675951E-05  4.772575135688146E-05
  4.808168840774308E-05  4.784580845051578E-05  4.761061879619613E-05
  4.795416153170099E-05  4.771898543654024E-05  4.748449664859951E-05
  4.781584669087212E-05  4.758142714106836E-05  4.734769174836491E-05
  4.766705357501606E-05  4.743344165687428E-05  4.720051059628300E-05
  4.750809123421082E-05  4.727533644107699E-05  4.704325906233289E-05
  4.733926777957130E-05  4.710741802079265E-05  4.687624209498352E-05
  4.716089011907823E-05  4.692999172822448E-05  4.669976345594345E-05
  4.697326369794127E-05  4.674336144306312E-05  4.651412546491962E-05
  4.677669220822919E-05  4.654782930097646E-05  4.631962870631253E-05
  4.657147729624144E-05  4.634369540228819E-05  4.611657173888013E-05
  4.635791829305609E-05  4.613125755067620E-05  4.590525084443674E-05
  4.613631207232438E-05  4.591081110615010E-05  4.568595987509149E-05
  4.590695278829636E-05  4.568264871678756E-05  4.545898997776845E-05
  4.567013168634787E-05  4.544706014343648E-05  4.522462943403391E-05
  4.542613698027149E-05  4.520433212580951E-05  4.498316351545301E-05
  4.517525360907035E-05  4.495474814940899E-05  4.473487425678340E-05
  4.491776300028122E-05  4.469858822497097E-05  4.448004025332276E-05
  4.465394282416114E-05  4.443612864352296E-05  4.421893641994564E-05
  4.438406678050400E-05  4.416764174790045E-05  4.395183374869362E-05
  4.410840457993267E-05  4.389339587420727E-05  4.367899921377373E-05
  4.382722215831437E-05  4.361365553790218E-05  4.340069592992139E-05
  4.354078215772263E-05  4.332868186937688E-05  4.311718354068738E-05
  4.324934455886020E-05  4.303873323833699E-05  4.282871882756833E-05
  4.295316717025879E-05  4.274406578131636E-05  4.253555626908104E-05
  4.265250586115013E-05  4.244493369204226E-05  4.223794838662129E-05
  4.234761443828768E-05  4.214158917230795E-05  4.193614576998649E-05
  4.203874412669634E-05  4.183428194632536E-05  4.163039663207603E-05
  4.172614293493406E-05  4.152325862382493E-05  4.132094617667257E-05
  4.141005529931890E-05  4.120876231295707E-05  4.100803618337685E-05
  4.109072199075153E-05  4.089103248149511E-05  4.069190482232905E-05
  4.076838015839162E-05  4.057030498470967E-05  4.037278665979737E-05
  4.044326327846663E-05  4.024681203794107E-05  4.005091265116573E-05
  4.011560087996608E-05  3.992078198062438E-05  3.972650994165976E-05
  3.978561812377520E-05  3.959243885460796E-05  3.939980145310257E-05
  3.945353575691143E-05  3.926200228337007E-05  3.907100569922716E-05
  3.911957096215657E-05  3.892968822746140E-05  3.874033743830417E-05
  3.878393841334918E-05  3.859571005011400E-05  3.840800873135296E-05
  3.844685024099861E-05  3.826027870928593E-05  3.807422933615453E-05
  3.810851354862482E-05  3.792360061015542E-05  3.773920489281432E-05
  3.776912596299250E-05  3.758587324466749E-05  3.740313270964380E-05
  3.742887330832614E-05  3.724728233810980E-05  3.706619846494240E-05
  3.708793446009382E-05  3.690800564316954E-05  3.672857897441400E-05
  3.674649438055550E-05  3.656822517811630E-05  3.639045354048586E-05
  3.640475770216455E-05  3.622814142685571E-05  3.605201854977166E-05
  3.606294798111109E-05  3.588797519872194E-05  3.571349171298344E-05
  3.572127894384824E-05  3.554794258570680E-05  3.537509070184469E-05
  3.537989816876042E-05  3.520820120990659E-05  3.503698223563284E-05
  3.503882422739089E-05  3.486878651829750E-05  3.469921800985187E-05
  3.469791028174692E-05  3.452957061009342E-05  3.436168915940635E-05
  3.435685945894341E-05  3.419027092714331E-05  3.402412830914593E-05
  3.401529137564158E-05  3.385051174966841E-05  3.368616566488632E-05
  3.367283153465356E-05  3.350991295314353E-05  3.334741655585224E-05
  3.332918383039517E-05  3.316816629958228E-05  3.300756108951412E-05
  3.298415895927431E-05  3.282506950856333E-05  3.266638384312027E-05
  3.263765862352478E-05  3.248051475549766E-05  3.232376695299541E-05
  3.228963737572513E-05  3.213445166613018E-05  3.197965463350550E-05
  3.194006845660451E-05  3.178685166686979E-05  3.163401626056050E-05
  3.158892794813714E-05  3.143768988431473E-05  3.128682600692091E-05
  3.123619538008998E-05  3.108694433233064E-05  3.093806046659256E-05
  3.088186041439651E-05  3.073460244602562E-05  3.058770491022115E-05
  3.052592671693101E-05  3.038066549875904E-05  3.023575820934783E-05
  3.016841073456247E-05  3.002514787346448E-05  2.988223263770641E-05
  2.980933810324477E-05  2.966807358858146E-05  2.952715055489600E-05
  2.944874055227805E-05  2.930947304149292E-05  2.917054100680076E-05
  2.908665444266658E-05  2.894938136230561E-05  2.881243789031830E-05
  2.872312056407778E-05  2.858783812324176E-05  2.845287956224893E-05
  2.835818415253312E-05  2.822488736747995E-05  2.809190887161461E-05
  2.799189455919006E-05  2.786057733549494E-05  2.772957293930303E-05
  2.762430455776815E-05  2.749495979335733E-05  2.736592251351658E-05
  2.725546962466107E-05  2.712808929836052E-05  2.700101122604077E-05
  2.688544745318888E-05  2.676002268658751E-05  2.663489505398468E-05
  2.651429777063652E-05  2.639081886435694E-05  2.626763208249071E-05
  2.614208207473715E-05  2.602053854449578E-05  2.589928223440337E-05
  2.576886309314786E-05  2.564924372899705E-05  2.552990678001324E-05
  2.539470434689506E-05  2.527699728409121E-05  2.515956792718091E-05
  2.501967027155006E-05  2.490386302643859E-05  2.478832887192057E-05
  2.464382688647819E-05  2.452990636239795E-05  2.441625440782446E-05
  2.426724203928163E-05  2.415519455374094E-05  2.404341120851590E-05
  2.388998381736513E-05  2.377979517561396E-05  2.366986633246254E-05
  2.351211744105339E-05  2.340377301938423E-05  2.329568413783433E-05
  2.313370378828689E-05  2.302718855885209E-05  2.292092469259431E-05
  2.275480367953662E-05  2.265010214538452E-05  2.254564788053385E-05
  2.237548741468069E-05  2.227258351758101E-05  2.216992287818994E-05
  2.199584034022201E-05  2.189471749666129E-05  2.179383397577290E-05
  2.161595124512978E-05  2.151659260534962E-05  2.141746942474533E-05
  2.123588165658975E-05  2.113827047596672E-05  2.104089096082306E-05
  2.085564062885924E-05  2.075976037489678E-05  2.066410806424270E-05
  2.047520804913492E-05  2.038104188517384E-05  2.028710002051517E-05
  2.009462570904427E-05  2.000215550754782E-05  1.990990604278801E-05
  1.971409974134803E-05  1.962330550798959E-05  1.953272852422270E-05
  1.933398370847304E-05  1.924484455436174E-05  1.915591922193689E-05
  1.895454057347621E-05  1.886703738708816E-05  1.877974463394980E-05
  1.857557381078037E-05  1.848969178622606E-05  1.840401684002306E-05
  1.819627703775443E-05  1.811200492742357E-05  1.802793660035767E-05
  1.781571158321836E-05  1.773303597683370E-05  1.765056096642238E-05
  1.743393076340765E-05  1.735282808406610E-05  1.727192294683687E-05
  1.705300647200369E-05  1.697343984277711E-05  1.689406779879136E-05
  1.667665408501981E-05  1.659858188426868E-05  1.652070131304395E-05
  1.630759645495706E-05  1.623099167835198E-05  1.615457548948932E-05
  1.594356816578735E-05  1.586843632828169E-05  1.579348996014252E-05
  1.557508003131886E-05  1.550145749426339E-05  1.542801736618489E-05
  1.518880547063774E-05  1.511672833415928E-05  1.504483078868126E-05
  1.477793076630742E-05  1.470738578031229E-05  1.463701789474879E-05
  1.435520332849080E-05  1.428609305779287E-05  1.421715760253850E-05
  1.395882859804613E-05  1.389098499531027E-05  1.382331384128270E-05
  1.364071544761919E-05  1.357397031132966E-05  1.350739491512256E-05
  1.343432992307729E-05  1.336860944434348E-05  1.330305563700017E-05
  1.331422792141874E-05  1.324961025380067E-05  1.318515610911819E-05
  1.317415559482524E-05  1.311084090517821E-05  1.304768691016425E-05
  1.285598421821485E-05  1.279417775795578E-05  1.273252970299612E-05
  1.225193271830830E-05  1.219170499676200E-05  1.213163377297403E-05
  1.148051787579766E-05  1.142174184673117E-05  1.136312035596363E-05
  1.111414041929030E-05  1.105659187342180E-05  1.099919555363537E-05
  1.242714641935060E-05  1.237080612108840E-05  1.231461577950995E-05
 -2.995158864198618E-06 -2.981044410154510E-06 -2.966973826068366E-06
 -1.797805633483830E-06 -1.789333469262998E-06 -1.780887638950166E-06
 -5.993869753555946E-07 -5.965623387455232E-07 -5.937464821772685E-07
  5.993869753555946E-07  5.965623387455232E-07  5.937464821772685E-07
  1.797805633483830E-06  1.789333469262998E-06  1.780887638950166E-06
  2.995158864198618E-06  2.981044410154510E-06  2.966973826068366E-06
  4.190737906555732E-06  4.170989885788533E-06  4.151303241319368E-06
  5.383836288355950E-06  5.358466895366579E-06  5.333176343378967E-06
  6.573750732619589E-06  6.542775619535482E-06  6.511896759229783E-06
  7.759782067869374E-06  7.723220323456448E-06  7.686772178884323E-06
  8.941236100023195E-06  8.899110222153608E-06  8.857115214660608E-06
  1.011742447989454E-05  1.006976034704463E-05  1.002224426699142E-05
  1.128766558484651E-05  1.123449242461755E-05  1.118148440030690E-05
  1.245128539037961E-05  1.239263573941877E-05  1.233416819715340E-05
  1.360761830484690E-05  1.354352796497052E-05  1.347963658471649E-05
  1.475600796065744E-05  1.468651595295227E-05  1.461723962319236E-05
  1.589580801684952E-05  1.582095653040868E-05  1.574633729771531E-05
  1.702638295426858E-05  1.694621729276450E-05  1.686630030721167E-05
  1.814710881889442E-05  1.806167734296620E-05  1.797651080074384E-05
  1.925737394216774E-05  1.916672800640030E-05  1.907636308812910E-05
  2.035657966194907E-05  2.026077354712235E-05  2.016526434994931E-05
  2.144414100189380E-05  2.134323184646657E-05  2.124263531562030E-05
  2.251948731092570E-05  2.241353504262065E-05  2.230791090306611E-05
  2.358206287070449E-05  2.347113012983848E-05  2.336054080984120E-05
  2.463132745539375E-05  2.451547951284674E-05  2.439999006296308E-05
  2.566675690322688E-05  2.554606158089670E-05  2.542573959418842E-05
  2.668784366458018E-05  2.656237125417457E-05  2.643728678501058E-05
  2.769409728205453E-05  2.756392045786406E-05  2.743414593544061E-05
  2.868504484242006E-05  2.855023857251416E-05  2.841584871240450E-05
  2.966023139590270E-05  2.952087285129212E-05  2.938194456478818E-05
  3.061922032905898E-05  3.047538879045277E-05  3.033200109175911E-05
  3.156159373216174E-05  3.141337049723914E-05  3.126560441091585E-05
  3.248695269393589E-05  3.233442098247035E-05  3.218235944860810E-05
  3.339491755183255E-05  3.323816240918079E-05  3.308189018762104E-05
  3.428512816426977E-05  3.412423636152506E-05  3.396383993307084E-05
  3.515724413781437E-05  3.499230407102925E-05  3.482787153621769E-05
  3.601094498931983E-05  3.584204658211870E-05  3.567366756336928E-05
  3.684593026458409E-05  3.667316486849303E-05  3.650093041177644E-05
  3.766191961945215E-05  3.748537991117598E-05  3.730938238425378E-05
  3.845865290216390E-05  3.827843278278335E-05  3.809876577432378E-05
  3.923589019706079E-05  3.905208469132498E-05  3.886884290940925E-05
  3.999341177491096E-05  3.980611692937831E-05  3.961939610078900E-05
  4.073101805883401E-05  4.054033084034573E-05  4.035022761012778E-05
  4.144852958448716E-05  4.125454777976471E-05  4.106115961051545E-05
  4.214578689508988E-05  4.194860901248410E-05  4.175203408623254E-05
  4.282265040768405E-05  4.262237557728357E-05  4.242271269614832E-05
  4.347900022905269E-05  4.327572810340472E-05  4.307307659092024E-05
  4.411473596940341E-05  4.390856662742352E-05  4.370302623245015E-05
  4.472977652607148E-05  4.452081037604218E-05  4.431248117581271E-05
  4.532405981061417E-05  4.511239749554965E-05  4.490137980214534E-05
  4.589754248710752E-05  4.568328479309459E-05  4.546967906218278E-05
  4.645019969671204E-05  4.623344746070936E-05  4.601735419852826E-05
  4.698202472011161E-05  4.676287873807297E-05  4.654439841046843E-05
  4.749302862264511E-05  4.727158956185650E-05  4.705082250744280E-05
  4.798323990289227E-05  4.775960821800533E-05  4.753665456388100E-05
  4.845270409313050E-05  4.822697994077601E-05  4.800193951739528E-05
  4.890148336318602E-05  4.867376651840353E-05  4.844673877661508E-05
  4.932965611181972E-05  4.910004589005949E-05  4.887112982317171E-05
  4.973731650768226E-05  4.950591168676719E-05  4.927520575295927E-05
  5.012457403550501E-05  4.989147277881632E-05  4.965907482432881E-05
  5.049155303919509E-05  5.025685282456792E-05  5.002286001272762E-05
  5.083839225178259E-05  5.060218980185510E-05  5.036669854413777E-05
  5.116524429715824E-05  5.092763550916165E-05  5.069074139488325E-05
  5.147227518530106E-05  5.123335506545204E-05  5.099515279632352E-05
  5.175966382471222E-05  5.151952642753468E-05  5.128010975771482E-05
  5.202760150809878E-05  5.178633987704787E-05  5.154580155338433E-05
  5.227629139534221E-05  5.203399750361516E-05  5.179242920649861E-05
  5.250594799903912E-05  5.226271269356606E-05  5.202020498141977E-05
  5.271679664685076E-05  5.247270959816795E-05  5.222935185762056E-05
  5.290907294607832E-05  5.266422259894831E-05  5.242010299569073E-05
  5.308302226580214E-05  5.283749579198142E-05  5.259270122323089E-05
  5.323889919239115E-05  5.299278244777465E-05  5.274739849982973E-05
  5.337696701260135E-05  5.313034449527907E-05  5.288445540141223E-05
  5.349749720335037E-05  5.325045201361459E-05  5.300414061427606E-05
  5.360076890067084E-05  5.335338270598848E-05  5.310673041451540E-05
  5.368706839136571E-05  5.343942139399666E-05  5.319250816411878E-05
  5.375668859511579E-05  5.350885950093001E-05  5.326176379503186E-05
  5.380992854286142E-05  5.356199453420099E-05  5.331479329603720E-05
  5.384709287893648E-05  5.359912958768957E-05  5.335189821639044E-05
  5.386849136673905E-05  5.362057285010261E-05  5.337338517630428E-05
  5.387443841141219E-05  5.362663713385892E-05  5.337956540104317E-05
  5.386525258968228E-05  5.361763940354197E-05  5.337075424838434E-05
  5.384125615998974E-05  5.359390028825929E-05  5.334727072387003E-05
  5.380277461427088E-05  5.355574363935230E-05  5.330943704407563E-05
  5.375013624944103E-05  5.350349610274729E-05  5.325757820999914E-05
  5.368367172866249E-05  5.343748667859682E-05  5.319202156446528E-05
  5.360371363750879E-05  5.335804628162385E-05  5.311309635698701E-05
  5.351059606504360E-05  5.326550732725316E-05  5.302113333544643E-05
  5.340465419958751E-05  5.316020332702574E-05  5.291646434010087E-05
  5.328622393172781E-05  5.304246849462052E-05  5.279942191368594E-05
  5.315564150554467E-05  5.291263739778178E-05  5.267033895362773E-05
  5.301324315649756E-05  5.277104459772481E-05  5.252954835207111E-05
  5.285936473464806E-05  5.261802427486230E-05  5.237738262558049E-05
  5.269434136993894E-05  5.245390989498606E-05  5.221417358211251E-05
  5.251850715099690E-05  5.227903388954719E-05  5.204025200119567E-05
  5.233219481241322E-05  5.209372734647867E-05  5.185594732955612E-05
  5.213573544402817E-05  5.189831972010357E-05  5.166158739169144E-05
  5.192945820204366E-05  5.169313854302899E-05  5.145749810177592E-05
  5.171369000234593E-05  5.147850912271360E-05  5.124400316390636E-05
  5.148875525568295E-05  5.125475427715949E-05  5.102142380882687E-05
  5.125497566481497E-05  5.102219412844022E-05  5.079007858425407E-05
  5.101266999668693E-05  5.078114587248244E-05  5.055028312134783E-05
  5.076215389224476E-05  5.053192359492928E-05  5.030234995561313E-05
  5.050373967170943E-05  5.027483808384429E-05  5.004658834659016E-05
  5.023773605735223E-05  5.001019656699372E-05  4.978330402844152E-05
  4.996444783962881E-05  4.973830238793611E-05  4.951279889826701E-05
  4.968417557694438E-05  4.945945469110915E-05  4.923537069234030E-05
  4.939721553478604E-05  4.917394831240456E-05  4.895131283218031E-05
  4.910385998335544E-05  4.888207401416229E-05  4.866091459761907E-05
  4.880439785520800E-05  4.858411909626132E-05  4.836446168710313E-05
  4.849911558413288E-05  4.828036822797404E-05  4.806223703341314E-05
  4.818829778337731E-05  4.797110418006605E-05  4.775452157927151E-05
  4.787222743746200E-05  4.765660811147629E-05  4.744159465565269E-05
  4.755118551885855E-05  4.733715927996689E-05  4.712373379118717E-05
  4.722545020922774E-05  4.701303431194337E-05  4.680121403872211E-05
  4.689529601293513E-05  4.668450629760791E-05  4.647430706293917E-05
  4.656099317978183E-05  4.635184414680749E-05  4.614328043585104E-05
  4.622280767260080E-05  4.601531248295646E-05  4.580839745275403E-05
  4.588100146580157E-05  4.567517191162584E-05  4.546991736157073E-05
  4.553583271749509E-05  4.533167923476558E-05  4.512809560975961E-05
  4.518755545271245E-05  4.498508721258045E-05  4.478318368396512E-05
  4.483641886615402E-05  4.463564389459818E-05  4.443542848147210E-05
  4.448266697931316E-05  4.428359218093391E-05  4.408507179276884E-05
  4.412653951841419E-05  4.392917052592395E-05  4.373235083281944E-05
  4.376827378798159E-05  4.357261475986826E-05  4.337749998214485E-05
  4.340810549636233E-05  4.321415918735507E-05  4.302075211334508E-05
  4.304626597710064E-05  4.285403433636129E-05  4.266233685584428E-05
  4.268297573637160E-05  4.249246080218072E-05  4.230247480035945E-05
  4.231843923370846E-05  4.212964346282226E-05  4.194137127506039E-05
  4.195284907085177E-05  4.176577415208357E-05  4.157921758752291E-05
  4.158640355814598E-05  4.140104777024884E-05  4.121620558285465E-05
  4.121932910759832E-05  4.103568503947311E-05  4.085255045368003E-05
  4.085188588635926E-05  4.066994149039366E-05  4.048850270886653E-05
  4.048433469516696E-05  4.030407966758476E-05  4.012432560888844E-05
  4.011686220431993E-05  3.993829843466247E-05  3.976022890234096E-05
  3.974949271461775E-05  3.957264393197775E-05  3.939627968811470E-05
  3.938203553182501E-05  3.920695017325787E-05  3.903233685618455E-05
  3.901410759482879E-05  3.884085188626905E-05  3.866805421674184E-05
  3.864523167864628E-05  3.847387545398853E-05  3.830296358806492E-05
  3.827496584259420E-05  3.810556798549529E-05  3.793660258864670E-05
  3.790300161645859E-05  3.773560199937823E-05  3.756862518803413E-05
  3.752919004051577E-05  3.736381049640586E-05  3.719884582447810E-05
  3.715349989514419E-05  3.699015136085552E-05  3.682721052918860E-05
  3.677594843760073E-05  3.661463872231004E-05  3.645372955248791E-05
  3.639654896264325E-05  3.623728693836610E-05  3.607841807824074E-05
  3.601529538562735E-05  3.585809095863609E-05  3.570127225917307E-05
  3.563217481363187E-05  3.547703680658041E-05  3.532227729856337E-05
  3.524718584467390E-05  3.509412027516910E-05  3.494142631234951E-05
  3.486034680515985E-05  3.470935662955270E-05  3.455873146893425E-05
  3.447169242433852E-05  3.432277829436637E-05  3.417422278798751E-05
  3.408126624131577E-05  3.393442733111140E-05  3.378794078279596E-05
  3.368911548947890E-05  3.354434987414158E-05  3.339993047351591E-05
  3.329529002975364E-05  3.315259467245100E-05  3.301023951204332E-05
  3.289984335831911E-05  3.275921398990552E-05  3.261891894437887E-05
  3.250283348069751E-05  3.236426456645037E-05  3.222602424556903E-05
  3.210432272613408E-05  3.196780755744489E-05  3.183161538478133E-05
  3.170437675983728E-05  3.156990760637276E-05  3.143575596849663E-05
  3.130306347131139E-05  3.117063170936187E-05  3.103851209037203E-05
  3.090045230121486E-05  3.077004847081232E-05  3.063995151940527E-05
  3.049661417038502E-05  3.036822797820390E-05  3.024014351334290E-05
  3.009162162695429E-05  2.996524195917205E-05  2.983915897693946E-05
  2.968554867268862E-05  2.956116365988991E-05  2.943707039229349E-05
  2.927847021593402E-05  2.915606732332804E-05  2.903395132966823E-05
  2.887046155458224E-05  2.875002764167996E-05  2.862987587481901E-05
  2.846159820275584E-05  2.834311953256324E-05  2.822491835074026E-05
  2.805195590916961E-05  2.793541815436074E-05  2.781915332464770E-05
  2.764161063688453E-05  2.752699892393357E-05  2.741265566142946E-05
  2.723063851834963E-05  2.711793748857666E-05  2.700550051836083E-05
  2.681911591512177E-05  2.670830976022060E-05  2.659776335771059E-05
  2.640711929267044E-05  2.629819176149939E-05  2.618951976084809E-05
  2.599472426491201E-05  2.588765868975642E-05  2.578084450644829E-05
  2.558200404127748E-05  2.547678339597544E-05  2.537181008083337E-05
  2.516902914604488E-05  2.506563608703636E-05  2.496248636991777E-05
  2.475587047693602E-05  2.465428732002721E-05  2.455294359169485E-05
  2.434260468431896E-05  2.424281335018813E-05  2.414325760844346E-05
  2.392931604488531E-05  2.383129808010836E-05  2.373351194633250E-05
  2.351608794295114E-05  2.341982468224253E-05  2.332378956043356E-05
  2.310298490157120E-05  2.300845768025274E-05  2.291415497071957E-05
  2.269004034816450E-05  2.259723054587095E-05  2.250464169458182E-05
  2.227727309891375E-05  2.218616186070026E-05  2.209526808441317E-05
  2.186474042437294E-05  2.177530817308140E-05  2.168608996706711E-05
  2.145259541960967E-05  2.136482158543109E-05  2.127725844615082E-05
  2.104107896312413E-05  2.095494242380970E-05  2.086901328645802E-05
  2.063039046286670E-05  2.054587076907387E-05  2.046155523499353E-05
  2.022047626378493E-05  2.013755492595400E-05  2.005483455498117E-05
  1.981090966450767E-05  1.972957019087153E-05  1.964842854760054E-05
  1.940109106857153E-05  1.932131682065960E-05  1.924173733637196E-05
  1.899084198725729E-05  1.891261250298143E-05  1.883457479545769E-05
  1.858109967348971E-05  1.850438804650466E-05  1.842786528422880E-05
  1.817405771267387E-05  1.809883219218871E-05  1.802379267290922E-05
  1.777211219971944E-05  1.769834312370836E-05  1.762475719996642E-05
  1.737562421933031E-05  1.730329329167372E-05  1.723114266843167E-05
  1.698063337631219E-05  1.690973889959242E-05  1.683902190541990E-05
  1.657856013782535E-05  1.650911233990354E-05  1.643983928238060E-05
  1.615969428893780E-05  1.609170032911336E-05  1.602387849046012E-05
  1.572036766717971E-05  1.565381354363903E-05  1.558742904035192E-05
  1.527062590831508E-05  1.520546698654035E-05  1.514047524516565E-05
  1.483644675631740E-05  1.477261571068435E-05  1.470894939279944E-05
  1.444990555680220E-05  1.438733646725296E-05  1.432492960443441E-05
  1.412309871380870E-05  1.406175433413353E-05  1.400056966323384E-05
  1.380629718827739E-05  1.374618019504704E-05  1.368622045230230E-05
  1.333529889605026E-05  1.327643090826081E-05  1.321771782323024E-05
  1.237456397703771E-05  1.231692515391384E-05  1.225943892606123E-05
 -3.155404991728980E-06 -3.140727945446464E-06 -3.126096406668037E-06
 -1.893996283533475E-06 -1.885186384785792E-06 -1.876403803159757E-06
 -6.314576910334085E-07 -6.285204464376839E-07 -6.255923095963652E-07
  6.314576910334085E-07  6.285204464376839E-07  6.255923095963652E-07
  1.893996283533475E-06  1.885186384785792E-06  1.876403803159757E-06
  3.155404991728980E-06  3.140727945446464E-06  3.126096406668037E-06
  4.414932187880881E-06  4.394397163973574E-06  4.373925806346787E-06
  5.671828692849209E-06  5.645448509924577E-06  5.619150108849997E-06
  6.925348753155597E-06  6.893139865246976E-06  6.861030818764913E-06
  8.174751005867571E-06  8.136733478169014E-06  8.098833782920762E-06
  9.419299423955645E-06  9.375496904108959E-06  9.331830127441550E-06
  1.065826426099213E-05  1.060870395015036E-05  1.055929720035205E-05
  1.189092298184875E-05  1.183563559840534E-05  1.178051948962784E-05
  1.311656117969438E-05  1.305558091747948E-05  1.299478952733127E-05
  1.433447346730288E-05  1.426783794995174E-05  1.420140877340263E-05
  1.554396434171829E-05  1.547171457388466E-05  1.539968847620554E-05
  1.674434904360799E-05  1.666652935691633E-05  1.658895051957133E-05
  1.793495440056534E-05  1.785161239464989E-05  1.776852825589748E-05
  1.911511963114392E-05  1.902630611231957E-05  1.893776730549705E-05
  2.028419710817648E-05  2.018996602217866E-05  2.009602630951762E-05
  2.144155311189545E-05  2.134196147444020E-05  2.124267767868380E-05
  2.258656856279073E-05  2.248167638776059E-05  2.237710831963045E-05
  2.371863971303158E-05  2.360850993377921E-05  2.349872031326981E-05
  2.483717878808613E-05  2.472187717775871E-05  2.460693155502687E-05
  2.594161459536352E-05  2.582120968454912E-05  2.570117635838032E-05
  2.703139313256293E-05  2.690595612119718E-05  2.678090605092253E-05
  2.810597815394669E-05  2.797558282256104E-05  2.784558953969451E-05
  2.916485167718601E-05  2.902957429752759E-05  2.889471381639360E-05
  3.020751446174089E-05  3.006743370253971E-05  2.992778442602726E-05
  3.123348645918449E-05  3.108868328872778E-05  3.094432591242246E-05
  3.224230721137221E-05  3.209286479988406E-05  3.194388221419352E-05
  3.323353622280440E-05  3.307953984180581E-05  3.292601703174823E-05
  3.420675329508396E-05  3.404829021645771E-05  3.389031416049881E-05
  3.516155879109126E-05  3.499871818693969E-05  3.483637775708610E-05
  3.609757388859422E-05  3.593044672661472E-05  3.576383258576339E-05
  3.701444082371643E-05  3.684311975773045E-05  3.667232424990855E-05
  3.791182306469170E-05  3.773640233019414E-05  3.756151937545699E-05
  3.878940541783074E-05  3.860998072926025E-05  3.843110572178178E-05
  3.964689412599182E-05  3.946356256913406E-05  3.928079227093996E-05
  4.048401694828865E-05  4.029687687174483E-05  4.011030930347546E-05
  4.130052317876402E-05  4.110967408485510E-05  4.091940841727239E-05
  4.209618361373512E-05  4.190172605448473E-05  4.170786250536614E-05
  4.287079050583572E-05  4.267282597650524E-05  4.247546570378483E-05
  4.362415748592760E-05  4.342278831631256E-05  4.322203331071236E-05
  4.435611945607477E-05  4.415144870813658E-05  4.394740169066066E-05
  4.506653243766154E-05  4.485866380025593E-05  4.465142811632554E-05
  4.575527336378743E-05  4.554431104778013E-05  4.533399056435187E-05
  4.642223987854355E-05  4.620828851496175E-05  4.599498751819128E-05
  4.706735009353069E-05  4.685051463117933E-05  4.663433772394869E-05
  4.769054230239549E-05  4.747092791102240E-05  4.725197991781945E-05
  4.829177469155848E-05  4.806948666408270E-05  4.784787253274838E-05
  4.887102501717244E-05  4.864616867047481E-05  4.842199337287325E-05
  4.942829024628007E-05  4.920097082757579E-05  4.897433926631142E-05
  4.996358617498534E-05  4.973390876978683E-05  4.950492568773395E-05
  5.047694704162195E-05  5.024501648345474E-05  5.001378637310233E-05
  5.096842511106042E-05  5.073434589351304E-05  5.050097290838175E-05
  5.143809022388293E-05  5.120196641462660E-05  5.096655428475973E-05
  5.188602934434237E-05  5.164796450094550E-05  5.141061644857752E-05
  5.231234609010205E-05  5.207244317941146E-05  5.183326183870606E-05
  5.271716024395893E-05  5.247552156288924E-05  5.223460890123152E-05
  5.310060725642789E-05  5.285733435561074E-05  5.261479159674075E-05
  5.346283772514260E-05  5.321803133797685E-05  5.297395889145088E-05
  5.380401685976399E-05  5.355777682933528E-05  5.331227421839974E-05
  5.412432395740392E-05  5.387674916764336E-05  5.362991496084956E-05
  5.442395187270605E-05  5.417514018641773E-05  5.392707193461695E-05
  5.470310646095564E-05  5.445315465796018E-05  5.420394883278582E-05
  5.496200601894210E-05  5.471100973338289E-05  5.446076166564779E-05
  5.520088072822623E-05  5.494893439085019E-05  5.469773821281302E-05
  5.541997209220609E-05  5.516716887921340E-05  5.491511747311060E-05
  5.561953237679630E-05  5.536596415951163E-05  5.511314910758697E-05
  5.579982403900049E-05  5.554558133595028E-05  5.529209287256497E-05
  5.596111915346851E-05  5.570629108423199E-05  5.545221805019241E-05
  5.610369886191566E-05  5.584837310365475E-05  5.559380290279856E-05
  5.622785281662690E-05  5.597211556520503E-05  5.571713412500832E-05
  5.633387861897867E-05  5.607781455336942E-05  5.582250629046200E-05
  5.642208127412759E-05  5.616577352178130E-05  5.591022130710554E-05
  5.649277265055711E-05  5.623630275588197E-05  5.598058788292902E-05
  5.654627093321203E-05  5.628971883060948E-05  5.603392098827524E-05
  5.658290008234050E-05  5.632634406943540E-05  5.607054131518146E-05
  5.660298930855792E-05  5.634650602255877E-05  5.609077476046916E-05
  5.660687257276145E-05  5.635053697151466E-05  5.609495193274315E-05
  5.659488808772519E-05  5.633877342992225E-05  5.608340765106785E-05
  5.656737779928676E-05  5.631155562762048E-05  5.605648043587716E-05
  5.652468691143199E-05  5.626922704316382E-05  5.601451204697272E-05
  5.646716342914482E-05  5.621213394531513E-05  5.595784702237405E-05
  5.639515768420825E-05  5.614062491757630E-05  5.588683220309901E-05
  5.630902188090966E-05  5.605505041070035E-05  5.580181629286903E-05
  5.620910965940760E-05  5.595576230847574E-05  5.570314942582649E-05
  5.609577567663487E-05  5.584311350829480E-05  5.559118274532560E-05
  5.596937519454101E-05  5.571745751376487E-05  5.546626800267228E-05
  5.583026367917741E-05  5.557914803510973E-05  5.532875715843544E-05
  5.567879643037430E-05  5.542853861797538E-05  5.517900200953336E-05
  5.551532820093968E-05  5.526598226777362E-05  5.501735382027123E-05
  5.534021283586058E-05  5.509183109024500E-05  5.484416296342472E-05
  5.515380294581086E-05  5.490643596342980E-05  5.465977859047336E-05
  5.495644958022876E-05  5.471014621430851E-05  5.446454831153231E-05
  5.474850191178923E-05  5.450330930726835E-05  5.425881788788888E-05
  5.453030692518136E-05  5.428627053405234E-05  5.404293092413623E-05
  5.430220911899160E-05  5.405937271686097E-05  5.381722857126576E-05
  5.406455023247740E-05  5.382295593429789E-05  5.358204925292416E-05
  5.381766900314059E-05  5.357735727498207E-05  5.333772841602847E-05
  5.356190098144108E-05  5.332291064812177E-05  5.308459833596767E-05
  5.329757836362053E-05  5.305994662274093E-05  5.282298795933954E-05
  5.302502973250842E-05  5.278879218898730E-05  5.255322268507995E-05
  5.274457971901867E-05  5.250977043796303E-05  5.227562406388046E-05
  5.245654859203450E-05  5.222320015952190E-05  5.199050940580111E-05
  5.216125192173247E-05  5.192939547336306E-05  5.169819138815704E-05
  5.185900064834148E-05  5.162866581842829E-05  5.139897797317160E-05
  5.155010171747570E-05  5.132131649598237E-05  5.109317285622315E-05
  5.123485920105848E-05  5.100764973147568E-05  5.078107645870954E-05
  5.091357549059021E-05  5.068796589716624E-05  5.046298716482977E-05
  5.058655204834210E-05  5.036256437647937E-05  5.013920228615095E-05
  5.025408929785121E-05  5.003174360927495E-05  4.981001826024640E-05
  4.991648562300326E-05  4.969580022021411E-05  4.947572991978958E-05
  4.957403594149586E-05  4.935502762070986E-05  4.913662914024715E-05
  4.922703044395261E-05  4.900971467373329E-05  4.879300344485098E-05
  4.887575405299186E-05  4.866014501971894E-05  4.844513520266214E-05
  4.852048673771443E-05  4.830659727627483E-05  4.809330170302200E-05
  4.816150421602584E-05  4.794934572550024E-05  4.773777580955591E-05
  4.779907827894121E-05  4.758866073830099E-05  4.737882647128326E-05
  4.743347620247898E-05  4.722480832153496E-05  4.701671840763358E-05
  4.706495961447809E-05  4.685804900232859E-05  4.665171103505905E-05
  4.669378421276797E-05  4.648863735552510E-05  4.628405782943127E-05
  4.632020154567244E-05  4.611682350958497E-05  4.591400755224954E-05
  4.594446200764535E-05  4.574285612610870E-05  4.554180716152394E-05
  4.556681548009811E-05  4.536698357678112E-05  4.516770345463344E-05
  4.518750580443098E-05  4.498944925619513E-05  4.479193922051980E-05
  4.480676027501398E-05  4.461048134406889E-05  4.441474339874963E-05
  4.442478341321473E-05  4.423028536790731E-05  4.403632263384272E-05
  4.404176757446606E-05  4.384905228387638E-05  4.365686691733507E-05
  4.365792347532368E-05  4.346698710210132E-05  4.327657608395093E-05
  4.327351251488594E-05  4.308434269647682E-05  4.289569458465162E-05
  4.288884504286356E-05  4.270142414544461E-05  4.251452140801857E-05
  4.250421495388154E-05  4.231853146440688E-05  4.213336097568636E-05
  4.211977812984450E-05  4.193584259541347E-05  4.175241143630189E-05
  4.173543071552322E-05  4.155328755763477E-05  4.137163584511564E-05
  4.135076529047411E-05  4.117049182893866E-05  4.099069353591317E-05
  4.096515230507687E-05  4.078684280640541E-05  4.060899135832075E-05
  4.057792251714092E-05  4.040166422380899E-05  4.022584884124434E-05
  4.018856161939545E-05  4.001441500392118E-05  3.984069982431070E-05
  3.979681910970091E-05  3.962481187995405E-05  3.945322812957129E-05
  3.940268838091300E-05  3.923282395799913E-05  3.906337703926839E-05
  3.900629371883929E-05  3.883856654303420E-05  3.867125110377374E-05
  3.860776583871696E-05  3.844217365930733E-05  3.827698664611905E-05
  3.820717380263142E-05  3.804372157369389E-05  3.788066714326307E-05
  3.780452800204608E-05  3.764322469970374E-05  3.748231161003605E-05
  3.739982162462952E-05  3.724067507169330E-05  3.708191146209064E-05
  3.699306731582697E-05  3.683608123081040E-05  3.667947130318947E-05
  3.658430740686975E-05  3.642948157850710E-05  3.627502547254507E-05
  3.617360340078598E-05  3.602093537941922E-05  3.586863080145607E-05
  3.576102176276051E-05  3.561050820941192E-05  3.546035187861067E-05
  3.534662715599405E-05  3.519826416706385E-05  3.505025224805945E-05
  3.493048340392933E-05  3.478426619498294E-05  3.463839402185203E-05
  3.451265701381373E-05  3.436857957095789E-05  3.422484128086521E-05
  3.409321917172917E-05  3.395127416837887E-05  3.380966258393582E-05
  3.367224536677339E-05  3.353242431721189E-05  3.339293107996023E-05
  3.324981372591370E-05  3.311210721301267E-05  3.297472301079381E-05
  3.282600344646893E-05  3.269040127819387E-05  3.255511601582851E-05
  3.240089421561364E-05  3.226738544641207E-05  3.213418828336638E-05
  3.197456661203195E-05  3.184313948776473E-05  3.171201878339445E-05
  3.154710261311573E-05  3.141774456177316E-05  3.128868785372952E-05
  3.111858537621381E-05  3.099128310131583E-05  3.086427719030626E-05
  3.068909841873089E-05  3.056383802533532E-05  3.043886910552651E-05
  3.025872500803824E-05  3.013549204893954E-05  3.001254576469085E-05
  2.982754817802015E-05  2.970632762391440E-05  2.958538904328104E-05
  2.939565092775733E-05  2.927642716298566E-05  2.915748076494033E-05
  2.896311612160235E-05  2.884587301394440E-05  2.872890275087247E-05
  2.853002637074275E-05  2.841474735639878E-05  2.829973674350902E-05
  2.809646435901396E-05  2.798313246108180E-05  2.787006460509415E-05
  2.766251307682606E-05  2.755111087911553E-05  2.743996845281491E-05
  2.722825456506865E-05  2.711876423479263E-05  2.700952949039159E-05
  2.679376716780592E-05  2.668617054897688E-05  2.657882540604457E-05
  2.635912438384533E-05  2.625340306184243E-05  2.614792917605581E-05
  2.592439928085108E-05  2.582053452574389E-05  2.571691324214795E-05
  2.548967373197170E-05  2.538764637713715E-05  2.528585860862487E-05
  2.505504338042447E-05  2.495483382556820E-05  2.485486004725959E-05
  2.462060610454248E-05  2.452219456500139E-05  2.442401505811736E-05
  2.418643287921122E-05  2.408979973396807E-05  2.399339493866799E-05
  2.375254345005552E-05  2.365766934368135E-05  2.356301997144558E-05
  2.331892551474740E-05  2.322579093660953E-05  2.313287755221204E-05
  2.288561682440486E-05  2.279420129427406E-05  2.270300349439108E-05
  2.245280637436105E-05  2.236308789572165E-05  2.227358375318133E-05
  2.202084297937166E-05  2.193279859939928E-05  2.184496521821555E-05
  2.159004718711222E-05  2.150365490795658E-05  2.141747033579806E-05
  2.116036472307607E-05  2.107560572229983E-05  2.099105117940716E-05
  2.073112593627193E-05  2.064798495835229E-05  2.056504524232884E-05
  2.030129567553533E-05  2.021975785694471E-05  2.013841817949237E-05
  1.987038741158279E-05  1.979043228754194E-05  1.971067227996669E-05
  1.943963573703403E-05  1.936123248808670E-05  1.928302142178682E-05
  1.901239522883636E-05  1.893550452163979E-05  1.885880311228265E-05
  1.859266461678817E-05  1.851724932704419E-05  1.844202044295384E-05
  1.818159567412032E-05  1.810763608037258E-05  1.803385996661997E-05
  1.777364647546090E-05  1.770114962373581E-05  1.762883333283134E-05
  1.735560643202354E-05  1.728459971508429E-05  1.721377073607856E-05
  1.691154367016307E-05  1.684205125784059E-05  1.677273393227872E-05
  1.643387751364301E-05  1.636589088511519E-05  1.629807686031579E-05
  1.593590704034823E-05  1.586936870173528E-05  1.580300055894026E-05
  1.545658430936590E-05  1.539139951603127E-05  1.532638246447868E-05
  1.504704622759280E-05  1.498312130454440E-05  1.491936156177870E-05
  1.473203139989243E-05  1.466931788215329E-05  1.460676692594207E-05
  1.444663023444677E-05  1.438514354425713E-05  1.432381686774987E-05
  1.395602039311627E-05  1.389580640353348E-05  1.383575003625460E-05
  1.276852890548362E-05  1.270956652311210E-05  1.265075940927134E-05
