  3.444391703679589E+00  3.438210743905664E+00  3.432027062639965E+00

 -1.652569760189267E-06 -1.645015105964922E-06 -1.637478946497943E-06
 -1.820392640716400E-06 -1.812626439001717E-06 -1.804878956768208E-06
 -1.905344959431687E-06 -1.897351666815282E-06 -1.889377412702134E-06
 -9.926706379435870E-07 -9.881268920557609E-07 -9.835943354474567E-07
 -1.092756806947555E-06 -1.088093017832305E-06 -1.083440490786414E-06
 -1.143576103194059E-06 -1.138777863467143E-06 -1.133991060580755E-06
 -3.312201252512418E-07 -3.297022703191040E-07 -3.281881730678199E-07
 -3.643581081390877E-07 -3.628026326994918E-07 -3.612509181797511E-07
 -3.812577801285601E-07 -3.796579427599791E-07 -3.780619203420877E-07
  3.312201252512418E-07  3.297022703191040E-07  3.281881730678199E-07
  3.643581081390877E-07  3.628026326994918E-07  3.612509181797511E-07
  3.812577801285601E-07  3.796579427599791E-07  3.780619203420877E-07
  9.926706379435870E-07  9.881268920557609E-07  9.835943354474567E-07
  1.092756806947555E-06  1.088093017832305E-06  1.083440490786414E-06
  1.143576103194059E-06  1.138777863467143E-06  1.133991060580755E-06
  1.652569760189267E-06  1.645015105964922E-06  1.637478946497943E-06
  1.820392640716400E-06  1.812626439001717E-06  1.804878956768208E-06
  1.905344959431687E-06  1.897351666815282E-06  1.889377412702134E-06
  2.311232629388411E-06  2.300677489230386E-06  2.290148065962223E-06
  2.547082079899176E-06  2.536219734108694E-06  2.525383523791081E-06
  2.666297503328458E-06  2.655113624703740E-06  2.643956363056946E-06
  2.968993709785047E-06  2.955443054345975E-06  2.941925309610805E-06
  3.272737469406576E-06  3.258784413332930E-06  3.244864881679433E-06
  3.426221466771110E-06  3.411851939943378E-06  3.397516588656201E-06
  3.625863461884244E-06  3.609320045092998E-06  3.592816736200665E-06
  3.997229907945725E-06  3.980191083324812E-06  3.963193158113842E-06
  4.184910677758687E-06  4.167360803695176E-06  4.149852647883484E-06
  4.281598618891399E-06  4.262065939668281E-06  4.242580573639023E-06
  4.720355772877988E-06  4.700236461847708E-06  4.680165416371183E-06
  4.942139421468262E-06  4.921415072447367E-06  4.900739971207209E-06
  4.935879213728729E-06  4.913362676956874E-06  4.890900657459914E-06
  5.441865111717121E-06  5.418671527132142E-06  5.395533564954758E-06
  5.697661791689693E-06  5.673769656681833E-06  5.649934286130129E-06
  5.588415092652564E-06  5.562921840613882E-06  5.537490299120031E-06
  6.161496736637340E-06  6.135236212297777E-06  6.109038654851169E-06
  6.451221427219209E-06  6.424169157210939E-06  6.397181154476299E-06
  6.238962910013250E-06  6.210501290657776E-06  6.182108558859619E-06
  6.878995475442806E-06  6.849676422653015E-06  6.820427666284199E-06
  7.202559844101943E-06  7.172356095393673E-06  7.142224101415560E-06
  6.887302506896510E-06  6.855881742055646E-06  6.824537023321296E-06
  7.594113581257715E-06  7.561745402353193E-06  7.529454832639555E-06
  7.951419869256046E-06  7.918074297071853E-06  7.884807950022278E-06
  7.533214797129732E-06  7.498844928395383E-06  7.464558246129317E-06
  8.306606529362513E-06  8.271199576625443E-06  8.235877527233112E-06
  8.697545831452541E-06  8.661069078897935E-06  8.624679003171020E-06
  8.176474581286603E-06  8.139166546467804E-06  8.101948819417531E-06
  9.016229989574905E-06  8.977795568532455E-06  8.939453324290748E-06
  9.440682919189858E-06  9.401086616447954E-06  9.361584421286773E-06
  8.816853017087902E-06  8.776618719119191E-06  8.736481828720771E-06
  9.722739346616976E-06  9.681289732155240E-06  9.639939546087134E-06
  1.018057692073114E-05  1.013787369054468E-05  1.009527197608536E-05
  9.454121778246815E-06  9.410974104917869E-06  9.367930916334785E-06
  1.042589054404365E-05  1.038143898974710E-05  1.033709409220525E-05
  1.091697445944420E-05  1.087117792106128E-05  1.082549028269775E-05
  1.008805518549420E-05  1.004200799263314E-05  9.996072336486431E-06
  1.112544095132453E-05  1.107800168671133E-05  1.103067628152657E-05
  1.164962338561277E-05  1.160074815346233E-05  1.155198917974415E-05
  1.071843019653034E-05  1.066949829252426E-05  1.062068494898958E-05
  1.182114972903590E-05  1.177073795660776E-05  1.172044721827695E-05
  1.237827307897230E-05  1.232633476046987E-05  1.227452003107411E-05
  1.134502583058746E-05  1.129322496435283E-05  1.124154965318268E-05
  1.251277789451433E-05  1.245940978445181E-05  1.240616985333438E-05
  1.310267462783002E-05  1.304768982180613E-05  1.299283590533228E-05
  1.196762283138586E-05  1.191296968145158E-05  1.185844905080915E-05
  1.320008833520933E-05  1.314378101691748E-05  1.308760899120653E-05
  1.382258094615867E-05  1.376456723970746E-05  1.370669169101274E-05
  1.258600369394155E-05  1.252851586936187E-05  1.247116749530160E-05
  1.388284588194290E-05  1.382361744087236E-05  1.376453137295698E-05
  1.453774689813369E-05  1.447672286092742E-05  1.441584421663200E-05
  1.319995290391614E-05  1.313964894126848E-05  1.307949132456093E-05
  1.456081744458707E-05  1.449868691669537E-05  1.443670580711121E-05
  1.524792944067655E-05  1.518391461835274E-05  1.512005238844563E-05
  1.380925708778766E-05  1.374615644388941E-05  1.368320900474619E-05
  1.523377214609677E-05  1.516875951324559E-05  1.510390330591363E-05
  1.595288776230241E-05  1.588590267217321E-05  1.581907733567331E-05
  1.441370520081063E-05  1.434782824637586E-05  1.428211131639293E-05
  1.590148147786776E-05  1.583360766142925E-05  1.576589723810141E-05
  1.665238341968080E-05  1.658244954580653E-05  1.651268254668352E-05
  1.501308865420314E-05  1.494445666253504E-05  1.487599147366126E-05
  1.656371943758591E-05  1.649300628957024E-05  1.642246346120105E-05
  1.734618047886806E-05  1.727332026523084E-05  1.720063400575324E-05
  1.560720140855845E-05  1.553583654918743E-05  1.546464522895231E-05
  1.722026266362829E-05  1.714673296016797E-05  1.707338045959259E-05
  1.803404567252368E-05  1.795828251557825E-05  1.788270034878495E-05
  1.619584009859032E-05  1.612176543213605E-05  1.604787099551613E-05
  1.787089057324745E-05  1.779456800773646E-05  1.771842948274093E-05
  1.871574854912302E-05  1.863710678988430E-05  1.855865301069804E-05
  1.677880408081565E-05  1.670204355070274E-05  1.662546989374895E-05
  1.851538547489800E-05  1.843629465014548E-05  1.835739465572125E-05
  1.939106161031474E-05  1.930956652720493E-05  1.922826636545996E-05
  1.735589561758598E-05  1.727647403940587E-05  1.719724592937553E-05
  1.915353271171369E-05  1.907169913051136E-05  1.899006311967341E-05
  2.005976043835975E-05  1.997543823983429E-05  1.989131785356369E-05
  1.792692006161639E-05  1.784486310980061E-05  1.776300616970535E-05
  1.978512081916653E-05  1.970057087399092E-05  1.961622518760605E-05
  2.072162385470629E-05  2.063450166834994E-05  2.054758813303980E-05
  1.849168593561522E-05  1.840702013688569E-05  1.832256084037504E-05
  2.040994167167902E-05  2.032270263420575E-05  2.023567449014488E-05
  2.137643409406412E-05  2.128653995572998E-05  2.119686125250587E-05
  1.905000506864388E-05  1.896275779242270E-05  1.887572345407028E-05
  2.102779062449777E-05  2.093789063560923E-05  2.084820811901723E-05
  2.202397694776898E-05  2.193133979123405E-05  2.183892479725181E-05
  1.960169274674441E-05  1.951189219258263E-05  1.942231095452249E-05
  2.163846665845033E-05  2.154593471693541E-05  2.145362676851628E-05
  2.266404190914821E-05  2.256869155518476E-05  2.247357003261422E-05
  2.014656780926988E-05  2.005424299511605E-05  1.996214381671254E-05
  2.224177250794455E-05  2.214663845980380E-05  2.205173486535462E-05
  2.329642232167827E-05  2.319838946775671E-05  2.310059205261292E-05
  2.068445280174396E-05  2.058963354774073E-05  2.049504618763740E-05
  2.283751481194409E-05  2.273980933590069E-05  2.264234071200780E-05
  2.392091552788007E-05  2.382023173385523E-05  2.371978992279819E-05
  2.121517412178910E-05  2.111789104059823E-05  2.102084604757903E-05
  2.342550426570146E-05  2.332525885867446E-05  2.322525663793754E-05
  2.453732303311333E-05  2.443402070715656E-05  2.433096684343147E-05
  2.173856212285303E-05  2.163884660676523E-05  2.153937530855261E-05
  2.400555574848962E-05  2.390280271557389E-05  2.380029913668917E-05
  2.514545065777780E-05  2.503956304536279E-05  2.493393030668092E-05
  2.225445124555239E-05  2.215233545105082E-05  2.205046993697566E-05
  2.457748846901738E-05  2.447226090825377E-05  2.436728900096619E-05
  2.574510868282450E-05  2.563666985062816E-05  2.552849223410735E-05
  2.276268013526270E-05  2.265819696977895E-05  2.255397007792722E-05
  2.514112610870111E-05  2.503345789379757E-05  2.492605146137648E-05
  2.633611199866874E-05  2.622515681761730E-05  2.611446912245532E-05
  2.326309179930395E-05  2.315627490173507E-05  2.304972019931785E-05
  2.569629696722098E-05  2.558622273107023E-05  2.547641633346129E-05
  2.691828024781082E-05  2.680484437674239E-05  2.669168218735719E-05
  2.375553373466291E-05  2.364641745782872E-05  2.353756922425279E-05
  2.624283408716825E-05  2.613038920567865E-05  2.601821814414670E-05
  2.749143797220268E-05  2.737555784230853E-05  2.725995751410519E-05
  2.423985798323171E-05  2.412847737963809E-05  2.401737059279445E-05
  2.678057537652271E-05  2.666579595340920E-05  2.655129625509793E-05
  2.805541476623909E-05  2.793712756552681E-05  2.781912620841094E-05
  2.471592128042037E-05  2.460231208798575E-05  2.448898240864328E-05
  2.730936376091608E-05  2.719228660931891E-05  2.707549500871553E-05
  2.861004541682526E-05  2.848938906955787E-05  2.836902452734753E-05
  2.518358524382776E-05  2.506778386331775E-05  2.495226761344070E-05
  2.782904731792108E-05  2.770970994012693E-05  2.759066385899362E-05
  2.915517003021334E-05  2.903218317722156E-05  2.890949400835818E-05
  2.564271644954997E-05  2.552475992555686E-05  2.540709406812574E-05
  2.833947939381679E-05  2.821791996251342E-05  2.809665749068120E-05
  2.969063416930445E-05  2.956535614854599E-05  2.944038160675028E-05
  2.609318647668328E-05  2.597311248309273E-05  2.585333460894938E-05
  2.884051870268296E-05  2.871677604268118E-05  2.859333592022126E-05
  3.021628898580071E-05  3.008875981287241E-05  2.996153982716389E-05
  2.653487203444043E-05  2.641271885033084E-05  2.629086715454281E-05
  2.933202944013071E-05  2.920614300661361E-05  2.908056460202425E-05
  3.073199133145493E-05  3.060225167885073E-05  3.047282683305051E-05
  2.696765510169364E-05  2.684346158749830E-05  2.671957484351120E-05
  2.981388141716457E-05  2.968589127301885E-05  2.955821456079109E-05
  3.123760388488982E-05  3.110569505953932E-05  3.097410657023172E-05
  2.739142297776536E-05  2.726522855637326E-05  2.713934609922164E-05
  3.028595016312431E-05  3.015589695808081E-05  3.002616249807347E-05
  3.173299528364736E-05  3.159895920496173E-05  3.146524889929859E-05
  2.780606840476622E-05  2.767791304454474E-05  2.755007475288603E-05
  3.074811703108410E-05  3.061604198069018E-05  3.048429089631094E-05
  3.221804022453690E-05  3.208191940014534E-05  3.194612969153017E-05
  2.821148963977595E-05  2.808141383151793E-05  2.795166010371127E-05
  3.120026928488561E-05  3.106621414736403E-05  3.093248810273509E-05
  3.269261955862243E-05  3.255445706107817E-05  3.241663092593026E-05
  2.860759049680220E-05  2.847563522667636E-05  2.834400695550773E-05
  3.164230017560424E-05  3.150630722760750E-05  3.137064840380539E-05
  3.315662038883800E-05  3.301645983235926E-05  3.287664078690046E-05
  2.899428048197132E-05  2.886048720487756E-05  2.872702575092148E-05
  3.207410904235246E-05  3.193622105356762E-05  3.179867212312365E-05
  3.360993616402833E-05  3.346782167907066E-05  3.332605375438689E-05
  2.937147484682969E-05  2.923588547145820E-05  2.910063264648163E-05
  3.249560138567003E-05  3.235586159551973E-05  3.221646569888132E-05
  3.405246677266139E-05  3.390844297967537E-05  3.376477069471928E-05
  2.973909460351531E-05  2.960175146842399E-05  2.946474951255549E-05
  3.290668891900720E-05  3.276514101401483E-05  3.262394173696236E-05
  3.448411860172009E-05  3.433823058657685E-05  3.419269892369191E-05
  3.009706661278496E-05  2.995801245257940E-05  2.981930400171775E-05
  3.330728964254776E-05  3.316397772816241E-05  3.302101907421207E-05
  3.490480460273647E-05  3.475709789232876E-05  3.460975227396695E-05
  3.044532367784091E-05  3.030460160330306E-05  3.016422966695235E-05
  3.369732791936602E-05  3.355229649371799E-05  3.340762285777179E-05
  3.531444438015484E-05  3.516496491299283E-05  3.501585117174442E-05
  3.078380452044069E-05  3.064145799761578E-05  3.049946593954078E-05
  3.407673450976606E-05  3.393002843960544E-05  3.378368458345625E-05
  3.571296423856491E-05  3.556175833596859E-05  3.541092268528381E-05
  3.111245379977132E-05  3.096852661816119E-05  3.082495812429818E-05
  3.444544659778838E-05  3.429711109031738E-05  3.414914211466037E-05
  3.610029720508007E-05  3.594741154596231E-05  3.579490055559798E-05
  3.143122216231997E-05  3.128575840821824E-05  3.114065745959261E-05
  3.480340783307748E-05  3.465348840870775E-05  3.450393972636879E-05
  3.647638308564287E-05  3.632186467889665E-05  3.616772524751876E-05
  3.174006627130362E-05  3.159311030757594E-05  3.144652116163070E-05
  3.515056836546472E-05  3.499911083205995E-05  3.484802814207370E-05
  3.684116851214417E-05  3.668506466720290E-05  3.652934399229202E-05
  3.203894886166817E-05  3.189054529985897E-05  3.174251246080758E-05
  3.548688487200845E-05  3.533393529754006E-05  3.518136455801158E-05
  3.719460694505727E-05  3.703696524460343E-05  3.687971079571729E-05
  3.232783869399087E-05  3.217803236405123E-05  3.202860055325090E-05
  3.581232055157463E-05  3.565792523617739E-05  3.550391263616693E-05
  3.753665867751067E-05  3.737752694854480E-05  3.721878643868120E-05
  3.260671049743327E-05  3.245554642117637E-05  3.230476055169994E-05
  3.612684510705169E-05  3.597105055370675E-05  3.581564248386165E-05
  3.786729085276887E-05  3.770671713658988E-05  3.754653849182150E-05
  3.287554502514904E-05  3.272306839374704E-05  3.257097354674531E-05
  3.643043475389048E-05  3.627328764166874E-05  3.611653066805150E-05
  3.818647746320626E-05  3.802450998585202E-05  3.786294131585655E-05
  3.313432911298659E-05  3.298058525647362E-05  3.282722665119302E-05
  3.672307223545652E-05  3.656461939147195E-05  3.640656022725857E-05
  3.849419932634568E-05  3.833088647110823E-05  3.816797604208230E-05
  3.338305560072571E-05  3.322808996303494E-05  3.307351293130861E-05
  3.700474678242708E-05  3.684503515468684E-05  3.668572063285126E-05
  3.879044407771800E-05  3.862583435642571E-05  3.846163056214544E-05
  3.362172322291393E-05  3.346558133509141E-05  3.330983129477303E-05
  3.727545406212728E-05  3.711453069072906E-05  3.695400773579238E-05
  3.907520614210069E-05  3.890934816449148E-05  3.874389949575429E-05
  3.385033662351449E-05  3.369306407193073E-05  3.353618649763133E-05
  3.753519616342072E-05  3.737310815118618E-05  3.721142375028161E-05
  3.934848668264579E-05  3.918142912788517E-05  3.901478414423976E-05
  3.406890636594614E-05  3.391054877054604E-05  3.375258916853364E-05
  3.778398156510660E-05  3.762077605121180E-05  3.745797722645974E-05
  3.961029356874111E-05  3.944208515447561E-05  3.927429245369162E-05
  3.427744877879354E-05  3.411805176776099E-05  3.395905565133393E-05
  3.802182504995469E-05  3.785754918101436E-05  3.769368296128851E-05
  3.986064132162191E-05  3.969133077485452E-05  3.952243896297122E-05
  3.447598590077935E-05  3.431559507870127E-05  3.415560793836457E-05
  3.824874763951604E-05  3.808344854082410E-05  3.791856193379382E-05
  4.009955103919598E-05  3.992918706808597E-05  3.975924473204488E-05
  3.466454551951883E-05  3.450320643966448E-05  3.434227371356975E-05
  3.846477655472900E-05  3.829850130420232E-05  3.813264126991573E-05
  4.032705033190573E-05  4.015568159847570E-05  3.998473727922373E-05
  3.484316102858363E-05  3.468091917242404E-05  3.451908622717851E-05
  3.866994513307963E-05  3.850274073513268E-05  3.833595415952127E-05
  4.054317325179607E-05  4.037084834345059E-05  4.019895050616535E-05
  3.501187136201060E-05  3.484877211294879E-05  3.468608421680489E-05
  3.886429273825165E-05  3.869620609452534E-05  3.852853976049241E-05
  4.074796019623932E-05  4.057472759423133E-05  4.040192459809056E-05
  3.517072094392099E-05  3.500680955785344E-05  3.484331185077841E-05
  3.904786468075136E-05  3.887894256214229E-05  3.871044312216989E-05
  4.094145781902079E-05  4.076736587151180E-05  4.059370594286405E-05
  3.531975957932493E-05  3.515508115754908E-05  3.499081862532163E-05
  3.922071212448238E-05  3.905100114631810E-05  3.888171509682114E-05
  4.112371894147824E-05  4.094881583693849E-05  4.077434704186335E-05
  3.545904229745056E-05  3.529364176552976E-05  3.512865921831511E-05
  3.938289195811737E-05  3.921243855382984E-05  3.904241220917001E-05
  4.129480243113319E-05  4.111913616912145E-05  4.094390638471926E-05
  3.558862923035974E-05  3.542255131425443E-05  3.525689336310059E-05
  3.953446668744215E-05  3.936331708098102E-05  3.919259654672742E-05
  4.145477308586494E-05  4.127839145087548E-05  4.110244833967570E-05
  3.570858558813101E-05  3.554187478551201E-05  3.537558581273509E-05
  3.967550434502518E-05  3.950370452732106E-05  3.933233567611906E-05
  4.160370152214699E-05  4.142665205821692E-05  4.125004304262150E-05
  3.581898156382002E-05  3.565168212236706E-05  3.548480626048124E-05
  3.980607837695861E-05  3.963367408133881E-05  3.946170252796405E-05
  4.174166405514573E-05  4.156399403832430E-05  4.138676627246810E-05
  3.591989215038055E-05  3.575204804430147E-05  3.558462915325520E-05
  3.992626749346852E-05  3.975330416911494E-05  3.958077524501768E-05
  4.186874255609740E-05  4.169049896919138E-05  4.151269931429104E-05
  3.601139705453108E-05  3.584305195830995E-05  3.567513359819751E-05
  4.003615554851259E-05  3.986267833559301E-05  3.968963706373319E-05
  4.198502430910910E-05  4.180625381607544E-05  4.162792881564661E-05
  3.609358056975377E-05  3.592477783956236E-05  3.575640325260423E-05
  4.013583140362368E-05  3.996188511095896E-05  3.978837618317735E-05
  4.209060188520807E-05  4.191135080541216E-05  4.173254665885631E-05
  3.616653137429380E-05  3.599731402617476E-05  3.582852611578512E-05
  4.022538876759241E-05  4.005101785186242E-05  3.987708560836654E-05
  4.218557299374085E-05  4.200588728064254E-05  4.182664982152422E-05
  3.623034246215157E-05  3.606075315031827E-05  3.589159445785670E-05
  4.030492607096117E-05  4.013017461314541E-05  3.995586301896882E-05
  4.227004032239928E-05  4.208996553891891E-05  4.191034021067689E-05
  3.628511103451450E-05  3.611519202718325E-05  3.594570470897372E-05
  4.037454632576843E-05  4.019945800673977E-05  4.002481062777428E-05
  4.234411137072659E-05  4.216369266629043E-05  4.198372449987161E-05
  3.633093830701706E-05  3.616073146451590E-05  3.599095726982793E-05
  4.043435695665363E-05  4.025897503644687E-05  4.008403501869705E-05
  4.240789829643353E-05  4.222718038513248E-05  4.204691397746915E-05
  3.636792935509894E-05  3.619747611710393E-05  3.602745637483964E-05
  4.048446964995779E-05  4.030883694972327E-05  4.013364700064528E-05
  4.246151777086688E-05  4.228054490871578E-05  4.210002439915203E-05
  3.639619303314749E-05  3.622553439779603E-05  3.605530999672745E-05
  4.052500020702466E-05  4.034915908927758E-05  4.017376145870363E-05
  4.250509079523148E-05  4.232390676109346E-05  4.214317581246065E-05
  3.641584174649847E-05  3.624501824665354E-05  3.607462961169729E-05
  4.055606835767590E-05  4.038006070433800E-05  4.020449716300502E-05
  4.253874252242163E-05  4.235739059882676E-05  4.217649237893431E-05
  3.642699128396780E-05  3.625604297354594E-05  3.608553005085201E-05
  4.057779760540708E-05  4.040166479927633E-05  4.022597661949293E-05
  4.256260209848924E-05  4.238112504904342E-05  4.220010220806561E-05
  3.642976073330041E-05  3.625872716875653E-05  3.608812940763705E-05
  4.059031507833818E-05  4.041409798612145E-05  4.023832592509796E-05
  4.257680248680839E-05  4.239524253770001E-05  4.221413718964048E-05
  3.642427232237602E-05  3.625319254611786E-05  3.608254888391577E-05
  4.059375135538192E-05  4.041749031106843E-05  4.024167459440260E-05
  4.258148029916111E-05  4.239987912300308E-05  4.221873282944138E-05
  3.641065123627491E-05  3.623956376505056E-05  3.606891261459006E-05
  4.058824028953660E-05  4.041197507800445E-05  4.023615538378367E-05
  4.257677562138563E-05  4.239517431986092E-05  4.221402807221677E-05
  3.638902546524301E-05  3.621796826974743E-05  3.604734749876058E-05
  4.057391884635808E-05  4.039768868804570E-05  4.022190413063294E-05
  4.256283181067473E-05  4.238127090062685E-05  4.220016510596352E-05
  3.635952568491151E-05  3.618853617538223E-05  3.601798309153167E-05
  4.055092691933456E-05  4.037477045708450E-05  4.019905957377771E-05
  4.253979529031085E-05  4.235831468968885E-05  4.217728915771033E-05
  3.632228502851821E-05  3.615140004759361E-05  3.598095139297358E-05
  4.051940714029143E-05  4.034336242519079E-05  4.016776316378364E-05
  4.250781538180386E-05  4.232645439540132E-05  4.214554832455325E-05
  3.627743895349684E-05  3.610669476128166E-05  3.593638669688319E-05
  4.047950474219063E-05  4.030360921697108E-05  4.012815891913187E-05
  4.246704415464188E-05  4.228584145288683E-05  4.210509341087147E-05
  3.622512511370427E-05  3.605455736844682E-05  3.588442545531786E-05
  4.043136742363169E-05  4.025565790123068E-05  4.008039328193390E-05
  4.241763631096721E-05  4.223662990155672E-05  4.205607779743332E-05
  3.616548318174677E-05  3.599512692591608E-05  3.582520611241074E-05
  4.037514521820359E-05  4.019965786211417E-05  4.002461498915472E-05
  4.235974908107893E-05  4.217897628827618E-05  4.199865734864757E-05
  3.609865474436795E-05  3.592854439244935E-05  3.575886899926222E-05
  4.031099032066669E-05  4.013576064164666E-05  3.996097492869050E-05
  4.229354200171869E-05  4.211303947299710E-05  4.193299024423597E-05
  3.602478310879568E-05  3.585495244081496E-05  3.568555615442370E-05
  4.023905679416911E-05  4.006411966857641E-05  3.988962589047645E-05
  4.221917651387677E-05  4.203898025940701E-05  4.185923664245242E-05
  3.594401308934188E-05  3.577449526273917E-05  3.560541114460046E-05
  4.015950021024126E-05  3.998488990714967E-05  3.981072222757776E-05
  4.213681546698915E-05  4.195696090187568E-05  4.177755819733490E-05
  3.585649075610045E-05  3.568731832272959E-05  3.551857882638034E-05
  4.007247734215906E-05  3.989822752534618E-05  3.972441950593209E-05
  4.204662278477976E-05  4.186714471960180E-05  4.168811763174608E-05
  3.576236320798146E-05  3.559356810426973E-05  3.542520507307820E-05
  3.997814615535225E-05  3.980428981728965E-05  3.963087436607305E-05
  4.194876365368023E-05  4.176969617405609E-05  4.159107871214221E-05
  3.566177853624650E-05  3.549339202540658E-05  3.532543664344957E-05
  3.987666628065655E-05  3.970323559047918E-05  3.953024482381414E-05
  4.184340548559698E-05  4.166478170363834E-05  4.148660695305801E-05
  3.555488615417920E-05  3.538693871042617E-05  3.521942139623847E-05
  3.976819996669260E-05  3.959522605266361E-05  3.942269108506225E-05
  4.173071950935889E-05  4.155257124247617E-05  4.137487104807950E-05
  3.544183749303843E-05  3.527435864187213E-05  3.510730889589745E-05
  3.965291324581468E-05  3.948042597562770E-05  3.930837669432388E-05
  4.161088239967348E-05  4.143323989447239E-05  4.125604456723642E-05
  3.532278690826495E-05  3.515580505179620E-05  3.498925127864536E-05
  3.953097682427793E-05  3.935900466685923E-05  3.918746957552601E-05
  4.148407718548852E-05  4.130696901044770E-05  4.113030718679153E-05
  3.519789239743430E-05  3.503143469603895E-05  3.486540407211318E-05
  3.940256628472235E-05  3.923113630574408E-05  3.906014249691457E-05
  4.135049297321467E-05  4.117394612401493E-05  4.099784483761011E-05
  3.506731576967115E-05  3.490140811895261E-05  3.473592655517563E-05
  3.926786145178273E-05  3.909699943559787E-05  3.892657269512627E-05
  4.121032348863070E-05  4.103436366200069E-05  4.085884859748771E-05
  3.493122233713618E-05  3.476588942597506E-05  3.460098161467656E-05
  3.912704519843216E-05  3.895677583445984E-05  3.878694082487056E-05
  4.106376500027285E-05  4.088841690637630E-05  4.071351271657052E-05
  3.478978024106577E-05  3.462504566690606E-05  3.446073519057291E-05
  3.898030222494398E-05  3.881064926457204E-05  3.864142969137778E-05
  4.091101456209918E-05  4.073630212320530E-05  4.056203265418732E-05
  3.464315952596054E-05  3.447904589901672E-05  3.431535533793469E-05
  3.882781823109230E-05  3.865880454732484E-05  3.849022323616374E-05
  4.075226924239606E-05  4.057821561086527E-05  4.040460394966147E-05
  3.449153147170008E-05  3.432806047226249E-05  3.416501147328370E-05
  3.866977972298125E-05  3.850142727660487E-05  3.833350615260911E-05
  4.058772641419881E-05  4.041435384942554E-05  4.024142221655495E-05
  3.433506833320546E-05  3.417226072244481E-05  3.400987401799194E-05
  3.850637427218046E-05  3.833870404943235E-05  3.817146407450080E-05
  4.041758455072437E-05  4.024491428225798E-05  4.007268388787930E-05
  3.417394332552663E-05  3.401181892982835E-05  3.385011432134962E-05
  3.833779065145746E-05  3.817082265224907E-05  3.800428380114007E-05
  4.024204352623850E-05  4.007009574146832E-05  3.989858674854631E-05
  3.400833052632478E-05  3.384690825160868E-05  3.368590461627733E-05
  3.816421836650573E-05  3.799797168335170E-05  3.783215300998858E-05
  4.006130379429296E-05  3.989009778482025E-05  3.971932943536738E-05
  3.383840436462545E-05  3.367770225069030E-05  3.351741759288681E-05
  3.798584669595586E-05  3.782033962581508E-05  3.765525937702441E-05
  3.987556494472000E-05  3.970511927695065E-05  3.953511007249527E-05
  3.366433903506592E-05  3.350437431364715E-05  3.334482582675896E-05
  3.780286416231059E-05  3.763811421255717E-05  3.747378985600794E-05
  3.968502522201359E-05  3.951535769226788E-05  3.934612538837273E-05
  3.348630839534509E-05  3.332709747020756E-05  3.316830152944971E-05
  3.761545938381038E-05  3.745148308638413E-05  3.728793114799300E-05
  3.948988335221425E-05  3.932101063481528E-05  3.915257192150516E-05
  3.330448667826483E-05  3.314604499164338E-05  3.298801703271500E-05
  3.742382297014350E-05  3.726063563962184E-05  3.709787145193914E-05
  3.929034166663359E-05  3.912227895636480E-05  3.895464907239518E-05
  3.311904950767662E-05  3.296139143091026E-05  3.280414582466427E-05
  3.722814818800664E-05  3.706576399406163E-05  3.690380170891142E-05
  3.908660646929906E-05  3.891936772738963E-05  3.875256060089096E-05
  3.293017366268116E-05  3.277331264278061E-05  3.261686279917620E-05
  3.702862755644090E-05  3.686706019104177E-05  3.670591337412596E-05
  3.887888151492633E-05  3.871248065615769E-05  3.854650998704045E-05
  3.273803400733677E-05  3.258198309738978E-05  3.242634195626860E-05
  3.682544540963505E-05  3.666470907342154E-05  3.650439169229434E-05
  3.866735609929849E-05  3.850180845860339E-05  3.833668922614127E-05
  3.254279843551565E-05  3.238757090440441E-05  3.223275156526221E-05
  3.661877207510379E-05  3.645888179887056E-05  3.629940868960664E-05
  3.845219823513193E-05  3.828752063039820E-05  3.812326942667163E-05
  3.234462527994222E-05  3.219023460151127E-05  3.203625042829621E-05
  3.640876883310407E-05  3.624973906849988E-05  3.609112476554631E-05
  3.823356703248908E-05  3.806977495888224E-05  3.790640755025262E-05
  3.214366882076565E-05  3.199012746426396E-05  3.183699102956424E-05
  3.619560797681751E-05  3.603744954531174E-05  3.587970535666674E-05
  3.801164747530289E-05  3.784875017211972E-05  3.768627667206797E-05
  3.194009407561804E-05  3.178741140221773E-05  3.163513243057613E-05
  3.597949801475337E-05  3.582221552584104E-05  3.566534672298718E-05
  3.778668661871616E-05  3.762468392038164E-05  3.746310514024164E-05
  3.173409215397911E-05  3.158227306794993E-05  3.143085687613557E-05
  3.576068920877845E-05  3.560428237529447E-05  3.544828887133998E-05
  3.755899006956485E-05  3.739787630182021E-05  3.723718657738487E-05
  3.152587850465226E-05  3.137492515924167E-05  3.122437388953758E-05
  3.553943394009367E-05  3.538390509261107E-05  3.522878820438881E-05
  3.732884473977096E-05  3.716862205845446E-05  3.700882154192089E-05
  3.131565834058126E-05  3.116557617834622E-05  3.101589433005989E-05
  3.531589870867447E-05  3.516126506723991E-05  3.500703945385721E-05
  3.709637667129139E-05  3.693707371657159E-05  3.677818685875849E-05
  3.110356018575568E-05  3.095436698364886E-05  3.080557026769606E-05
  3.509006062812163E-05  3.493636565669379E-05  3.478307116861272E-05
  3.686140885138983E-05  3.670309463379675E-05  3.654518524699376E-05
  3.088956197136146E-05  3.074129589735886E-05  3.059341966690731E-05
  3.486164571550810E-05  3.470896253563866E-05  3.455666886124386E-05
  3.662340999258173E-05  3.646619283110710E-05  3.630936513298792E-05
  3.067344840721064E-05  3.052617044471209E-05  3.037927297364059E-05
  3.463015571489804E-05  3.447857896375480E-05  3.432737882389090E-05
  3.638159021829321E-05  3.622559901686571E-05  3.606998075227456E-05
  3.045482948496997E-05  3.030861793586894E-05  3.016277584008045E-05
  3.439498435434396E-05  3.424461336557465E-05  3.409460634874072E-05
  3.613511621223969E-05  3.598047209860978E-05  3.582618658839947E-05
  3.023321980374192E-05  3.008815878602178E-05  2.994345600188711E-05
  3.415557126538212E-05  3.400649265420830E-05  3.385776738988046E-05
  3.588334207163898E-05  3.573013476982031E-05  3.557727597971060E-05
  3.000814525758775E-05  2.986431237481945E-05  2.972082762413082E-05
  3.391151958769867E-05  3.376379743264788E-05  3.361642059886759E-05
  3.562594005764165E-05  3.547422037309918E-05  3.532284323630759E-05
  2.977922980264267E-05  2.963668825773691E-05  2.949448644997700E-05
  3.366262813542652E-05  3.351630489877963E-05  3.337032096289260E-05
  3.536287902267461E-05  3.521266855375449E-05  3.506279701024695E-05
  2.954622983664458E-05  2.940502729443505E-05  2.926415762144510E-05
  3.340884241223395E-05  3.326394732051056E-05  3.311938638386797E-05
  3.509429125012046E-05  3.494560044970355E-05  3.479724518851038E-05
  2.930901558553853E-05  2.916918821970684E-05  2.902968777614905E-05
  3.315017191567293E-05  3.300673023444603E-05  3.286361753346672E-05
  3.482032396039485E-05  3.467316685237695E-05  3.452634090846879E-05
  2.906752532253577E-05  2.892910329694117E-05  2.879100258880479E-05
  3.288662675383782E-05  3.274466487186097E-05  3.260302647143560E-05
  3.454105676350106E-05  3.439545576672774E-05  3.425018055100804E-05
  2.882172411333214E-05  2.868473531756455E-05  2.854806229268640E-05
  3.261819839384849E-05  3.247774384478468E-05  3.233760715088933E-05
  3.425650384195647E-05  3.411248608930047E-05  3.396878840690311E-05
  2.857158452358147E-05  2.843605560193122E-05  2.830083696304491E-05
  3.234487424580806E-05  3.220595316937654E-05  3.206734451046534E-05
  3.396666285743038E-05  3.382425400756608E-05  3.368215983227873E-05
  2.831708713908189E-05  2.818304280611808E-05  2.804930344172760E-05
  3.206665950751661E-05  3.192929454900023E-05  3.179223691730927E-05
  3.367155883991867E-05  3.353077948440664E-05  3.339030993109174E-05
  2.805822841412272E-05  2.792569057953440E-05  2.779345265076836E-05
  3.178358704130201E-05  3.164779701172449E-05  3.151230952560851E-05
  3.337125656319223E-05  3.323212239486154E-05  3.309329352441691E-05
  2.779502519568197E-05  2.766401274828462E-05  2.753329538759053E-05
  3.149571321861615E-05  3.136151399775558E-05  3.122761272394756E-05
  3.306584775166267E-05  3.292837159468455E-05  3.279119636309012E-05
  2.752751319740822E-05  2.739804239817388E-05  2.726886205414021E-05
  3.120310851742727E-05  3.107051405848497E-05  3.093821305004001E-05
  3.275543359304658E-05  3.261962704393043E-05  3.248411705891487E-05
  2.725574233631922E-05  2.712782735675937E-05  2.700019833692409E-05
  3.090585099052078E-05  3.077487378521384E-05  3.064418561345628E-05
  3.244011618717075E-05  3.230599002139125E-05  3.217215608046941E-05
  2.697977259664830E-05  2.685342586788569E-05  2.672736071650401E-05
  3.060402466169289E-05  3.047467572360270E-05  3.034561150066618E-05
  3.211999941629096E-05  3.198756320582433E-05  3.185541496327446E-05
  2.669967211858744E-05  2.657490444759802E-05  2.645041408297536E-05
  3.029772059219424E-05  3.017000930271040E-05  3.004257852695864E-05
  3.179519302627775E-05  3.166445470669521E-05  3.153400022076699E-05
  2.641551685946463E-05  2.629233744118226E-05  2.616943117253094E-05
  2.998703781668416E-05  2.986097187718224E-05  2.973518236813599E-05
  3.146581494187108E-05  3.133678069809483E-05  3.120802627646020E-05
  2.612739043951871E-05  2.600580688641192E-05  2.588449243791476E-05
  2.967208295748995E-05  2.954766849220756E-05  2.942352647785157E-05
  3.113199067504111E-05  3.100466511961573E-05  3.087761547069530E-05
  2.583538356312372E-05  2.571540198853101E-05  2.559568557488585E-05
  2.935296883058033E-05  2.923021056885835E-05  2.910772086340321E-05
  3.079385108221501E-05  3.066823753630693E-05  3.054289605001443E-05
  2.553959296560872E-05  2.542121810716750E-05  2.530310455626812E-05
  2.902981287281510E-05  2.890871430880467E-05  2.878788048135866E-05
  3.045153023588816E-05  3.032763092507601E-05  3.020399988578818E-05
  2.524012035418406E-05  2.512335569241511E-05  2.500684856885794E-05
  2.870273617222364E-05  2.858329963255818E-05  2.846412408600100E-05
  3.010516455534829E-05  2.998298062812479E-05  2.986106125254921E-05
  2.493707178109037E-05  2.482191961135882E-05  2.470702129117736E-05
  2.837186328332047E-05  2.825408992230061E-05  2.813657389108767E-05
  2.975489316274105E-05  2.963442460984162E-05  2.951421696969511E-05
  2.463055718909224E-05  2.451701865236337E-05  2.440373035528899E-05
  2.803732224891773E-05  2.792121205852308E-05  2.780535561334574E-05
  2.940085839417349E-05  2.928210403739531E-05  2.916360703233889E-05
  2.432068994657374E-05  2.420876507311464E-05  2.409708690571350E-05
  2.769924422904812E-05  2.758479612186312E-05  2.747059824477941E-05
  2.904320539025759E-05  2.892616300313830E-05  2.880937446850342E-05
  2.400758621195097E-05  2.389727399860262E-05  2.378720502783162E-05
  2.735776268824061E-05  2.724497461099091E-05  2.713243330857971E-05
  2.868208088347587E-05  2.856674734388133E-05  2.845166420779373E-05
  2.369136424506562E-05  2.358266273023960E-05  2.347420105893235E-05
  2.701301261263736E-05  2.690188160927731E-05  2.679099398466229E-05
  2.831763227202017E-05  2.820400361571345E-05  2.809062196825948E-05
  2.337214432929862E-05  2.326505063809349E-05  2.315819345389737E-05
  2.666513022086339E-05  2.655565243744737E-05  2.644641470032760E-05
  2.795000759830157E-05  2.783807897361879E-05  2.772639402810195E-05
  2.305004927600039E-05  2.294455963514647E-05  2.283930322846787E-05
  2.631425298953580E-05  2.620642368127729E-05  2.609883115020492E-05
  2.757935585684076E-05  2.746912151129590E-05  2.735912757834903E-05
  2.272520453131749E-05  2.262131430089536E-05  2.251765409410615E-05
  2.596051950015980E-05  2.585433308942283E-05  2.574838024286042E-05
  2.720582677262479E-05  2.709728014249545E-05  2.698897070822252E-05
  2.239773649934503E-05  2.229544025329699E-05  2.219337087701441E-05
  2.560406904048352E-05  2.549951919823263E-05  2.539519975717501E-05
  2.682957021989725E-05  2.672270404560023E-05  2.661607189306105E-05
  2.206776925124896E-05  2.196706086830466E-05  2.186657625351325E-05
  2.524504126359883E-05  2.514212095323518E-05  2.503942793199234E-05
  2.645073609312390E-05  2.634554244898745E-05  2.624057970063819E-05
  2.173542293744313E-05  2.163629563766687E-05  2.153738905673709E-05
  2.488357597225444E-05  2.478227745374692E-05  2.468120316649156E-05
  2.606947451675331E-05  2.596594476777933E-05  2.586264284525332E-05
  2.140081798595139E-05  2.130326427057526E-05  2.120592827820624E-05
  2.451981260284186E-05  2.442012744845416E-05  2.432066352007821E-05
  2.568593510298818E-05  2.558405991279368E-05  2.548240953315714E-05
  2.106408456783408E-05  2.096809611882246E-05  2.087232244868686E-05
  2.415388929257119E-05  2.405580844606585E-05  2.395794586613785E-05
  2.530026482287087E-05  2.520003425987832E-05  2.510002553370039E-05
  2.072536808798954E-05  2.063093581393309E-05  2.053671542284315E-05
  2.378594255115499E-05  2.368945639152914E-05  2.359318558094177E-05
  2.491260674357139E-05  2.481401037653083E-05  2.471563290895757E-05
  2.038481737950255E-05  2.029193169743820E-05  2.019925504586080E-05
  2.341610883525551E-05  2.332120718203972E-05  2.322651800457200E-05
  2.452310289855374E-05  2.442612976087812E-05  2.432937262751507E-05
  2.004255370082287E-05  1.995120491146096E-05  1.986006233970528E-05
  2.304452738521500E-05  2.295119946445605E-05  2.285808119353891E-05
  2.413190103185312E-05  2.403653950828317E-05  2.394139114403405E-05
  1.969864521523108E-05  1.960882361234585E-05  1.951920545762785E-05
  2.267134086528269E-05  2.257957532880298E-05  2.248801666256170E-05
  2.373915844074794E-05  2.364539626949761E-05  2.355184445880305E-05
  1.935313057623362E-05  1.926482592929772E-05  1.917672201153218E-05
  2.229669010198220E-05  2.220647514817963E-05  2.211646432481198E-05
  2.334503367279749E-05  2.325285816078212E-05  2.316089024492931E-05
  1.900611078082266E-05  1.891931134325797E-05  1.883270996950529E-05
  2.192070403511247E-05  2.183202755438407E-05  2.174355249981507E-05
  2.294966523737181E-05  2.285906355054427E-05  2.276866672554802E-05
  1.865785212521383E-05  1.857254406686193E-05  1.848743145577929E-05
  2.154349392990118E-05  2.145634352932652E-05  2.136939188927279E-05
  2.255315368990469E-05  2.246411293185563E-05  2.237527433884282E-05
  1.830876873126310E-05  1.822493713025558E-05  1.814129839174039E-05
  2.116516414313566E-05  2.107952697624165E-05  2.099408594775399E-05
  2.215557507589275E-05  2.206808196490747E-05  2.198078836910163E-05
  1.795918206612265E-05  1.787681360266321E-05  1.779463542960721E-05
  2.078584191912486E-05  2.070170442645350E-05  2.061776049333385E-05
  2.175703982361664E-05  2.167108010779436E-05  2.158531730467714E-05
  1.760894907698689E-05  1.752803458354518E-05  1.744730781747849E-05
  2.040570656328387E-05  2.032305437860900E-05  2.024059321213253E-05
  2.135776579635787E-05  2.127332389146444E-05  2.118907633481633E-05
  1.725731165281676E-05  1.717784536192941E-05  1.709856427028891E-05
  2.002497991583745E-05  1.994379817015062E-05  1.986280493231119E-05
  2.095808541926175E-05  2.087514483576609E-05  2.079239606389611E-05
  1.690337964038816E-05  1.682535341401051E-05  1.674750994138783E-05
  1.964385115065100E-05  1.956412515920176E-05  1.948458519395205E-05
  2.055831173743367E-05  2.047685644737399E-05  2.039559045565944E-05
  1.654726505458666E-05  1.647066032215834E-05  1.639423600744207E-05
  1.926236285321345E-05  1.918407877131073E-05  1.910597826465790E-05
  2.015848951348970E-05  2.007850553527480E-05  1.999870836615445E-05
  1.619111543752708E-05  1.611590005010298E-05  1.604086281707672E-05
  1.888035661268429E-05  1.880350138311613E-05  1.872682731221004E-05
  1.975821993190387E-05  1.967969563497041E-05  1.960135568823337E-05
  1.583873133515543E-05  1.576486821963154E-05  1.569118097251910E-05
  1.849759864946756E-05  1.842215879469996E-05  1.834689772098896E-05
  1.935683549505938E-05  1.927975936871042E-05  1.920286517678052E-05
  1.549290352435918E-05  1.542037023325576E-05  1.534801041561161E-05
  1.811411298937787E-05  1.804007264765012E-05  1.796620875264658E-05
  1.895405318427990E-05  1.887840955977743E-05  1.880294551100291E-05
  1.515138322479318E-05  1.508018997197839E-05  1.500916769716377E-05
  1.773054736931875E-05  1.765788699094886E-05  1.758540076689996E-05
  1.855081883400204E-05  1.847658444118230E-05  1.840252732324635E-05
  1.480463538107420E-05  1.473482331960586E-05  1.466517977571094E-05
  1.734821022551454E-05  1.727690760470800E-05  1.720577687454691E-05
  1.814960370876479E-05  1.807674893593178E-05  1.800406916744578E-05
  1.443926852034606E-05  1.437087834023720E-05  1.430265444036997E-05
  1.696844603210313E-05  1.689848019338046E-05  1.682868399160383E-05
  1.775335899708465E-05  1.768185556192374E-05  1.761052484730956E-05
  1.404848713750529E-05  1.398150953926984E-05  1.391469629314239E-05
  1.659139121945803E-05  1.652274743769806E-05  1.645427104093864E-05
  1.736301793277833E-05  1.729284983326857E-05  1.722285213614442E-05
  1.364525190871403E-05  1.357959250615611E-05  1.351409571310160E-05
  1.621476731069335E-05  1.614743976661600E-05  1.608027737102414E-05
  1.697472649142604E-05  1.690589680534546E-05  1.683723519827272E-05
  1.326820417278765E-05  1.320369725815918E-05  1.313935110609918E-05
  1.583383312525084E-05  1.576782210406591E-05  1.570197404021728E-05
  1.657911464301810E-05  1.651164098300595E-05  1.644433314068480E-05
  1.296976540963355E-05  1.290624507364108E-05  1.284288328933631E-05
  1.544343776126675E-05  1.537874133758629E-05  1.531420574951676E-05
  1.616480516279191E-05  1.609870279248916E-05  1.603276409689761E-05
  1.278366562038414E-05  1.272106114185120E-05  1.265861262226119E-05
  1.504203352057688E-05  1.497863778265555E-05  1.491540082407025E-05
  1.572632654028247E-05  1.566158721594825E-05  1.559700953778162E-05
  1.268410803911317E-05  1.262250193393952E-05  1.256104909519273E-05
  1.463580905576621E-05  1.457368320029260E-05  1.451171410034670E-05
  1.527310830410109E-05  1.520968854884753E-05  1.514642845672727E-05
  1.256373013369550E-05  1.250332789492434E-05  1.244307653491336E-05
  1.423961914400108E-05  1.417872006549846E-05  1.411797571203455E-05
  1.483297557974822E-05  1.477080503691192E-05  1.470879213287637E-05
  1.226293845919369E-05  1.220395057993754E-05  1.214511171750612E-05
  1.387109159008048E-05  1.381137713103617E-05  1.375181534262300E-05
  1.444263323175644E-05  1.438164211416652E-05  1.432080652820541E-05
  1.167327733274295E-05  1.161577824558356E-05  1.155842668040148E-05
  1.353566617921740E-05  1.347710993970007E-05  1.341870431076809E-05
  1.412020509895307E-05  1.406035586859948E-05  1.400066001678934E-05
  1.091526268478911E-05  1.085912739316194E-05  1.080313805843761E-05
  1.320289752902785E-05  1.314549488152538E-05  1.308824081881572E-05
  1.382013287480047E-05  1.376143371827553E-05  1.370288583213268E-05
  1.056836485432862E-05  1.051337019198029E-05  1.045851954953544E-05
  1.277680455847987E-05  1.272056114913684E-05  1.266446435874836E-05
  1.337590101202026E-05  1.331838196222973E-05  1.326101218018234E-05
  1.192166971713913E-05  1.186779908804499E-05  1.181407056970721E-05
  1.206390339766950E-05  1.200880226349322E-05  1.195384580857155E-05
  1.243798579028071E-05  1.238162894636205E-05  1.232541938714746E-05
