  3.444391703679589E+00  3.438210743905664E+00  3.432027062639965E+00

 -9.740126167293990E+00 -9.740790596778352E+00 -9.741267044237675E+00
 -9.937955742290672E+00 -9.936808529829715E+00 -9.935470505806189E+00
 -1.003519063374031E+01 -1.003300413463882E+01 -1.003062590907266E+01
 -6.153316322975758E+00 -6.153787023368150E+00 -6.154144972601508E+00
 -6.281056040279920E+00 -6.280384658164592E+00 -6.279599261220403E+00
 -6.344003839567099E+00 -6.342678780537102E+00 -6.341239517422298E+00
 -2.105131165491340E+00 -2.105299791790033E+00 -2.105430949423134E+00
 -2.149304589515082E+00 -2.149082700078494E+00 -2.148823206331433E+00
 -2.171099324936010E+00 -2.170654049246880E+00 -2.170171410168029E+00
  2.105131165491340E+00  2.105299791790033E+00  2.105430949423134E+00
  2.149304589515082E+00  2.149082700078494E+00  2.148823206331433E+00
  2.171099324936010E+00  2.170654049246880E+00  2.170171410168029E+00
  6.153316322975758E+00  6.153787023368150E+00  6.154144972601508E+00
  6.281056040279920E+00  6.280384658164592E+00  6.279599261220403E+00
  6.344003839567099E+00  6.342678780537102E+00  6.341239517422298E+00
  9.740126167293990E+00  9.740790596778352E+00  9.741267044237675E+00
  9.937955742290672E+00  9.936808529829715E+00  9.935470505806189E+00
  1.003519063374031E+01  1.003300413463882E+01  1.003062590907266E+01
  1.263519376714650E+01  1.263587765303458E+01  1.263630755889782E+01
  1.288332253656709E+01  1.288164809483743E+01  1.287971576111837E+01
  1.300477634950017E+01  1.300174616064014E+01  1.299845679745867E+01
  1.470591472030239E+01  1.470641307021375E+01  1.470661237929565E+01
  1.498157292065575E+01  1.497931967123216E+01  1.497676451126880E+01
  1.511569557882732E+01  1.511185887949462E+01  1.510771983421012E+01
  1.592548375023078E+01  1.592561100254481E+01  1.592542204521665E+01
  1.620654599657414E+01  1.620370924961323E+01  1.620055743499435E+01
  1.634221085416504E+01  1.633767368358840E+01  1.633282408660837E+01
  1.636027393539992E+01  1.635992102054114E+01  1.635926153011595E+01
  1.662834759853184E+01  1.662499852691419E+01  1.662134768962116E+01
  1.675652160359232E+01  1.675146981866299E+01  1.674612176989699E+01
  1.614190074122352E+01  1.614105454175461E+01  1.613992789510623E+01
  1.638394220407989E+01  1.638019827049322E+01  1.637617915788563E+01
  1.649848998019101E+01  1.649311969132214E+01  1.648747989846052E+01
  1.543244037592365E+01  1.543114624430958E+01  1.542960263614936E+01
  1.564068815104735E+01  1.563667043894724E+01  1.563240781158622E+01
  1.573815777905210E+01  1.573262692950724E+01  1.572685588210330E+01
  1.439241477133306E+01  1.439074801976188E+01  1.438886340514825E+01
  1.456346108202590E+01  1.455931428008187E+01  1.455495559368066E+01
  1.464249078682124E+01  1.463697858286390E+01  1.463125975131139E+01
  1.315913595186710E+01  1.315722767016224E+01  1.315513568904812E+01
  1.329301372165300E+01  1.328896261610376E+01  1.328473675498725E+01
  1.335395500405482E+01  1.334874294785216E+01  1.334336293248513E+01
  1.183812965209877E+01  1.183621152922480E+01  1.183414737487292E+01
  1.193772832362889E+01  1.193409205696473E+01  1.193031935963406E+01
  1.198251479118314E+01  1.197797492544087E+01  1.197330503082399E+01
  1.050597661806696E+01  1.050439163348829E+01  1.050269773984490E+01
  1.057684630889784E+01  1.057398232510712E+01  1.057101407062080E+01
  1.060892131004565E+01  1.060540670050827E+01  1.060178977998107E+01
  9.219939372551710E+00  9.219064762813517E+00  9.218109510293889E+00
  9.270009564881711E+00  9.268170064944515E+00  9.266244125537620E+00
  9.293898611338056E+00  9.291553909838443E+00  9.289117130190185E+00
  8.027095740892243E+00  8.027124157193423E+00  8.027083608520634E+00
  8.064690314290663E+00  8.063775663593407E+00  8.062775376328071E+00
  8.084291898867345E+00  8.082804601200698E+00  8.081219735737683E+00
  6.965748921830759E+00  6.966380173075563E+00  6.966938085352768E+00
  6.994552734937781E+00  6.993885294939728E+00  6.993125525604928E+00
  7.009693184116508E+00  7.008157033082156E+00  7.006518167418225E+00
  6.058228103555257E+00  6.058529818793765E+00  6.058751071198798E+00
  6.071436428422583E+00  6.069856148469055E+00  6.068190484331668E+00
  6.074745707579859E+00  6.071942664141784E+00  6.069057373709802E+00
  5.303561346170886E+00  5.302293883478693E+00  5.300955472186374E+00
  5.283828302080863E+00  5.280281264000567E+00  5.276687609163536E+00
  5.262538361535182E+00  5.257683987818019E+00  5.252807651958480E+00
  4.680696755451176E+00  4.677036418372762E+00  4.673340301420509E+00
  4.611152953294504E+00  4.605415779336604E+00  4.599697968822893E+00
  4.556198559734305E+00  4.549575753137975E+00  4.543013912181529E+00
  4.162900335694291E+00  4.157015334308482E+00  4.151142901745507E+00
  4.044205920962970E+00  4.037050829861430E+00  4.029978837993979E+00
  3.960807330519312E+00  3.953555098518858E+00  3.946429108466582E+00
  3.730606964213486E+00  3.723583584014802E+00  3.716609531407989E+00
  3.588928902263175E+00  3.581560964400900E+00  3.574307952746885E+00
  3.498024168950621E+00  3.491256713300618E+00  3.484635559472560E+00
  3.370026289480692E+00  3.363279916001535E+00  3.356592924713833E+00
  3.246279998955957E+00  3.239716231192299E+00  3.233261056533244E+00
  3.174211644482777E+00  3.168493400128701E+00  3.162900700405641E+00
  3.062317587820425E+00  3.057015915305465E+00  3.051761821077315E+00
  2.990484271539541E+00  2.985413426868916E+00  2.980421103162540E+00
  2.955657215490652E+00  2.951246034787682E+00  2.946919741762737E+00
  2.781146459746036E+00  2.777900480276540E+00  2.774684451095159E+00
  2.772261760096165E+00  2.769125359919085E+00  2.766033049149710E+00
  2.778012526972920E+00  2.775213097858610E+00  2.772456767967939E+00
  2.504715467058159E+00  2.503506440995167E+00  2.502316666766332E+00
  2.546701753089061E+00  2.545610119452616E+00  2.544537914704136E+00
  2.583135904689509E+00  2.582186992222833E+00  2.581250702020657E+00
  2.227451579314335E+00  2.227792808123260E+00  2.228151392012010E+00
  2.298334328387801E+00  2.298961828428553E+00  2.299598184510039E+00
  2.350546554544451E+00  2.351307573222018E+00  2.352067153631936E+00
  1.957074802521890E+00  1.958342106672708E+00  1.959627436358178E+00
  2.039436203693615E+00  2.041179539687129E+00  2.042929985388744E+00
  2.096056659064388E+00  2.098011747448819E+00  2.099963595322974E+00
  1.702871974107210E+00  1.704560199845084E+00  1.706263246324338E+00
  1.788880870521002E+00  1.791148286205122E+00  1.793421427041506E+00
  1.845151661339899E+00  1.847696187207052E+00  1.850238625266001E+00
  1.468706009434308E+00  1.470480015852059E+00  1.472260505447629E+00
  1.556177495613183E+00  1.558532485797750E+00  1.560887704431045E+00
  1.611375901499392E+00  1.614024764596635E+00  1.616669110419167E+00
  1.253632505438443E+00  1.255286592446367E+00  1.256938156814512E+00
  1.340503246529702E+00  1.342666086789664E+00  1.344821836622189E+00
  1.394121794961728E+00  1.396551979548886E+00  1.398972335198069E+00
  1.055463909591935E+00  1.056912859821938E+00  1.058355401082514E+00
  1.137705769816516E+00  1.139549037260903E+00  1.141381785855561E+00
  1.187831173713764E+00  1.189887611414617E+00  1.191931533829927E+00
  8.733312022686912E-01  8.745969393927475E-01  8.758570151837065E-01
  9.463333350605484E-01  9.478728935119876E-01  9.494034010344735E-01
  9.904248802260142E-01  9.921153123946608E-01  9.937950954373174E-01
  7.074892662217682E-01  7.085863637218236E-01  7.096731288772837E-01
  7.684163271730921E-01  7.697005511285986E-01  7.709732449973528E-01
  8.048480601245633E-01  8.062350906352669E-01  8.076099714820655E-01
  5.568344409031010E-01  5.575867963078432E-01  5.583073605341546E-01
  6.057593853229981E-01  6.066692897398244E-01  6.075491657887933E-01
  6.346218430030994E-01  6.356154003209327E-01  6.365797629846958E-01
  4.168737605510729E-01  4.168525421235959E-01  4.167640452912793E-01
  4.560854930778091E-01  4.562348290755604E-01  4.563199392419581E-01
  4.788238100944008E-01  4.790615387337521E-01  4.792366498855258E-01
  2.810992195891572E-01  2.798456695324746E-01  2.785000044391086E-01
  3.133830391963182E-01  3.123062928155119E-01  3.111378725165607E-01
  3.317788437666335E-01  3.307948473016366E-01  3.297196725773250E-01
  1.459524297832648E-01  1.434177208342329E-01  1.408114173952333E-01
  1.730675534470761E-01  1.706564302498939E-01  1.681679107098203E-01
  1.883301442109225E-01  1.859878972224071E-01  1.835657163020618E-01
  1.596595365586884E-02  1.285099055077915E-02  9.746851966140819E-03
  3.812362279786237E-02  3.500407151397137E-02  3.188316870430162E-02
  5.056556083071412E-02  4.745254265456356E-02  4.433231537117235E-02
 -9.551558763324071E-02 -9.785804819234965E-02 -1.000688714617573E-01
 -7.910728553508428E-02 -8.161753594879247E-02 -8.401033314187699E-02
 -6.978708651295999E-02 -7.237353341954846E-02 -7.484968655836438E-02
 -1.717271726736542E-01 -1.718523490553127E-01 -1.717398425270036E-01
 -1.618100251128267E-01 -1.622316341011839E-01 -1.624258359360514E-01
 -1.559540427598884E-01 -1.565199710180439E-01 -1.568639530101119E-01
 -2.005824287548735E-01 -1.975880134246708E-01 -1.943079716253483E-01
 -1.970623255227634E-01 -1.944111439048129E-01 -1.914776264772312E-01
 -1.946141269605647E-01 -1.921350984778054E-01 -1.893757631350173E-01
 -1.796947897315042E-01 -1.734817342345853E-01 -1.669982295965627E-01
 -1.815530930394816E-01 -1.756501917731748E-01 -1.694739202168932E-01
 -1.819856137441973E-01 -1.762415875504181E-01 -1.702230437143677E-01
 -1.157929329093828E-01 -1.069087543000384E-01 -9.781281416029604E-02
 -1.214755320392615E-01 -1.128154593695300E-01 -1.039359951083735E-01
 -1.239850761828808E-01 -1.154429051149452E-01 -1.066777960675897E-01
 -2.131398853299316E-02 -1.071705831864018E-02  1.718252181382847E-06
 -2.907254917110486E-02 -1.857558128070694E-02 -7.944388901680387E-03
 -3.276138821109097E-02 -2.232182943607997E-02 -1.174210929123938E-02
  8.806001857281580E-02  9.910123300911605E-02  1.101454268071328E-01
  8.006302761639233E-02  9.116151824723358E-02  1.022797007433495E-01
  7.613229272535717E-02  8.725123761178451E-02  9.839810875050686E-02
  1.949532053291110E-01  2.049954465652428E-01  2.149107125555548E-01
  1.885074168452486E-01  1.987720121223306E-01  2.089270692114507E-01
  1.852556266723271E-01  1.956245439913747E-01  2.058927972835757E-01
  2.833313994528815E-01  2.911175815864421E-01  2.986755958682683E-01
  2.798071227672725E-01  2.879395132996092E-01  2.958564482250566E-01
  2.779612077301392E-01  2.862634965195440E-01  2.943570970904164E-01
  3.428816121898008E-01  3.477502851099596E-01  3.523498905484294E-01
  3.428469952308665E-01  3.481065681629869E-01  3.531017993733743E-01
  3.427393725704695E-01  3.481956296753380E-01  3.533903841084680E-01
  3.714453853199289E-01  3.734402300685333E-01  3.751814044666117E-01
  3.746153996475500E-01  3.769673452242472E-01  3.790628679010185E-01
  3.761407004083513E-01  3.786757792610186E-01  3.809534187574060E-01
  3.734337845906475E-01  3.730528636010884E-01  3.724607573212910E-01
  3.789641640244631E-01  3.788562000959519E-01  3.785291414815441E-01
  3.817168371345550E-01  3.817514169811470E-01  3.815631279381038E-01
  3.559608651844098E-01  3.538178831266534E-01  3.515091134246912E-01
  3.628112317308006E-01  3.608347921243551E-01  3.586814594694445E-01
  3.662701104004449E-01  3.643829015150643E-01  3.623132653318161E-01
  3.258426876313421E-01  3.224946936181017E-01  3.190247453857323E-01
  3.330019175270397E-01  3.297083114972861E-01  3.262798451432175E-01
  3.366503973031684E-01  3.333887855497585E-01  3.299857491457748E-01
  2.887326968080630E-01  2.846882651942428E-01  2.805710121183577E-01
  2.953164932628916E-01  2.912196981736036E-01  2.870370179181037E-01
  2.986969525971637E-01  2.945769762552728E-01  2.903643752359464E-01
  2.495124495119932E-01  2.452860577290262E-01  2.410447433683269E-01
  2.548272664294124E-01  2.504599889666312E-01  2.460667410237252E-01
  2.575764592970763E-01  2.531396582926423E-01  2.486711030563089E-01
  2.126278400551438E-01  2.087326081496961E-01  2.048822066376134E-01
  2.162421791349581E-01  2.121497146151134E-01  2.080952105221956E-01
  2.181295302188591E-01  2.139373846279220E-01  2.097795072858573E-01
  1.818090041258116E-01  1.786732956781294E-01  1.756296202863654E-01
  1.836103716714554E-01  1.802629528578709E-01  1.770061808530255E-01
  1.845686815952796E-01  1.811128186490032E-01  1.777467102778364E-01
  1.593792439052388E-01  1.572399040811774E-01  1.552137273644470E-01
  1.595787277186583E-01  1.572553651456348E-01  1.550490961277545E-01
  1.597080851543852E-01  1.572893422303182E-01  1.549895602313726E-01
  1.456901792781571E-01  1.445324947277747E-01  1.434784492611606E-01
  1.447527851233957E-01  1.434700701159085E-01  1.422985610873562E-01
  1.442864902933517E-01  1.429379808217529E-01  1.417044797617554E-01
  1.391405261996888E-01  1.387272370017477E-01  1.383845627986357E-01
  1.376507017179304E-01  1.371837237079629E-01  1.367959930014335E-01
  1.368874272215391E-01  1.363911723584980E-01  1.359785957190259E-01
  1.368745709346069E-01  1.368530940163055E-01  1.368606115568908E-01
  1.353789148002991E-01  1.353672633643305E-01  1.353918326983178E-01
  1.346018526887333E-01  1.345939437421698E-01  1.346260293383073E-01
  1.358467466075653E-01  1.358804300358477E-01  1.359078699417731E-01
  1.347292456735244E-01  1.348141787320612E-01  1.348971527595363E-01
  1.341405506040269E-01  1.342511803774598E-01  1.343621430815345E-01
  1.337562649624090E-01  1.336201864179199E-01  1.334578201589584E-01
  1.331845101262560E-01  1.331144225527154E-01  1.330190996315669E-01
  1.328755548156640E-01  1.328394063311190E-01  1.327786463086277E-01
  1.294971668669271E-01  1.291088631705042E-01  1.286903582028258E-01
  1.294433286416196E-01  1.291133852842201E-01  1.287517890312293E-01
  1.294037164424566E-01  1.291042455488393E-01  1.287724270549817E-01
  1.230794470077321E-01  1.224728196922925E-01  1.218435721712120E-01
  1.233905316890424E-01  1.228216857409196E-01  1.222274948779402E-01
  1.235433718148871E-01  1.229945851641837E-01  1.224190661887733E-01
  1.152211691137093E-01  1.144929147904919E-01  1.137545924378206E-01
  1.157027329228439E-01  1.149888809967822E-01  1.142621759142817E-01
  1.159477975944860E-01  1.152419009772035E-01  1.145217022940837E-01
  1.068724190238759E-01  1.061293919912008E-01  1.053882244654533E-01
  1.073566677917737E-01  1.066095150783641E-01  1.058622181770753E-01
  1.076061428986429E-01  1.068571923655276E-01  1.061070353879176E-01
  9.885065955526080E-02  9.817392362752810E-02  9.750693104187874E-02
  9.923422267692432E-02  9.854339726785306E-02  9.786142821509110E-02
  9.943304269530477E-02  9.873504640379736E-02  9.804541869713811E-02
  9.165066482331267E-02  9.107978245827150E-02  9.052134971290934E-02
  9.190102316304302E-02  9.131457538298150E-02  9.074068755160830E-02
  9.203091077646192E-02  9.143634854732360E-02  9.085438198289039E-02
  8.541304333872654E-02  8.494740312755485E-02  8.449245076728676E-02
  8.555182272605588E-02  8.507496412872770E-02  8.460950132633925E-02
  8.562307453541565E-02  8.514025531882434E-02  8.466918898585353E-02
  8.000281633469115E-02  7.961422760942292E-02  7.923195380462311E-02
  8.007830628022637E-02  7.968505018780628E-02  7.929895017909733E-02
  8.011567243573332E-02  7.971983698140749E-02  7.933159471897602E-02
  7.514252470138877E-02  7.479249317406934E-02  7.444397368065951E-02
  7.520337793753321E-02  7.485433609434071E-02  7.450742938289985E-02
  7.523229829625765E-02  7.488365469696505E-02  7.453747699570587E-02
  7.054753613722989E-02  7.020291135177283E-02  6.985630247216269E-02
  7.062575567791600E-02  7.028518642329185E-02  6.994288749553934E-02
  7.066328464872021E-02  7.032477053020569E-02  6.998466791320730E-02
  6.602279116319325E-02  6.566522436062068E-02  6.530429877969111E-02
  6.612863808417853E-02  6.577543722421215E-02  6.541880201555916E-02
  6.618055462951375E-02  6.582962798837706E-02  6.547523475675264E-02
  6.150076763331444E-02  6.112842850392899E-02  6.075332304035927E-02
  6.162730135838052E-02  6.125779079920031E-02  6.088525767070628E-02
  6.169030492052938E-02  6.132230353003987E-02  6.095114974417008E-02
  5.702451450234162E-02  5.664761104016992E-02  5.626970170024674E-02
  5.715676310751570E-02  5.678057180499702E-02  5.640310212504107E-02
  5.722318679598996E-02  5.684741235510233E-02  5.647021785076323E-02
  5.269779001229383E-02  5.233130190224116E-02  5.196577460400962E-02
  5.282150163167303E-02  5.245404921068485E-02  5.208737893827198E-02
  5.288389773298543E-02  5.251598043097681E-02  5.214875041831588E-02
  4.863009578308766E-02  4.828720823257038E-02  4.794673579306052E-02
  4.873691391649126E-02  4.839229143447377E-02  4.805003123667533E-02
  4.879082287368591E-02  4.844531819211764E-02  4.810214601131335E-02
  4.489799949416445E-02  4.458641006595162E-02  4.427789117260763E-02
  4.498640005548599E-02  4.467314611744080E-02  4.436300571541030E-02
  4.503091209735841E-02  4.471679864173705E-02  4.440581948619137E-02
  4.153133390521817E-02  4.125282667174166E-02  4.097735432605241E-02
  4.160456264706486E-02  4.132493325007257E-02  4.104842107552623E-02
  4.164128884553418E-02  4.136107492115342E-02  4.108402048165660E-02
  3.852067895595690E-02  3.827298101031044E-02  3.802791445278138E-02
  3.858365973753320E-02  3.833544608473166E-02  3.808993580650780E-02
  3.861513287729892E-02  3.836664954888181E-02  3.812090727876443E-02
  3.583566614267616E-02  3.561505286929827E-02  3.539663466950331E-02
  3.589251853465149E-02  3.567179470101055E-02  3.545330262234635E-02
  3.592088732762939E-02  3.570010762136224E-02  3.548157932625629E-02
  3.344312629304368E-02  3.324647947818388E-02  3.305176688786438E-02
  3.349605136691085E-02  3.329942720284344E-02  3.310473901195087E-02
  3.352247884953272E-02  3.332587171413363E-02  3.313120197022452E-02
  3.131806974299070E-02  3.114376776936448E-02  3.097135736840156E-02
  3.136750131641482E-02  3.119315752894007E-02  3.102068736846688E-02
  3.139222633451664E-02  3.121786823765619E-02  3.104537467788180E-02
  2.944587658628226E-02  2.929359240701944E-02  2.914329592508922E-02
  2.949130781612179E-02  2.933884715203848E-02  2.918835390505516E-02
  2.951406764250138E-02  2.936152290210899E-02  2.921093501362395E-02
  2.781823414026864E-02  2.768814094451705E-02  2.756014797534255E-02
  2.785908321497852E-02  2.772871187938380E-02  2.760042912166466E-02
  2.787956500657221E-02  2.774905561686311E-02  2.762062858031029E-02
  2.642700078418836E-02  2.631895102979198E-02  2.621303383916586E-02
  2.646312571674807E-02  2.635477327834022E-02  2.624855280461030E-02
  2.648123958003897E-02  2.637273468805706E-02  2.626636125567143E-02
  2.525948332247166E-02  2.517252873003084E-02  2.508762028042330E-02
  2.529127269013751E-02  2.520405894576171E-02  2.511889827667862E-02
  2.530720413235513E-02  2.521985907101531E-02  2.513457054226418E-02
  2.429670325859368E-02  2.422903946230796E-02  2.416323104936180E-02
  2.432488832180366E-02  2.425704214459052E-02  2.419106057510456E-02
  2.433900350927240E-02  2.427106483408397E-02  2.420499547544406E-02
  2.351435797184787E-02  2.346356340654256E-02  2.341437039716014E-02
  2.353975308201780E-02  2.348885270402789E-02  2.343956161682091E-02
  2.355246435891808E-02  2.350151054030762E-02  2.345216998418310E-02
  2.288515823707697E-02  2.284852258341311E-02  2.281321238694015E-02
  2.290847733016705E-02  2.287179467371251E-02  2.283644247785021E-02
  2.292014688892506E-02  2.288344077535352E-02  2.284806768159620E-02
  2.238118098180047E-02  2.235596527645521E-02  2.233180146492291E-02
  2.240297614439624E-02  2.237775328510467E-02  2.235358526224181E-02
  2.241388294999212E-02  2.238865676379161E-02  2.236448689127448E-02
  2.197545584566480E-02  2.195902603123084E-02  2.194338464343570E-02
  2.199614552800005E-02  2.197973700675493E-02  2.196411910013553E-02
  2.200649935052047E-02  2.199010165344987E-02  2.197449564282945E-02
  2.164269305097508E-02  2.163255357374687E-02  2.162294711068977E-02
  2.166261985206561E-02  2.165252669850841E-02  2.164296893082455E-02
  2.167259129620479E-02  2.166252131947559E-02  2.165298789045461E-02
  2.135949000677290E-02  2.135327924355456E-02  2.134735144729175E-02
  2.137896223232395E-02  2.137282321521676E-02  2.136696994423645E-02
  2.138870470524040E-02  2.138260146466271E-02  2.137678534823001E-02
  2.110442455597589E-02  2.109992233799718E-02  2.109546015653409E-02
  2.112372627666160E-02  2.111932100394765E-02  2.111495865217854E-02
  2.113338163109403E-02  2.112902471907629E-02  2.112471217191692E-02
  2.085826935041475E-02  2.085343374004920E-02  2.084840868283308E-02
  2.087764786073465E-02  2.087293136631405E-02  2.086802796745597E-02
  2.088734013256338E-02  2.088268313791105E-02  2.087784051857866E-02
  2.060433572763686E-02  2.059735755006281E-02  2.058998192482009E-02
  2.062398370950635E-02  2.061714120688111E-02  2.060990314994600E-02
  2.063380989654384E-02  2.062703524674088E-02  2.061986599803795E-02
  2.032881749917858E-02  2.031817020900571E-02  2.030694554473151E-02
  2.034886271026147E-02  2.033836092964288E-02  2.032728293693490E-02
  2.035888731195705E-02  2.034845835982679E-02  2.033745378221823E-02
  2.002099331248448E-02  2.000546120983816E-02  1.998920336980640E-02
  2.004149951396948E-02  2.002611636475545E-02  2.001000798567399E-02
  2.005175484467644E-02  2.003644627897249E-02  2.002041273967580E-02
  1.967321734421499E-02  1.965189752694500E-02  1.962973564482114E-02
  1.969419335530168E-02  1.967302064183199E-02  1.965100584391755E-02
  1.970468407052795E-02  1.968358503026196E-02  1.966164389672861E-02
  1.928071304126052E-02  1.925299662799621E-02  1.922435239671983E-02
  1.930212473682326E-02  1.927454947128512E-02  1.924604594569303E-02
  1.931283390011436E-02  1.928532933629130E-02  1.925689629217974E-02
  1.884123591542067E-02  1.880677790236348E-02  1.877133465260700E-02
  1.886301743060086E-02  1.882869144790885E-02  1.879337942799847E-02
  1.887391217909756E-02  1.883965234447915E-02  1.880440607347138E-02
  1.835467909313560E-02  1.831336472724808E-02  1.827103373053791E-02
  1.837674192880281E-02  1.833554800576291E-02  1.829333633239225E-02
  1.838777805454129E-02  1.834664449041827E-02  1.830449261742207E-02
  1.782267596089231E-02  1.777458802869959E-02  1.772547594692716E-02
  1.784491628827392E-02  1.779693529836427E-02  1.774792875610109E-02
  1.785604189174420E-02  1.780811451301448E-02  1.775916088152885E-02
  1.724822992673613E-02  1.719361859023140E-02  1.713799745762013E-02
  1.727053474926404E-02  1.721601545607211E-02  1.716048472154557E-02
  1.728169331433489E-02  1.722722018192046E-02  1.717173478613230E-02
  1.663538502730466E-02  1.657464066550040E-02  1.651292083738260E-02
  1.665763749476137E-02  1.659696936209189E-02  1.653532391834723E-02
  1.666877054622136E-02  1.660814066289805E-02  1.654653254632503E-02
  1.598894403041259E-02  1.592257340737640E-02  1.585527984994916E-02
  1.601102779699152E-02  1.594471708833620E-02  1.587748143931877E-02
  1.602207708855107E-02  1.595579646523043E-02  1.588858989854763E-02
  1.531423770383600E-02  1.524284376376993E-02  1.517059599636353E-02
  1.533604012614643E-02  1.526468959900209E-02  1.519248310760855E-02
  1.534694925187052E-02  1.527562055172593E-02  1.520343481876848E-02
  1.461694530875786E-02  1.454121051159414E-02  1.446470605647790E-02
  1.463835945759621E-02  1.456265159977271E-02  1.448617184005195E-02
  1.464907486814385E-02  1.457338059282418E-02  1.449691329347978E-02
  1.390296096897156E-02  1.382363341556386E-02  1.374363391970623E-02
  1.392388667283670E-02  1.384456976018216E-02  1.376457857641028E-02
  1.393435820298071E-02  1.385504671601192E-02  1.377505979337252E-02
  1.317829508156597E-02  1.309617609565528E-02  1.301349473616038E-02
  1.319863936467117E-02  1.311651501831138E-02  1.303382591061942E-02
  1.320882045389079E-02  1.312669352515092E-02  1.304400064086901E-02
  1.244899662561177E-02  1.236492824083229E-02  1.228041686348011E-02
  1.246867390699540E-02  1.238458459173929E-02  1.230004986927524E-02
  1.247852169810376E-02  1.239442200776391E-02  1.230987570239114E-02
  1.172108215870976E-02  1.163593315502589E-02  1.155046784243257E-02
  1.174001448993261E-02  1.165482958380515E-02  1.156932596713524E-02
  1.174948994595204E-02  1.166428717053675E-02  1.157876448303762E-02
  1.100046006948802E-02  1.091510969304821E-02  1.082957397743187E-02
  1.101857757228056E-02  1.093317712686587E-02  1.084758900066770E-02
  1.102764569306231E-02  1.094222028607661E-02  1.085660602652608E-02
  1.029284310156182E-02  1.020816221842924E-02  1.012342777798127E-02
  1.031008466318389E-02  1.022534059393173E-02  1.014054073809887E-02
  1.031871483104160E-02  1.023393923163095E-02  1.014910672975451E-02
  9.603647101154746E-03  9.520477153209745E-03  9.437382442651387E-03
  9.619961303453007E-03  9.536716369516703E-03  9.453544610786072E-03
  9.628127746082505E-03  9.544845370935180E-03  9.461635138374128E-03
  8.937878542327275E-03  8.857009220669891E-03  8.776337019125396E-03
  8.953224736832023E-03  8.872270218853374E-03  8.791510979377410E-03
  8.960907063988053E-03  8.879909987445438E-03  8.799107266816786E-03
  8.300017153149517E-03  8.222164133454578E-03  8.144619400901191E-03
  8.314366547242869E-03  8.236419962696438E-03  8.158780092312830E-03
  8.321550293935918E-03  8.243556953492640E-03  8.165869538732306E-03
  7.693902584663095E-03  7.619686933599030E-03  7.545876604888635E-03
  7.707239176659030E-03  7.632923640082131E-03  7.559012159996695E-03
  7.713916271891910E-03  7.639550805489463E-03  7.565588760521500E-03
  7.122635321388393E-03  7.052566237900805E-03  6.982982607154041E-03
  7.134956520406783E-03  7.064783414340386E-03  6.995094827628391E-03
  7.141125599270648E-03  7.070900481194434E-03  7.001159413607267E-03
  6.588501836686029E-03  6.522964212665187E-03  6.457973350216324E-03
  6.599818627823520E-03  6.534175074739181E-03  6.469077692118980E-03
  6.605485116920475E-03  6.539788585432266E-03  6.474637926732974E-03
  6.092932389895942E-03  6.032180281006570E-03  5.972016503373891E-03
  6.103268952351668E-03  6.042411186915630E-03  5.982141497191960E-03
  6.108444881983623E-03  6.047534262311518E-03  5.987211588603884E-03
  5.636497005091465E-03  5.580653561821746E-03  5.525420413624802E-03
  5.645889752338274E-03  5.589942954073578E-03  5.534606508301516E-03
  5.650593279582817E-03  5.594594767338071E-03  5.539206634549687E-03
  5.218941363456156E-03  5.168005177936288E-03  5.117682780821906E-03
  5.227437440113517E-03  5.176401991930594E-03  5.125980666181084E-03
  5.231692099734779E-03  5.180606975195090E-03  5.130136138650712E-03
  4.839260111934917E-03  4.793117368379032E-03  4.747575431041321E-03
  4.846915441635516E-03  4.800679010565963E-03  4.755043949552498E-03
  4.850749171684006E-03  4.804465845527359E-03  4.758784170228356E-03
  4.495801241618758E-03  4.454242561416685E-03  4.413257872252654E-03
  4.502678265526802E-03  4.461032602654136E-03  4.419961671281425E-03
  4.506122277295970E-03  4.464433067786118E-03  4.423318959238812E-03
  4.186392587503475E-03  4.149133058259289E-03  4.112409916302734E-03
  4.192557858919451E-03  4.155218810576690E-03  4.118417011316111E-03
  4.195645433920724E-03  4.158266569022409E-03  4.121425383673224E-03
  3.908480595894105E-03  3.875181217352226E-03  3.842373034674684E-03
  3.914002400866819E-03  3.880631363431559E-03  3.847752451610949E-03
  3.916767699860200E-03  3.883360776326198E-03  3.850446443157297E-03
  3.659271918867447E-03  3.629560682950091E-03  3.600290995164221E-03
  3.664218077689824E-03  3.634443109542947E-03  3.605110639129260E-03
  3.666695039420158E-03  3.636888150601716E-03  3.607524234450746E-03
  3.435869114611160E-03  3.409360242151305E-03  3.383241672877963E-03
  3.440305088621984E-03  3.413740196019153E-03  3.387566535649966E-03
  3.442526480730048E-03  3.415933526952103E-03  3.389732270266623E-03
  3.235392022825166E-03  3.211702457989327E-03  3.188352764920800E-03
  3.239379410189905E-03  3.215641101217166E-03  3.192243541160817E-03
  3.241376074401498E-03  3.217613346659521E-03  3.194191806886219E-03
  3.055076723515815E-03  3.033839607235474E-03  3.012894577920613E-03
  3.058672182164068E-03  3.037393003452217E-03  3.016406714992801E-03
  3.060472493106378E-03  3.039172241435947E-03  3.018165282225102E-03
  2.892345949006475E-03  2.873221150297731E-03  2.854344509520815E-03
  2.895600540638578E-03  2.876439670076161E-03  2.857527673706695E-03
  2.897230075456698E-03  2.878051132389016E-03  2.859121422245374E-03
  2.744849563297758E-03  2.727531300710025E-03  2.710421770401708E-03
  2.747808475795325E-03  2.730459399153221E-03  2.713319678448515E-03
  2.749289873388267E-03  2.731925358226318E-03  2.714770511428676E-03
  2.610480234887600E-03  2.594701556279628E-03  2.579096926958795E-03
  2.613182816905287E-03  2.597377853528810E-03  2.581747470962847E-03
  2.614535793732037E-03  2.598717661271111E-03  2.583074375947432E-03
  2.487374383453948E-03  2.472908202998992E-03  2.458586138622179E-03
  2.489854416372725E-03  2.475365791006357E-03  2.461021726029757E-03
  2.491095901417050E-03  2.476596031250445E-03  2.462240944142310E-03
  2.373908484896322E-03  2.360565294165885E-03  2.347340928830884E-03
  2.376194621035665E-03  2.362832198058515E-03  2.349588965498102E-03
  2.377338974359156E-03  2.363966916754674E-03  2.350714232527818E-03
  2.268695463635749E-03  2.256318608035849E-03  2.244039728618704E-03
  2.270811769431549E-03  2.258418341600271E-03  2.246123185351562E-03
  2.271871053590267E-03  2.259469324438107E-03  2.247166014951863E-03
  2.170578785593698E-03  2.159038816127608E-03  2.147580076303564E-03
  2.172545338196491E-03  2.160990981933216E-03  2.149518091459391E-03
  2.173529616651810E-03  2.161968054555243E-03  2.150488076640039E-03
  2.078618179661478E-03  2.067807763159431E-03  2.057065424483454E-03
  2.080451672646540E-03  2.069628655758971E-03  2.058873903812110E-03
  2.081369312947709E-03  2.070539985714525E-03  2.059779017237548E-03
  1.992063295773926E-03  1.981893456892801E-03  1.971781501125355E-03
  1.993777616188436E-03  1.983596633937373E-03  1.973473682316314E-03
  1.994635578948345E-03  1.984449016706670E-03  1.974320559058792E-03
  1.910317906030562E-03  1.900715453040287E-03  1.891162983035566E-03
  1.911924653931251E-03  1.902312247297722E-03  1.892749939825243E-03
  1.912728753103228E-03  1.903111362817202E-03  1.893544129940851E-03
  1.832902373783134E-03  1.823807823507266E-03  1.814757074361866E-03
  1.834411307764957E-03  1.825307780236951E-03  1.816248145602860E-03
  1.835166433917909E-03  1.826058412097979E-03  1.816994329177428E-03
  1.759422302210309E-03  1.750787712660603E-03  1.742192028243957E-03
  1.760841707568946E-03  1.752198949398308E-03  1.743595169349350E-03
  1.761552012441350E-03  1.752905165207470E-03  1.744297332683956E-03
  1.689546973645650E-03  1.681333569585217E-03  1.673155161049119E-03
  1.690883959718436E-03  1.682663065200459E-03  1.674477224911495E-03
  1.691553005316150E-03  1.683328361529880E-03  1.675138801396365E-03
  1.622996084142564E-03  1.615171963564672E-03  1.607379700224071E-03
  1.624256821812345E-03  1.616425788007593E-03  1.608626659379404E-03
  1.624887699522185E-03  1.617053205622139E-03  1.609250640921733E-03
  1.559530821882589E-03  1.552069089381394E-03  1.544636673277242E-03
  1.560720731957460E-03  1.553252585279910E-03  1.545813794879725E-03
  1.561316157034396E-03  1.553844800225969E-03  1.546402819675335E-03
  1.498946173383180E-03  1.491823631623528E-03  1.484728313309724E-03
  1.500070074408983E-03  1.492941556550711E-03  1.485840295998498E-03
  1.500632460129878E-03  1.493500951529191E-03  1.486396717195009E-03
  1.441063582519938E-03  1.434259877696096E-03  1.427481628561190E-03
  1.442125804913168E-03  1.435316513986640E-03  1.428532708090147E-03
  1.442657319837622E-03  1.435845233447719E-03  1.429058646781345E-03
  1.385724571047649E-03  1.379221604711129E-03  1.372742560459246E-03
  1.386729043796816E-03  1.380220842877653E-03  1.373736589948117E-03
  1.387231655261476E-03  1.380720834869971E-03  1.374233975438540E-03
  1.332785977497399E-03  1.326567452465031E-03  1.320371488348215E-03
  1.333736293421075E-03  1.327512853973291E-03  1.321311998681805E-03
  1.334211800283186E-03  1.327985901640900E-03  1.321782598789670E-03
  1.282116805201345E-03  1.276167858415742E-03  1.270240243634846E-03
  1.283016270175996E-03  1.277062703047861E-03  1.271130489047028E-03
  1.283466327515913E-03  1.277510448395203E-03  1.271575932974845E-03
  1.233596196041669E-03  1.227903113601475E-03  1.222230239832487E-03
  1.234447866574752E-03  1.228750435647697E-03  1.223073232782708E-03
  1.234874004544488E-03  1.229174397696185E-03  1.223495028615137E-03
  1.187112027041477E-03  1.181662038468853E-03  1.176231221932522E-03
  1.187918739442754E-03  1.182464654900317E-03  1.177029760328035E-03
  1.188322377894496E-03  1.182866243816819E-03  1.177429308684649E-03
  1.142559819405745E-03  1.137340959397343E-03  1.132140307107893E-03
  1.143324212891690E-03  1.138101492268501E-03  1.132896996038748E-03
  1.143706672966370E-03  1.138482020599966E-03  1.133275600971599E-03
  1.099841820048376E-03  1.094842839787307E-03  1.089861164041366E-03
  1.100566355443275E-03  1.095563734452410E-03  1.090578433536190E-03
  1.100928868947511E-03  1.095924426259283E-03  1.090937311432008E-03
  1.058866227192498E-03  1.054076533463348E-03  1.049303294175547E-03
  1.059553202391939E-03  1.054760073710659E-03  1.049983414023692E-03
  1.059896919545000E-03  1.055102072149532E-03  1.050323701031029E-03
  1.019546594951226E-03  1.014956197406142E-03  1.010381452611064E-03
  1.020198158002379E-03  1.015604518310635E-03  1.011026545000455E-03
  1.020524153997560E-03  1.015928892081466E-03  1.011349303368096E-03
  9.818014327363741E-04  9.774008917085451E-04  9.730152474032849E-04
  9.824195931885547E-04  9.780159908190941E-04  9.736272979520889E-04
  9.827288738753926E-04  9.783237397639466E-04  9.739335215499384E-04
  9.455539269394518E-04  9.413343079860369E-04  9.371288728059679E-04
  9.461405659386324E-04  9.419180552972092E-04  9.377097404180343E-04
  9.464340728809613E-04  9.422101153980725E-04  9.380003596766516E-04
  9.107316641177876E-04  9.066845068533730E-04  9.026508601843793E-04
  9.112885435538235E-04  9.072386538612107E-04  9.032022860159849E-04
  9.115671586127994E-04  9.075159017773053E-04  9.034781724192207E-04
  8.772663044399958E-04  8.733836018056565E-04  8.695137731416409E-04
  8.777950752934017E-04  8.739097897894952E-04  8.700373888189287E-04
  8.780596248003252E-04  8.741730469960502E-04  8.702993590107310E-04
  8.450932664328844E-04  8.413674423714179E-04  8.376538901488950E-04
  8.455954764025693E-04  8.418672099715183E-04  8.381512252977454E-04
  8.458467349879011E-04  8.421172465652332E-04  8.384000448630057E-04
  8.141515008827995E-04  8.105753808967552E-04  8.070109639627753E-04
  8.146286013968168E-04  8.110501710805326E-04  8.074834531317599E-04
  8.148672955002295E-04  8.112877092665805E-04  8.077198400615846E-04
  7.843833384606407E-04  7.809501200436311E-04  7.775280677556319E-04
  7.848366911905474E-04  7.814012865746386E-04  7.779770568393661E-04
  7.850635023156440E-04  7.816270038985182E-04  7.782016847411299E-04
  7.557343219094139E-04  7.524375536978532E-04  7.491514441988058E-04
  7.561652048524502E-04  7.528663671770781E-04  7.495781964390185E-04
  7.563807726142850E-04  7.530808995522411E-04  7.497916975428296E-04
  7.281529761136096E-04  7.249865441145628E-04  7.218302905109132E-04
  7.285625892507187E-04  7.253941976060264E-04  7.222359920893156E-04
  7.287675142114971E-04  7.255981421327421E-04  7.224389600508789E-04
  7.015905657524902E-04  6.985486771846220E-04  6.955165123148595E-04
  7.019800362728983E-04  6.989362914121617E-04  6.959022775215266E-04
  7.021748825584681E-04  6.991302089805064E-04  6.960952700113428E-04
  6.760009148150318E-04  6.730780754612646E-04  6.701645299419291E-04
  6.763713019315036E-04  6.734467035945167E-04  6.705314059333822E-04
  6.765565996411051E-04  6.736311212791942E-04  6.707149470162562E-04
  6.513402974795199E-04  6.485312889204222E-04  6.457311680031611E-04
  6.516925969211857E-04  6.488819210354108E-04  6.460801392307978E-04
  6.518688443753256E-04  6.490573343277242E-04  6.462547215830781E-04
  6.275673523605072E-04  6.248672164930569E-04  6.221755838099883E-04
  6.279025005982775E-04  6.252007837678545E-04  6.225075761859014E-04
  6.280701664531924E-04  6.253676586755302E-04  6.226736631805060E-04
  6.046429804898746E-04  6.020470096604702E-04  5.994591773784302E-04
  6.049618586831018E-04  6.023643882989207E-04  5.997750621754251E-04
  6.051213839102797E-04  6.025231633128988E-04  5.999330898347778E-04
  5.825302080471841E-04  5.800339332079393E-04  5.775454510478982E-04
  5.828336456984310E-04  5.803359480752049E-04  5.778460485161740E-04
  5.829854454139832E-04  5.804870359906542E-04  5.779964273257837E-04
  5.611939768301690E-04  5.587931512946510E-04  5.563997908837792E-04
  5.614827551339948E-04  5.590805792451685E-04  5.566858735591076E-04
  5.616272202726234E-04  5.592243688252934E-04  5.568289901214644E-04
  5.406008391210778E-04  5.382914234422992E-04  5.359891628262319E-04
  5.408756940061935E-04  5.385649963389458E-04  5.362614585254754E-04
  5.410131928473332E-04  5.387018538283312E-04  5.363976770601988E-04
  5.207186757619506E-04  5.184968279327676E-04  5.162818410949083E-04
  5.209803006719026E-04  5.187572354068344E-04  5.165410356556655E-04
  5.211111802300769E-04  5.188875059116302E-04  5.166706993699514E-04
  5.015167316957030E-04  4.993787981846631E-04  4.972474461305921E-04
  5.017657802326957E-04  4.996266902619670E-04  4.974941860199645E-04
  5.018903675770489E-04  4.997506990624747E-04  4.976176184137289E-04
  4.829661723635973E-04  4.809086730600956E-04  4.788574895268753E-04
  4.832032609519068E-04  4.811446628102736E-04  4.790923844752506E-04
  4.833218645471149E-04  4.812627166927752E-04  4.792098906643870E-04
  4.650408373284628E-04  4.630604471620685E-04  4.610861207030552E-04
  4.652665479631451E-04  4.632851134304792E-04  4.613097464206033E-04
  4.653794590449846E-04  4.633975020535532E-04  4.614216144939370E-04
  4.477172407959619E-04  4.458107808820475E-04  4.439101456048034E-04
  4.479321236662125E-04  4.460246708965921E-04  4.441230463726969E-04
  4.480396175463674E-04  4.461316680900177E-04  4.442295486849905E-04
  4.309729114011858E-04  4.291373576114436E-04  4.273074011124012E-04
  4.311774868396735E-04  4.293409889241332E-04  4.275100917149607E-04
  4.312798238881438E-04  4.294428536666766E-04  4.276114858602325E-04
  4.147834078068544E-04  4.130159058005571E-04  4.112537842923623E-04
  4.149781671062962E-04  4.132097671001067E-04  4.114467508256902E-04
  4.150755931595514E-04  4.133067439250110E-04  4.115432800400771E-04
  3.991202859018598E-04  3.974181478641364E-04  3.957211837136717E-04
  3.993056913117314E-04  3.976026989636657E-04  3.959048835656938E-04
  3.993984376702317E-04  3.976950179528032E-04  3.959967767178519E-04
  3.839532433447786E-04  3.823139102148607E-04  3.806795547022161E-04
  3.841297286876854E-04  3.824895826488677E-04  3.808544171299193E-04
  3.842180124286549E-04  3.825774597343771E-04  3.809418890121397E-04
  3.692577878317521E-04  3.676787690673326E-04  3.661045417819345E-04
  3.694257616691484E-04  3.678459692288086E-04  3.662709710197086E-04
  3.695097872265782E-04  3.679296077591629E-04  3.663542238998588E-04
  3.550248876430381E-04  3.535037175963896E-04  3.519871620376427E-04
  3.551847396986039E-04  3.536628331364543E-04  3.521455436732731E-04
  3.552647020784632E-04  3.537424270807248E-04  3.522247704880919E-04
  3.412639486874059E-04  3.397982016364369E-04  3.383368999894149E-04
  3.414160572414785E-04  3.399496088576998E-04  3.384876083561393E-04
  3.414921457179552E-04  3.400253465009549E-04  3.385629964059304E-04
  3.279900849566283E-04  3.265774608255531E-04  3.251691201685251E-04
  3.281348197849727E-04  3.267215276470403E-04  3.253125213362580E-04
  3.282072193744506E-04  3.267935930765018E-04  3.253842537828385E-04
  3.151947918667699E-04  3.138332334848753E-04  3.124758036733231E-04
  3.153325070078784E-04  3.139703122442023E-04  3.126122482857258E-04
  3.154013948505473E-04  3.140388817484174E-04  3.126805005695090E-04
  3.028141058664090E-04  3.015018666818651E-04  3.001936082819590E-04
  3.029451213484827E-04  3.016322758787257E-04  3.003234133172252E-04
  3.030106575681554E-04  3.016975088167866E-04  3.003883440359550E-04
  2.907212043156771E-04  2.894567890613955E-04  2.881962139213366E-04
  2.908457852503310E-04  2.895807924260049E-04  2.883196417349942E-04
  2.909081025001778E-04  2.896428207600756E-04  2.883813821634201E-04
  2.787686395599753E-04  2.775506063254410E-04  2.763362795572240E-04
  2.788869897013100E-04  2.776684063044680E-04  2.764535312947606E-04
  2.789461899421502E-04  2.777273313407547E-04  2.765121820875997E-04
  2.668813803832562E-04  2.657080936153334E-04  2.645383864598952E-04
  2.669936676630689E-04  2.658198568201381E-04  2.646496274181738E-04
  2.670498349342625E-04  2.658757619378875E-04  2.647052712969766E-04
  2.551610488072135E-04  2.540305404947146E-04  2.529034910728983E-04
  2.552674667491662E-04  2.541364590670116E-04  2.530089120166767E-04
  2.553206978843125E-04  2.541894404083607E-04  2.530616444350905E-04
  2.439239081796223E-04  2.428339728422555E-04  2.417473806233473E-04
  2.440247504601211E-04  2.429343390426054E-04  2.418472724021760E-04
  2.440751923862279E-04  2.429845428256655E-04  2.418972388721017E-04
  2.335848035299637E-04  2.325333161611608E-04  2.314850599942480E-04
  2.336804986635178E-04  2.326285571590326E-04  2.315798484371156E-04
  2.337283657452621E-04  2.326761970766107E-04  2.316272619811608E-04
  2.243297763561887E-04  2.233150561974098E-04  2.223034590572145E-04
  2.244208096765339E-04  2.234056561751483E-04  2.223936271988304E-04
  2.244663446936865E-04  2.234509744297896E-04  2.224387294446332E-04
  2.155814754994728E-04  2.146024298771993E-04  2.136264037629638E-04
  2.156681269932148E-04  2.146886679061968E-04  2.137122297637662E-04
  2.157114700136516E-04  2.147318041079165E-04  2.137551598654274E-04
  2.053217246294108E-04  2.043775501428050E-04  2.034362971710086E-04
  2.054035733061150E-04  2.044590044438786E-04  2.035173584675370E-04
  2.054445137878311E-04  2.044997476583098E-04  2.035579050997097E-04
  1.893580320710956E-04  1.884473763835783E-04  1.875395486886182E-04
  1.894332074889544E-04  1.885221755605649E-04  1.876139729323097E-04
  1.894708099269083E-04  1.885595897969764E-04  1.876511996227578E-04
