  3.444391703679589E+00  3.438210743905664E+00  3.432027062639965E+00

 -5.109296224623448E-03 -5.089303659273286E-03 -5.069152055050317E-03
 -1.468520407056727E-03 -1.455425778740615E-03 -1.442269905958140E-03
 -2.089612782480849E-04 -2.044061102771716E-04 -1.998380856540855E-04
 -5.825061962268803E-03 -5.803274380209572E-03 -5.781369579858876E-03
 -1.746225728511813E-03 -1.732030190496029E-03 -1.717800635489013E-03
 -2.748385088211568E-04 -2.699286111023331E-04 -2.650152077200908E-04
 -6.613100817635491E-03 -6.590373734920508E-03 -6.567545996866870E-03
 -2.145134276698290E-03 -2.130314081241905E-03 -2.115471705954381E-03
 -3.947061796703227E-04 -3.895851929109114E-04 -3.844650010334831E-04
 -6.613100817635491E-03 -6.590373734920508E-03 -6.567545996866870E-03
 -2.145134276698290E-03 -2.130314081241905E-03 -2.115471705954381E-03
 -3.947061796703227E-04 -3.895851929109114E-04 -3.844650010334831E-04
 -5.825061962268803E-03 -5.803274380209572E-03 -5.781369579858876E-03
 -1.746225728511813E-03 -1.732030190496029E-03 -1.717800635489013E-03
 -2.748385088211568E-04 -2.699286111023331E-04 -2.650152077200908E-04
 -5.109296224623448E-03 -5.089303659273286E-03 -5.069152055050317E-03
 -1.468520407056727E-03 -1.455425778740615E-03 -1.442269905958140E-03
 -2.089612782480849E-04 -2.044061102771716E-04 -1.998380856540855E-04
 -5.949835117965934E-03 -5.932323374607811E-03 -5.914571252642799E-03
 -2.209710115914688E-03 -2.197905087587740E-03 -2.185989778266279E-03
 -4.972941869470486E-04 -4.931072239901536E-04 -4.888913851176074E-04
 -1.005151647365126E-02 -1.003699247869913E-02 -1.002209269132569E-02
 -5.000794134359175E-03 -4.990132979722534E-03 -4.979283029377352E-03
 -1.484669576318080E-03 -1.480711293082063E-03 -1.476699067724473E-03
 -1.889321613800554E-02 -1.888208009809655E-02 -1.887036539091761E-02
 -1.073233820043673E-02 -1.072242945623775E-02 -1.071221484024659E-02
 -3.468268523601571E-03 -3.464286642981236E-03 -3.460213333078323E-03
 -3.338752099527436E-02 -3.337991671559685E-02 -3.337144745361493E-02
 -1.994426258542255E-02 -1.993448517533873E-02 -1.992423268785352E-02
 -6.626363478548683E-03 -6.622020954397669E-03 -6.617531630944090E-03
 -5.379685364865449E-02 -5.379172367726227E-02 -5.378533232521864E-02
 -3.277925466079464E-02 -3.276818660996868E-02 -3.275639950043723E-02
 -1.100354324547699E-02 -1.099822344663185E-02 -1.099267467066484E-02
 -8.000216091871780E-02 -7.999484146509726E-02 -7.998570539310440E-02
 -4.916949654357824E-02 -4.915309795077854E-02 -4.913562699497801E-02
 -1.657815791944341E-02 -1.657027461346098E-02 -1.656204102690377E-02
 -1.120670041820736E-01 -1.120446826544072E-01 -1.120197621123439E-01
 -6.921552514227686E-02 -6.918346110011930E-02 -6.914982052537644E-02
 -2.339663215584668E-02 -2.338220538572564E-02 -2.336725418113703E-02
 -1.507747526892302E-01 -1.507090713133620E-01 -1.506397425394898E-01
 -9.350878004782553E-02 -9.343843383802389E-02 -9.336584631872311E-02
 -3.167982430311379E-02 -3.165017353451500E-02 -3.161977078540329E-02
 -1.975412300615970E-01 -1.973779751166483E-01 -1.972098898846738E-01
 -1.229395860492382E-01 -1.227884326482795E-01 -1.226343645180311E-01
 -4.172781886949398E-02 -4.166675454514060E-02 -4.160472442787386E-02
 -2.530930145657197E-01 -2.527423130708865E-01 -2.523860184618522E-01
 -1.575756966700793E-01 -1.572765598902387E-01 -1.569743724302477E-01
 -5.347727167396143E-02 -5.335986200722670E-02 -5.324151821430721E-02
 -3.149080020552518E-01 -3.142458394332436E-01 -3.135789653562139E-01
 -1.947843976297041E-01 -1.942543738615818E-01 -1.937227916224094E-01
 -6.581199977319543E-02 -6.560948097102515E-02 -6.540674840797858E-02
 -3.747215847530960E-01 -3.736200201664809E-01 -3.725180211439693E-01
 -2.278558099493754E-01 -2.270315747375279E-01 -2.262101673127827E-01
 -7.615079417880651E-02 -7.584623650009462E-02 -7.554332814442184E-02
 -4.186658245510681E-01 -4.170614741978503E-01 -4.154655550834486E-01
 -2.471454380257551E-01 -2.460424729040889E-01 -2.449497965058354E-01
 -8.107665036907408E-02 -8.068824154365388E-02 -8.030438124516034E-02
 -4.321107204961566E-01 -4.300864799788914E-01 -4.280827640397400E-01
 -2.447455679087717E-01 -2.435029548606674E-01 -2.422786426526048E-01
 -7.826231612484515E-02 -7.785565390363126E-02 -7.745619725404747E-02
 -4.077953163370552E-01 -4.056080414033304E-01 -4.034514344754293E-01
 -2.204293206799691E-01 -2.192778898306956E-01 -2.181481057130296E-01
 -6.860146372090824E-02 -6.826570111775145E-02 -6.793738424682411E-02
 -3.514603257675353E-01 -3.494596019386179E-01 -3.474908091323319E-01
 -1.836781936977388E-01 -1.828182107976091E-01 -1.819740188322074E-01
 -5.646870136290774E-02 -5.625906221451781E-02 -5.605332070667432E-02
 -2.791686216890528E-01 -2.776494957472068E-01 -2.761513240739666E-01
 -1.484158162810582E-01 -1.479023202407676E-01 -1.473901096988437E-01
 -4.714410963261112E-02 -4.704233951736317E-02 -4.693815837919080E-02
 -2.070213216937089E-01 -2.061342818376317E-01 -2.052487574855066E-01
 -1.236051016012455E-01 -1.233652130107707E-01 -1.231089173822673E-01
 -4.316624776286977E-02 -4.310816511987009E-02 -4.304112319995977E-02
 -1.411769415571343E-01 -1.409464787068694E-01 -1.406980245965891E-01
 -1.070873147748974E-01 -1.070449949254226E-01 -1.069709654173189E-01
 -4.249477848697697E-02 -4.243802216847120E-02 -4.236716928265373E-02
 -7.628844414360939E-02 -7.665751824370567E-02 -7.699643905796585E-02
 -8.733624038899220E-02 -8.749164760091012E-02 -8.760531044281111E-02
 -3.970926898049694E-02 -3.966848110108442E-02 -3.961012877400846E-02
 -3.782490117200632E-03 -4.611204083472517E-03 -5.407870826151836E-03
 -5.221646906028707E-02 -5.260095277458126E-02 -5.294018543948510E-02
 -2.952438618504115E-02 -2.954478112377689E-02 -2.954596388715840E-02
  7.658290292465338E-02  7.551563720620129E-02  7.447414994685859E-02
  6.764127774519313E-04  9.226835475918406E-05 -4.500041432195704E-04
 -1.073978490514267E-02 -1.084522000678644E-02 -1.093216993946574E-02
  1.520572596336673E-01  1.509792794320873E-01  1.499179568693563E-01
  5.990273534356411E-02  5.922635424932472E-02  5.858324230874751E-02
  1.211607076505593E-02  1.194577118385920E-02  1.179083103156664E-02
  2.039581528724935E-01  2.030062222378469E-01  2.020638762916543E-01
  1.067270441374897E-01  1.060723279914565E-01  1.054406463463206E-01
  3.129317113754736E-02  3.109962158751076E-02  3.091703383302401E-02
  2.203157050813813E-01  2.195217087784952E-01  2.187342133313095E-01
  1.273953982564544E-01  1.268222649910914E-01  1.262636700546046E-01
  4.080239326528715E-02  4.061707982663774E-02  4.043861957328009E-02
  2.035065103287751E-01  2.028662251202780E-01  2.022325593590360E-01
  1.210173987552509E-01  1.205437259908206E-01  1.200793472055003E-01
  3.978344739753401E-02  3.962175208354240E-02  3.946408717261322E-02
  1.680485009774220E-01  1.675752322170260E-01  1.671095581157275E-01
  9.810979164324321E-02  9.774927975785921E-02  9.739551233548412E-02
  3.206110970830830E-02  3.193310884219198E-02  3.180765433513580E-02
  1.315909440133571E-01  1.313002820038768E-01  1.310165252317576E-01
  7.280045932838970E-02  7.256647116853217E-02  7.233755385229042E-02
  2.306509152537761E-02  2.297881619425122E-02  2.289429337155733E-02
  1.059593507021409E-01  1.058293821291564E-01  1.057035139898916E-01
  5.502021554676888E-02  5.490288351349793E-02  5.478857272098162E-02
  1.670807572468309E-02  1.666261040755954E-02  1.661817734102896E-02
  9.375990897069975E-02  9.373885957093780E-02  9.371991188130313E-02
  4.734362643692264E-02  4.730835250106799E-02  4.727454896069903E-02
  1.408567085583869E-02  1.406995025198486E-02  1.405472049847327E-02
  9.117759606231550E-02  9.124314660519958E-02  9.131351232604196E-02
  4.696753913707274E-02  4.699031157738740E-02  4.701565694135935E-02
  1.418681193911576E-02  1.419148070408524E-02  1.419694060126679E-02
  9.318672166373382E-02  9.338580452576760E-02  9.359717839754023E-02
  4.983386099159430E-02  4.993338831133418E-02  5.003970824747615E-02
  1.546482833443066E-02  1.549454255537960E-02  1.552641264263698E-02
  9.682087727113664E-02  9.722678703559710E-02  9.765100135017010E-02
  5.343392223063212E-02  5.365455171020554E-02  5.388605147313247E-02
  1.694146999269058E-02  1.701093235241224E-02  1.708398178122623E-02
  1.010138532267951E-01  1.016193129004601E-01  1.022385555899194E-01
  5.697816399294129E-02  5.732640987661390E-02  5.768396446562871E-02
  1.832027887777507E-02  1.843341680539246E-02  1.854981106421308E-02
  1.046574880540626E-01  1.052956483267798E-01  1.059282923548816E-01
  6.001289051854024E-02  6.040174181677216E-02  6.078946276398484E-02
  1.948775096256060E-02  1.961784519606685E-02  1.974791573814823E-02
  1.054379981293113E-01  1.058163516340027E-01  1.061610819364138E-01
  6.136687539780689E-02  6.162550593222943E-02  6.186644872761119E-02
  2.009608022346844E-02  2.018715808774486E-02  2.027276150466676E-02
  1.005694791303203E-01  1.004074627638434E-01  1.001877591769384E-01
  5.939213910539307E-02  5.934444727331582E-02  5.926388392996416E-02
  1.960450995171234E-02  1.959671297691619E-02  1.957826896428095E-02
  8.845431839840148E-02  8.761756661608734E-02  8.671280983413747E-02
  5.299505564161050E-02  5.254581720136365E-02  5.205626709314073E-02
  1.762702486591013E-02  1.748617436860007E-02  1.733198983332911E-02
  6.958360439263274E-02  6.811665247413926E-02  6.658561201533629E-02
  4.232458804110727E-02  4.148787819961288E-02  4.061211238619748E-02
  1.418783669670371E-02  1.391642173672194E-02  1.363190352994377E-02
  4.610361537386081E-02  4.417348809743529E-02  4.219289531621399E-02
  2.860671322976889E-02  2.747556486660024E-02  2.631272884576102E-02
  9.684210665455788E-03  9.311964568666677E-03  8.928933245828871E-03
  2.086678206373453E-02  1.870465649908168E-02  1.651305395198676E-02
  1.356244239094871E-02  1.227158636044293E-02  1.096093041062503E-02
  4.691332510582734E-03  4.262466985260484E-03  3.826658547861218E-03
 -3.152326988822105E-03 -5.272116999036128E-03 -7.393307384190063E-03
 -9.902416516573555E-04 -2.278477218236693E-03 -3.570170213337567E-03
 -1.789482337525766E-04 -6.107512432122728E-04 -1.044141465798501E-03
 -2.313558521829399E-02 -2.492188913560783E-02 -2.667820178699712E-02
 -1.331200570520499E-02 -1.442109463998886E-02 -1.551469116183499E-02
 -4.338865831532697E-03 -4.714550284990951E-03 -5.085499180624981E-03
 -3.687758232818535E-02 -3.808903467826124E-02 -3.924403160707141E-02
 -2.199716334077166E-02 -2.277418688802178E-02 -2.351893979446859E-02
 -7.306465148221181E-03 -7.573788331047941E-03 -7.830642946550535E-03
 -4.337332088465523E-02 -4.388853853838512E-02 -4.433276433124152E-02
 -2.633247454109980E-02 -2.669257451157162E-02 -2.701035529113408E-02
 -8.825557606893884E-03 -8.954229989860903E-03 -9.068863097445820E-03
 -4.302844214955708E-02 -4.286394534648244E-02 -4.262712199562609E-02
 -2.646199732451029E-02 -2.640417845984252E-02 -2.630202291505689E-02
 -8.926903402601829E-03 -8.914700418760841E-03 -8.887574859823182E-03
 -3.729540002009503E-02 -3.656981179184915E-02 -3.578093582648809E-02
 -2.320235938845579E-02 -2.279135720952568E-02 -2.234064666091770E-02
 -7.872633504883710E-03 -7.739964397746100E-03 -7.593772894705949E-03
 -2.808001730974343E-02 -2.696636928681599E-02 -2.580569640269539E-02
 -1.769087118489220E-02 -1.702884978805801E-02 -1.633656067410714E-02
 -6.040116779759339E-03 -5.820687504911478E-03 -5.590821782837527E-03
 -1.730850898507046E-02 -1.600201859973128E-02 -1.466960617351735E-02
 -1.111105774515011E-02 -1.031718809080138E-02 -9.505828765276782E-03
 -3.828182548189742E-03 -3.562020135166710E-03 -3.289695305645511E-03
 -6.715955986208321E-03 -5.412403901466074E-03 -4.106086036181398E-03
 -4.549946045206772E-03 -3.746263265381007E-03 -2.939453398434789E-03
 -1.606852616490022E-03 -1.335392219507244E-03 -1.062633779544933E-03
  2.281530371726244E-03  3.409200768596178E-03  4.518264491628981E-03
  1.090602824959619E-03  1.794410250398856E-03  2.487829978721426E-03
  3.143333169820959E-04  5.535231394714972E-04  7.893894398955909E-04
  8.714378369156560E-03  9.541951163171089E-03  1.033541969082817E-02
  5.180239599341351E-03  5.703626240232836E-03  6.206579768663982E-03
  1.716862229213083E-03  1.895900501421741E-03  2.068139274946408E-03
  1.216359092444096E-02  1.263558573143634E-02  1.306677971099803E-02
  7.430139002126581E-03  7.734861157311300E-03  8.014495956286291E-03
  2.497950141409661E-03  2.603231683925402E-03  2.700052552069167E-03
  1.278500962491236E-02  1.292018704637762E-02  1.301729414503374E-02
  7.912146180395188E-03  8.006417221120716E-03  8.076845960456812E-03
  2.677729160935244E-03  2.711456613722600E-03  2.737069149694476E-03
  1.121826335562573E-02  1.109669838296183E-02  1.094722019337785E-02
  7.005931049399244E-03  6.937100228557939E-03  6.850438774311208E-03
  2.381931522177656E-03  2.359750549703316E-03  2.331441799295849E-03
  8.385262327878023E-03  8.120004216424134E-03  7.840512714323667E-03
  5.276877319977078E-03  5.114294564627432E-03  4.942293114525721E-03
  1.800991040199817E-03  1.746260690373139E-03  1.688239059764059E-03
  5.231848882977800E-03  4.934907528268250E-03  4.636640176039933E-03
  3.316158130719493E-03  3.130022463937189E-03  2.942593328120460E-03
  1.135929431252503E-03  1.072550177919898E-03  1.008651821866223E-03
  2.498196976124264E-03  2.252926514481832E-03  2.015310149744726E-03
  1.595111781248840E-03  1.438793784434339E-03  1.286979532380717E-03
  5.484965485401431E-04  4.948310593559874E-04  4.426487548356586E-04
  5.910906959522396E-04  4.391176744824907E-04  2.986465690391509E-04
  3.806110237268309E-04  2.817835076626785E-04  1.900801311015794E-04
  1.315880839809083E-04  9.732765713703961E-05  6.547804404508179E-05
 -4.191254343911449E-04 -4.755355153726543E-04 -5.211024724514486E-04
 -2.718871941949512E-04 -3.104144481948185E-04 -3.420619916717808E-04
 -9.397501316751766E-05 -1.076364336483961E-04 -1.189414903330086E-04
 -7.068015789935823E-04 -6.919553093430791E-04 -6.697076226841695E-04
 -4.642551354682824E-04 -4.569069020447686E-04 -4.447495983694962E-04
 -1.616139994265799E-04 -1.594488498133025E-04 -1.556174394170514E-04
 -5.602502136724180E-04 -5.089083513631483E-04 -4.544318862519454E-04
 -3.747802884678037E-04 -3.431835028916857E-04 -3.094483853034534E-04
 -1.316193907744074E-04 -1.209631013669166E-04 -1.095491112940340E-04
 -2.633059523488814E-04 -2.070692107507953E-04 -1.512491645857555E-04
 -1.829849912965334E-04 -1.472687886841735E-04 -1.116927488153512E-04
 -6.539360347372988E-05 -5.315434928965640E-05 -4.094205327149702E-05
 -1.919280584708367E-05  2.151017436699189E-05  5.976933661279054E-05
 -1.997771933575870E-05  6.516580279484005E-06  3.152764497270712E-05
 -8.217278606078635E-06  9.708203473979652E-07  9.662321341780984E-06
  7.610906396126913E-05  9.398120293608034E-05  1.089781634879061E-04
  5.018610663752659E-05  6.238048500473425E-05  7.275958173770679E-05
  1.743004701661244E-05  2.175162339167647E-05  2.545298470251828E-05
  2.015082411486444E-05  1.834109312707107E-05  1.436662114926535E-05
  2.323624502332087E-05  2.278512641496723E-05  2.092989159834861E-05
  9.623212723046735E-06  9.586652671617851E-06  9.063987925523138E-06
 -1.326091081492207E-04 -1.455136160945747E-04 -1.593995200875612E-04
 -6.778055716152786E-05 -7.559059441221770E-05 -8.406798647856994E-05
 -2.057435265453869E-05 -2.318571501147144E-05 -2.603322301131029E-05
 -3.117327764459172E-04 -3.266989082641500E-04 -3.415836599805414E-04
 -1.783825321403975E-04 -1.878119287573357E-04 -1.972273411176891E-04
 -5.796178206035372E-05 -6.118059728112834E-05 -6.440100532355045E-05
 -4.617769818555663E-04 -4.726639181644434E-04 -4.828660559695637E-04
 -2.726923012403145E-04 -2.797327792597012E-04 -2.863586268192493E-04
 -9.013098522234235E-05 -9.256528234099551E-05 -9.486093218790050E-05
 -5.565934382637764E-04 -5.612555489175809E-04 -5.651383146939295E-04
 -3.330707254047150E-04 -3.362233672940444E-04 -3.388832568296634E-04
 -1.108620994967383E-04 -1.119751159210929E-04 -1.129196546524618E-04
 -5.979212706366321E-04 -5.974610466940556E-04 -5.964780696032752E-04
 -3.597004122307245E-04 -3.595598311993243E-04 -3.590774672358465E-04
 -1.200619108893223E-04 -1.200395498037264E-04 -1.198984182041652E-04
 -6.043854766426403E-04 -6.014859627465015E-04 -5.984391377717305E-04
 -3.638583065278304E-04 -3.620787079098466E-04 -3.601917689681348E-04
 -1.215023685297534E-04 -1.209031356405943E-04 -1.202648002906265E-04
 -5.983976012630035E-04 -5.956908208313737E-04 -5.931401878610990E-04
 -3.596247847721986E-04 -3.578786117118295E-04 -3.562199849893674E-04
 -1.199838903341726E-04 -1.193811358983885E-04 -1.188064358863753E-04
 -5.966137360856627E-04 -5.956931076825655E-04 -5.950698298247634E-04
 -3.576986520354791E-04 -3.570275971269030E-04 -3.565386756925384E-04
 -1.191942901829042E-04 -1.189500849225112E-04 -1.187671830338502E-04
 -6.062308227572916E-04 -6.074475754012641E-04 -6.089489238059435E-04
 -3.628737071849466E-04 -3.635359409053344E-04 -3.643768317178757E-04
 -1.208147500982430E-04 -1.210235326719370E-04 -1.212932101591448E-04
 -6.263156718019883E-04 -6.291393967535122E-04 -6.321470352473534E-04
 -3.747485849819485E-04 -3.764323182886638E-04 -3.782334870973514E-04
 -1.247402813163396E-04 -1.252994298976950E-04 -1.258989503577019E-04
 -6.516952393307597E-04 -6.552761992662423E-04 -6.589271841674697E-04
 -3.901358196919149E-04 -3.923116944514460E-04 -3.945333419717402E-04
 -1.298949710894089E-04 -1.306247787311862E-04 -1.313705074367682E-04
 -6.768658582146898E-04 -6.804934170522677E-04 -6.841133292581656E-04
 -4.055480183176159E-04 -4.077635040746083E-04 -4.099747967980938E-04
 -1.350847596220354E-04 -1.358298934768725E-04 -1.365737123187392E-04
 -6.983592165395295E-04 -7.016716843588301E-04 -7.049488407390850E-04
 -4.187389504611710E-04 -4.207580587140182E-04 -4.227544144933344E-04
 -1.395322508747141E-04 -1.402107385113512E-04 -1.408813796814041E-04
 -7.152466075622235E-04 -7.182077116211502E-04 -7.211427516216170E-04
 -4.290661697847371E-04 -4.308601036613640E-04 -4.326364840245452E-04
 -1.430082416291042E-04 -1.436092192487030E-04 -1.442040160650335E-04
 -7.283567556449589E-04 -7.311057986773578E-04 -7.338517132474221E-04
 -4.370214291725185E-04 -4.386762252021982E-04 -4.403279046513596E-04
 -1.456753901480361E-04 -1.462279228863581E-04 -1.467791996126863E-04
 -7.390842287842019E-04 -7.417772115400194E-04 -7.444846896382566E-04
 -4.434814722324504E-04 -4.450971985092794E-04 -4.467213059305758E-04
 -1.478326848370251E-04 -1.483712310978783E-04 -1.489125125443775E-04
 -7.484746789730111E-04 -7.511890931030371E-04 -7.539221155433460E-04
 -4.491207665576195E-04 -4.507496452511956E-04 -4.523900090228519E-04
 -1.497130561717068E-04 -1.502560162394933E-04 -1.508028572666839E-04
 -7.568646249893432E-04 -7.595821922294923E-04 -7.623105701551084E-04
 -4.541715353386000E-04 -4.558053582169350E-04 -4.574461792371924E-04
 -1.513992070183011E-04 -1.519443327473740E-04 -1.524918786662831E-04
 -7.639923445469167E-04 -7.666332311527111E-04 -7.692716043398407E-04
 -4.584850374841074E-04 -4.600758583729074E-04 -4.616655524246160E-04
 -1.528430626051552E-04 -1.533743741638978E-04 -1.539053762696613E-04
 -7.693237001732985E-04 -7.717939764393014E-04 -7.742490102818640E-04
 -4.617342224236470E-04 -4.632242138680792E-04 -4.647052046027779E-04
 -1.539345175900626E-04 -1.544324901875574E-04 -1.549274882508490E-04
 -7.723527187539525E-04 -7.745775854812175E-04 -7.767782276155531E-04
 -4.636045837346062E-04 -4.649473581645836E-04 -4.662755635136922E-04
 -1.545668607187767E-04 -1.550157713937050E-04 -1.554598202820031E-04
 -7.727554200735646E-04 -7.746896171823429E-04 -7.765944448107833E-04
 -4.638938372872376E-04 -4.650614214739719E-04 -4.662112842640277E-04
 -1.546712885877631E-04 -1.550616695354505E-04 -1.554461262577821E-04
 -7.703982619753400E-04 -7.720197457704678E-04 -7.736090069062841E-04
 -4.625192484360128E-04 -4.634983240612026E-04 -4.644579871898060E-04
 -1.542197556508278E-04 -1.545471493685884E-04 -1.548680584984546E-04
 -7.652700228907500E-04 -7.665682202221744E-04 -7.678320233711925E-04
 -4.594752957038818E-04 -4.602598096687319E-04 -4.610236579826009E-04
 -1.532106200899986E-04 -1.534730581826995E-04 -1.537286025109291E-04
 -7.574098737133553E-04 -7.583771552013027E-04 -7.593077470288210E-04
 -4.547878690430289E-04 -4.553735531502636E-04 -4.559372295185513E-04
 -1.516529223924824E-04 -1.518490358382634E-04 -1.520378143277954E-04
 -7.468709267427543E-04 -7.475001801651517E-04 -7.480903678070202E-04
 -4.484904836327166E-04 -4.488732080942943E-04 -4.492325056531516E-04
 -1.495581228172522E-04 -1.496865596131961E-04 -1.498071896560912E-04
 -7.337209411184851E-04 -7.340075489975585E-04 -7.342531009620870E-04
 -4.406241343879480E-04 -4.408010900124463E-04 -4.409534105828849E-04
 -1.469399503577545E-04 -1.469997682374906E-04 -1.470513743217278E-04
 -7.180609027970272E-04 -7.180058429767096E-04 -7.179085564251792E-04
 -4.312488509782797E-04 -4.312205013892565E-04 -4.311667946379176E-04
 -1.438183218258110E-04 -1.438096545817998E-04 -1.437925315073032E-04
 -7.000410255573861E-04 -6.996526826272890E-04 -6.992219295154368E-04
 -4.204539887220647E-04 -4.202252493922660E-04 -4.199710282033963E-04
 -1.402228905613651E-04 -1.401473569789205E-04 -1.400633234952682E-04
 -6.798638761798371E-04 -6.791578923350183E-04 -6.784102160334426E-04
 -4.083605805056511E-04 -4.079407735211004E-04 -4.074959084428349E-04
 -1.361939132887462E-04 -1.360546098397674E-04 -1.359069465661593E-04
 -6.577752654070876E-04 -6.567730452037240E-04 -6.557305444100278E-04
 -3.951159990939088E-04 -3.945179540197408E-04 -3.938956964541590E-04
 -1.317804937897218E-04 -1.315816946954691E-04 -1.313748173902944E-04
 -6.340491480049875E-04 -6.327759919019649E-04 -6.314644596241546E-04
 -3.808847930199973E-04 -3.801237044365123E-04 -3.793395463569983E-04
 -1.270375107540412E-04 -1.267842833105981E-04 -1.265233587253139E-04
 -6.089726256564944E-04 -6.074561551684594E-04 -6.059035659463802E-04
 -3.658395305506265E-04 -3.649319932089346E-04 -3.640027409942950E-04
 -1.220225386523363E-04 -1.217204181660675E-04 -1.214110521159916E-04
 -5.828341309092440E-04 -5.811031851385464E-04 -5.793386478439069E-04
 -3.501536087731111E-04 -3.491169473468690E-04 -3.480600870643606E-04
 -1.167934332006528E-04 -1.164481981389353E-04 -1.160962228031357E-04
 -5.559150321529153E-04 -5.539989125763636E-04 -5.520519418659869E-04
 -3.339961885010324E-04 -3.328480053004386E-04 -3.316812672899291E-04
 -1.114066380807146E-04 -1.110241594450855E-04 -1.106354885162624E-04
 -5.284836597882400E-04 -5.264115499911887E-04 -5.243114911407862E-04
 -3.175286192251673E-04 -3.162864492295955E-04 -3.150274661249172E-04
 -1.059159949070344E-04 -1.055021218045340E-04 -1.050826370472313E-04
 -5.007908940301789E-04 -4.985913715160377E-04 -4.963669133012411E-04
 -3.009017999427618E-04 -2.995828189822500E-04 -2.982488340771277E-04
 -1.003718650576243E-04 -9.993232763652985E-05 -9.948778180560161E-05
 -4.730670611186811E-04 -4.707677107192679E-04 -4.684465061703335E-04
 -2.842543081066399E-04 -2.828750992692422E-04 -2.814827369901837E-04
 -9.482050463639688E-05 -9.436083595679601E-05 -9.389677596374988E-05
 -4.455202447346996E-04 -4.431474097672433E-04 -4.407558403672585E-04
 -2.677113658113399E-04 -2.662877673580101E-04 -2.648528889521362E-04
 -8.930371642597963E-05 -8.882920129822635E-05 -8.835091963092816E-05
 -4.183360581391667E-04 -4.159147360108387E-04 -4.134778198221914E-04
 -2.513846826782494E-04 -2.499317231955162E-04 -2.484693695385824E-04
 -8.385879406513703E-05 -8.337444705658135E-05 -8.288696236169524E-05
 -3.916786426321009E-04 -3.892324886679732E-04 -3.867738907294224E-04
 -2.353730430324926E-04 -2.339049428151892E-04 -2.324293399091168E-04
 -7.851871574033023E-05 -7.802928147801876E-05 -7.753734026412410E-05
 -3.656924241231630E-04 -3.632438034191130E-04 -3.607858865697255E-04
 -2.197633577318536E-04 -2.182935600930570E-04 -2.168181498687895E-04
 -7.331249441669529E-05 -7.282245805686451E-05 -7.233054501416416E-05
 -3.405041006648687E-04 -3.380741297382547E-04 -3.356379892139673E-04
 -2.046318613644046E-04 -2.031730584050241E-04 -2.017105202952587E-04
 -6.826557768193079E-05 -6.777917362908060E-05 -6.729151895604467E-05
 -3.162244276287332E-04 -3.138329654060013E-04 -3.114384095673211E-04
 -1.900451911479744E-04 -1.886093192829674E-04 -1.871715595863118E-04
 -6.340020868144265E-05 -6.292141925412518E-05 -6.244199526747321E-05
 -2.929495270023058E-04 -2.906150956656680E-04 -2.882805559693552E-04
 -1.760611809968920E-04 -1.746593743509206E-04 -1.732574730828731E-04
 -5.873569222707699E-05 -5.826823227127393E-05 -5.780073583470426E-05
 -2.707616025547122E-04 -2.685012362630096E-04 -2.662436064472338E-04
 -1.627292986437266E-04 -1.613717990458901E-04 -1.600159141891124E-04
 -5.428854184370872E-05 -5.383582885872439E-05 -5.338364959036217E-05
 -2.497290666025377E-04 -2.475580993380524E-04 -2.453925165750242E-04
 -1.500907286478546E-04 -1.487867589216240E-04 -1.474859956668904E-04
 -5.007250860060322E-05 -4.963762059911967E-05 -4.920379737626972E-05
 -2.299061787063694E-04 -2.278379928230489E-04 -2.257775836523893E-04
 -1.381781609235771E-04 -1.369357743378596E-04 -1.356980329214608E-04
 -4.609851150750192E-05 -4.568413688710504E-05 -4.527130717231243E-05
 -2.113323680917693E-04 -2.093781330428868E-04 -2.074337544740071E-04
 -1.270153872861147E-04 -1.258413107827088E-04 -1.246731310860003E-04
 -4.237450355194364E-05 -4.198288883690238E-05 -4.159323686882291E-05
 -1.940314589885434E-04 -1.921998943035158E-04 -1.903799045212565E-04
 -1.166168372113381E-04 -1.155163288229454E-04 -1.144227523749594E-04
 -3.890531705169782E-05 -3.853821930512221E-05 -3.817343002968355E-05
 -1.780110355399011E-04 -1.763082321836295E-04 -1.746183246497712E-04
 -1.069871948513164E-04 -1.059639358295833E-04 -1.049484055363338E-04
 -3.569253567596594E-05 -3.535118642869795E-05 -3.501241195473376E-05
 -1.632621667529690E-04 -1.616914960555942E-04 -1.601346251440554E-04
 -9.812123007538006E-05 -9.717726932591500E-05 -9.624158390035903E-05
 -3.273443747712162E-05 -3.241952405230465E-05 -3.210736830245659E-05
 -1.497596645433339E-04 -1.483217946501174E-04 -1.468982111566910E-04
 -9.000394809608341E-05 -8.913971101302626E-05 -8.828404523766427E-05
 -3.002604389785980E-05 -2.973771218296736E-05 -2.945223747423208E-05
 -1.374629768294525E-04 -1.361560047322385E-04 -1.348634073902274E-04
 -8.261111973340213E-05 -8.182548640454080E-05 -8.104848103742997E-05
 -2.755929559427041E-05 -2.729717594106783E-05 -2.703793278656562E-05
 -1.263177335490447E-04 -1.251374282228404E-04 -1.239712247668018E-04
 -7.591020388799881E-05 -7.520065409736915E-05 -7.449957165970299E-05
 -2.532335906725924E-05 -2.508661447877920E-05 -2.485269337432821E-05
 -1.162578790298425E-04 -1.151980197304209E-04 -1.141516798310721E-04
 -6.986162300444171E-05 -6.922443856735362E-05 -6.859537450256494E-05
 -2.330505115690658E-05 -2.309244462415013E-05 -2.288254633355213E-05
 -1.072082531943209E-04 -1.062610377487184E-04 -1.053265114335833E-04
 -6.442030950199133E-05 -6.385081889295028E-05 -6.328895232171284E-05
 -2.148935413413131E-05 -2.129933012081427E-05 -2.111184921074591E-05
 -9.908743865133101E-05 -9.824393034309141E-05 -9.741209995857504E-05
 -5.953741366170484E-05 -5.903026011887476E-05 -5.853012504033008E-05
 -1.985998492673257E-05 -1.969075873237501E-05 -1.952387397646093E-05
 -9.181067603069394E-05 -9.106125517314311E-05 -9.032238708363909E-05
 -5.516205436738012E-05 -5.471146710945641E-05 -5.426722373881074E-05
 -1.839997895401163E-05 -1.824962716427103E-05 -1.810139204119097E-05
 -8.529266065521918E-05 -8.462744894176087E-05 -8.397161361164870E-05
 -5.124300029956452E-05 -5.084304965523972E-05 -5.044873702924725E-05
 -1.709225105865614E-05 -1.695879667478901E-05 -1.682722366267214E-05
 -7.945005757578451E-05 -7.885928999377769E-05 -7.827672603829301E-05
 -4.773018336409855E-05 -4.737500461163688E-05 -4.702475973385036E-05
 -1.592010071289693E-05 -1.580158788001217E-05 -1.568472162345728E-05
 -7.420359994965974E-05 -7.367792902904012E-05 -7.315933695784574E-05
 -4.457596282796559E-05 -4.425993952240579E-05 -4.394817439920306E-05
 -1.486763424723623E-05 -1.476218949254726E-05 -1.465816594619720E-05
 -6.947967010780603E-05 -6.901039742048571E-05 -6.854715916876540E-05
 -4.173607922965466E-05 -4.145398289265725E-05 -4.117551704168128E-05
 -1.392008369882787E-05 -1.382596262741679E-05 -1.373305335775902E-05
 -6.521131429113596E-05 -6.479055101717863E-05 -6.437487851899978E-05
 -3.917026816372095E-05 -3.891735535506397E-05 -3.866750567067513E-05
 -1.306401223502258E-05 -1.297963200902673E-05 -1.289627427008486E-05
 -6.133871508198753E-05 -6.095947580592164E-05 -6.058449425659809E-05
 -3.684254799284300E-05 -3.661461721581578E-05 -3.638924853706466E-05
 -1.228741076707673E-05 -1.221136917907087E-05 -1.213618286991893E-05
 -5.780922275266739E-05 -5.746545655491111E-05 -5.712522748102979E-05
 -3.472124199774761E-05 -3.451465285146694E-05 -3.431019228217518E-05
 -1.157970588998383E-05 -1.151078782964046E-05 -1.144258034751174E-05
 -5.457709393735695E-05 -5.426365816892991E-05 -5.395314789094312E-05
 -3.277882396769352E-05 -3.259048176730158E-05 -3.240390008924381E-05
 -1.093170881347578E-05 -1.086888120112107E-05 -1.080664130294595E-05
 -5.160307631842580E-05 -5.131566338924700E-05 -5.103066654042554E-05
 -3.099167051079032E-05 -3.081898257535260E-05 -3.064774855591678E-05
 -1.033553305364149E-05 -1.027793030539994E-05 -1.022081290886377E-05
 -4.885391807101850E-05 -4.858895223563491E-05 -4.832598630435286E-05
 -2.933976744669710E-05 -2.918058126547237E-05 -2.902259846371847E-05
 -9.784496680469136E-06 -9.731400113102839E-06 -9.678705246515990E-06
 -4.630181176825611E-05 -4.605633652157117E-05 -4.581252736427844E-05
 -2.780637625188446E-05 -2.765891192291406E-05 -2.751244998595114E-05
 -9.273011153751988E-06 -9.223826464799613E-06 -9.174976364082866E-06
 -4.392375100701091E-05 -4.369532473700413E-05 -4.346830073495386E-05
 -2.637764764009710E-05 -2.624043520067454E-05 -2.610406628740354E-05
 -8.796452453509031E-06 -8.750688820712220E-06 -8.705206725218550E-06
 -4.170080077322381E-05 -4.148740953362939E-05 -4.127521376242468E-05
 -2.504218302708639E-05 -2.491401002030453E-05 -2.478655600007767E-05
 -8.351014772794130E-06 -8.308267360492489E-06 -8.265759895497028E-06
 -3.961733404490170E-05 -3.941732065089494E-05 -3.921834066112513E-05
 -2.379057550800588E-05 -2.367044432630780E-05 -2.355093453052069E-05
 -7.933557348734861E-06 -7.893493070290661E-06 -7.853636144964463E-06
 -3.766032095415615E-05 -3.747232438095362E-05 -3.728523341577826E-05
 -2.261498229415959E-05 -2.250207369940765E-05 -2.238970953182613E-05
 -7.541461761600587E-06 -7.503807099141004E-06 -7.466334089900985E-06
 -3.581874390042017E-05 -3.564164388200147E-05 -3.546534777549238E-05
 -2.150877274413793E-05 -2.140241251114530E-05 -2.129653547221750E-05
 -7.172514441668957E-06 -7.137044308140307E-06 -7.101735380876448E-06
 -3.408316238810394E-05 -3.391602838901405E-05 -3.374961660730995E-05
 -2.046626634948623E-05 -2.036589454134001E-05 -2.026595674689352E-05
 -6.824819177955039E-06 -6.791346657718548E-06 -6.758018922808474E-06
 -3.244540150688544E-05 -3.228744851276463E-05 -3.213015142901311E-05
 -1.948254504101501E-05 -1.938768938680699E-05 -1.929322783875350E-05
 -6.496734419801401E-06 -6.465101878232908E-06 -6.433600798839689E-06
 -3.089831780141067E-05 -3.074887137736468E-05 -3.060002630322933E-05
 -1.855331206654432E-05 -1.846356691505502E-05 -1.837418304065107E-05
 -6.186826132561037E-06 -6.156898187278810E-06 -6.127090745696568E-06
 -2.943560756678795E-05 -2.929407835317462E-05 -2.915310475616078E-05
 -1.767477644136272E-05 -1.758978739208691E-05 -1.750513211027094E-05
 -5.893829191149293E-06 -5.865487577280775E-06 -5.837257285463762E-06
 -2.805164507925638E-05 -2.791751074894883E-05 -2.778389286103724E-05
 -1.684355545395584E-05 -1.676300848183761E-05 -1.668277171966253E-05
 -5.616614809107573E-06 -5.589754746522629E-06 -5.562998144757294E-06
 -2.674135186887411E-05 -2.661414402077372E-05 -2.648741833767384E-05
 -1.605659589093274E-05 -1.598020944336040E-05 -1.590411259874297E-05
 -5.354164223831850E-06 -5.328691776468846E-06 -5.303315914177369E-06
 -2.550009824193666E-05 -2.537939243206295E-05 -2.525913824680958E-05
 -1.531111469566002E-05 -1.523863368083332E-05 -1.516642391259409E-05
 -5.105548875773120E-06 -5.081378941776393E-06 -5.057299468699062E-06
 -2.432363241515786E-05 -2.420904044317185E-05 -2.409487249733172E-05
 -1.460455624567351E-05 -1.453574738356425E-05 -1.446719318315792E-05
 -4.869916130554533E-06 -4.846970889638163E-06 -4.824110576987609E-06
 -2.320802919344392E-05 -2.309919323720650E-05 -2.299075609918087E-05
 -1.393456141668950E-05 -1.386920970340356E-05 -1.380409750571344E-05
 -4.646478944147899E-06 -4.624686676682524E-06 -4.602974285194035E-06
 -2.214965107859319E-05 -2.204623934540272E-05 -2.194320321810636E-05
 -1.329894413665040E-05 -1.323685022434110E-05 -1.317498188216957E-05
 -4.434508028764277E-06 -4.413802240194571E-06 -4.393171676121137E-06
 -2.114511721660695E-05 -2.104682076895940E-05 -2.094887841719503E-05
 -1.269567268220866E-05 -1.263665096549295E-05 -1.257784189708916E-05
 -4.233325608476589E-06 -4.213644389492543E-06 -4.194034085066037E-06
 -2.019127767368327E-05 -2.009780809225706E-05 -2.000467257648169E-05
 -1.212285418162121E-05 -1.206673138982672E-05 -1.201080921422218E-05
 -4.042300238846826E-06 -4.023585796062205E-06 -4.004938254867721E-06
 -1.928519181674190E-05 -1.919627938885711E-05 -1.910768231132019E-05
 -1.157872159885124E-05 -1.152533570500214E-05 -1.147213918563152E-05
 -3.860842465828834E-06 -3.843040757012836E-06 -3.825302200414871E-06
 -1.842411039232641E-05 -1.833950257099304E-05 -1.825519258274536E-05
 -1.106162295394307E-05 -1.101082224678155E-05 -1.096020039222472E-05
 -3.688401224092709E-06 -3.671461648482768E-06 -3.654581715791862E-06
 -1.760546091246267E-05 -1.752492092880687E-05 -1.744466237228387E-05
 -1.057001251625747E-05 -1.052165476646627E-05 -1.047346601523454E-05
 -3.524460895644158E-06 -3.508336015115168E-06 -3.492267491231799E-06
 -1.682683529126558E-05 -1.675014093978890E-05 -1.667371264374871E-05
 -1.010244337557994E-05 -1.005639510527358E-05 -1.001050660072865E-05
 -3.368538835045893E-06 -3.353184131488472E-06 -3.337882705206016E-06
 -1.608597840166773E-05 -1.601292104007871E-05 -1.594011531866061E-05
 -9.657560552666697E-06 -9.613696432986788E-06 -9.569983420916841E-06
 -3.220183063896653E-06 -3.205556736827901E-06 -3.190980799589813E-06
 -1.538077695390148E-05 -1.531116065849766E-05 -1.524178247320756E-05
 -9.234094320346113E-06 -9.192296664169704E-06 -9.150641989332409E-06
 -3.078970047455672E-06 -3.065032845765360E-06 -3.051143323863215E-06
 -1.470924918213198E-05 -1.464288993840600E-05 -1.457675610356025E-05
 -8.830854001082952E-06 -8.791012276554179E-06 -8.751305904635408E-06
 -2.944502624457344E-06 -2.931217683697657E-06 -2.917977878355511E-06
 -1.406953599031412E-05 -1.400626086169949E-05 -1.394319922345739E-05
 -8.446722634292562E-06 -8.408732965284771E-06 -8.370871490642454E-06
 -2.816408222207887E-06 -2.803740897928676E-06 -2.791116321746289E-06
 -1.345989331525142E-05 -1.339953965587409E-05 -1.333938830422732E-05
 -8.080652392301606E-06 -8.044417085331045E-06 -8.008303256337973E-06
 -2.694337332830906E-06 -2.682255042844316E-06 -2.670213261094787E-06
 -1.287868479346358E-05 -1.282109958323144E-05 -1.276370618098648E-05
 -7.731660171423041E-06 -7.697087316451544E-06 -7.662629633405520E-06
 -2.577962041391142E-06 -2.566434132679934E-06 -2.554944629064784E-06
 -1.232437419940064E-05 -1.226941348200116E-05 -1.221463470407314E-05
 -7.398823049039410E-06 -7.365826180861471E-06 -7.332938557914530E-06
 -2.466974509405907E-06 -2.455972144889002E-06 -2.445006209082699E-06
 -1.179551803798556E-05 -1.174304636446048E-05 -1.169074735328747E-05
 -7.081273825353238E-06 -7.049771589944011E-06 -7.018373028075779E-06
 -2.361085486036321E-06 -2.350581533723736E-06 -2.340112151975580E-06
 -1.129075902636438E-05 -1.124064886432795E-05 -1.119070264730168E-05
 -6.778197108790624E-06 -6.748112907916289E-06 -6.718127145130354E-06
 -2.260023003279073E-06 -2.249991917165212E-06 -2.239993655587127E-06
 -1.080882078157050E-05 -1.076095194718933E-05 -1.071323886677023E-05
 -6.488826121467814E-06 -6.460087772122273E-06 -6.431442941630647E-06
 -2.163531309795473E-06 -2.153949016882363E-06 -2.144397908029595E-06
 -1.034850345888265E-05 -1.030276264184900E-05 -1.025716987434561E-05
 -6.212440079251040E-06 -6.184979527180583E-06 -6.157607867126681E-06
 -2.071369998056339E-06 -2.062213802087844E-06 -2.053087247205250E-06
 -9.908679875652899E-06 -9.864960239855196E-06 -9.821381398005808E-06
 -5.948361857597845E-06 -5.922114937714777E-06 -5.895952552398533E-06
 -1.983313224915631E-06 -1.974561726975960E-06 -1.965838416916905E-06
 -9.488291181004540E-06 -9.446491973979603E-06 -9.404826726059512E-06
 -5.695955390169817E-06 -5.670861592623166E-06 -5.645848225260288E-06
 -1.899148841638808E-06 -1.890781862160001E-06 -1.882441701867462E-06
 -9.086340712591015E-06 -9.046366867600917E-06 -9.006520546735086E-06
 -5.454621978746871E-06 -5.430624209108265E-06 -5.406703005124218E-06
 -1.818677164977984E-06 -1.810675663425865E-06 -1.802699692261241E-06
 -8.701885722164410E-06 -8.663647499189574E-06 -8.625530741238067E-06
 -5.223795321363688E-06 -5.200839684819130E-06 -5.177956975128229E-06
 -1.741709319065444E-06 -1.734055321840300E-06 -1.726425641584984E-06
 -8.334029961105627E-06 -8.297442641657076E-06 -8.260971075468355E-06
 -5.002937057554870E-06 -4.980972675881097E-06 -4.959077790951837E-06
 -1.668065747970064E-06 -1.660742287924419E-06 -1.653442000918451E-06
 -7.981923196400515E-06 -7.946906760666867E-06 -7.912000686492390E-06
 -4.791536485514982E-06 -4.770515302563256E-06 -4.749560378754277E-06
 -1.597576123635195E-06 -1.590567174909698E-06 -1.583580319508253E-06
 -7.644771243623050E-06 -7.611249964577558E-06 -7.577833957857227E-06
 -4.589116570740979E-06 -4.568993108827299E-06 -4.548932849869741E-06
 -1.530081348662660E-06 -1.523371744668472E-06 -1.516683214966919E-06
 -7.321849608741808E-06 -7.289751644351976E-06 -7.257754152451956E-06
 -4.395242128634851E-06 -4.375973243727083E-06 -4.356764679475462E-06
 -1.465436279011607E-06 -1.459011631967122E-06 -1.452607097972216E-06
 -7.012502006215133E-06 -6.981759193738350E-06 -6.951112325481391E-06
 -4.209518941645677E-06 -4.191063700541600E-06 -4.172666060938057E-06
 -1.403509433750324E-06 -1.397356093523673E-06 -1.391221959539002E-06
 -6.716106228009775E-06 -6.686654180575512E-06 -6.657293796961474E-06
 -4.031573270565026E-06 -4.013893008120506E-06 -3.996267776707364E-06
 -1.344176165308146E-06 -1.338281237942782E-06 -1.332404659716243E-06
 -6.432014138847351E-06 -6.403792442734789E-06 -6.375658356729021E-06
 -3.861015834299512E-06 -3.844074271349959E-06 -3.827185305307469E-06
 -1.287306645789764E-06 -1.281658033119443E-06 -1.276026957973532E-06
 -6.159510520860211E-06 -6.132462600716843E-06 -6.105498453563638E-06
 -3.697417115504565E-06 -3.681180277818506E-06 -3.664993733000358E-06
 -1.232757639276355E-06 -1.227344011824399E-06 -1.221947153451709E-06
 -5.897854485361026E-06 -5.871926834943913E-06 -5.846079333603211E-06
 -3.540332208777106E-06 -3.524767965052248E-06 -3.509251838203464E-06
 -1.180380781017566E-06 -1.175191423539951E-06 -1.170018109568651E-06
 -5.646430518211753E-06 -5.621571486918355E-06 -5.596789186984964E-06
 -3.389391470689984E-06 -3.374468805264229E-06 -3.359592204345756E-06
 -1.130052800327395E-06 -1.125077370195197E-06 -1.120117299098868E-06
 -5.404939491243977E-06 -5.381098361690989E-06 -5.357330734313590E-06
 -3.244415157464635E-06 -3.230103616096625E-06 -3.215836200308820E-06
 -1.081713738723721E-06 -1.076942080489922E-06 -1.072185134835889E-06
 -5.173457888284658E-06 -5.150585097370280E-06 -5.127782745689083E-06
 -3.105448972782600E-06 -3.091718794718678E-06 -3.078030903215302E-06
 -1.035378799015577E-06 -1.030800988665521E-06 -1.026237277642864E-06
 -4.952185196373663E-06 -4.930233990022255E-06 -4.908350309050568E-06
 -2.972612458672236E-06 -2.959435569707603E-06 -2.946299217693467E-06
 -9.910878049027477E-07 -9.866944804651148E-07 -9.823146719979516E-07
 -4.740860886174946E-06 -4.719789646298854E-06 -4.698783159186605E-06
 -2.845749082170595E-06 -2.833100491651095E-06 -2.820490773272408E-06
 -9.487885412040604E-07 -9.445713693624716E-07 -9.403671583338139E-07
 -4.538130404360307E-06 -4.517903999490667E-06 -4.497739715829890E-06
 -2.724045726625041E-06 -2.711904338440088E-06 -2.699800242350902E-06
 -9.082099061316949E-07 -9.041618519808611E-07 -9.001262317978929E-07
 -4.341396111281636E-06 -4.321984686731612E-06 -4.302632894954124E-06
 -2.605943222863243E-06 -2.594291108773074E-06 -2.582674792598137E-06
 -8.688320784642425E-07 -8.649471633355563E-07 -8.610741839679026E-07
 -4.147654543696906E-06 -4.129029530307548E-06 -4.110461804913821E-06
 -2.489638853451713E-06 -2.478458856482717E-06 -2.467313249521600E-06
 -8.300540458986902E-07 -8.263265482868393E-07 -8.226105168764737E-07
 -3.955344187285857E-06 -3.937473343652591E-06 -3.919657580989036E-06
 -2.374195315893412E-06 -2.363468077033733E-06 -2.352773903029150E-06
 -7.915633074896895E-07 -7.879867722075469E-07 -7.844212611917389E-07
 -3.766417277429088E-06 -3.749261912128467E-06 -3.732159541725852E-06
 -2.260784156433080E-06 -2.250486445179790E-06 -2.240220546463093E-06
 -7.537504141298553E-07 -7.503170946686589E-07 -7.468943820903152E-07
 -3.587096966495047E-06 -3.570613813610201E-06 -3.554181665753239E-06
 -2.153140197974821E-06 -2.143246039473424E-06 -2.133382498721243E-06
 -7.178604617566117E-07 -7.145616976006285E-07 -7.112731418246535E-07
 -3.425574718159105E-06 -3.409722239334431E-06 -3.393918851541100E-06
 -2.056179581736954E-06 -2.046664038313894E-06 -2.037177963405437E-06
 -6.855323746677265E-07 -6.823598506907434E-07 -6.791971518579584E-07
 -3.285508786393471E-06 -3.270254394696491E-06 -3.255047255402520E-06
 -1.972097780166580E-06 -1.962941286574391E-06 -1.953813157771887E-06
 -6.574980638451677E-07 -6.544452559218068E-07 -6.514019051785532E-07
 -3.155404991728980E-06 -3.140727945446464E-06 -3.126096406668037E-06
 -1.893996283533475E-06 -1.885186384785792E-06 -1.876403803159757E-06
 -6.314576910334085E-07 -6.285204464376839E-07 -6.255923095963652E-07
 -2.995158864198618E-06 -2.981044410154510E-06 -2.966973826068366E-06
 -1.797805633483830E-06 -1.789333469262998E-06 -1.780887638950166E-06
 -5.993869753555946E-07 -5.965623387455232E-07 -5.937464821772685E-07
 -2.721484198205750E-06 -2.707907029676202E-06 -2.694372176717580E-06
 -1.633540120595835E-06 -1.625390497011924E-06 -1.617266274158269E-06
 -5.446216831639711E-07 -5.419045881000068E-07 -5.391959621326374E-07
