  3.444391703679589E+00  3.438210743905664E+00  3.432027062639965E+00

  1.593154390314609E-01  1.593106920824431E-01  1.593087383066105E-01
  1.574703271769063E-01  1.574962020820658E-01  1.575247815248861E-01
  1.565955234593611E-01  1.566380691504601E-01  1.566832743603272E-01
  1.602222410061777E-01  1.602154931830364E-01  1.602116671724769E-01
  1.583659670732297E-01  1.583897389133700E-01  1.584163613854397E-01
  1.574879801429271E-01  1.575283921516039E-01  1.575716205030566E-01
  1.607079815352074E-01  1.607001457401783E-01  1.606953039752862E-01
  1.588461248622174E-01  1.588687482237737E-01  1.588943281245256E-01
  1.579664922663982E-01  1.580057512601724E-01  1.580479693703653E-01
  1.607079815352074E-01  1.607001457401783E-01  1.606953039752862E-01
  1.588461248622174E-01  1.588687482237737E-01  1.588943281245256E-01
  1.579664922663982E-01  1.580057512601724E-01  1.580479693703653E-01
  1.602222410061777E-01  1.602154931830364E-01  1.602116671724769E-01
  1.583659670732297E-01  1.583897389133700E-01  1.584163613854397E-01
  1.574879801429271E-01  1.575283921516039E-01  1.575716205030566E-01
  1.593154390314609E-01  1.593106920824431E-01  1.593087383066105E-01
  1.574703271769063E-01  1.574962020820658E-01  1.575247815248861E-01
  1.565955234593611E-01  1.566380691504601E-01  1.566832743603272E-01
  1.581139922891647E-01  1.581122690263596E-01  1.581132576231246E-01
  1.562854480708536E-01  1.563143760494332E-01  1.563459112940051E-01
  1.554151076759697E-01  1.554606892145672E-01  1.555088187877287E-01
  1.568055234289298E-01  1.568078672704738E-01  1.568129114049032E-01
  1.549992300327610E-01  1.550323054189305E-01  1.550679998403444E-01
  1.541340919652789E-01  1.541838281284660E-01  1.542361359698558E-01
  1.556347155797245E-01  1.556421443043260E-01  1.556523527318810E-01
  1.538610133983525E-01  1.538997547845700E-01  1.539412536812740E-01
  1.530040242046732E-01  1.530598250230488E-01  1.531183804424482E-01
  1.549014686145065E-01  1.549152627646758E-01  1.549319904387806E-01
  1.531808880679919E-01  1.532272106841691E-01  1.532764763813861E-01
  1.523413787748210E-01  1.524056685419297E-01  1.524729269355057E-01
  1.549575896332583E-01  1.549793017969074E-01  1.550040882729586E-01
  1.533207584035798E-01  1.533764107331847E-01  1.534351283082820E-01
  1.525144867467283E-01  1.525891157004844E-01  1.526668272196788E-01
  1.561988327234749E-01  1.562304811039385E-01  1.562652641589728E-01
  1.546835248030309E-01  1.547504377471111E-01  1.548204591806266E-01
  1.539306152129285E-01  1.540172608641810E-01  1.541070264308309E-01
  1.590713159258255E-01  1.591168797508367E-01  1.591655446205739E-01
  1.577312366094399E-01  1.578137294735605E-01  1.578993243920675E-01
  1.570630427717097E-01  1.571659387135807E-01  1.572719749950129E-01
  1.641057714752825E-01  1.641729939369785E-01  1.642431427405424E-01
  1.630382257803737E-01  1.631447152852150E-01  1.632541650575449E-01
  1.625171946201554E-01  1.626448178134405E-01  1.627754665545932E-01
  1.719617632058500E-01  1.720620624664148E-01  1.721648686263276E-01
  1.713389731617661E-01  1.714803324275399E-01  1.716241864185828E-01
  1.710788160109226E-01  1.712412853681662E-01  1.714062778970377E-01
  1.834745270366051E-01  1.836202505339110E-01  1.837677361591135E-01
  1.835543005337739E-01  1.837390382760109E-01  1.839253502855226E-01
  1.837226398350561E-01  1.839257211052103E-01  1.841302700523495E-01
  1.997105298772686E-01  1.999089441417188E-01  2.001080233764630E-01
  2.008082815645109E-01  2.010351179745320E-01  2.012621411166009E-01
  2.015997512109759E-01  2.018368000986131E-01  2.020737137708874E-01
  2.219650004682955E-01  2.222070054933430E-01  2.224482020047539E-01
  2.243654777009901E-01  2.246114560200908E-01  2.248558108148854E-01
  2.259301315080605E-01  2.261700944344646E-01  2.264078822070401E-01
  2.515898361779864E-01  2.518335036717137E-01  2.520744832476251E-01
  2.553584181078656E-01  2.555623899177732E-01  2.557626248969746E-01
  2.576553490408561E-01  2.578265549185125E-01  2.579933685755840E-01
  2.896259031521406E-01  2.897815321122607E-01  2.899323089657572E-01
  2.942777095824755E-01  2.943275000715508E-01  2.943716055252540E-01
  2.968331557406206E-01  2.968128109452969E-01  2.967864259255381E-01
  3.362885663166123E-01  3.362196982516708E-01  3.361441489761656E-01
  3.403776830069997E-01  3.401205581137488E-01  3.398571733779720E-01
  3.420444414230777E-01  3.416770516363289E-01  3.413040932303755E-01
  3.904000439310396E-01  3.899580478839479E-01  3.895091083528177E-01
  3.914069137914744E-01  3.907029684633659E-01  3.899951363118762E-01
  3.904643127519584E-01  3.896267063084045E-01  3.887876323537072E-01
  4.491408102115818E-01  4.482324290354751E-01  4.473192652829260E-01
  4.442799599201294E-01  4.430791168138608E-01  4.418798121592727E-01
  4.391907723142686E-01  4.378672514931820E-01  4.365492817294545E-01
  5.087260133355258E-01  5.073701613722226E-01  5.060131327974879E-01
  4.966282173923104E-01  4.950006252447133E-01  4.933806541884712E-01
  4.870430379759241E-01  4.853310940924174E-01  4.836314938518658E-01
  5.657675871835863E-01  5.640916628997699E-01  5.624172209641526E-01
  5.477727564550904E-01  5.458635231719798E-01  5.439657421232460E-01
  5.348845412077849E-01  5.329290960943431E-01  5.309898175194123E-01
  6.177402043635417E-01  6.159331419243388E-01  6.141274253553045E-01
  5.977306531583118E-01  5.957045426201534E-01  5.936900646209528E-01
  5.838245853848594E-01  5.817676355957541E-01  5.797268555564222E-01
  6.615772245516074E-01  6.598506967830047E-01  6.581223745546597E-01
  6.445519710286420E-01  6.425839561033335E-01  6.406241218467241E-01
  6.322813148425641E-01  6.302700842929471E-01  6.282714055554657E-01
  6.924277244684174E-01  6.909774424185406E-01  6.895208050403703E-01
  6.823782111854749E-01  6.806533193874413E-01  6.789307848931094E-01
  6.739494591206943E-01  6.721537757210972E-01  6.703644058940650E-01
  7.061839198322553E-01  7.051154358290553E-01  7.040372282796342E-01
  7.040570511298937E-01  7.027091726299118E-01  7.013581170606465E-01
  7.002755199221237E-01  6.988363828617512E-01  6.973971652043239E-01
  7.042791483170159E-01  7.035545517111944E-01  7.028195194132338E-01
  7.078035222931728E-01  7.068317939080548E-01  7.058539707118997E-01
  7.077170637066066E-01  7.066524595097662E-01  7.055838493779809E-01
  6.937886439179612E-01  6.932749634321320E-01  6.927521508449177E-01
  6.995818903720502E-01  6.988675870660457E-01  6.981469306939140E-01
  7.013784300548366E-01  7.005816474478673E-01  6.997798353050383E-01
  6.823289740410952E-01  6.818940225572497E-01  6.814520134119590E-01
  6.879149274673325E-01  6.873206370046937E-01  6.867211531387085E-01
  6.900937718294279E-01  6.894295323420887E-01  6.887609700599818E-01
  6.743255986405847E-01  6.738896130256514E-01  6.734486983684959E-01
  6.785831615051108E-01  6.780198146984596E-01  6.774529005965426E-01
  6.803631575900581E-01  6.797410314230408E-01  6.791159704380976E-01
  6.710858298436922E-01  6.706197499488959E-01  6.701506039936899E-01
  6.737959783275267E-01  6.732280212855847E-01  6.726580853780663E-01
  6.749379804124258E-01  6.743212957199873E-01  6.737031467092145E-01
  6.723533795287459E-01  6.718553504848194E-01  6.713556693195809E-01
  6.737031839539326E-01  6.731249266293908E-01  6.725459319997479E-01
  6.742369563103728E-01  6.736194532860817E-01  6.730016611796865E-01
  6.773965639354729E-01  6.768719863653154E-01  6.763467878564452E-01
  6.776956550582184E-01  6.771091798340426E-01  6.765228274868690E-01
  6.777468642847825E-01  6.771297780866276E-01  6.765131936034332E-01
  6.854100556768190E-01  6.848659817567299E-01  6.843224060864639E-01
  6.849575508622663E-01  6.843656235431099E-01  6.837747086777679E-01
  6.846626171904951E-01  6.840469970099274E-01  6.834326620303176E-01
  6.956689019015847E-01  6.951199348198335E-01  6.945733003482129E-01
  6.946911339627687E-01  6.941032117602816E-01  6.935178706493442E-01
  6.941561951808309E-01  6.935490679131413E-01  6.929446606336895E-01
  7.076611595007920E-01  7.071353542349680E-01  7.066145682585427E-01
  7.062969158939183E-01  7.057365362893639E-01  7.051812289225835E-01
  7.055855584429040E-01  7.050081546382795E-01  7.044358545387592E-01
  7.211292316223890E-01  7.206628829176286E-01  7.202042128261232E-01
  7.194553363706936E-01  7.189567045772184E-01  7.184658016110742E-01
  7.185998922507444E-01  7.180852418046505E-01  7.175783367245577E-01
  7.359245030077802E-01  7.355439194336203E-01  7.351719700076126E-01
  7.340022933168430E-01  7.335928465185875E-01  7.331923116437774E-01
  7.330273906704134E-01  7.326033899374256E-01  7.321884211339597E-01
  7.517398584447119E-01  7.514403691935827E-01  7.511473637372580E-01
  7.496549433531976E-01  7.493333940655419E-01  7.490189598005852E-01
  7.485984020522705E-01  7.482654497334441E-01  7.479399080052662E-01
  7.679130773369548E-01  7.676505341621909E-01  7.673892046815530E-01
  7.657872885911241E-01  7.655128926184500E-01  7.652406363216263E-01
  7.647071205026252E-01  7.644262755044829E-01  7.641480209197949E-01
  7.834497325320646E-01  7.831510384362081E-01  7.828465693659236E-01
  7.814234224071303E-01  7.811245864674465E-01  7.808210179801507E-01
  7.803892954534125E-01  7.800898583965978E-01  7.797862083279925E-01
  7.972336964804011E-01  7.968177022633761E-01  7.963889509816934E-01
  7.954360109386155E-01  7.950308339038035E-01  7.946138917108000E-01
  7.945137189544371E-01  7.941135202109483E-01  7.937020588269655E-01
  8.082651472392615E-01  8.076604113591936E-01  8.070370891589193E-01
  8.067920050327890E-01  8.062068073326941E-01  8.056038535531860E-01
  8.060314288976871E-01  8.054557275885073E-01  8.048626982824185E-01
  8.158156272312120E-01  8.149709295072894E-01  8.141036745755843E-01
  8.147201337666244E-01  8.139005481627173E-01  8.130589669366304E-01
  8.141498330994497E-01  8.133427265205118E-01  8.125139247618949E-01
  8.195137232226156E-01  8.184058496680376E-01  8.172740446586585E-01
  8.188023632979577E-01  8.177211642782115E-01  8.166162014320626E-01
  8.184275036925839E-01  8.173597886851970E-01  8.162684187057412E-01
  8.194033005466873E-01  8.180436907622209E-01  8.166619588575115E-01
  8.190348507510691E-01  8.176988922345014E-01  8.163405076751464E-01
  8.188364658395357E-01  8.175126937930784E-01  8.161663686449458E-01
  8.159516744996571E-01  8.143867249154422E-01  8.128044449817179E-01
  8.158433397142627E-01  8.142948586261388E-01  8.127283151186701E-01
  8.157809904738396E-01  8.142412489917911E-01  8.126830965483030E-01
  8.099581611897052E-01  8.082591965462955E-01  8.065495491173527E-01
  8.100020193836066E-01  8.083097542227167E-01  8.066058024856241E-01
  8.100216686076427E-01  8.083332909460021E-01  8.066327302590368E-01
  8.023745549287693E-01  8.006213993113812E-01  7.988646308423807E-01
  8.024597148331281E-01  8.007029887851271E-01  7.989415737978484E-01
  8.025048116739838E-01  8.007467573123315E-01  7.989834690831932E-01
  7.941156038797623E-01  7.923819088596237E-01  7.906510483802002E-01
  7.941479649765135E-01  7.924017787454667E-01  7.906574613935694E-01
  7.941696708016698E-01  7.924175343497774E-01  7.906667677387920E-01
  7.859314041929215E-01  7.842764438816285E-01  7.826296525659781E-01
  7.858461029159672E-01  7.841723498308439E-01  7.825060535283845E-01
  7.858099999700203E-01  7.841269510043918E-01  7.824509819222062E-01
  7.783572521899185E-01  7.768232657132942E-01  7.753014648663230E-01
  7.781232965718828E-01  7.765674912215603E-01  7.750235061631153E-01
  7.780121602030502E-01  7.764453657095560E-01  7.748901887548111E-01
  7.717154810010002E-01  7.703275312566765E-01  7.689542914032211E-01
  7.713338448932039E-01  7.699243773314821E-01  7.685296299716633E-01
  7.711470157993040E-01  7.697265823556894E-01  7.683208594640402E-01
  7.661417200201859E-01  7.649084390345677E-01  7.636907513315894E-01
  7.656383573092891E-01  7.643866520235038E-01  7.631508803015010E-01
  7.653883743028760E-01  7.641271942213398E-01  7.628821108254953E-01
  7.616225380550362E-01  7.605378983712869E-01  7.594681232897679E-01
  7.610383298271900E-01  7.599401688675927E-01  7.588574338525399E-01
  7.607458103668077E-01  7.596406374506076E-01  7.585511718581687E-01
  7.580396505496161E-01  7.570862852918214E-01  7.561457661095895E-01
  7.574199185384327E-01  7.564585746597560E-01  7.555107176221074E-01
  7.571080808143298E-01  7.561425541152679E-01  7.551908411352276E-01
  7.552166377252688E-01  7.543706776834345E-01  7.535348529973733E-01
  7.546024150890039E-01  7.537535692623109E-01  7.529154408725228E-01
  7.542924696244739E-01  7.534420673766771E-01  7.526026831843287E-01
  7.529642036104296E-01  7.522009105228670E-01  7.514450696639634E-01
  7.523862508863074E-01  7.516239003040333E-01  7.508694223205543E-01
  7.520942385478963E-01  7.513323269779962E-01  7.505785081250456E-01
  7.511197972398596E-01  7.504187233973112E-01  7.497230608648962E-01
  7.505955679296624E-01  7.498975833735863E-01  7.492052216986654E-01
  7.503307422636848E-01  7.496343364559402E-01  7.489436672747600E-01
  7.495755014326516E-01  7.489237628998111E-01  7.482763534345190E-01
  7.491091026157993E-01  7.484609462510867E-01  7.478171349183923E-01
  7.488738477680846E-01  7.482275569694885E-01  7.475856236844499E-01
  7.482879490407780E-01  7.476807916427642E-01  7.470778011535428E-01
  7.478728528683073E-01  7.472685223588098E-01  7.466682380518477E-01
  7.476640130580280E-01  7.470611813518566E-01  7.464623362439430E-01
  7.472691280845768E-01  7.467080870639374E-01  7.461516743463089E-01
  7.468926802118740E-01  7.463330681341723E-01  7.457779046321213E-01
  7.467038395631285E-01  7.461450136428708E-01  7.455905442809189E-01
  7.465644624538739E-01  7.460543223428566E-01  7.455495153233899E-01
  7.462126714248388E-01  7.457025085753112E-01  7.451975092650762E-01
  7.460366222054076E-01  7.455264922492627E-01  7.450214374793248E-01
  7.462284650396807E-01  7.457743650813249E-01  7.453262322283869E-01
  7.458896827257926E-01  7.454344658968686E-01  7.449851003549267E-01
  7.457203565870435E-01  7.452645962225558E-01  7.448146257024966E-01
  7.463062491454500E-01  7.459117667685219E-01  7.455236372664924E-01
  7.459730488306409E-01  7.455768871470317E-01  7.451870299433287E-01
  7.458065299665402E-01  7.454095209762550E-01  7.450187897758741E-01
  7.468241097739330E-01  7.464905010943715E-01  7.461633411575165E-01
  7.464934293970035E-01  7.461580770543513E-01  7.458291820626536E-01
  7.463280651979105E-01  7.459918216110394E-01  7.456620385994142E-01
  7.477882327460665E-01  7.475145963065860E-01  7.472472711570870E-01
  7.474603178459218E-01  7.471852076658237E-01  7.469164505928904E-01
  7.472961945064548E-01  7.470203266805395E-01  7.467508330343162E-01
  7.491888980987348E-01  7.489728975892552E-01  7.487629457798607E-01
  7.488657164904802E-01  7.486486405961862E-01  7.484376625559855E-01
  7.487038458241582E-01  7.484862172002336E-01  7.482747119193051E-01
  7.510074518645211E-01  7.508462433101559E-01  7.506908115015171E-01
  7.506911805533999E-01  7.505292492710220E-01  7.503731319726494E-01
  7.505327112306297E-01  7.503704120041675E-01  7.502139464679831E-01
  7.532236054053334E-01  7.531146616767805E-01  7.530113007407011E-01
  7.529156059268065E-01  7.528061482594413E-01  7.527022902886678E-01
  7.527612795680735E-01  7.526515657139271E-01  7.525474608316101E-01
  7.558209846512608E-01  7.557625922694189E-01  7.557097043399467E-01
  7.555214343726923E-01  7.554625791452977E-01  7.554092267588842E-01
  7.553713797945173E-01  7.553122980428811E-01  7.552587186917901E-01
  7.587895993903082E-01  7.587809378737185E-01  7.587778045920407E-01
  7.584976928077795E-01  7.584885097622218E-01  7.584848428272737E-01
  7.583515197436764E-01  7.583420814609794E-01  7.583381531774105E-01
  7.621250940115828E-01  7.621659658296336E-01  7.622124441169644E-01
  7.618395536326318E-01  7.618798069362707E-01  7.619256531608883E-01
  7.616966138059055E-01  7.617365616617446E-01  7.617820953845081E-01
  7.658258196841358E-01  7.659162117767158E-01  7.660122868418811E-01
  7.655454194211436E-01  7.656351176526434E-01  7.657304901992027E-01
  7.654050801526603E-01  7.654944328042150E-01  7.655894551345155E-01
  7.698893605918513E-01  7.700290383833425E-01  7.701744315239023E-01
  7.696132551843377E-01  7.697522148727249E-01  7.698968882283286E-01
  7.694750753836943E-01  7.696136754371332E-01  7.697579881153247E-01
  7.743099365031078E-01  7.744982041580116E-01  7.746921574648419E-01
  7.740377382930849E-01  7.742253135336624E-01  7.744185783361645E-01
  7.739015131660337E-01  7.740887407489836E-01  7.742816597898011E-01
  7.790773414261178E-01  7.793129968197824E-01  7.795542504117285E-01
  7.788090098319378E-01  7.790440289802093E-01  7.792846528789369E-01
  7.786747163099744E-01  7.789094159659670E-01  7.791497236945946E-01
  7.841772479166004E-01  7.844586741024789E-01  7.847455695362653E-01
  7.839129100040778E-01  7.841937641140312E-01  7.844800939871593E-01
  7.837806140935896E-01  7.840611813643282E-01  7.843472277416697E-01
  7.895922064812545E-01  7.899175064312189E-01  7.902481217902588E-01
  7.893320098427073E-01  7.896567949605795E-01  7.899869005722531E-01
  7.892017892626584E-01  7.895263167543687E-01  7.898561673535534E-01
  7.953026252833105E-01  7.956697227764792E-01  7.960419663080122E-01
  7.950466701808102E-01  7.954132989670875E-01  7.957850774112353E-01
  7.949185777519924E-01  7.952849723184640E-01  7.956565183846779E-01
  8.012872965479930E-01  8.016939692926035E-01  8.021056034761035E-01
  8.010356413448017E-01  8.014418842759425E-01  8.018530915944188E-01
  8.009097067826629E-01  8.013157349907423E-01  8.017267290558419E-01
  8.075234023363700E-01  8.079672553766726E-01  8.084158639682701E-01
  8.072761077072923E-01  8.077195695902568E-01  8.081677902605345E-01
  8.071523601549574E-01  8.075956264965378E-01  8.080436532189578E-01
  8.139861894260463E-01  8.144645998995358E-01  8.149475307638999E-01
  8.137433652436006E-01  8.142214288815616E-01  8.147040170975903E-01
  8.136218576875225E-01  8.140997477369186E-01  8.145821644309850E-01
  8.206485805633867E-01  8.211586463291382E-01  8.216729618678019E-01
  8.204104138487073E-01  8.209201856067910E-01  8.214342125005869E-01
  8.202912379464579E-01  8.208008623582562E-01  8.213147445680399E-01
  8.274809268084526E-01  8.280194393080151E-01  8.285618929217450E-01
  8.272476862943717E-01  8.277859660191729E-01  8.283281932800816E-01
  8.271309750889329E-01  8.276691379859893E-01  8.282112516209866E-01
  8.344509889284247E-01  8.350144355379120E-01  8.355814775296843E-01
  8.342230129892373E-01  8.347862946532636E-01  8.353531789162282E-01
  8.341089349091036E-01  8.346721336255328E-01  8.352389385469214E-01
  8.415241373626121E-01  8.421087279500095E-01  8.426965345474471E-01
  8.413018152463733E-01  8.418863131170206E-01  8.424740347582313E-01
  8.411905645396837E-01  8.417750155757070E-01  8.423626942625959E-01
  8.486637123214215E-01  8.492654211139358E-01  8.498699375955080E-01
  8.484474661341618E-01  8.490491570497107E-01  8.496536637936373E-01
  8.483392536477594E-01  8.489409351535135E-01  8.495454365566246E-01
  8.558314839682606E-01  8.564460995821651E-01  8.570630908198000E-01
  8.556217543917807E-01  8.562364283643605E-01  8.568534863893779E-01
  8.555168002963446E-01  8.561315029758373E-01  8.567485939198989E-01
  8.629881755517277E-01  8.636113559626531E-01  8.642364617462099E-01
  8.627854106564404E-01  8.634087261657968E-01  8.640339757013374E-01
  8.626839388215569E-01  8.633073214018937E-01  8.639326423322556E-01
  8.700940375530491E-01  8.707213700940548E-01  8.713501657054099E-01
  8.698986824917448E-01  8.705262264537675E-01  8.711552422763302E-01
  8.698009153701068E-01  8.704285645621929E-01  8.710576900076277E-01
  8.771094747872556E-01  8.777365425286623E-01  8.783646059750544E-01
  8.769219604380036E-01  8.775493143260465E-01  8.781776727118257E-01
  8.768281134425313E-01  8.774556099330316E-01  8.780841153170303E-01
  8.839957275329452E-01  8.846181826156421E-01  8.852411688959390E-01
  8.838164574043795E-01  8.844392702963186E-01  8.850626230071685E-01
  8.837267323977700E-01  8.843497237489992E-01  8.849732592312110E-01
  8.907155962243682E-01  8.913292387890958E-01  8.919429595459197E-01
  8.905449322027011E-01  8.911589995510889E-01  8.917731533495205E-01
  8.904595103760256E-01  8.910737897121040E-01  8.916881596304662E-01
  8.972341843620010E-01  8.978350437623722E-01  8.984355487763660E-01
  8.970724325937551E-01  8.976737774637340E-01  8.982747756557351E-01
  8.969914673873396E-01  8.975930546418460E-01  8.981942990772805E-01
  9.035196227935779E-01  9.041040365912268E-01  9.046876925164449E-01
  9.033670210633908E-01  9.039519733111324E-01  9.045361746813952E-01
  9.032906318235892E-01  9.038758530089475E-01  9.044603268200556E-01
  9.095437339984115E-01  9.101084200479034E-01  9.106719817211512E-01
  9.094004416094669E-01  9.099657102479087E-01  9.105298606580179E-01
  9.093287084964835E-01  9.098942682105882E-01  9.104587127768259E-01
  9.152825975389697E-01  9.158247150566583E-01  9.163653853714356E-01
  9.151486882512943E-01  9.156914228432459E-01  9.162327154324893E-01
  9.150816486804393E-01  9.156246916625416E-01  9.161662952490902E-01
  9.207169852020015E-01  9.212341816829317E-01  9.217496570058522E-01
  9.205924434394017E-01  9.211102813520896E-01  9.216264022924141E-01
  9.205300901607129E-01  9.210482487151030E-01  9.215646923973395E-01
  9.258326438891741E-01  9.263230857797988E-01  9.268115849207779E-01
  9.257173642309946E-01  9.262084616486439E-01  9.266976194556438E-01
  9.256596450531274E-01  9.261510702316288E-01  9.266405573764577E-01
  9.306204142669876E-01  9.310828002954350E-01  9.315430760261472E-01
  9.305142041291065E-01  9.309772497189559E-01  9.314381871067547E-01
  9.304610232387424E-01  9.309243986745236E-01  9.313856669633999E-01
  9.350761828867755E-01  9.355097399070144E-01  9.359410729765898E-01
  9.349787681868011E-01  9.354129792635005E-01  9.358449674798895E-01
  9.349299889617818E-01  9.353645271939762E-01  9.357968431179046E-01
  9.392006748272023E-01  9.396051369794788E-01  9.400073135277238E-01
  9.391117082883751E-01  9.395168102616167E-01  9.399196267853785E-01
  9.390671574335905E-01  9.394725794988881E-01  9.398757161981949E-01
  9.429991026724575E-01  9.433746755733768E-01  9.437479497522299E-01
  9.429181742691906E-01  9.432943650694031E-01  9.436682564620449E-01
  9.428776470281965E-01  9.432541470048873E-01  9.436283472366532E-01
  9.464806952238990E-01  9.468280076886666E-01  9.471730520781001E-01
  9.464073441509036E-01  9.467552461218249E-01  9.471008786069843E-01
  9.463706102849383E-01  9.467188072712499E-01  9.470647340710728E-01
  9.496581349677597E-01  9.499781813344000E-01  9.502960282804922E-01
  9.495918624557538E-01  9.499124647778956E-01  9.502308656713068E-01
  9.495586726514222E-01  9.498795532391692E-01  9.501982313976289E-01
  9.525469363835050E-01  9.528410127915846E-01  9.531329900457213E-01
  9.524872186944768E-01  9.527818136938295E-01  9.530743070654126E-01
  9.524573110658086E-01  9.527521656645596E-01  9.530449174012180E-01
  9.551647975077446E-01  9.554344354780593E-01  9.557020994802496E-01
  9.551110985089727E-01  9.553812152047046E-01  9.556493551235564E-01
  9.550842048924796E-01  9.553545612616424E-01  9.556229394512382E-01
  9.575309550515361E-01  9.577778554628910E-01  9.580229253380600E-01
  9.574827378697887E-01  9.577300758675137E-01  9.579755803093495E-01
  9.574585896622116E-01  9.577061467628243E-01  9.579518687985665E-01
  9.596655693877038E-01  9.598915395209027E-01  9.601158344147007E-01
  9.596223067646908E-01  9.598486731772677E-01  9.600733612328367E-01
  9.596006401130306E-01  9.598272049671625E-01  9.600520899056330E-01
  9.615891605656349E-01  9.617960563536850E-01  9.620014381937939E-01
  9.615503436595114E-01  9.617575952065772E-01  9.619633296892592E-01
  9.615309038748279E-01  9.617383335898816E-01  9.619442446818754E-01
  9.633221108229897E-01  9.635117858713649E-01  9.637001090612574E-01
  9.632872563191035E-01  9.634772481809308E-01  9.636658851522113E-01
  9.632698014449173E-01  9.634599519843073E-01  9.636487461161797E-01
  9.648842433880049E-01  9.650585057585476E-01  9.652315747409533E-01
  9.648528988884427E-01  9.650274413183729E-01  9.652007874790277E-01
  9.648372024078313E-01  9.650118851176391E-01  9.651853701162985E-01
  9.662944821104862E-01  9.664550593354195E-01  9.666145944394502E-01
  9.662662298611426E-01  9.664270530321230E-01  9.665868314019821E-01
  9.662520825713915E-01  9.664130289430649E-01  9.665729291719535E-01
  9.675705918947591E-01  9.677191042313502E-01  9.678667157673515E-01
  9.675450509777203E-01  9.676937780805962E-01  9.678416019378850E-01
  9.675322620961143E-01  9.676810967864419E-01  9.678290270069808E-01
  9.687289961844904E-01  9.688669377517429E-01  9.690041079563591E-01
  9.687058233517633E-01  9.688439515918051E-01  9.689813062794549E-01
  9.686942209403575E-01  9.688324426977559E-01  9.689698898061219E-01
  9.697846649366392E-01  9.699133920940447E-01  9.700414642553704E-01
  9.697635542900094E-01  9.698924431449258E-01  9.700206750767786E-01
  9.697529851017432E-01  9.698819549637395E-01  9.700102669374318E-01
  9.707510646375653E-01  9.708717907624447E-01  9.709919646608346E-01
  9.707317463713666E-01  9.708526122689614E-01  9.709729242729085E-01
  9.707220752259573E-01  9.708430111468417E-01  9.709633923388242E-01
  9.716401609026480E-01  9.717539565881370E-01  9.718672892617105E-01
  9.716223993247313E-01  9.717363157625625E-01  9.718497677698326E-01
  9.716135081221563E-01  9.717274850533270E-01  9.718409968430549E-01
  9.724624638734534E-01  9.725702615074867E-01  9.726776722944642E-01
  9.724460549083070E-01  9.725539569749684E-01  9.726614710068514E-01
  9.724378413820002E-01  9.725457957642528E-01  9.726533615164541E-01
  9.732271066819406E-01  9.733297083887024E-01  9.734319872219619E-01
  9.732118750415784E-01  9.733145673195139E-01  9.734169357452787E-01
  9.732042513443669E-01  9.733069889912719E-01  9.734094022954244E-01
  9.739419474725044E-01  9.740400354885974E-01  9.741378535126782E-01
  9.739277436579089E-01  9.740259105779124E-01  9.741238067119511E-01
  9.739206348622891E-01  9.740188413037548E-01  9.741167765612024E-01
  9.746136859968385E-01  9.747078346555953E-01  9.748017563485410E-01
  9.746003832670432E-01  9.746946010854322E-01  9.747885913035401E-01
  9.745937258485512E-01  9.746879783043485E-01  9.747820028417205E-01
  9.752479870832054E-01  9.753386756179347E-01  9.754291716534147E-01
  9.752354785018104E-01  9.753262281085150E-01  9.754167847161397E-01
  9.752292188605934E-01  9.753199990508037E-01  9.754105859912677E-01
  9.758496055210144E-01  9.759372308736282E-01  9.760246909409244E-01
  9.758378011628149E-01  9.759254809042035E-01  9.760129949716168E-01
  9.758318942248985E-01  9.759196011997970E-01  9.760071423057849E-01
  9.764225092584644E-01  9.765073981350058E-01  9.765921429719880E-01
  9.764113336340752E-01  9.764962713893299E-01  9.765810648061656E-01
  9.764057415614588E-01  9.764907037882885E-01  9.765755215267901E-01
  9.769699985403882E-01  9.770524182789183E-01  9.771347104610554E-01
  9.769593882762191E-01  9.770418523499853E-01  9.771241886394925E-01
  9.769540793045662E-01  9.770365655725596E-01  9.771189239419894E-01
  9.774948166916894E-01  9.775749850911265E-01  9.776550386845198E-01
  9.774847184860355E-01  9.775649274634870E-01  9.776450214620475E-01
  9.774796659005073E-01  9.775598951890633E-01  9.776400094120232E-01
  9.779992454528831E-01  9.780773401673322E-01  9.781553298509099E-01
  9.779896143139331E-01  9.780677464810813E-01  9.781457734864053E-01
  9.779847955660833E-01  9.780629464780799E-01  9.781409921625668E-01
  9.784851786126813E-01  9.785613464778550E-01  9.786374165975836E-01
  9.784759763679078E-01  9.785521790630659E-01  9.786282839132086E-01
  9.784713723284815E-01  9.785475924542754E-01  9.786237146851167E-01
  9.789541756401361E-01  9.790285412048024E-01  9.791028142005306E-01
  9.789453696901453E-01  9.790197678594220E-01  9.790940733832378E-01
  9.789409640242998E-01  9.790153785092657E-01  9.790897003104007E-01
  9.794075093511496E-01  9.794801806640735E-01  9.795527630309803E-01
  9.793990716301807E-01  9.794717736371517E-01  9.795443866380021E-01
  9.793948502762881E-01  9.794675676418761E-01  9.795401959712151E-01
  9.798462283802164E-01  9.799172980670282E-01  9.799882817939326E-01
  9.798381344873055E-01  9.799092332099729E-01  9.799802459238188E-01
  9.798340852212939E-01  9.799051984720574E-01  9.799762256894889E-01
  9.802712460831744E-01  9.803407877408090E-01  9.804102469404806E-01
  9.802634745627514E-01  9.803330438034078E-01  9.804025305444881E-01
  9.802595866373693E-01  9.803291696785632E-01  9.803986701993365E-01
  9.806834428673596E-01  9.807515059544193E-01  9.808194915244934E-01
  9.806759746357623E-01  9.807440640208047E-01  9.808120758520726E-01
  9.806722384929889E-01  9.807403410351260E-01  9.808083660050664E-01
  9.810837445607765E-01  9.811503529142636E-01  9.812168902854964E-01
  9.810765624806361E-01  9.811431959816614E-01  9.812097584673388E-01
  9.810729695381835E-01  9.811396156203261E-01  9.812061906705541E-01
  9.814731369400835E-01  9.815382946958732E-01  9.816033887820822E-01
  9.814662255299090E-01  9.815314073866149E-01  9.815965255441778E-01
  9.814627680354959E-01  9.815279619493826E-01  9.815930921493295E-01
  9.818526048481409E-01  9.819163090911839E-01  9.819799563361297E-01
  9.818459500886194E-01  9.819096774631235E-01  9.819733478136519E-01
  9.818426210227128E-01  9.819063599691426E-01  9.819700418786446E-01
  9.822230279448166E-01  9.822852827571539E-01  9.823474853401032E-01
  9.822166171266492E-01  9.822788941588975E-01  9.823411189394311E-01
  9.822134101260891E-01  9.822756982740334E-01  9.823379341590902E-01
  9.825850928156655E-01  9.826459180360126E-01  9.827066934530196E-01
  9.825789143825781E-01  9.826397609590517E-01  9.827005577127560E-01
  9.825758236618396E-01  9.826366809217190E-01  9.826974883491066E-01
  9.829392706384593E-01  9.829987017857482E-01  9.830580837275691E-01
  9.829333140103007E-01  9.829927656949964E-01  9.830521681567094E-01
  9.829303342728449E-01  9.829897962312326E-01  9.830492089578742E-01
  9.832858672762073E-01  9.833439484356219E-01  9.834019801888760E-01
  9.832801226702453E-01  9.833382235938687E-01  9.833962750948364E-01
  9.832772490190143E-01  9.833353598294144E-01  9.833934212089064E-01
  9.836251095288100E-01  9.836818846238565E-01  9.837386102122628E-01
  9.836195678105566E-01  9.836763619415723E-01  9.837331065499682E-01
  9.836167956732262E-01  9.836735993266154E-01  9.837303534493902E-01
  9.839572174979309E-01  9.840127249469341E-01  9.840681832581532E-01
  9.839518700805601E-01  9.840073958788993E-01  9.840628725238936E-01
  9.839491951591489E-01  9.840047301362895E-01  9.840602159523008E-01
  9.842824337799339E-01  9.843367060583799E-01  9.843909299148621E-01
  9.842772725675381E-01  9.843315625450640E-01  9.843858040855882E-01
  9.842746908099523E-01  9.843289896409205E-01  9.843832400273644E-01
  9.846010142567122E-01  9.846540804491638E-01  9.847070989821677E-01
  9.845960316106188E-01  9.846491148831853E-01  9.847021504818682E-01
  9.845935391937510E-01  9.846466310100664E-01  9.846996751452771E-01
  9.849132057645791E-01  9.849650941580775E-01  9.850169355078596E-01
  9.849083944729546E-01  9.849602993552848E-01  9.850121571800282E-01
  9.849059877874397E-01  9.849579009176840E-01  9.850097669834030E-01
  9.852192326962301E-01  9.852699717760923E-01  9.853206642730706E-01
  9.852145859392527E-01  9.852653409422141E-01  9.853160493488717E-01
  9.852122615720108E-01  9.852630245398407E-01  9.853137409046548E-01
  9.855192980835609E-01  9.855689161459371E-01  9.856184880210695E-01
  9.855148093972030E-01  9.855644428410757E-01  9.856140300846252E-01
  9.855125641133025E-01  9.855622052510774E-01  9.856118001819869E-01
  9.858135918479576E-01  9.858621162812150E-01  9.859105949344635E-01
  9.858092550921798E-01  9.858577943880991E-01  9.859062878912036E-01
  9.858070858188988E-01  9.858556325491490E-01  9.859041334801791E-01
  9.861022974506406E-01  9.861497544077195E-01  9.861971660248285E-01
  9.860981067843501E-01  9.861455781065473E-01  9.861930040762151E-01
  9.860960105986387E-01  9.861434891062510E-01  9.861909222550521E-01
  9.863855938278558E-01  9.864320083383443E-01  9.864783779656162E-01
  9.863815436891906E-01  9.864279720870958E-01  9.864743555894584E-01
  9.863795178077820E-01  9.864259531521163E-01  9.864723435947439E-01
  9.866636543771505E-01  9.867090506198513E-01  9.867544024304932E-01
  9.866597394665836E-01  9.867051491375660E-01  9.867505143643868E-01
  9.866577812375362E-01  9.867031976252543E-01  9.867485695627579E-01
  9.869366456196489E-01  9.869810471329573E-01  9.870254046481377E-01
  9.869328608844209E-01  9.869772753843843E-01  9.870216458743243E-01
  9.869309677793154E-01  9.869753887750821E-01  9.870197657548760E-01
  9.872047267952900E-01  9.872481565548948E-01  9.872915427355328E-01
  9.872010674147446E-01  9.872445097360057E-01  9.872879084665946E-01
  9.871992370213436E-01  9.872426856257963E-01  9.872860906337230E-01
  9.874680504673919E-01  9.875105308517488E-01  9.875529680732409E-01
  9.874645118392852E-01  9.875070043761641E-01  9.875494537386496E-01
  9.874627418546790E-01  9.875052404700763E-01  9.875476959053140E-01
  9.877267636794272E-01  9.877683163968720E-01  9.878098263745294E-01
  9.877233414074483E-01  9.877649058834298E-01  9.878064276082650E-01
  9.877216296317973E-01  9.877631999892036E-01  9.878047275897829E-01
  9.879810089177011E-01  9.880216549913141E-01  9.880622587539682E-01
  9.879776988003880E-01  9.880183562529917E-01  9.880589713834500E-01
  9.879760431313792E-01  9.880167062755394E-01  9.880573270919593E-01
  9.882309242690607E-01  9.882706841168628E-01  9.883104020780615E-01
  9.882277222899549E-01  9.882674931509596E-01  9.883072221143485E-01
  9.882261207178736E-01  9.882658970874501E-01  9.883056315539033E-01
  9.884766429402692E-01  9.885155364793833E-01  9.885543885452552E-01
  9.884735452587688E-01  9.885124494584491E-01  9.885513121740466E-01
  9.884719958619046E-01  9.885109053937523E-01  9.885497734360958E-01
  9.887182930084255E-01  9.887563396806165E-01  9.887943452869108E-01
  9.887152959508501E-01  9.887533529436028E-01  9.887913688597848E-01
  9.887137968910444E-01  9.887518590458806E-01  9.887898801188078E-01
  9.889559979567162E-01  9.889932166714355E-01  9.890303947307412E-01
  9.889530980076982E-01  9.889903267151217E-01  9.890275147566218E-01
  9.889516475260193E-01  9.889888812315197E-01  9.890260742658405E-01
  9.891898775141126E-01  9.892262866111763E-01  9.892626554670158E-01
  9.891870713087292E-01  9.892234900822843E-01  9.892598686042732E-01
  9.891856677215385E-01  9.892220913349901E-01  9.892584746917029E-01
  9.894200479081888E-01  9.894556652123360E-01  9.894912426842131E-01
  9.894173322249313E-01  9.894529589004956E-01  9.894885457336194E-01
  9.894159739203643E-01  9.894516052832171E-01  9.894871967985430E-01
  9.896466214301406E-01  9.896814643424834E-01  9.897162678198956E-01
  9.896439931843389E-01  9.896788451737062E-01  9.897136577181419E-01
  9.896426786190103E-01  9.896775351484025E-01  9.897123522278616E-01
  9.898697061337813E-01  9.899037916547344E-01  9.899378381309974E-01
  9.898671623710286E-01  9.899012566849036E-01  9.899353119442523E-01
  9.898658900667414E-01  9.898999887785263E-01  9.899340484308651E-01
  9.900894062778816E-01  9.901227509515844E-01  9.901560569723049E-01
  9.900869441675813E-01  9.901202973600234E-01  9.901536118898085E-01
  9.900857127080972E-01  9.901190701612969E-01  9.901523889470005E-01
  9.903058230748760E-01  9.903384429530083E-01  9.903710245716324E-01
  9.903034399043256E-01  9.903360680365382E-01  9.903686578997322E-01
  9.903022479324092E-01  9.903348801929913E-01  9.903674741797986E-01
  9.905190548850186E-01  9.905509655785449E-01  9.905828383992294E-01
  9.905167480541802E-01  9.905486667462463E-01  9.905805475561265E-01
  9.905155942689761E-01  9.905475169615859E-01  9.905794017673373E-01
  9.907291967718633E-01  9.907604135353706E-01  9.907915928002040E-01
  9.907269637884076E-01  9.907581883036710E-01  9.907893753110799E-01
  9.907258469429510E-01  9.907570753353134E-01  9.907882662152301E-01
  9.909363402143334E-01  9.909668779627901E-01  9.909973785790175E-01
  9.909341786885850E-01  9.909647239504659E-01  9.909952320710933E-01
  9.909330975872913E-01  9.909636466070548E-01  9.909941584810517E-01
  9.911405735296586E-01  9.911704467825534E-01  9.912002832701217E-01
  9.911384811696103E-01  9.911683617057557E-01  9.911982054677039E-01
  9.911374346657604E-01  9.911673188446535E-01  9.911971662449131E-01
  9.913419825559674E-01  9.913712054041949E-01  9.914003918544088E-01
  9.913399571627327E-01  9.913691870718742E-01  9.913983805742861E-01
  9.913389441562123E-01  9.913681775968872E-01  9.913973746264736E-01
  9.915406507858081E-01  9.915692369427972E-01  9.915977870612385E-01
  9.915386902496567E-01  9.915672832527294E-01  9.915958402086938E-01
  9.915377096849591E-01  9.915663061121063E-01  9.915948664878639E-01
  9.917366589170739E-01  9.917646217971117E-01  9.917925489851853E-01
  9.917347612136344E-01  9.917627307321417E-01  9.917906645502752E-01
  9.917338120779707E-01  9.917617849167035E-01  9.917897220508567E-01
  9.919300845956359E-01  9.919574373252644E-01  9.919847547015913E-01
  9.919282477819642E-01  9.919556069494246E-01  9.919829307553178E-01
  9.919273291032875E-01  9.919546914906148E-01  9.919820185122409E-01
  9.921210028389241E-01  9.921477582014216E-01  9.921744785491411E-01
  9.921192250495829E-01  9.921459866560189E-01  9.921727132395515E-01
  9.921183358946327E-01  9.921451006239504E-01  9.921718303263009E-01
  9.923094866642760E-01  9.923356570694707E-01  9.923617927979609E-01
  9.923077661078260E-01  9.923339425695464E-01  9.923600843465780E-01
  9.923069055803668E-01  9.923330850712264E-01  9.923592298734035E-01
  9.924956071509374E-01  9.925212046853389E-01  9.925467678727676E-01
  9.924939421069034E-01  9.925195455166276E-01  9.925451145715347E-01
  9.924931093462049E-01  9.925187156944316E-01  9.925442876839184E-01
  9.926794329447272E-01  9.927044694445231E-01  9.927294719142440E-01
  9.926778217606488E-01  9.927028639605403E-01  9.927278721226486E-01
  9.926770159400172E-01  9.927020609907646E-01  9.927270719998740E-01
  9.928610299878435E-01  9.928855170465365E-01  9.929099703841908E-01
  9.928594710761529E-01  9.928839636655041E-01  9.929084225262367E-01
  9.928586914013626E-01  9.928831867568193E-01  9.929076483798663E-01
  9.930404619698383E-01  9.930644108836727E-01  9.930883263849817E-01
  9.930389538047300E-01  9.930629080853902E-01  9.930868289460695E-01
  9.930381995124586E-01  9.930621564772778E-01  9.930860800183873E-01
  9.932177910516613E-01  9.932412127908048E-01  9.932646014249451E-01
  9.932163321663872E-01  9.932397591139136E-01  9.932631529491063E-01
  9.932156025228638E-01  9.932390320752987E-01  9.932624285117336E-01
  9.933930780711098E-01  9.934159833266111E-01  9.934388557761868E-01
  9.933916670557457E-01  9.934145773663523E-01  9.934374548638270E-01
  9.933909613556315E-01  9.934138741944801E-01  9.934367542165926E-01
  9.935663820827634E-01  9.935887813342584E-01  9.936111480664259E-01
  9.935650175820305E-01  9.935874217403307E-01  9.936097933722159E-01
  9.935643351473257E-01  9.935867417596914E-01  9.936091158420972E-01
  9.937377597950812E-01  9.937596633179953E-01  9.937815346005341E-01
  9.937364405058545E-01  9.937583487921060E-01  9.937802248310059E-01
  9.937357806846538E-01  9.937576913532116E-01  9.937795697709292E-01
  9.939072653752917E-01  9.939286831919559E-01  9.939500690464018E-01
  9.939059900438684E-01  9.939274124850906E-01  9.939488029572267E-01
  9.939053522089947E-01  9.939267769631095E-01  9.939481697447031E-01
  9.940749505668977E-01  9.940958924219468E-01  9.941168025915803E-01
  9.940737179864528E-01  9.940946643317957E-01  9.941155789849626E-01
  9.940731015341840E-01  9.940940501252640E-01  9.941149670207872E-01
  9.942408650386045E-01  9.942613404410175E-01  9.942817844264809E-01
  9.942396740471265E-01  9.942601538098993E-01  9.942806021490694E-01
  9.942390783961630E-01  9.942595603396835E-01  9.942800108562749E-01
  9.944050573521318E-01  9.944250756304662E-01  9.944450627483451E-01
  9.944039068308695E-01  9.944239293438084E-01  9.944439206897407E-01
  9.944033314215563E-01  9.944233560523443E-01  9.944433495128499E-01
  9.945675768416904E-01  9.945871471402198E-01  9.946066865274572E-01
  9.945664657141116E-01  9.945860401255527E-01  9.946055836192463E-01
  9.945659100079146E-01  9.945854864763389E-01  9.946050320237867E-01
  9.947284754846095E-01  9.947476067117100E-01  9.947667072757486E-01
  9.947274027158666E-01  9.947465379381318E-01  9.947656424909704E-01
  9.947268661951107E-01  9.947460034154664E-01  9.947651099632122E-01
  9.948878075854590E-01  9.949065083949257E-01  9.949251787880198E-01
  9.948867721818947E-01  9.949054768725777E-01  9.949241511406147E-01
  9.948862543495030E-01  9.949049609812837E-01  9.949236371872808E-01
  9.950456255533672E-01  9.950639043981988E-01  9.950821530652129E-01
  9.950446265608633E-01  9.950629091766098E-01  9.950811616083554E-01
  9.950441269395528E-01  9.950624114412285E-01  9.950806657558113E-01
  9.952019726993020E-01  9.952198379015397E-01  9.952376731529579E-01
  9.952010091993029E-01  9.952188780656849E-01  9.952367169751495E-01
  9.952005273295731E-01  9.952183980284826E-01  9.952362387674250E-01
  9.953568773875070E-01  9.953743371460796E-01  9.953917671736650E-01
  9.953559484907721E-01  9.953734118101730E-01  9.953908453925673E-01
  9.953554839277921E-01  9.953729490280464E-01  9.953903843882838E-01
  9.955103550838710E-01  9.955274174220203E-01  9.955444502479509E-01
  9.955094599247230E-01  9.955265257237589E-01  9.955435620046312E-01
  9.955090122354515E-01  9.955260797653549E-01  9.955431177741214E-01
  9.956624249964567E-01  9.956790977225100E-01  9.956957411533830E-01
  9.956615627328870E-01  9.956782388231430E-01  9.956948856123480E-01
  9.956611314961256E-01  9.956778092688922E-01  9.956944577376720E-01
  9.958131464744889E-01  9.958294372024868E-01  9.958456988441537E-01
  9.958123163012697E-01  9.958286102999093E-01  9.958448752064206E-01
  9.958119011142171E-01  9.958281967485731E-01  9.958444632879018E-01
  9.959626772704877E-01  9.959785934828178E-01  9.959944808088209E-01
  9.959618784529394E-01  9.959777978453831E-01  9.959936883457714E-01
  9.959614789480847E-01  9.959773999309678E-01  9.959932920189308E-01
