  3.444391703679589E+00  3.438210743905664E+00  3.432027062639965E+00

 -1.924864246526905E-05 -1.916962069112469E-05 -1.909075721122948E-05
 -1.155306367949645E-05 -1.150563459225976E-05 -1.145830051298583E-05
 -3.851667820470934E-06 -3.835855453342643E-06 -3.820074760772158E-06
  3.851667820470934E-06  3.835855453342643E-06  3.820074760772158E-06
  1.155306367949645E-05  1.150563459225976E-05  1.145830051298583E-05
  1.924864246526905E-05  1.916962069112469E-05  1.909075721122948E-05
  2.693453362256788E-05  2.682395918614642E-05  2.671360625178448E-05
  3.460687776675969E-05  3.446480663821456E-05  3.432302010979224E-05
  4.226183115472804E-05  4.208833518552274E-05  4.191518677360130E-05
  4.989557011021188E-05  4.969073695077689E-05  4.948631413388296E-05
  5.750429541533020E-05  5.726822841480725E-05  5.703263433936406E-05
  6.508423661404306E-05  6.481705470225809E-05  6.455040806477485E-05
  7.263165627427436E-05  7.233349382617787E-05  7.203592873793737E-05
  8.014285418891683E-05  7.981386087177777E-05  7.948552670631648E-05
  8.761417150332862E-05  8.725451210699294E-05  8.689557333067554E-05
  9.504199475773841E-05  9.465184900826723E-05  9.426248499426322E-05
  1.024227598393742E-04  1.020023221964386E-04  1.015827270224914E-04
  1.097529558397771E-04  1.093024352782132E-04  1.088528175086049E-04
  1.170291287983876E-04  1.165487485743275E-04  1.160693310264448E-04
  1.242478853329051E-04  1.237378827349498E-04  1.232289022309143E-04
  1.314058961682751E-04  1.308665222541893E-04  1.303282293580394E-04
  1.384998995357494E-04  1.379314188551779E-04  1.373640775961019E-04
  1.455267043932108E-04  1.449293946969406E-04  1.443332822790822E-04
  1.524831935755646E-04  1.518573455119125E-04  1.512327520113228E-04
  1.593663267924550E-04  1.587122435913497E-04  1.580594716406538E-04
  1.661731434339784E-04  1.654911405792957E-04  1.648105050406420E-04
  1.729007652453491E-04  1.721911701361361E-04  1.714829977630544E-04
  1.795463988990320E-04  1.788095505002362E-04  1.780741795890186E-04
  1.861073383766337E-04  1.853435868599960E-04  1.845813668912626E-04
  1.925809671401733E-04  1.917906735159285E-04  1.910019647870186E-04
  1.989647602016042E-04  1.981482959416335E-04  1.973334691904630E-04
  2.052562860317179E-04  2.044140326848164E-04  2.035734687058701E-04
  2.114532082383959E-04  2.105855570383687E-04  2.097196462915401E-04
  2.175532871417346E-04  2.166606386090025E-04  2.157697808219447E-04
  2.235543811842891E-04  2.226371447216382E-04  2.217217484862736E-04
  2.294544481134502E-04  2.285130415966681E-04  2.275735239606070E-04
  2.352515460350891E-04  2.342863953991470E-04  2.333231814526539E-04
  2.409438343247969E-04  2.399553731462319E-04  2.389688956053958E-04
  2.465295743163182E-04  2.455182433925817E-04  2.445089421794668E-04
  2.520071298306729E-04  2.509733767570638E-04  2.499416985774489E-04
  2.573749675862345E-04  2.563192463310630E-04  2.552656442504183E-04
  2.626316574340778E-04  2.615544279127787E-04  2.604793609311950E-04
  2.677758724296585E-04  2.666776000784818E-04  2.655815327051763E-04
  2.728063887211745E-04  2.716875440710730E-04  2.705709458990971E-04
  2.777220852980516E-04  2.765831435494136E-04  2.754464888312039E-04
  2.825219436303237E-04  2.813633842291790E-04  2.802071514535818E-04
  2.872050470937280E-04  2.860273533100212E-04  2.848520247813849E-04
  2.917705802819232E-04  2.905742387904115E-04  2.893803002102958E-04
  2.962178282508991E-04  2.950033287152554E-04  2.937912687673416E-04
  3.005461755274750E-04  2.993140101881800E-04  2.980843201269686E-04
  3.047551050233133E-04  3.035057682898376E-04  3.022589415336280E-04
  3.088441968545288E-04  3.075781849022877E-04  3.063147166309232E-04
  3.128131270067875E-04  3.115309373794095E-04  3.102513241373275E-04
  3.166616658997987E-04  3.153637971171712E-04  3.140685364222236E-04
  3.203896768677408E-04  3.190766280402449E-04  3.177662179986933E-04
  3.239971144853309E-04  3.226693849347223E-04  3.213443238628733E-04
  3.274840228382381E-04  3.261421117255781E-04  3.248028977784534E-04
  3.308505337201330E-04  3.294949396811360E-04  3.281420704885486E-04
  3.340968646751861E-04  3.327280854633496E-04  3.313620577737489E-04
  3.372233170330252E-04  3.358418491708853E-04  3.344631585033117E-04
  3.402302738397775E-04  3.388366122785675E-04  3.374457525830016E-04
  3.431181976961598E-04  3.417128354841879E-04  3.403102988106000E-04
  3.458876285868998E-04  3.444710565469367E-04  3.430573327233282E-04
  3.485391816270419E-04  3.471118880429012E-04  3.456874643625213E-04
  3.510735447296757E-04  3.496360150422072E-04  3.482013759601746E-04
  3.534914762753066E-04  3.520441927880323E-04  3.505998196275757E-04
  3.557938027361139E-04  3.543372443306839E-04  3.528836149991842E-04
  3.579814162410397E-04  3.565160581026222E-04  3.550536468175752E-04
  3.600552721388192E-04  3.585815854915498E-04  3.571108625165658E-04
  3.620163864842433E-04  3.605348383368775E-04  3.590562697278673E-04
  3.638658335734776E-04  3.623768864752814E-04  3.608909338368638E-04
  3.656047434850515E-04  3.641088552920276E-04  3.626159755442467E-04
  3.672342995024090E-04  3.657319231538906E-04  3.642325683092892E-04
  3.687557356149970E-04  3.672473189206268E-04  3.657419358716827E-04
  3.701703340240309E-04  3.686563194611207E-04  3.671453497780401E-04
  3.714794226270484E-04  3.699602471483034E-04  3.684441268871648E-04
  3.726843725328240E-04  3.711604673844500E-04  3.696396269057127E-04
  3.737865955402528E-04  3.722583860903401E-04  3.707332498876027E-04
  3.747875417308557E-04  3.732554473079564E-04  3.717264338468938E-04
  3.756886970135374E-04  3.741531307554158E-04  3.726206523228694E-04
  3.764915806445466E-04  3.749529493569695E-04  3.734174119200572E-04
  3.771977429219909E-04  3.756564469474527E-04  3.741182500225972E-04
  3.778087628113262E-04  3.762651959075948E-04  3.747247324393465E-04
  3.783262455866267E-04  3.767807948149127E-04  3.752384510643827E-04
  3.787518205859768E-04  3.772048662086651E-04  3.756610216515037E-04
  3.790871389826300E-04  3.775390543703973E-04  3.759940816041344E-04
  3.793338715606123E-04  3.777850231086959E-04  3.762392877692157E-04
  3.794937065358333E-04  3.779444535893038E-04  3.763983142763078E-04
  3.795683474824729E-04  3.780190422703566E-04  3.764728504816559E-04
  3.795595112853722E-04  3.780104988634050E-04  3.764645989378258E-04
  3.794689261296247E-04  3.779205443313810E-04  3.763752734000320E-04
  3.792983295278359E-04  3.777509089240775E-04  3.762065968698199E-04
  3.790494664204850E-04  3.775033302865406E-04  3.759602997114689E-04
  3.787240873568687E-04  3.771795516477415E-04  3.756381178483747E-04
  3.783239466896313E-04  3.767813200226605E-04  3.752417909726793E-04
  3.778508008271765E-04  3.763103844720181E-04  3.747730608122988E-04
  3.773064065581528E-04  3.757684944337863E-04  3.742336694694492E-04
  3.766925194389605E-04  3.751573981175756E-04  3.736253578218989E-04
  3.760108922637727E-04  3.744788409812757E-04  3.729498640062127E-04
  3.752632735105558E-04  3.737345641834022E-04  3.722089218764128E-04
  3.744514059138370E-04  3.729263031619601E-04  3.714042595889275E-04
  3.735770251139896E-04  3.720557862896371E-04  3.705375982636743E-04
  3.726418582841876E-04  3.711247335063656E-04  3.696106506222181E-04
  3.716476228955442E-04  3.701348550898931E-04  3.686251197637599E-04
  3.705960254722006E-04  3.690878504160599E-04  3.675826979305936E-04
  3.694887604501166E-04  3.679854068224170E-04  3.664850653765575E-04
  3.683275091095461E-04  3.668291985452300E-04  3.653338893085604E-04
  3.671139385105494E-04  3.656208856593954E-04  3.641308228308627E-04
  3.658497005009717E-04  3.643621130909699E-04  3.628775039620867E-04
  3.645364307950924E-04  3.630545097003955E-04  3.615755547229868E-04
  3.631757480987190E-04  3.616996874116057E-04  3.602265802696612E-04
  3.617692532678618E-04  3.602992403733316E-04  3.588321680576357E-04
  3.603185285264672E-04  3.588547441787855E-04  3.573938870634199E-04
  3.588251367985283E-04  3.573677552019741E-04  3.559132871245143E-04
  3.572906210068113E-04  3.558398099050646E-04  3.543918982548893E-04
  3.557165033658828E-04  3.542724241403729E-04  3.528312299564209E-04
  3.541042847441969E-04  3.526670925100714E-04  3.512327705782801E-04
  3.524554441479869E-04  3.510252878294587E-04  3.495979867614976E-04
  3.507714385130549E-04  3.493484608975616E-04  3.479283231863473E-04
  3.490537025259510E-04  3.476380403389884E-04  3.462252024273199E-04
  3.473036480381159E-04  3.458954321036934E-04  3.444900245316775E-04
  3.455226627908396E-04  3.441220182807807E-04  3.427241659287684E-04
  3.437121089685225E-04  3.423191555976253E-04  3.409289779006820E-04
  3.418733233150675E-04  3.404881752499588E-04  3.391057861515435E-04
  3.400076201321219E-04  3.386303855606360E-04  3.372558931113358E-04
  3.381162955242518E-04  3.367470763040563E-04  3.353805822601721E-04
  3.362006275423264E-04  3.348395197210288E-04  3.334811199186836E-04
  3.342618666180286E-04  3.329089622457370E-04  3.315587482741440E-04
  3.323012184392664E-04  3.309566077459344E-04  3.296146691898053E-04
  3.303198341162634E-04  3.289836056635257E-04  3.276500306464449E-04
  3.283188283825102E-04  3.269910649867090E-04  3.256659366400197E-04
  3.262993323615374E-04  3.249801036244233E-04  3.236634928108252E-04
  3.242625522819502E-04  3.229519093103694E-04  3.216438686424884E-04
  3.222097717187858E-04  3.209077523420831E-04  3.196083197513585E-04
  3.201422367256474E-04  3.188488863855709E-04  3.175581041715104E-04
  3.180609187396415E-04  3.167763230427134E-04  3.154942696713045E-04
  3.159662369580385E-04  3.146905518326769E-04  3.134173733712849E-04
  3.138578811145451E-04  3.125913433333355E-04  3.113272670535457E-04
  3.117348529218919E-04  3.104777616370309E-04  3.092230809415212E-04
  3.095957387951677E-04  3.083484140002582E-04  3.071034487154366E-04
  3.074390999663842E-04  3.062018365769775E-04  3.049668863206097E-04
  3.052638043049154E-04  3.040368420422519E-04  3.028121534301593E-04
  3.030691689336220E-04  3.018526876124409E-04  3.006384465887779E-04
  3.008548999831108E-04  2.996490349834264E-04  2.984453806302170E-04
  2.986209221078389E-04  2.974257858602412E-04  2.962328319891542E-04
  2.963672195690784E-04  2.951829164039225E-04  2.940007675892069E-04
  2.940937609863455E-04  2.929203911763707E-04  2.917491479591059E-04
  2.918005038406468E-04  2.906381606197217E-04  2.894779169995584E-04
  2.894874299521331E-04  2.883361957159391E-04  2.871870351839812E-04
  2.871545678502903E-04  2.860145131307041E-04  2.848765072782840E-04
  2.848019892763051E-04  2.836731743095108E-04  2.825463841939672E-04
  2.824297918914430E-04  2.813122688162561E-04  2.801967471845128E-04
  2.800380844988360E-04  2.789318987384225E-04  2.778276915309611E-04
  2.776269811378290E-04  2.765321717971713E-04  2.754393186348958E-04
  2.751966013247891E-04  2.741132011532231E-04  2.730317353187278E-04
  2.727470713858755E-04  2.716751068181790E-04  2.706050552723851E-04
  2.702785238987269E-04  2.692180153541519E-04  2.681593990063888E-04
  2.677910951711147E-04  2.667420575201987E-04  2.656948916856556E-04
  2.652849221821793E-04  2.642473651827747E-04  2.632116600328064E-04
  2.627601405011513E-04  2.617340690592231E-04  2.607098299045526E-04
  2.602168836714130E-04  2.592022979519586E-04  2.581895253618680E-04
  2.576552832870260E-04  2.566521788356060E-04  2.556508687475475E-04
  2.550754683868075E-04  2.540838363741271E-04  2.530939803240998E-04
  2.524775639444243E-04  2.514973914675042E-04  2.505189768949929E-04
  2.498616894663519E-04  2.488929597522397E-04  2.479259702223984E-04
  2.472279586445110E-04  2.462706511177233E-04  2.453150663995101E-04
  2.445764797176237E-04  2.436305700558008E-04  2.426863661684391E-04
  2.419073553380864E-04  2.409728156354705E-04  2.400399649963864E-04
  2.392206816209470E-04  2.382974806207359E-04  2.373759522761602E-04
  2.365165471866054E-04  2.356046504499267E-04  2.346944102561715E-04
  2.337950330105108E-04  2.328944029801383E-04  2.319954136760418E-04
  2.310562127774223E-04  2.301668088306392E-04  2.292790300857018E-04
  2.283001528280191E-04  2.274219314048708E-04  2.265453199397606E-04
  2.255269115277904E-04  2.246598262915034E-04  2.237943360415719E-04
  2.227365388214439E-04  2.218805407486168E-04  2.210261229646727E-04
  2.199290765641396E-04  2.190841139561342E-04  2.182407172184721E-04
  2.171045591627520E-04  2.162705776786010E-04  2.154381479196972E-04
  2.142630134341774E-04  2.134399562131226E-04  2.126184368300888E-04
  2.114044576200104E-04  2.105922654345277E-04  2.097815974449641E-04
  2.085289006181208E-04  2.077275119533865E-04  2.069276340857595E-04
  2.056363426032531E-04  2.048456936540545E-04  2.040565423485886E-04
  2.027267770412992E-04  2.019468017173560E-04  2.011683111241809E-04
  1.998001925958675E-04  1.990308225996197E-04  1.982629246497509E-04
  1.968565731592529E-04  1.960977380960708E-04  1.953403626154197E-04
  1.938958948809219E-04  1.931475223273352E-04  1.924005971140851E-04
  1.909181207802712E-04  1.901801363034304E-04  1.894435871493796E-04
  1.879231968140463E-04  1.871955239894813E-04  1.864692746903811E-04
  1.849110555306890E-04  1.841936159641784E-04  1.834775883356932E-04
  1.818816312626264E-04  1.811743445631974E-04  1.804684584174427E-04
  1.788348821477305E-04  1.781376658418072E-04  1.774418389086362E-04
  1.757708020211589E-04  1.750835715143091E-04  1.743977194030402E-04
  1.726894003574236E-04  1.720120690783234E-04  1.713361054142309E-04
  1.695906417388436E-04  1.689231214557471E-04  1.682569581919122E-04
  1.664743673879499E-04  1.658165684931662E-04  1.651601161994882E-04
  1.633402555872614E-04  1.626920871019001E-04  1.620452549772084E-04
  1.601878855892227E-04  1.595492548084658E-04  1.589119503260066E-04
  1.570169330460490E-04  1.563877449872063E-04  1.557598733355900E-04
  1.538274312714527E-04  1.532075882255552E-04  1.525890518551546E-04
  1.506199463767900E-04  1.500093478187399E-04  1.494000463543727E-04
  1.473954116761750E-04  1.467939546104982E-04  1.461937852026373E-04
  1.441545290285356E-04  1.435621085635830E-04  1.429709664628965E-04
  1.408966321671668E-04  1.403131419180802E-04  1.397309208740152E-04
  1.376191607528147E-04  1.370444924607402E-04  1.364710843392949E-04
 -2.009257563211016E-05 -2.001115077290830E-05 -1.992988644753838E-05
 -1.205961563848804E-05 -1.201074409946420E-05 -1.196196891281351E-05
 -4.020550495233434E-06 -4.004257210677907E-06 -3.987996048927043E-06
  4.020550495233434E-06  4.004257210677907E-06  3.987996048927043E-06
  1.205961563848804E-05  1.201074409946420E-05  1.196196891281351E-05
  2.009257563211016E-05  2.001115077290830E-05  1.992988644753838E-05
  2.811536829022836E-05  2.800143163592167E-05  2.788771961677925E-05
  3.612394324317601E-05  3.597755286160668E-05  3.583145110448047E-05
  4.411426665546832E-05  4.393549709012306E-05  4.375707999463788E-05
  5.208232589993484E-05  5.187126808387863E-05  5.166062640758591E-05
  6.002413419315609E-05  5.978089534422960E-05  5.953813609799821E-05
  6.793573515052521E-05  6.766043864797211E-05  6.738568497283718E-05
  7.581320729016801E-05  7.550599253294628E-05  7.519938355867580E-05
  8.365266847049463E-05  8.331369071755948E-05  8.297538140322951E-05
  9.145028024902737E-05  9.107971044191974E-05  9.070987139882732E-05
  9.920225215144591E-05  9.880027671953783E-05  9.839909401679659E-05
  1.069048458453408E-04  1.064716664941129E-04  1.060393414473158E-04
  1.145543792105929E-04  1.140902126933654E-04  1.136269616367337E-04
  1.221472302917889E-04  1.216523081653500E-04  1.211583622078057E-04
  1.296798411311835E-04  1.291544094958103E-04  1.286300142614718E-04
  1.371487214869340E-04  1.365930407113184E-04  1.360384560649276E-04
  1.445504524131613E-04  1.439647968447561E-04  1.433802966025528E-04
  1.518816896689783E-04  1.512663473303087E-04  1.506522189568997E-04
  1.591391670295965E-04  1.584944393011550E-04  1.578509835929876E-04
  1.663196994361944E-04  1.656459007265324E-04  1.649734314825894E-04
  1.734201859598562E-04  1.727176433634322E-04  1.720164870437091E-04
  1.804376126218974E-04  1.797066655653576E-04  1.789771609377949E-04
  1.873690550851275E-04  1.866100549626956E-04  1.858525527392358E-04
  1.942116811515303E-04  1.934249909501595E-04  1.926398534125894E-04
  2.009627530579838E-04  2.001487469729649E-04  1.993363475892352E-04
  2.076196296413223E-04  2.067786926830358E-04  2.059394157147354E-04
  2.141797683283720E-04  2.133122959208646E-04  2.124465360225429E-04
  2.206407269077602E-04  2.197471244798980E-04  2.188552862909753E-04
  2.270001651695733E-04  2.260808477394921E-04  2.251633454694784E-04
  2.332558463657479E-04  2.323112381192725E-04  2.313684951269692E-04
  2.394056384512154E-04  2.384361723149974E-04  2.374686206824337E-04
  2.454475151775090E-04  2.444536323876039E-04  2.434617124894179E-04
  2.513795570216011E-04  2.503617066881959E-04  2.493458667571725E-04
  2.571999518979254E-04  2.561585905669536E-04  2.551192862564609E-04
  2.629069957045155E-04  2.618425869168380E-04  2.607802808608347E-04
  2.684990927265100E-04  2.674121065753567E-04  2.663272679466677E-04
  2.739747558579130E-04  2.728656685453262E-04  2.717587726129214E-04
  2.793326066510201E-04  2.782019000439477E-04  2.770734277298698E-04
  2.845713751812015E-04  2.834195363678971E-04  2.822699738045037E-04
  2.896898997615845E-04  2.885174206090002E-04  2.873472586971939E-04
  2.946871265248373E-04  2.934945032376360E-04  2.923042372067155E-04
  2.995621088036720E-04  2.983498414855074E-04  2.971399704552841E-04
  3.043140063881239E-04  3.030825986057785E-04  3.018536251515461E-04
  3.089420846797879E-04  3.076920430307521E-04  3.064444727516938E-04
  3.134457136339708E-04  3.121775473180667E-04  3.109118884097022E-04
  3.178243665946702E-04  3.165385869902562E-04  3.152553498214622E-04
  3.220776190153759E-04  3.207747392606498E-04  3.194744359557703E-04
  3.262051470313163E-04  3.248856816112621E-04  3.235688256378551E-04
  3.302067259246339E-04  3.288711902640857E-04  3.275382960267787E-04
  3.340822284881744E-04  3.327311385514392E-04  3.313827209923320E-04
  3.378316232471652E-04  3.364654951446898E-04  3.351020693507894E-04
  3.414549726132036E-04  3.400743222156834E-04  3.386964030337677E-04
  3.449524309479804E-04  3.435577735082782E-04  3.421658751675609E-04
  3.483242424930799E-04  3.469160922763783E-04  3.455107280193893E-04
  3.515707392689913E-04  3.501496091914992E-04  3.487312909135080E-04
  3.546923388704782E-04  3.532587401469841E-04  3.518279780442545E-04
  3.576895421795656E-04  3.562439839801705E-04  3.548012862073783E-04
  3.605629310504531E-04  3.591059201667663E-04  3.576517925038643E-04
  3.633131659123139E-04  3.618452064333234E-04  3.603801519620616E-04
  3.659409833055743E-04  3.644625763034001E-04  3.629870950937162E-04
  3.684471934064006E-04  3.669588366321682E-04  3.654734254386758E-04
  3.708326775016996E-04  3.693348650917018E-04  3.678400170604520E-04
  3.730983854134635E-04  3.715916076057467E-04  3.700878119913977E-04
  3.752453329108279E-04  3.737300757723302E-04  3.722178176658440E-04
  3.772745990651587E-04  3.757513442295145E-04  3.742311042965044E-04
  3.791873236405784E-04  3.776565480566579E-04  3.761288022864494E-04
  3.809847044700792E-04  3.794468801613359E-04  3.779120996268200E-04
  3.826679947528513E-04  3.811235885875009E-04  3.795822392157958E-04
  3.842385004162137E-04  3.826879738882696E-04  3.811405162422212E-04
  3.856975774723979E-04  3.841413864935714E-04  3.825882755640936E-04
  3.870466293672225E-04  3.854852240696346E-04  3.839269090788451E-04
  3.882871043529618E-04  3.867209289026715E-04  3.851578531178264E-04
  3.894204928472405E-04  3.878499852685137E-04  3.862825858266578E-04
  3.904483248780687E-04  3.888739168882838E-04  3.873026246315181E-04
  3.913721674920086E-04  3.897942843471508E-04  3.882195236684707E-04
  3.921936221742394E-04  3.906126825248524E-04  3.890348712244223E-04
  3.929143223972505E-04  3.913307381547299E-04  3.897502873064802E-04
  3.935359311194937E-04  3.919501073326092E-04  3.903674211610406E-04
  3.940601383256892E-04  3.924724730671229E-04  3.908879488341089E-04
  3.944886586593413E-04  3.928995429221415E-04  3.913135708236270E-04
  3.948232290712880E-04  3.932330466750850E-04  3.916460097475298E-04
  3.950656064895313E-04  3.934747339962728E-04  3.918870080325927E-04
  3.952175655474494E-04  3.936263721864749E-04  3.920383256613031E-04
  3.952808964019632E-04  3.936897440042474E-04  3.921017380083508E-04
  3.952574025808935E-04  3.936666455222408E-04  3.920790337058635E-04
  3.951488988767417E-04  3.935588840296792E-04  3.919720125545712E-04
  3.949572092876665E-04  3.933682759818361E-04  3.917824834817647E-04
  3.946841650335918E-04  3.930966450244410E-04  3.915122625739819E-04
  3.943316026436626E-04  3.927458200891546E-04  3.911631711804845E-04
  3.939013620696262E-04  3.923176335147472E-04  3.907370340422222E-04
  3.933952848670479E-04  3.918139192358659E-04  3.902356774881317E-04
  3.928152124479920E-04  3.912365110430065E-04  3.896609277023837E-04
  3.921629843997915E-04  3.905872409083622E-04  3.890146090572987E-04
  3.914404368744311E-04  3.898679373820100E-04  3.882985425163238E-04
  3.906494009857424E-04  3.890804239956349E-04  3.875145440442697E-04
  3.897917013272662E-04  3.882265177866728E-04  3.866644231377215E-04
  3.888691545489630E-04  3.873080278811038E-04  3.857499814138962E-04
  3.878835679458902E-04  3.863267540879444E-04  3.847730112109319E-04
  3.868367381642381E-04  3.852844856108970E-04  3.837352943051453E-04
  3.857304499182852E-04  3.841829997705429E-04  3.826386006384782E-04
  3.845664748122153E-04  3.830240608308900E-04  3.814846871497865E-04
  3.833465702221947E-04  3.818094188859926E-04  3.802752966659567E-04
  3.820724782004660E-04  3.805408087689408E-04  3.790121568156785E-04
  3.807459244527837E-04  3.792199490347238E-04  3.776969790176427E-04
  3.793686173771620E-04  3.778485410038805E-04  3.763314575292076E-04
  3.779422471534102E-04  3.764282678547683E-04  3.749172685416997E-04
  3.764684848904700E-04  3.749607937716028E-04  3.734560693292185E-04
  3.749489818537539E-04  3.734477631750465E-04  3.719494974817650E-04
  3.733853687475335E-04  3.718908000159272E-04  3.703991702091568E-04
  3.717792549105898E-04  3.702915069865316E-04  3.688066835681827E-04
  3.701322275195954E-04  3.686514647250031E-04  3.671736116711710E-04
  3.684458510105173E-04  3.669722312047353E-04  3.655015060474969E-04
  3.667216668928925E-04  3.652553415026136E-04  3.637918953643761E-04
  3.649611938386087E-04  3.635023078990998E-04  3.620462855264110E-04
  3.631659271821150E-04  3.617146195085928E-04  3.602661594215586E-04
  3.613373371099141E-04  3.598937406469316E-04  3.584529754715785E-04
  3.594768661740362E-04  3.580411083252804E-04  3.566081651465533E-04
  3.575859288004216E-04  3.561581313253966E-04  3.547331316582223E-04
  3.556659157072622E-04  3.542461939747781E-04  3.528292530841333E-04
  3.537182017413053E-04  3.523066639062603E-04  3.508978899286976E-04
  3.517441485335052E-04  3.503408959880925E-04  3.489403901503233E-04
  3.497450913348916E-04  3.483502214229517E-04  3.469580804897592E-04
  3.477223104326864E-04  3.463359202646669E-04  3.449522403898741E-04
  3.456770096990820E-04  3.442991971844648E-04  3.429240755392893E-04
  3.436103386478211E-04  3.422411966102729E-04  3.408747264345265E-04
  3.415234749260147E-04  3.401630788309788E-04  3.388053376121239E-04
  3.394177267928260E-04  3.380661246865312E-04  3.367171631136153E-04
  3.372945547751048E-04  3.359517731917751E-04  3.346116184790055E-04
  3.351554094088256E-04  3.338214842239457E-04  3.324901680228989E-04
  3.330013735519258E-04  3.316763992706609E-04  3.303540058402521E-04
  3.308327457043727E-04  3.295169195184168E-04  3.282036320764524E-04
  3.286488005162577E-04  3.273424325681307E-04  3.260385487480036E-04
  3.264479162200153E-04  3.251513923791815E-04  3.238572923567837E-04
  3.242280656302784E-04  3.229417764354354E-04  3.216578541163148E-04
  3.219874475038964E-04  3.207117181103334E-04  3.194383087861857E-04
  3.197249462588122E-04  3.184600013707403E-04  3.171973413472950E-04
  3.174402203613332E-04  3.161861954604338E-04  3.149344283284036E-04
  3.151334518879794E-04  3.138904342984442E-04  3.126496501220703E-04
  3.128049737097897E-04  3.115730437762716E-04  3.103433217823128E-04
  3.104550065606847E-04  3.092342573443297E-04  3.080156886143930E-04
  3.080836045197215E-04  3.068741381102538E-04  3.056668240635973E-04
  3.056907486984884E-04  3.044926621482534E-04  3.032967008039169E-04
  3.032764607276588E-04  3.020898358227913E-04  3.009053106350993E-04
  3.008408494482919E-04  2.996657517376639E-04  2.984927296282826E-04
  2.983840882151639E-04  2.972205718720087E-04  2.960591077538407E-04
  2.959063698014435E-04  2.947544824204676E-04  2.936046242338752E-04
  2.934078792242857E-04  2.922676635924173E-04  2.911294544346107E-04
  2.908887922533995E-04  2.897602857556587E-04  2.886337634560057E-04
  2.883492853321111E-04  2.872325189149216E-04  2.861177149685941E-04
  2.857895426866581E-04  2.846845405343086E-04  2.835814796783905E-04
  2.832097561671028E-04  2.821165361593521E-04  2.810252367576363E-04
  2.806101203092353E-04  2.795286948150480E-04  2.784491696387388E-04
  2.779908269324109E-04  2.769212034567413E-04  2.758534603700371E-04
  2.753520624495665E-04  2.742942438560046E-04  2.732382860924591E-04
  2.726940085659977E-04  2.716479929668939E-04  2.706038190390454E-04
  2.700168441668794E-04  2.689826248683630E-04  2.679502284818419E-04
  2.673207453386419E-04  2.662983111240806E-04  2.652776814198599E-04
  2.646058828133176E-04  2.635952184185826E-04  2.625863404481016E-04
  2.618724194236745E-04  2.608735058189907E-04  2.598763608648145E-04
  2.591205100255716E-04  2.581333243802252E-04  2.571478899465951E-04
  2.563503031009184E-04  2.553748187166703E-04  2.544010684445670E-04
  2.535619411791554E-04  2.525981276832738E-04  2.516360315112640E-04
  2.507555590675736E-04  2.498033827669036E-04  2.488529072861042E-04
  2.479312820798893E-04  2.469907061470239E-04  2.460518148184427E-04
  2.450892263826032E-04  2.441602107890495E-04  2.432328638916197E-04
  2.422295005747788E-04  2.413120020445263E-04  2.403961566048123E-04
  2.393522059247865E-04  2.384461781434420E-04  2.375417881160438E-04
  2.364574346855368E-04  2.355628286267229E-04  2.346698452286674E-04
  2.335452687106700E-04  2.326620327665793E-04  2.317804046429011E-04
  2.306157802172347E-04  2.297438600861907E-04  2.288735332126776E-04
  2.276690336222055E-04  2.268083722307226E-04  2.259492898129390E-04
  2.247050859579110E-04  2.238556236258880E-04  2.230077262372555E-04
  2.217239852803930E-04  2.208856599872424E-04  2.200488858410529E-04
  2.187257692021749E-04  2.178985166769496E-04  2.170728017440892E-04
  2.157104654059153E-04  2.148942190203505E-04  2.140794969305381E-04
  2.126780936760400E-04  2.118727843890084E-04  2.110689863523403E-04
  2.096286676686339E-04  2.088342241783327E-04  2.080412791164299E-04
  2.065621954447238E-04  2.057785444013020E-04  2.049963791703193E-04
  2.034786788502028E-04  2.027057449052621E-04  2.019342843719260E-04
  2.003781111669957E-04  1.996158168820012E-04  1.988549838376890E-04
  1.972604725659247E-04  1.965087383995667E-04  1.957584535262102E-04
  1.941257264665228E-04  1.933844709216846E-04  1.926446529219428E-04
  1.909738237325660E-04  1.902429634720253E-04  1.895135291965115E-04
  1.878047194819741E-04  1.870841692219438E-04  1.863650335854117E-04
  1.846183962131538E-04  1.839080685010603E-04  1.831991442616710E-04
  1.814148732977759E-04  1.807146784806403E-04  1.800158761870378E-04
  1.781941806188517E-04  1.775040271337044E-04  1.768152554014007E-04
  1.749562921828510E-04  1.742760869551019E-04  1.735972528768489E-04
  1.717010493113665E-04  1.710306979318353E-04  1.703617072748375E-04
  1.684281339296630E-04  1.677675404836846E-04  1.671082975190635E-04
  1.651371539042147E-04  1.644862205731749E-04  1.638366276587076E-04
  1.618278563687598E-04  1.611864829899679E-04  1.605464401184428E-04
  1.585003939444063E-04  1.578684776738399E-04  1.572378821458629E-04
  1.551554701254030E-04  1.545329053506241E-04  1.539116517028704E-04
  1.517941324413560E-04  1.511808110736518E-04  1.505687913695127E-04
  1.484170418084515E-04  1.478128538571493E-04  1.472099582454263E-04
  1.450231914149069E-04  1.444280253756746E-04  1.438341424717425E-04
  1.416083434646669E-04  1.410220858556474E-04  1.404371022945923E-04
 -2.096004704761804E-05 -2.087613014059398E-05 -2.079237612197297E-05
 -1.258029865034226E-05 -1.252993125214865E-05 -1.247966161977710E-05
 -4.194144871977105E-06 -4.177352862575142E-06 -4.160593447245589E-06
  4.194144871977105E-06  4.177352862575142E-06  4.160593447245589E-06
  1.258029865034226E-05  1.252993125214865E-05  1.247966161977710E-05
  2.096004704761804E-05  2.087613014059398E-05  2.079237612197297E-05
  2.932912816632865E-05  2.921170485019665E-05  2.909450946316087E-05
  3.768329260932864E-05  3.753242315333072E-05  3.738184655260499E-05
  4.601830845558325E-05  4.583407022826088E-05  4.565018963536414E-05
  5.432996619686119E-05  5.411245357603717E-05  5.389536318942557E-05
  6.261408362912100E-05  6.236340789227052E-05  6.211321877790524E-05
  7.086651067442198E-05  7.058279986961803E-05  7.029963983213981E-05
  7.908313414090277E-05  7.876653293861092E-05  7.845054637339867E-05
  8.725988240946193E-05  8.691055193549825E-05  8.656189966192670E-05
  9.539273003613855E-05  9.501084768612338E-05  9.462970676234866E-05
  1.034777022607176E-04  1.030634614963905E-04  1.026500250160287E-04
  1.115108794128192E-04  1.110644895406371E-04  1.106189664117586E-04
  1.194884012066206E-04  1.190100871390732E-04  1.185327018459461E-04
  1.274064709140779E-04  1.268964729141757E-04  1.263874652622095E-04
  1.352613594107313E-04  1.347199328201894E-04  1.341795576646087E-04
  1.430494090915618E-04  1.424768240432313E-04  1.419053510020236E-04
  1.507670376420448E-04  1.501635787571362E-04  1.495612919088183E-04
  1.584107416483678E-04  1.577767077190403E-04  1.571439052858192E-04
  1.659771000728964E-04  1.653128037308450E-04  1.646497977478003E-04
  1.734627775646113E-04  1.727685449363065E-04  1.720756609072520E-04
  1.808645275921578E-04  1.801406979413482E-04  1.794182744819812E-04
  1.881791954146979E-04  1.874261207728691E-04  1.866745092418971E-04
  1.954037208935954E-04  1.946217656790907E-04  1.938413297980389E-04
  2.025351411141407E-04  2.017246817406421E-04  2.009157972030439E-04
  2.095705928131724E-04  2.087320172882696E-04  2.078950713589665E-04
  2.165073146396738E-04  2.156410221542391E-04  2.147764132595006E-04
  2.233426492299298E-04  2.224490497390449E-04  2.215571870482579E-04
  2.300740450792585E-04  2.291535588754484E-04  2.282348618751278E-04
  2.366990582434642E-04  2.357521155229772E-04  2.348070135838390E-04
  2.432153538506454E-04  2.422423942735381E-04  2.412713262113887E-04
  2.496207074064906E-04  2.486221796512887E-04  2.476255932825014E-04
  2.559130059234252E-04  2.548893672370997E-04  2.538677189294174E-04
  2.620902488656457E-04  2.610419646096654E-04  2.599957188290888E-04
  2.681505488898023E-04  2.670780920830260E-04  2.660077209375460E-04
  2.740921324049573E-04  2.729959832640793E-04  2.719019660449714E-04
  2.799133399630668E-04  2.787939854413647E-04  2.776768081627920E-04
  2.856126264647238E-04  2.844705597898498E-04  2.833307147275116E-04
  2.911885611836961E-04  2.900242813952119E-04  2.888622666247364E-04
  2.966398276074916E-04  2.954538390948462E-04  2.942701580306285E-04
  3.019652231119402E-04  3.007580351535837E-04  2.995531960887617E-04
  3.071636584790229E-04  3.059357847833257E-04  3.047103004315591E-04
  3.122341572336269E-04  3.109861154822738E-04  3.097405025219931E-04
  3.171758548346254E-04  3.159081662291125E-04  3.146429448508693E-04
  3.219879977297465E-04  3.207011865415916E-04  3.194168799991189E-04
  3.266699422327934E-04  3.253645353580665E-04  3.240616695236516E-04
  3.312211532689216E-04  3.298976797876694E-04  3.285767827124137E-04
  3.356412029896946E-04  3.343001937308134E-04  3.329617952103326E-04
  3.399297692477375E-04  3.385717563598469E-04  3.372163875059636E-04
  3.440866339517804E-04  3.427121504805834E-04  3.413403432994961E-04
  3.481116813071566E-04  3.467212607797620E-04  3.453335477571671E-04
  3.520048959294653E-04  3.505990719461658E-04  3.491959856398201E-04
  3.557663608673106E-04  3.543456667012263E-04  3.529277393413637E-04
  3.593962555267381E-04  3.579612237317215E-04  3.565289868297196E-04
  3.628948534839541E-04  3.614460155111741E-04  3.599999994768842E-04
  3.662625202333839E-04  3.648004060569325E-04  3.633411398250168E-04
  3.694997108442476E-04  3.680248485960871E-04  3.665528592616824E-04
  3.726069675394622E-04  3.711198831540303E-04  3.696356956180535E-04
  3.755849172226221E-04  3.740861340913766E-04  3.725902707157519E-04
  3.784342689340801E-04  3.769243075702306E-04  3.754172878432845E-04
  3.811558112485664E-04  3.796351889622122E-04  3.781175291744595E-04
  3.837504096398508E-04  3.822196402237261E-04  3.806918531542449E-04
  3.862190038005294E-04  3.846785972265427E-04  3.831411918401243E-04
  3.885626049188834E-04  3.870130670456086E-04  3.854665482008393E-04
  3.907822929327084E-04  3.892241252239337E-04  3.876689933923160E-04
  3.928792137486933E-04  3.913129130031463E-04  3.897496639993746E-04
  3.948545764670892E-04  3.932806345594107E-04  3.917097592828785E-04
  3.967096505922304E-04  3.951285542252530E-04  3.935505384128432E-04
  3.984457632071376E-04  3.968579936755088E-04  3.952733176657077E-04
  4.000642961759249E-04  3.984703291410818E-04  3.968794676494238E-04
  4.015666833475701E-04  3.999669886240547E-04  3.983704105298879E-04
  4.029544077625989E-04  4.013494491156895E-04  3.997476172602357E-04
  4.042289988787088E-04  4.026192338333318E-04  4.010126048290081E-04
  4.053920298029638E-04  4.037779094638083E-04  4.021669335147307E-04
  4.064451145733497E-04  4.048270834561006E-04  4.032122041896822E-04
  4.073899054411413E-04  4.057684013147384E-04  4.041500556242945E-04
  4.082280901794667E-04  4.066035439192575E-04  4.049821618174869E-04
  4.089613894663600E-04  4.073342249180302E-04  4.057102294012487E-04
  4.095915542701626E-04  4.079621881242940E-04  4.063359950472783E-04
  4.101203632784637E-04  4.084892049555488E-04  4.068612229168167E-04
  4.105496203926650E-04  4.089170719384174E-04  4.072877021757856E-04
  4.108811522571518E-04  4.092476082479386E-04  4.076172445441791E-04
  4.111168058266163E-04  4.094826532848044E-04  4.078516818831986E-04
  4.112584459914898E-04  4.096240643104920E-04  4.079928638400663E-04
  4.113079532759498E-04  4.096737141547709E-04  4.080426555650101E-04
  4.112672215819328E-04  4.096334889689897E-04  4.080029354738066E-04
  4.111381559864543E-04  4.095052860324337E-04  4.078755930631629E-04
  4.109226705950208E-04  4.092910116145412E-04  4.076625267817149E-04
  4.106226864643006E-04  4.089925789061319E-04  4.073656419697972E-04
  4.102401295923833E-04  4.086119060179848E-04  4.069868488663252E-04
  4.097769289568783E-04  4.081509140270043E-04  4.065280606630102E-04
  4.092350146208686E-04  4.076115250899621E-04  4.059911916258730E-04
  4.086163159091232E-04  4.069956606272559E-04  4.053781552865322E-04
  4.079227596518775E-04  4.063052395739838E-04  4.046908627005594E-04
  4.071562684968960E-04  4.055421766990082E-04  4.039312207735322E-04
  4.063187592645108E-04  4.047083809667225E-04  4.031011306295166E-04
  4.054121413938701E-04  4.038057539897631E-04  4.022024860702246E-04
  4.044383154528298E-04  4.028361885451510E-04  4.012371720973833E-04
  4.033991716924119E-04  4.018015671347992E-04  4.002070634792696E-04
  4.022965886873658E-04  4.007037606318759E-04  3.991140234028739E-04
  4.011324320222149E-04  3.995446269721492E-04  3.979599021705808E-04
  3.999085530628502E-04  3.983260099302429E-04  3.967465359811117E-04
  3.986267877922148E-04  3.970497379598245E-04  3.954757457741438E-04
  3.972889556920747E-04  3.957176230806670E-04  3.941493361224735E-04
  3.958968586850250E-04  3.943314598268727E-04  3.927690941863436E-04
  3.944522801309516E-04  3.928930242485326E-04  3.913367887205415E-04
  3.929569838859688E-04  3.914040729721221E-04  3.898541691367545E-04
  3.914127134473793E-04  3.898663423443236E-04  3.883229646462213E-04
  3.898211911832661E-04  3.882815476662438E-04  3.867448834972218E-04
  3.881841175603185E-04  3.866513824398717E-04  3.851216122383946E-04
  3.865031702468526E-04  3.849775174941416E-04  3.834548148687927E-04
  3.847800032169782E-04  3.832616000825193E-04  3.817461319347382E-04
  3.830162462282340E-04  3.815052532987791E-04  3.799971798900439E-04
  3.812135049670770E-04  3.797100761497961E-04  3.782095510914891E-04
  3.793733614422089E-04  3.778776439910382E-04  3.763848142547643E-04
  3.774973731934962E-04  3.760095079753285E-04  3.745245141211614E-04
  3.755870702509952E-04  3.741071922861267E-04  3.726301689813793E-04
  3.736439513968724E-04  3.721721902767115E-04  3.707032667658989E-04
  3.716694845748623E-04  3.702059640671679E-04  3.687452639073376E-04
  3.696651155967492E-04  3.682099522388195E-04  3.667575919831448E-04
  3.676322809448502E-04  3.661855828050124E-04  3.647416706262602E-04
  3.655724090591506E-04  3.641342769649812E-04  3.626989134671526E-04
  3.634868939546395E-04  3.620574264080789E-04  3.606307091487313E-04
  3.613770473218371E-04  3.599563463800947E-04  3.585383759558378E-04
  3.592440720500110E-04  3.578322433052609E-04  3.564231244589317E-04
  3.570891156251425E-04  3.556862563119948E-04  3.542860875344756E-04
  3.549134173449451E-04  3.535195957444262E-04  3.521284490569357E-04
  3.527184622917289E-04  3.513337048058599E-04  3.499516106818790E-04
  3.505059682356113E-04  3.491302762443748E-04  3.477572359814422E-04
  3.482775597000754E-04  3.469109661107033E-04  3.455470040983031E-04
  3.460341650110126E-04  3.446768124358372E-04  3.433220538890591E-04
  3.437754145594292E-04  3.424276116169218E-04  3.410823442138492E-04
  3.414994338048679E-04  3.401616460195138E-04  3.388263199622620E-04
  3.392032736212885E-04  3.378760383296577E-04  3.365511889623120E-04
  3.368838552526546E-04  3.355676571127444E-04  3.342537815979753E-04
  3.345389691273704E-04  3.332341404257083E-04  3.319315916360421E-04
  3.321678124741434E-04  3.308745081569010E-04  3.295834597331852E-04
  3.297708371888927E-04  3.284890874784724E-04  3.272095791094826E-04
  3.273491025902969E-04  3.260789005599697E-04  3.248109247051343E-04
  3.249035826104812E-04  3.236449519638620E-04  3.223885263319025E-04
  3.224348041860096E-04  3.211878176882215E-04  3.199430096165842E-04
  3.199428952270789E-04  3.187076524534912E-04  3.174745598732452E-04
  3.174278492802127E-04  3.162044440790678E-04  3.149831624915052E-04
  3.148897512939117E-04  3.136782539638218E-04  3.124688562559503E-04
  3.123288375331139E-04  3.111292965575052E-04  3.099318328824174E-04
  3.097454278540305E-04  3.085578807217247E-04  3.073723889942472E-04
  3.071398380553713E-04  3.059643194052764E-04  3.047908341291552E-04
  3.045123420344730E-04  3.033488850567531E-04  3.021874394266389E-04
  3.018631834227130E-04  3.007118172777399E-04  2.995624408205272E-04
  2.991926016204562E-04  2.980533489325709E-04  2.969160648531386E-04
  2.965008460500292E-04  2.953737222728102E-04  2.942485465983952E-04
  2.937881746177633E-04  2.926731888994497E-04  2.915601312224743E-04
  2.910548444032481E-04  2.899520008772540E-04  2.888510656473593E-04
  2.883011033116062E-04  2.872104019321790E-04  2.861215893774823E-04
  2.855271876724749E-04  2.844486242356336E-04  2.833719304763859E-04
  2.827333256838247E-04  2.816668913541842E-04  2.806023079473781E-04
  2.799197418118033E-04  2.788654228994834E-04  2.778129365478288E-04
  2.770866567982631E-04  2.760444351940807E-04  2.750040281123452E-04
  2.742342832115411E-04  2.732041370808750E-04  2.721757877037409E-04
  2.713628218967033E-04  2.703447259335824E-04  2.693284092418958E-04
  2.684724632456023E-04  2.674663883977190E-04  2.664620756738974E-04
  2.655633907449222E-04  2.645693040233062E-04  2.635769626111393E-04
  2.626357814099604E-04  2.616536462388324E-04  2.606732398379189E-04
  2.596898022875332E-04  2.587195790661191E-04  2.577510683139582E-04
  2.567256077894200E-04  2.557672540316634E-04  2.548105967121198E-04
  2.537433413843412E-04  2.527968113944635E-04  2.518519621337945E-04
  2.507431390534803E-04  2.498083837403386E-04  2.488752937640679E-04
  2.477251295425229E-04  2.468020967700676E-04  2.458807141963938E-04
  2.446894310488098E-04  2.437780661688362E-04  2.428683365607927E-04
  2.416361489646687E-04  2.407363949389606E-04  2.398382614918841E-04
  2.385653777186360E-04  2.376771748220555E-04  2.367905780875562E-04
  2.354772040602832E-04  2.346004897207335E-04  2.337253674000121E-04
  2.323717073242463E-04  2.315064164197519E-04  2.306427036184126E-04
  2.292489565596502E-04  2.283950218250459E-04  2.275426514830222E-04
  2.261090086914419E-04  2.252663607405356E-04  2.244252637078547E-04
  2.229519102075343E-04  2.221204772323719E-04  2.212905819745292E-04
  2.197777001601783E-04  2.189574078165654E-04  2.181386402496761E-04
  2.165864111939986E-04  2.157771828979582E-04  2.149694666488891E-04
  2.133780687647076E-04  2.125798260383413E-04  2.117830828169557E-04
  2.101526909572613E-04  2.093653534108541E-04  2.085795030410446E-04
  2.069102886593803E-04  2.061337737294648E-04  2.053587338894345E-04
  2.036508630097081E-04  2.028850859129637E-04  2.021207720440245E-04
  2.003744002682132E-04  1.996192742986803E-04  1.988655998757263E-04
  1.970808711642724E-04  1.963363079417358E-04  1.955931847504532E-04
  1.937702429667591E-04  1.930361522801032E-04  1.923034903026786E-04
  1.904425023860853E-04  1.897187918215269E-04  1.889964988614982E-04
  1.870976723484504E-04  1.863842471989539E-04  1.856722287482921E-04
  1.837357998577162E-04  1.830325634717662E-04  1.823307230387485E-04
  1.803569047011020E-04  1.796637589121312E-04  1.789719984790182E-04
  1.769609068503560E-04  1.762777520865089E-04  1.755959722551053E-04
  1.735475805178448E-04  1.728743155920700E-04  1.722024153674563E-04
  1.701165949240088E-04  1.694531167625398E-04  1.687909932442010E-04
  1.666676768846596E-04  1.660138802981139E-04  1.653614284356004E-04
  1.632008608966758E-04  1.625566383003784E-04  1.619137506391986E-04
  1.597166955825855E-04  1.590819367084347E-04  1.584485031297719E-04
  1.562161911517045E-04  1.555907830446932E-04  1.549666907528377E-04
  1.527002559344371E-04  1.520840833912086E-04  1.514692173199767E-04
  1.491683430233628E-04  1.485612890974532E-04  1.479555324055113E-04
  1.456159060217849E-04  1.450178519178949E-04  1.444210859201474E-04
