  3.444391703679589E+00  3.438210743905664E+00  3.432027062639965E+00

 -2.751548715139376E-03 -2.745228056534218E-03 -2.738909293702931E-03
 -2.752670369636648E-03 -2.746347112310676E-03 -2.740025751084097E-03
 -2.753231406968168E-03 -2.746906849802753E-03 -2.740584188898840E-03
 -2.753231406968168E-03 -2.746906849802753E-03 -2.740584188898840E-03
 -2.752670369636648E-03 -2.746347112310676E-03 -2.740025751084097E-03
 -2.751548715139376E-03 -2.745228056534218E-03 -2.738909293702931E-03
 -2.749867283191672E-03 -2.743550520302505E-03 -2.737235652697431E-03
 -2.747627331760089E-03 -2.741315758735978E-03 -2.735006080341962E-03
 -2.744830535092382E-03 -2.738525442299533E-03 -2.732222243317124E-03
 -2.741478981346611E-03 -2.735181654432536E-03 -2.728886220344924E-03
 -2.737575169358718E-03 -2.731286888325413E-03 -2.725000498965443E-03
 -2.733122004804625E-03 -2.726844043091578E-03 -2.720567971729444E-03
 -2.728122795891369E-03 -2.721856419453278E-03 -2.715591931874383E-03
 -2.722581248421760E-03 -2.716327714841154E-03 -2.710076068455280E-03
 -2.716501460237071E-03 -2.710262017828431E-03 -2.704024460774746E-03
 -2.709887915015074E-03 -2.703663801949244E-03 -2.697441572222233E-03
 -2.702745475741204E-03 -2.696537919186935E-03 -2.690332243776256E-03
 -2.695079377433806E-03 -2.688889592716340E-03 -2.682701686765028E-03
 -2.686895219430447E-03 -2.680724409189957E-03 -2.674555475153350E-03
 -2.678198957122052E-03 -2.672048310520269E-03 -2.665899537372765E-03
 -2.668996893360769E-03 -2.662867585276847E-03 -2.656740147707835E-03
 -2.659295669186405E-03 -2.653188859447806E-03 -2.647083917091701E-03
 -2.649102254315943E-03 -2.643019086943660E-03 -2.636937783626296E-03
 -2.638423937142561E-03 -2.632365539629143E-03 -2.626309002641792E-03
 -2.627268314193191E-03 -2.621235796795615E-03 -2.615205136193752E-03
 -2.615643279453292E-03 -2.609637734498803E-03 -2.603634042403398E-03
 -2.603557013297881E-03 -2.597579514532207E-03 -2.591603864478750E-03
 -2.591017970942671E-03 -2.585069572899978E-03 -2.579123019211863E-03
 -2.578034870846307E-03 -2.572116608226514E-03 -2.566200185386401E-03
 -2.564616682574134E-03 -2.558729569675375E-03 -2.552844291764728E-03
 -2.550772614684276E-03 -2.544917644837454E-03 -2.539064504963294E-03
 -2.536512102208039E-03 -2.530690247251578E-03 -2.524870217027068E-03
 -2.521844794107693E-03 -2.516057003886105E-03 -2.510271032926394E-03
 -2.506780540380911E-03 -2.501027742263698E-03 -2.495276757708192E-03
 -2.491329379174261E-03 -2.485612477630280E-03 -2.479897383713508E-03
 -2.475501523857735E-03 -2.469821400022787E-03 -2.464143077642159E-03
 -2.459307349733309E-03 -2.453664861032268E-03 -2.448024167374276E-03
 -2.442757381038032E-03 -2.437153360815332E-03 -2.431551128980335E-03
 -2.425862277736504E-03 -2.420297534945912E-03 -2.414734573643375E-03
 -2.408632822243947E-03 -2.403108141131543E-03 -2.397585234359320E-03
 -2.391079906336958E-03 -2.385596046180296E-03 -2.380113952969450E-03
 -2.373214518062947E-03 -2.367772212927261E-03 -2.362331667091223E-03
 -2.355047728678902E-03 -2.349647687211433E-03 -2.344249397144013E-03
 -2.336590679690021E-03 -2.331233584930632E-03 -2.325878233417338E-03
 -2.317854570050374E-03 -2.312541079275549E-03 -2.307229323340423E-03
 -2.298850643517184E-03 -2.293581388120047E-03 -2.288313858898181E-03
 -2.279590176052797E-03 -2.274365761441937E-03 -2.269143064085685E-03
 -2.260084463578126E-03 -2.254905469117583E-03 -2.249728182732610E-03
 -2.240344809790085E-03 -2.235211788744969E-03 -2.230080466340184E-03
 -2.220382514281887E-03 -2.215295993804422E-03 -2.210211162275699E-03
 -2.200208860831483E-03 -2.195169341981890E-03 -2.190131502130626E-03
 -2.179835105995675E-03 -2.174843063773696E-03 -2.169852690344513E-03
 -2.159272467990881E-03 -2.154328351399521E-03 -2.149385893138590E-03
 -2.138532115792147E-03 -2.133636347925402E-03 -2.128742227674377E-03
 -2.117625158613478E-03 -2.112778136773470E-03 -2.107932751580037E-03
 -2.096562635621781E-03 -2.091764731446512E-03 -2.086968452698102E-03
 -2.075355505953950E-03 -2.070607065585929E-03 -2.065860239175730E-03
 -2.054014639210303E-03 -2.049315983471291E-03 -2.044618929975094E-03
 -2.032550806210651E-03 -2.027902230807911E-03 -2.023255245687648E-03
 -2.010974669906265E-03 -2.006376445658154E-03 -2.001779799492720E-03
 -1.989296777070338E-03 -1.984749150148423E-03 -1.980203088870327E-03
 -1.967527549925417E-03 -1.963030742122050E-03 -1.958535487289588E-03
 -1.945677278438032E-03 -1.941231487444500E-03 -1.936787236517412E-03
 -1.923756112806595E-03 -1.919361512515107E-03 -1.914968439160162E-03
 -1.901774056408780E-03 -1.897430797228978E-03 -1.893089051631489E-03
 -1.879740959089581E-03 -1.875449168287282E-03 -1.871158877495095E-03
 -1.857666510918750E-03 -1.853426292956706E-03 -1.849187561220643E-03
 -1.835560236185302E-03 -1.831371673094231E-03 -1.827184582236322E-03
 -1.813431487893290E-03 -1.809294639641537E-03 -1.805159249425862E-03
 -1.791289442584328E-03 -1.787204347476047E-03 -1.783120696010605E-03
 -1.769143095438353E-03 -1.765109770513528E-03 -1.761077874645872E-03
 -1.747001256039007E-03 -1.743019697479397E-03 -1.739039553206344E-03
 -1.724872544172900E-03 -1.720942727735038E-03 -1.717014310631823E-03
 -1.702765386186992E-03 -1.698887267635932E-03 -1.695010533294820E-03
 -1.680688011639507E-03 -1.676861527184947E-03 -1.673036411648310E-03
 -1.658648450420146E-03 -1.654873517165700E-03 -1.651099937378133E-03
 -1.636654529992275E-03 -1.632931046402218E-03 -1.629208900673288E-03
 -1.614713873237441E-03 -1.611041719591561E-03 -1.607370888054624E-03
 -1.592833896402643E-03 -1.589212935270844E-03 -1.585593280356112E-03
 -1.571021807584166E-03 -1.567451884294121E-03 -1.563883251197071E-03
 -1.549284605340277E-03 -1.545765548466220E-03 -1.542247765635534E-03
 -1.527629077760770E-03 -1.524160699594478E-03 -1.520693579204981E-03
 -1.506061801776773E-03 -1.502643898823378E-03 -1.499227237270934E-03
 -1.484589142822718E-03 -1.481221496279901E-03 -1.477855074659388E-03
 -1.463217254567825E-03 -1.459899630811490E-03 -1.456583215403470E-03
 -1.441952079246743E-03 -1.438684230328945E-03 -1.435417573098170E-03
 -1.420799348044071E-03 -1.417581012174882E-03 -1.414363851252479E-03
 -1.399764581737732E-03 -1.396595483772714E-03 -1.393427543943572E-03
 -1.378853091701369E-03 -1.375732943638423E-03 -1.372613936836969E-03
 -1.358069980996573E-03 -1.354998482453309E-03 -1.351928108239492E-03
 -1.337420145806185E-03 -1.334396984500431E-03 -1.331374930544827E-03
 -1.316908276958555E-03 -1.313933129194813E-03 -1.310959071761614E-03
 -1.296538861854577E-03 -1.293611393000714E-03 -1.290684997426221E-03
 -1.276316186370268E-03 -1.273436051333563E-03 -1.270556972499076E-03
 -1.256244337028413E-03 -1.253411180716762E-03 -1.250579063515360E-03
 -1.236327203425116E-03 -1.233540661225113E-03 -1.230755141030226E-03
 -1.216568480591998E-03 -1.213828178813498E-03 -1.211088881936222E-03
 -1.196971671815049E-03 -1.194277228155529E-03 -1.191583772297585E-03
 -1.177540091305873E-03 -1.174891115299358E-03 -1.172243110008305E-03
 -1.158276867199803E-03 -1.155672960659709E-03 -1.153070007769533E-03
 -1.139184944619374E-03 -1.136625702071653E-03 -1.134067396135445E-03
 -1.120267088701204E-03 -1.117752097804110E-03 -1.115238026516133E-03
 -1.101525888028495E-03 -1.099054730017420E-03 -1.096584474653276E-03
 -1.082963757881963E-03 -1.080536007975928E-03 -1.078109143802723E-03
 -1.064582943673186E-03 -1.062198171477513E-03 -1.059814268156447E-03
 -1.046385524494056E-03 -1.044043294399682E-03 -1.041701916385009E-03
 -1.028373416742264E-03 -1.026073288313830E-03 -1.023773995238541E-03
 -1.010548377766054E-03 -1.008289906126455E-03 -1.006032253190342E-03
 -9.929120094890054E-04 -9.906947457145666E-04 -9.884782840723155E-04
 -9.754657619305600E-04 -9.732892534338396E-04 -9.711135305781471E-04
 -9.582109369928435E-04 -9.560747278904307E-04 -9.539392880257935E-04
 -9.411486923405394E-04 -9.390523237809854E-04 -9.369567081519638E-04
 -9.242800453989626E-04 -9.222230559115457E-04 -9.201668031411543E-04
 -9.076058766432362E-04 -9.055878025719799E-04 -9.035704490841969E-04
 -8.911269323222641E-04 -8.891473083224878E-04 -8.871683888449022E-04
 -8.748438275877973E-04 -8.729021869175657E-04 -8.709612348055852E-04
 -8.587570522230802E-04 -8.568529266265867E-04 -8.549494738004885E-04
 -8.428669790636042E-04 -8.409998984510269E-04 -8.391334750664051E-04
 -8.271738702910298E-04 -8.253433630828082E-04 -8.235134977290048E-04
 -8.116778745983338E-04 -8.098834695234764E-04 -8.080896908402417E-04
 -7.963790142942963E-04 -7.946202428675262E-04 -7.928620820585976E-04
 -7.812771786528645E-04 -7.795535754116578E-04 -7.778305669585083E-04
 -7.663721497774564E-04 -7.646832475005109E-04 -7.629949250194485E-04
 -7.516636646986190E-04 -7.500089866190929E-04 -7.483548750670689E-04
 -7.371514647285145E-04 -7.355305229000596E-04 -7.339101355382653E-04
 -7.228352450896590E-04 -7.212475549251045E-04 -7.196604056514092E-04
 -7.087144703211726E-04 -7.071595785245537E-04 -7.056052091157781E-04
 -6.947881772256233E-04 -6.932656784124603E-04 -6.917436784614828E-04
 -6.810550299407943E-04 -6.795645378491630E-04 -6.780745227860587E-04
 -6.675138203130572E-04 -6.660548857107559E-04 -6.645964196046339E-04
 -6.541642257851866E-04 -6.527362517388049E-04 -6.513087579808367E-04
 -6.410071575330521E-04 -6.396094099588585E-04 -6.382121650307106E-04
 -6.280439210008952E-04 -6.266757086072888E-04 -6.253080012047678E-04
 -6.152740239675523E-04 -6.139350090937507E-04 -6.125964429356651E-04
 -6.026926006076318E-04 -6.013830646514713E-04 -6.000738422106397E-04
 -5.902892495137190E-04 -5.890100904584690E-04 -5.877310517228278E-04
 -5.780497413883301E-04 -5.768021013556765E-04 -5.755543924421243E-04
 -5.659604313832255E-04 -5.647450877291937E-04 -5.635295640640167E-04
 -5.540133024371125E-04 -5.528301428032738E-04 -5.516468146269405E-04
 -5.422088243587169E-04 -5.410567095411859E-04 -5.399045491217749E-04
 -5.305549662553965E-04 -5.294320559793444E-04 -5.283092757614060E-04
 -5.190630375118223E-04 -5.179673721836314E-04 -5.168719949986762E-04
 -5.077428766187274E-04 -5.066728767600585E-04 -5.056032619141127E-04
 -4.965999642623541E-04 -4.955546117642026E-04 -4.945096782996183E-04
 -4.856354309563757E-04 -4.846141330429186E-04 -4.835932527894920E-04
 -4.748480113562107E-04 -4.738503323494969E-04 -4.728530648340461E-04
 -4.642361506760123E-04 -4.632616126739442E-04 -4.622874905050777E-04
 -4.537990209107971E-04 -4.528470558398241E-04 -4.518955198850438E-04
 -4.435363735688714E-04 -4.426063795698387E-04 -4.416768282868235E-04
 -4.334479271964158E-04 -4.325393367376089E-04 -4.316311969507601E-04
 -4.235329627520217E-04 -4.226452674576773E-04 -4.217580248459874E-04
 -4.137903204421572E-04 -4.129230559243744E-04 -4.120562429658292E-04
 -4.042186086591972E-04 -4.033713292474486E-04 -4.025244996703464E-04
 -3.948163821758148E-04 -3.939886468520000E-04 -3.931613598844188E-04
 -3.855821966364798E-04 -3.847735685668492E-04 -3.839653872128495E-04
 -3.765145770137910E-04 -3.757246293028793E-04 -3.749351257993959E-04
 -3.676119705247976E-04 -3.668402909079651E-04 -3.660690518064596E-04
 -3.588727280745829E-04 -3.581189190579273E-04 -3.573655459504740E-04
 -3.502951243343730E-04 -3.495587993275323E-04 -3.488229052679455E-04
 -3.418773964201122E-04 -3.411581756945385E-04 -3.404393808993352E-04
 -3.336177674011997E-04 -3.329152774903298E-04 -3.322132082375121E-04
 -3.255144380652038E-04 -3.248283144126868E-04 -3.241426055364798E-04
 -3.175655660736028E-04 -3.168954549054069E-04 -3.162257520371744E-04
 -3.097692650870747E-04 -3.091148216530469E-04 -3.084607798812913E-04
 -3.021236294449912E-04 -3.014845145457661E-04 -3.008457948670924E-04
 -2.946267564413028E-04 -2.940026353309650E-04 -2.933789030746673E-04
 -2.872767421601149E-04 -2.866672867750221E-04 -2.860582135613711E-04
 -2.800716623154067E-04 -2.794765534864551E-04 -2.788818196785053E-04
 -2.730095678622924E-04 -2.724284945328455E-04 -2.718477888375590E-04
 -2.660885028158512E-04 -2.655211595485297E-04 -2.649541765616297E-04
 -2.593065212454953E-04 -2.587526073113192E-04 -2.581990463280060E-04
 -2.526616835688758E-04 -2.521209043159306E-04 -2.515804705578310E-04
 -2.461520431048245E-04 -2.456241109753098E-04 -2.450965168097803E-04
 -2.397756463927833E-04 -2.392602796623330E-04 -2.387452435313132E-04
 -2.335305503460497E-04 -2.330274711430774E-04 -2.325247154423294E-04
 -2.274148333948128E-04 -2.269237677806939E-04 -2.264330186188639E-04
 -2.214265863097748E-04 -2.209472663618356E-04 -2.204682555694139E-04
 -2.155638966855328E-04 -2.150960617264285E-04 -2.146285283594940E-04
 -2.098248499765752E-04 -2.093682453296294E-04 -2.089119346944679E-04
 -2.042075485496967E-04 -2.037619235431781E-04 -2.033165851088078E-04
 -1.987101255215236E-04 -1.982752333242971E-04 -1.978406203000648E-04
 -1.933307382894823E-04 -1.929063374703032E-04 -1.924822083062309E-04
 -1.880675512386674E-04 -1.876534065728354E-04 -1.872395259883397E-04
 -1.829187276217439E-04 -1.825146088689991E-04 -1.821107468008219E-04
 -1.778824365931859E-04 -1.774881168855401E-04 -1.770940467522938E-04
 -1.729568673226606E-04 -1.725721232373335E-04 -1.721876217600465E-04
 -1.681402447876339E-04 -1.677648577023913E-04 -1.673897062348806E-04
 -1.634308482355202E-04 -1.630646048755924E-04 -1.626985901525883E-04
 -1.588270224340786E-04 -1.584697138268658E-04 -1.581126270604625E-04
 -1.543271568423869E-04 -1.539785772813585E-04 -1.536302130088163E-04
 -1.499296210951906E-04 -1.495895686981298E-04 -1.492497251379793E-04
 -1.456326912311065E-04 -1.453009692946588E-04 -1.449694496994150E-04
 -1.414345378304451E-04 -1.411109549279269E-04 -1.407875678829840E-04
 -1.373333222500099E-04 -1.370176906306220E-04 -1.367022485600394E-04
 -1.333273706950185E-04 -1.330195048201981E-04 -1.327118224088487E-04
 -1.294153172890950E-04 -1.291150342185462E-04 -1.288149286231262E-04
 -1.255961222535390E-04 -1.253032431400714E-04 -1.250105354988698E-04
 -1.218689056207948E-04 -1.215832564166496E-04 -1.212977727240054E-04
 -1.182327668476939E-04 -1.179541769019545E-04 -1.176757467044168E-04
 -1.146865324187912E-04 -1.144148330300108E-04 -1.141432878785760E-04
 -1.112292280823067E-04 -1.109642490162346E-04 -1.106994188588615E-04
 -1.078599749950726E-04 -1.076015441423573E-04 -1.073432569761831E-04
 -1.045822429097364E-04 -1.043301597803869E-04 -1.040782154237064E-04
 -2.817439638685680E-03 -2.811046739852518E-03 -2.804655641003160E-03
 -2.818597321502560E-03 -2.812201772730789E-03 -2.805808024174334E-03
 -2.819176381472579E-03 -2.812779507242283E-03 -2.806384433342746E-03
 -2.819176381472579E-03 -2.812779507242283E-03 -2.806384433342746E-03
 -2.818597321502560E-03 -2.812201772730789E-03 -2.805808024174334E-03
 -2.817439638685680E-03 -2.811046739852518E-03 -2.804655641003160E-03
 -2.815704206613049E-03 -2.809315280252214E-03 -2.802928153527753E-03
 -2.813392333986086E-03 -2.807008699713807E-03 -2.800626864613579E-03
 -2.810505762596359E-03 -2.804128736142357E-03 -2.797753508276516E-03
 -2.807046664739482E-03 -2.800677556985087E-03 -2.794310247117621E-03
 -2.803017639886768E-03 -2.796657755915225E-03 -2.790299669006293E-03
 -2.798421710689749E-03 -2.792072348839836E-03 -2.785724783105618E-03
 -2.793262318405736E-03 -2.786924769332687E-03 -2.780589015303850E-03
 -2.787543317732000E-03 -2.781218863486675E-03 -2.774896203086234E-03
 -2.781268970990342E-03 -2.774958884107686E-03 -2.768650589740333E-03
 -2.774443941674830E-03 -2.768149484271633E-03 -2.761856817920765E-03
 -2.767073287467131E-03 -2.760795710361192E-03 -2.754519922707988E-03
 -2.759162452730517E-03 -2.752902994570890E-03 -2.746645324127996E-03
 -2.750717260386503E-03 -2.744477146804768E-03 -2.738238819060744E-03
 -2.741743903291843E-03 -2.735524346070124E-03 -2.729306572660455E-03
 -2.732248935149190E-03 -2.726051131406047E-03 -2.719855109299298E-03
 -2.722239260856526E-03 -2.716064392257704E-03 -2.709891302966875E-03
 -2.711722126500342E-03 -2.705571358485722E-03 -2.699422367292590E-03
 -2.700705108880670E-03 -2.694579589917504E-03 -2.688455845128754E-03
 -2.689196104533828E-03 -2.683096965391403E-03 -2.676999597610578E-03
 -2.677203318460567E-03 -2.671131671510691E-03 -2.665061792939874E-03
 -2.664735252562439E-03 -2.658692191102829E-03 -2.652650894864499E-03
 -2.651800693612312E-03 -2.645787291216506E-03 -2.639775650707863E-03
 -2.638408700982743E-03 -2.632426010879788E-03 -2.626445079145290E-03
 -2.624568594084407E-03 -2.618617648558469E-03 -2.612668457696491E-03
 -2.610289939582341E-03 -2.604371749409011E-03 -2.598455310002507E-03
 -2.595582538348636E-03 -2.589698092249642E-03 -2.583815392825383E-03
 -2.580456412303938E-03 -2.574606676435779E-03 -2.568758682950334E-03
 -2.564921790993686E-03 -2.559107708468331E-03 -2.553295363828978E-03
 -2.548989098081946E-03 -2.543211588510494E-03 -2.537435812119764E-03
 -2.532668937750991E-03 -2.526928896822926E-03 -2.521190584158211E-03
 -2.515972080973842E-03 -2.510270380056102E-03 -2.504570402267848E-03
 -2.498909451805938E-03 -2.493246937585719E-03 -2.487586141140832E-03
 -2.481492113626741E-03 -2.475869607774780E-03 -2.470248814120618E-03
 -2.463731255280484E-03 -2.458149554148033E-03 -2.452569559407899E-03
 -2.445638177415443E-03 -2.440098051761389E-03 -2.434559626463410E-03
 -2.427224278798318E-03 -2.421726473543131E-03 -2.416230362374301E-03
 -2.408501042690942E-03 -2.403046276704734E-03 -2.397593198299011E-03
 -2.389480023345605E-03 -2.384068989266984E-03 -2.378659636021749E-03
 -2.370172832656663E-03 -2.364806196731475E-03 -2.359441234651959E-03
 -2.350591126931338E-03 -2.345269528893629E-03 -2.339949597469269E-03
 -2.330746593853285E-03 -2.325470646832383E-03 -2.320196358945838E-03
 -2.310650939632591E-03 -2.305421230079186E-03 -2.300193171934164E-03
 -2.290315876386260E-03 -2.285132964039145E-03 -2.279951695122617E-03
 -2.269753109711791E-03 -2.264617527584277E-03 -2.259483580660129E-03
 -2.248974326567492E-03 -2.243886580963792E-03 -2.238800462084956E-03
 -2.227991183387775E-03 -2.222951753947350E-03 -2.217913942499749E-03
 -2.206815294498937E-03 -2.201824634265327E-03 -2.196835583039733E-03
 -2.185458220843475E-03 -2.180516756359541E-03 -2.175576891645439E-03
 -2.163931458998569E-03 -2.159039590426642E-03 -2.154149312134620E-03
 -2.142246430534624E-03 -2.137404531797979E-03 -2.132564213598049E-03
 -2.120414471682658E-03 -2.115622890638592E-03 -2.110832880137346E-03
 -2.098446823450571E-03 -2.093705882079361E-03 -2.088966501007353E-03
 -2.076354621995479E-03 -2.071664616614940E-03 -2.066976161038653E-03
 -2.054148889378050E-03 -2.049510090875849E-03 -2.044872831438099E-03
 -2.031840524765706E-03 -2.027253178853404E-03 -2.022667361019212E-03
 -2.009440295906289E-03 -2.004904623401075E-03 -2.000370467744465E-03
 -1.986958831142959E-03 -1.982475028254450E-03 -1.977992730746770E-03
 -1.964406611639621E-03 -1.959974850287295E-03 -1.955544582608399E-03
 -1.941793964134169E-03 -1.937414392271445E-03 -1.933036302143758E-03
 -1.919131054042505E-03 -1.914803796008986E-03 -1.910478007538412E-03
 -1.896427878965954E-03 -1.892153035847230E-03 -1.887879649894610E-03
 -1.873694262613259E-03 -1.869471912620594E-03 -1.865251007174788E-03
 -1.850939849079027E-03 -1.846770047934301E-03 -1.842601678498136E-03
 -1.828174097559125E-03 -1.824056878900235E-03 -1.819941078897443E-03
 -1.805406277412504E-03 -1.801341653210994E-03 -1.797278434405831E-03
 -1.782645463711398E-03 -1.778633424700246E-03 -1.774622777620713E-03
 -1.759900533047206E-03 -1.755941049160660E-03 -1.751982943543628E-03
 -1.737180159829332E-03 -1.733273180646137E-03 -1.729367565876515E-03
 -1.714492812884518E-03 -1.710638268083971E-03 -1.706785073653910E-03
 -1.691846752478124E-03 -1.688044552309118E-03 -1.684243688287576E-03
 -1.669250027677382E-03 -1.665500063430021E-03 -1.661751420930765E-03
 -1.646710474096214E-03 -1.643012618574368E-03 -1.639316070235278E-03
 -1.624235711925896E-03 -1.620589819935717E-03 -1.616945220398250E-03
 -1.601833144380251E-03 -1.598239053217274E-03 -1.594646239622830E-03
 -1.579509956403685E-03 -1.575967486347426E-03 -1.572426278826680E-03
 -1.557273113798404E-03 -1.553782068606145E-03 -1.550292270776041E-03
 -1.535129362569970E-03 -1.531689529974937E-03 -1.528250929433111E-03
 -1.513085228619422E-03 -1.509696380830673E-03 -1.506308749658634E-03
 -1.491147017713855E-03 -1.487808911922031E-03 -1.484472007192490E-03
 -1.469320815785134E-03 -1.466033194663285E-03 -1.462746758935669E-03
 -1.447612489448818E-03 -1.444375081651544E-03 -1.441138843475781E-03
 -1.426027686815047E-03 -1.422840207482584E-03 -1.419653881901634E-03
 -1.404571838550141E-03 -1.401433989810396E-03 -1.398297278862063E-03
 -1.383250159137025E-03 -1.380161630600606E-03 -1.377074223813117E-03
 -1.362067648409627E-03 -1.359028117663291E-03 -1.355989692548934E-03
 -1.341029093305466E-03 -1.338038226412316E-03 -1.335048448968670E-03
 -1.320139069865939E-03 -1.317196521849893E-03 -1.314255047040808E-03
 -1.299401945301053E-03 -1.296507360632437E-03 -1.293613832877611E-03
 -1.278821880381918E-03 -1.275974893460201E-03 -1.273128947114649E-03
 -1.258402831939389E-03 -1.255603067569096E-03 -1.252804327401693E-03
 -1.238148555528179E-03 -1.235395629387466E-03 -1.232643711047915E-03
 -1.218062608261044E-03 -1.215356127368996E-03 -1.212650637856984E-03
 -1.198148351805944E-03 -1.195487914983476E-03 -1.192828453105369E-03
 -1.178408955467586E-03 -1.175794153783914E-03 -1.173180310604623E-03
 -1.158847399428979E-03 -1.156277816650844E-03 -1.153709175937093E-03
 -1.139466478062387E-03 -1.136941691091640E-03 -1.134417829754563E-03
 -1.120268803363108E-03 -1.117788382680363E-03 -1.115308871215749E-03
 -1.101256808502413E-03 -1.098820318583663E-03 -1.096384721491241E-03
 -1.082432751465582E-03 -1.080039751190347E-03 -1.077647627380590E-03
 -1.063798718844643E-03 -1.061448761885499E-03 -1.059099665072540E-03
 -1.045356629636521E-03 -1.043049264864834E-03 -1.040742743966860E-03
 -1.027108238971972E-03 -1.024843010881371E-03 -1.022578610437900E-03
 -1.009055141638088E-03 -1.006831590777516E-03 -1.004608851380763E-03
 -9.911987757426335E-04 -9.890164391102340E-04 -9.868348978093098E-04
 -9.735404268237418E-04 -9.713988382095848E-04 -9.692580288540616E-04
 -9.560812321815499E-04 -9.539799224925463E-04 -9.518793760536094E-04
 -9.388221845791367E-04 -9.367606822945427E-04 -9.346999272984803E-04
 -9.217641345095002E-04 -9.197419662808039E-04 -9.177205294023126E-04
 -9.049077925630966E-04 -9.029244836260424E-04 -9.009418901490488E-04
 -8.882537354940887E-04 -8.863088093967662E-04 -8.843645830406594E-04
 -8.718024176927005E-04 -8.698953954854290E-04 -8.679890576117013E-04
 -8.555541819519978E-04 -8.536845821490237E-04 -8.518156515169263E-04
 -8.395092559239720E-04 -8.376765969226824E-04 -8.358445917612785E-04
 -8.236677285722164E-04 -8.218715329888859E-04 -8.200759752739601E-04
 -8.080295290233539E-04 -8.062693253433347E-04 -8.045097431306566E-04
 -7.925944543316331E-04 -7.908697701582780E-04 -7.891456920193164E-04
 -7.773622679522328E-04 -7.756726161206258E-04 -7.739835576001584E-04
 -7.623328008578549E-04 -7.606776726172157E-04 -7.590231274073459E-04
 -7.475059045391376E-04 -7.458847890491051E-04 -7.442642446266798E-04
 -7.328811617464009E-04 -7.312935926302130E-04 -7.297065747959888E-04
 -7.184575153954492E-04 -7.169031069092491E-04 -7.153492205178011E-04
 -7.042332579331626E-04 -7.027116701321332E-04 -7.011905755586541E-04
 -6.902067726648286E-04 -6.887175811194091E-04 -6.872288735819418E-04
 -6.763778152738004E-04 -6.749203592909749E-04 -6.734634116701866E-04
 -6.627482682440599E-04 -6.613216409946745E-04 -6.598955674647641E-04
 -6.493210089351554E-04 -6.479243251402638E-04 -6.465282139633177E-04
 -6.360964967982067E-04 -6.347293863130989E-04 -6.333627789393754E-04
 -6.230686321014302E-04 -6.217316660484174E-04 -6.203950133442945E-04
 -6.102229333815218E-04 -6.089176034253448E-04 -6.076123139591617E-04
 -5.975395099986007E-04 -5.962675930850513E-04 -5.949954647278121E-04
 -5.850004318345422E-04 -5.837629916254492E-04 -5.825252268421193E-04
 -5.725977314193072E-04 -5.713943293651804E-04 -5.701906872597097E-04
 -5.603371193339831E-04 -5.591657474111738E-04 -5.579943770593030E-04
 -5.482348614386216E-04 -5.470926614888082E-04 -5.459507461133338E-04
 -5.363096715779369E-04 -5.351939923016956E-04 -5.340788034602180E-04
 -5.245746305066243E-04 -5.234837839572342E-04 -5.223935027611820E-04
 -5.130336704936102E-04 -5.119670174134982E-04 -5.109009010098135E-04
 -5.016836192734741E-04 -5.006411005907830E-04 -4.995990567683840E-04
 -4.905191111817244E-04 -4.895006637369492E-04 -4.884826544071678E-04
 -4.795365635907605E-04 -4.785418068668189E-04 -4.775474921715617E-04
 -4.687351801062984E-04 -4.677634580306807E-04 -4.667922036679194E-04
 -4.581155921291107E-04 -4.571661887574510E-04 -4.562172751071827E-04
 -4.476780878356389E-04 -4.467503923827186E-04 -4.458231934174551E-04
 -4.374218369779729E-04 -4.365153676036862E-04 -4.356093899532588E-04
 -4.273451843639703E-04 -4.264595225184710E-04 -4.255743449370209E-04
 -4.174462845743640E-04 -4.165810104139772E-04 -4.157162156516831E-04
 -4.077234668184663E-04 -4.068781389121850E-04 -4.060332882933577E-04
 -3.981752298644068E-04 -3.973493983606042E-04 -3.965240425367579E-04
 -3.888000765344927E-04 -3.879933029521900E-04 -3.871870019614284E-04
 -3.795963828433010E-04 -3.788082507238237E-04 -3.780205860206666E-04
 -3.705623683890171E-04 -3.697924819002156E-04 -3.690230563102059E-04
 -3.616961518536055E-04 -3.609441263271251E-04 -3.601925551618815E-04
 -3.529958367960572E-04 -3.522612896102932E-04 -3.515271909459425E-04
 -3.444595571034108E-04 -3.437421069083186E-04 -3.430250995857936E-04
 -3.360854471525901E-04 -3.353847210840381E-04 -3.346844314148132E-04
 -3.278715808179543E-04 -3.271872204201901E-04 -3.265032888773256E-04
 -3.198159582871979E-04 -3.191476167374537E-04 -3.184796962227331E-04
 -3.119165581755816E-04 -3.112638927003846E-04 -3.106116409384391E-04
 -3.041713879039682E-04 -3.035340572315501E-04 -3.028971332546640E-04
 -2.965784709507067E-04 -2.959561403524449E-04 -2.953342089958408E-04
 -2.891357972206565E-04 -2.885281432841302E-04 -2.879208805412557E-04
 -2.818413113277292E-04 -2.812480194967444E-04 -2.806551108491686E-04
 -2.746929569089087E-04 -2.741137154382409E-04 -2.735348496461128E-04
 -2.676887154264799E-04 -2.671232144694534E-04 -2.665580817610628E-04
 -2.608265868915937E-04 -2.602745239753575E-04 -2.597228212257013E-04
 -2.541045435247291E-04 -2.535656274819708E-04 -2.530270628902613E-04
 -2.475205250498691E-04 -2.469944725940801E-04 -2.464687630545266E-04
 -2.410724846305624E-04 -2.405590140871768E-04 -2.400458786676409E-04
 -2.347584235051987E-04 -2.342572540056051E-04 -2.337564122171397E-04
 -2.285763695089200E-04 -2.280872261881035E-04 -2.275984028448387E-04
 -2.225243338032871E-04 -2.220469513769234E-04 -2.215698808119752E-04
 -2.166003085311279E-04 -2.161344283664765E-04 -2.156688521433481E-04
 -2.108023085985474E-04 -2.103476737803307E-04 -2.098933354911754E-04
 -2.051283997770952E-04 -2.046847552563220E-04 -2.042413999208582E-04
 -1.995766765742772E-04 -1.991437740083676E-04 -1.987111527818882E-04
 -1.941452240228829E-04 -1.937228242971704E-04 -1.933006976589788E-04
 -1.888321159496630E-04 -1.884199857987924E-04 -1.880081207144695E-04
 -1.836354483656350E-04 -1.832333558868198E-04 -1.828315209857889E-04
 -1.785533603452888E-04 -1.781610754589385E-04 -1.777690408050143E-04
 -1.735840207456052E-04 -1.732013195102239E-04 -1.728188608434147E-04
 -1.687256142628145E-04 -1.683522806156930E-04 -1.679791816960708E-04
 -1.639763591508490E-04 -1.636121816099614E-04 -1.632482313309711E-04
 -1.593345319281562E-04 -1.589793000084975E-04 -1.586242884479616E-04
 -1.547984465351212E-04 -1.544519518951995E-04 -1.541056708626976E-04
 -1.503663869102666E-04 -1.500284274221771E-04 -1.496906745327453E-04
 -1.460365623839428E-04 -1.457069432656949E-04 -1.453775236440606E-04
 -1.418071521832108E-04 -1.414856825602846E-04 -1.411644057154008E-04
 -1.376764244070428E-04 -1.373629139960526E-04 -1.370495901398550E-04
 -1.336428455470520E-04 -1.333371057598600E-04 -1.330315464137348E-04
 -1.297051063827798E-04 -1.294069539475533E-04 -1.291089756144724E-04
 -1.258620581649262E-04 -1.255713160614838E-04 -1.252807416770680E-04
 -1.221126043772209E-04 -1.218290988458287E-04 -1.215457550185327E-04
 -1.184556236636478E-04 -1.181791810996827E-04 -1.179028946740686E-04
 -1.148899778365710E-04 -1.146204248112916E-04 -1.143510224837787E-04
 -1.114147404710629E-04 -1.111519044045244E-04 -1.108892135056689E-04
 -1.080295533592523E-04 -1.077732596749064E-04 -1.075171057535241E-04
 -1.047354715162938E-04 -1.044855324496721E-04 -1.042357282012426E-04
 -2.884735835257934E-03 -2.878268160662040E-03 -2.871802157908644E-03
 -2.885930761901952E-03 -2.879460383666166E-03 -2.872991677437518E-03
 -2.886528452654854E-03 -2.880056722097990E-03 -2.873586663631101E-03
 -2.886528452654854E-03 -2.880056722097990E-03 -2.873586663631101E-03
 -2.885930761901952E-03 -2.879460383666166E-03 -2.872991677437518E-03
 -2.884735835257934E-03 -2.878268160662040E-03 -2.871802157908644E-03
 -2.882944581784144E-03 -2.876480960141202E-03 -2.870019010092548E-03
 -2.880558363279431E-03 -2.874100140904261E-03 -2.867643589791471E-03
 -2.877578992208140E-03 -2.871127511421429E-03 -2.864677701480635E-03
 -2.874008728944611E-03 -2.867565327083468E-03 -2.861123595565204E-03
 -2.869850278270961E-03 -2.863416286710164E-03 -2.856983964899628E-03
 -2.865106785244601E-03 -2.858683528422127E-03 -2.852261940669076E-03
 -2.859781830343382E-03 -2.853370624806492E-03 -2.846961087563738E-03
 -2.853879424073918E-03 -2.847481577518218E-03 -2.841085398389961E-03
 -2.847404000847634E-03 -2.841020811187077E-03 -2.834639287986732E-03
 -2.840360412241627E-03 -2.833993166684051E-03 -2.827627586519125E-03
 -2.832753919655982E-03 -2.826403893794581E-03 -2.820055532154255E-03
 -2.824590186422577E-03 -2.818258643344431E-03 -2.811928763209788E-03
 -2.815875269296858E-03 -2.809563458710420E-03 -2.803253309678811E-03
 -2.806615609458455E-03 -2.800324766835548E-03 -2.794035584265820E-03
 -2.796818022908125E-03 -2.790549368655982E-03 -2.784282372834954E-03
 -2.786489690417027E-03 -2.780244429060253E-03 -2.774000824391178E-03
 -2.775638146986229E-03 -2.769417466380941E-03 -2.763198440593124E-03
 -2.764271270858931E-03 -2.758076341418509E-03 -2.751883064795159E-03
 -2.752397272091450E-03 -2.746229246049447E-03 -2.740062870687460E-03
 -2.740024680681080E-03 -2.733884691370861E-03 -2.727746350463536E-03
 -2.727162334429899E-03 -2.721051495590335E-03 -2.714942302733755E-03
 -2.713819366417684E-03 -2.707738771528961E-03 -2.701659820053382E-03
 -2.700005192073535E-03 -2.693955913718752E-03 -2.687908276053502E-03
 -2.685729496082565E-03 -2.679712585339730E-03 -2.673697312403345E-03
 -2.671002218956828E-03 -2.665018704813127E-03 -2.659036825429115E-03
 -2.655833543419737E-03 -2.649884432219029E-03 -2.643936952563800E-03
 -2.640233880575017E-03 -2.634320155496547E-03 -2.628408058577728E-03
 -2.624213855930047E-03 -2.618336476495903E-03 -2.612460721656701E-03
 -2.607784295238140E-03 -2.601944196843830E-03 -2.596105719298821E-03
 -2.590956210248105E-03 -2.585154303739052E-03 -2.579354014146728E-03
 -2.573740784405036E-03 -2.567977955669648E-03 -2.562216739726754E-03
 -2.556149358475723E-03 -2.550426468076695E-03 -2.544705186152113E-03
 -2.538193416180914E-03 -2.532511299012110E-03 -2.526830785799572E-03
 -2.519884569752830E-03 -2.514244034737470E-03 -2.508605098957145E-03
 -2.501234545631316E-03 -2.495636375444078E-03 -2.490039799562066E-03
 -2.482255170170696E-03 -2.476700120984975E-03 -2.471146660964702E-03
 -2.462958355442885E-03 -2.457447156719021E-03 -2.451937541806355E-03
 -2.443356085140475E-03 -2.437889439442267E-03 -2.432424371983077E-03
 -2.423460400641716E-03 -2.418038983482979E-03 -2.412619138768522E-03
 -2.403283387233700E-03 -2.397907846951617E-03 -2.392533873096780E-03
 -2.382837160528691E-03 -2.377508118193966E-03 -2.372180636042763E-03
 -2.362133853068742E-03 -2.356851902417463E-03 -2.351571505477202E-03
 -2.341185601148355E-03 -2.335951308550950E-03 -2.330718562958515E-03
 -2.320004531930688E-03 -2.314818436383561E-03 -2.309633880905698E-03
 -2.298602750829710E-03 -2.293465363975524E-03 -2.288329510018722E-03
 -2.276992329133731E-03 -2.271904135311828E-03 -2.266817466977610E-03
 -2.255185291964341E-03 -2.250146748284958E-03 -2.245109722448977E-03
 -2.233193606569219E-03 -2.228205143021700E-03 -2.223218189434092E-03
 -2.211029170904063E-03 -2.206091190478444E-03 -2.201154711889095E-03
 -2.188703802600463E-03 -2.183816681441922E-03 -2.178931053758899E-03
 -2.166229228273418E-03 -2.161393315861672E-03 -2.156558888325470E-03
 -2.143617073221252E-03 -2.138832692572637E-03 -2.134049787962011E-03
 -2.120878851477207E-03 -2.116146299366261E-03 -2.111415214216622E-03
 -2.098025956283378E-03 -2.093345503489202E-03 -2.088666508344324E-03
 -2.075069650914680E-03 -2.070441542485775E-03 -2.065814882157641E-03
 -2.052021059936142E-03 -2.047445515482497E-03 -2.042871409346303E-03
 -2.028891160899299E-03 -2.024368374893600E-03 -2.019847017190624E-03
 -2.005690776369516E-03 -2.001220918475423E-03 -1.996752478638405E-03
 -1.982430566427838E-03 -1.978013781840994E-03 -1.973598404839460E-03
 -1.959121021581758E-03 -1.954757431390670E-03 -1.950395238087336E-03
 -1.935772456102359E-03 -1.931462157668625E-03 -1.927153245201390E-03
 -1.912395001766706E-03 -1.908138069109776E-03 -1.903882511281895E-03
 -1.888998601977283E-03 -1.884795086179075E-03 -1.880592933855973E-03
 -1.865593006370754E-03 -1.861442935996742E-03 -1.857294217533086E-03
 -1.842187765804223E-03 -1.838091147335686E-03 -1.833995869003034E-03
 -1.818792227749533E-03 -1.814749046022819E-03 -1.810707192457185E-03
 -1.795415532078576E-03 -1.791425750743481E-03 -1.787437285393844E-03
 -1.772066607294183E-03 -1.768130169266528E-03 -1.764195034856002E-03
 -1.748754167073548E-03 -1.744870995014062E-03 -1.740989114013537E-03
 -1.725486707284694E-03 -1.721656704082457E-03 -1.717827979195948E-03
 -1.702272503362989E-03 -1.698495552614980E-03 -1.694719867262609E-03
 -1.679119608025008E-03 -1.675395574533181E-03 -1.671672793343870E-03
 -1.656035849367277E-03 -1.652364579633864E-03 -1.648694548942310E-03
 -1.633028829302602E-03 -1.629410152037308E-03 -1.625792700391556E-03
 -1.610105922368675E-03 -1.606539648997734E-03 -1.602974587668649E-03
 -1.587274274880043E-03 -1.583760200054782E-03 -1.580247323545799E-03
 -1.564540804364110E-03 -1.561078706472913E-03 -1.557617793027189E-03
 -1.541912199321983E-03 -1.538501841004199E-03 -1.535092653126234E-03
 -1.519394919346553E-03 -1.516036048017462E-03 -1.512678332993388E-03
 -1.496995195492907E-03 -1.493687543852994E-03 -1.490381034259265E-03
 -1.474719030912827E-03 -1.471462317464929E-03 -1.468206731688905E-03
 -1.452572201805393E-03 -1.449366131372441E-03 -1.446161174128658E-03
 -1.430560258610723E-03 -1.427404522845859E-03 -1.424249885682830E-03
 -1.408688527414140E-03 -1.405582805313636E-03 -1.402478167132331E-03
 -1.386962111627880E-03 -1.383906070041312E-03 -1.380851097605169E-03
 -1.365385893918141E-03 -1.362379188058996E-03 -1.359373536497719E-03
 -1.343964538318511E-03 -1.341006812258003E-03 -1.338050125568796E-03
 -1.322702492532469E-03 -1.319793379698167E-03 -1.316885291241767E-03
 -1.301603990440583E-03 -1.298743114114946E-03 -1.295883247115046E-03
 -1.280673054807431E-03 -1.277860028610725E-03 -1.275047996633626E-03
 -1.259913500130464E-03 -1.257147928507848E-03 -1.254383335953149E-03
 -1.239328935631074E-03 -1.236610414325105E-03 -1.233892856896753E-03
 -1.218922768468788E-03 -1.216250884988130E-03 -1.213579950163380E-03
 -1.198698206993340E-03 -1.196072541074943E-03 -1.193447808567035E-03
 -1.178658264168790E-03 -1.176078388234763E-03 -1.173499430446664E-03
 -1.158805761105727E-03 -1.156271240721337E-03 -1.153737623206358E-03
 -1.139143330654474E-03 -1.136653724968732E-03 -1.134165006872705E-03
 -1.119673421142305E-03 -1.117228283321447E-03 -1.114784017811103E-03
 -1.100398300243090E-03 -1.097997177874277E-03 -1.095596912551386E-03
 -1.081320059031624E-03 -1.078962494519082E-03 -1.076605771808957E-03
 -1.062440616007160E-03 -1.060126146982314E-03 -1.057812504542455E-03
 -1.043761720856707E-03 -1.041489880641427E-03 -1.039218851814949E-03
 -1.025284957966257E-03 -1.023055276042886E-03 -1.020826390323426E-03
 -1.007011750203224E-03 -1.004823752618798E-03 -1.002636536075814E-03
 -9.889433633777703E-04 -9.867965730643571E-04 -9.846505486618036E-04
 -9.710809109920603E-04 -9.689748480912182E-04 -9.668695360056054E-04
 -9.534253576474543E-04 -9.513595400804489E-04 -9.492944582301790E-04
 -9.359775202933231E-04 -9.339514645236946E-04 -9.319261293340775E-04
 -9.187380702057948E-04 -9.167512915766320E-04 -9.147652184136365E-04
 -9.017075418193098E-04 -8.997595537355452E-04 -8.978122562428051E-04
 -8.848863500727405E-04 -8.829766624751068E-04 -8.810676510364133E-04
 -8.682748037533167E-04 -8.664029233235360E-04 -8.645317048718142E-04
 -8.518730923820131E-04 -8.500385269937325E-04 -8.482046089039076E-04
 -8.356812421475487E-04 -8.338835077657088E-04 -8.320864048045242E-04
 -8.196990857775913E-04 -8.179377074230645E-04 -8.161769440375277E-04
 -8.039263234507093E-04 -8.022008215966203E-04 -8.004759202193694E-04
 -7.883626935004779E-04 -7.866725610252051E-04 -7.849830191025972E-04
 -7.730081145336140E-04 -7.713528104755749E-04 -7.696980902634359E-04
 -7.578625461669794E-04 -7.562415358454627E-04 -7.546210981847635E-04
 -7.429254630815136E-04 -7.413382966862554E-04 -7.397516776816099E-04
 -7.281952929395544E-04 -7.266416509685986E-04 -7.250885171064582E-04
 -7.136695802307399E-04 -7.121491888417445E-04 -7.106292716198453E-04
 -6.993464032811122E-04 -6.978588031770507E-04 -6.963716806313968E-04
 -6.852264421882066E-04 -6.837707652125991E-04 -6.823156231567996E-04
 -6.713137580669935E-04 -6.698887877569113E-04 -6.684644321237882E-04
 -6.576132190986793E-04 -6.562179115075629E-04 -6.548232358667396E-04
 -6.441245304468036E-04 -6.427588219700458E-04 -6.413936064701162E-04
 -6.308361099559966E-04 -6.295014658226651E-04 -6.281669932081645E-04
 -6.177239415174642E-04 -6.164230591948985E-04 -6.151219379271283E-04
 -6.047586080184532E-04 -6.034941553986962E-04 -6.022291512466720E-04
 -5.919183117357803E-04 -5.906912987384991E-04 -5.894636943342526E-04
 -5.792005408427379E-04 -5.780093375628443E-04 -5.768178211463290E-04
 -5.666245772391428E-04 -5.654652903396564E-04 -5.643061624184836E-04
 -5.542224778402636E-04 -5.530905208985100E-04 -5.519591685081650E-04
 -5.420238391614438E-04 -5.409157276490529E-04 -5.398084600449089E-04
 -5.300437000028231E-04 -5.289579963078892E-04 -5.278731306874998E-04
 -5.182802114648091E-04 -5.172172070768951E-04 -5.161548872500508E-04
 -5.067215592732007E-04 -5.056821580229640E-04 -5.046432830789862E-04
 -4.953558065046966E-04 -4.943404852459231E-04 -4.933256172972625E-04
 -4.841769631156505E-04 -4.831854049684579E-04 -4.821943137969538E-04
 -4.731849409607013E-04 -4.722163141466114E-04 -4.712482017052476E-04
 -4.623818293037107E-04 -4.614352678824606E-04 -4.604892522648688E-04
 -4.517684740764259E-04 -4.508433553115022E-04 -4.499187829057847E-04
 -4.413435115135992E-04 -4.404394378214624E-04 -4.395358933897051E-04
 -4.311043496238167E-04 -4.302209925662008E-04 -4.293381480596983E-04
 -4.210484469357956E-04 -4.201854321204853E-04 -4.193229214411523E-04
 -4.111738429799481E-04 -4.103307338462489E-04 -4.094881265835596E-04
 -4.014789743861237E-04 -4.006553123597012E-04 -3.998321507538207E-04
 -3.919622890374843E-04 -3.911576336784114E-04 -3.903534745373808E-04
 -3.826220138440185E-04 -3.818359586313852E-04 -3.810503921360562E-04
 -3.734561407768969E-04 -3.726883058875713E-04 -3.719209506668221E-04
 -3.644625546896826E-04 -3.637125682141500E-04 -3.629630531466172E-04
 -3.556391841676110E-04 -3.549066677777724E-04 -3.541746162162122E-04
 -3.469840547792244E-04 -3.462686259629819E-04 -3.455536558333939E-04
 -3.384952079475970E-04 -3.377964946369315E-04 -3.370982325524233E-04
 -3.301705884910711E-04 -3.294882380522827E-04 -3.288063299403834E-04
 -3.220080389748566E-04 -3.213417109034981E-04 -3.206758163439082E-04
 -3.140054035576717E-04 -3.133547563830894E-04 -3.127045350094100E-04
 -3.061606028032000E-04 -3.055252928590119E-04 -3.048904012798412E-04
 -2.984715848039698E-04 -2.978512776517339E-04 -2.972313803292576E-04
 -2.909362292908391E-04 -2.903306069861877E-04 -2.897253850271746E-04
 -2.835523438077926E-04 -2.829610973549131E-04 -2.823702423682577E-04
 -2.763177590731402E-04 -2.757405764646756E-04 -2.751637778632076E-04
 -2.692303916100698E-04 -2.686669581154158E-04 -2.681039014813980E-04
 -2.622881893042138E-04 -2.617381995331508E-04 -2.611885782224014E-04
 -2.554890400833644E-04 -2.549522051287903E-04 -2.544157290140601E-04
 -2.488307723379776E-04 -2.483068125652179E-04 -2.477832022593323E-04
 -2.423112443930123E-04 -2.417998783415388E-04 -2.412888535093038E-04
 -2.359283977425106E-04 -2.354293422451017E-04 -2.349306200842122E-04
 -2.296802053681256E-04 -2.291931855007527E-04 -2.287064903607309E-04
 -2.235645957965084E-04 -2.230893497194130E-04 -2.226144192780946E-04
 -2.175794635372841E-04 -2.171157352724966E-04 -2.166523142969753E-04
 -2.117227502865163E-04 -2.112702809740600E-04 -2.108181117635109E-04
 -2.059924815694669E-04 -2.055510116523716E-04 -2.051098347747616E-04
 -2.003867094684586E-04 -1.999559885962735E-04 -1.995255527403948E-04
 -1.949034447945048E-04 -1.944832354933759E-04 -1.940633025265920E-04
 -1.895406738315249E-04 -1.891307441634584E-04 -1.887210826460566E-04
 -1.842964343199641E-04 -1.838965501812733E-04 -1.834969268612890E-04
 -1.791688459027475E-04 -1.787787735699961E-04 -1.783889546774303E-04
 -1.741560595061305E-04 -1.737755742337276E-04 -1.733953341710447E-04
 -1.692562036882577E-04 -1.688850919231198E-04 -1.685142167311665E-04
 -1.644674027694560E-04 -1.641054549992027E-04 -1.637437358281596E-04
 -1.597878337638549E-04 -1.594348382268357E-04 -1.590820641943054E-04
 -1.552157349996470E-04 -1.548714808034353E-04 -1.545274410375364E-04
 -1.507493553246549E-04 -1.504136400132658E-04 -1.500781314151448E-04
 -1.463869260507919E-04 -1.460595567203109E-04 -1.457323862062541E-04
 -1.421267128969063E-04 -1.418074994650929E-04 -1.414884776793090E-04
 -1.379670950469780E-04 -1.376558452743881E-04 -1.373447807807965E-04
 -1.339065760525074E-04 -1.336030990353632E-04 -1.332998009205028E-04
 -1.299437158935431E-04 -1.296478286442912E-04 -1.293521133820576E-04
 -1.260770727423329E-04 -1.257886004006200E-04 -1.255002930592623E-04
 -1.223052323380337E-04 -1.220240016914518E-04 -1.217429297529323E-04
 -1.186269079250111E-04 -1.183527429250953E-04 -1.180787310309531E-04
 -1.150410342267064E-04 -1.147737586577302E-04 -1.145066305807313E-04
 -1.115467984297985E-04 -1.112862406035294E-04 -1.110258242891115E-04
 -1.081435222129609E-04 -1.078895142527427E-04 -1.076356419378345E-04
 -1.048301843215975E-04 -1.045825555668898E-04 -1.043350571179213E-04
