  3.444391703679589E+00  3.438210743905664E+00  3.432027062639965E+00

  2.575204240640043E-01  2.572301447509543E-01  2.568449464499757E-01
  1.601650705882228E-01  1.599036936322596E-01  1.596116700367784E-01
  5.359072916574073E-02  5.347993352603937E-02  5.336517970061368E-02
  2.567449833609777E-01  2.564590364500772E-01  2.560136880492245E-01
  1.583052043609865E-01  1.579824678344454E-01  1.575959484927580E-01
  5.268153203430993E-02  5.253343841031871E-02  5.237152546218449E-02
  2.567694454322239E-01  2.565581056102418E-01  2.561514281054741E-01
  1.576273367258557E-01  1.573164929701253E-01  1.569231396852656E-01
  5.231474038760344E-02  5.216159396154108E-02  5.198896817104390E-02
  2.567694454322239E-01  2.565581056102418E-01  2.561514281054741E-01
  1.576273367258557E-01  1.573164929701253E-01  1.569231396852656E-01
  5.231474038760344E-02  5.216159396154108E-02  5.198896817104390E-02
  2.567449833609777E-01  2.564590364500772E-01  2.560136880492245E-01
  1.583052043609865E-01  1.579824678344454E-01  1.575959484927580E-01
  5.268153203430993E-02  5.253343841031871E-02  5.237152546218449E-02
  2.575204240640043E-01  2.572301447509543E-01  2.568449464499757E-01
  1.601650705882228E-01  1.599036936322596E-01  1.596116700367784E-01
  5.359072916574073E-02  5.347993352603937E-02  5.336517970061368E-02
  2.608416441363643E-01  2.608251823005616E-01  2.607824103992328E-01
  1.642745501492942E-01  1.642621228354152E-01  1.642523517860190E-01
  5.541101070297792E-02  5.540390273562108E-02  5.540218768774628E-02
  2.689887961024168E-01  2.696276198283240E-01  2.702799392985730E-01
  1.719915308073198E-01  1.724545932023546E-01  1.729345144830806E-01
  5.859860188108017E-02  5.876782917250153E-02  5.894499527579257E-02
  2.834746955906038E-01  2.850400236672702E-01  2.866109483611570E-01
  1.841076719115919E-01  1.851766515439795E-01  1.862483438049285E-01
  6.339037128194192E-02  6.376922444350598E-02  6.414918352135141E-02
  3.035619977314303E-01  3.060792553935429E-01  3.085600652813101E-01
  2.000097961248160E-01  2.016548811763012E-01  2.032718767480154E-01
  6.953516835438539E-02  7.010178450194339E-02  7.065801910080489E-02
  3.264239739445253E-01  3.297516029282505E-01  3.330026266831972E-01
  2.180088415268047E-01  2.201158545107691E-01  2.221703458780455E-01
  7.645955898058128E-02  7.717014188917475E-02  7.786214586059591E-02
  3.498968094863965E-01  3.539238824314965E-01  3.578629235789663E-01
  2.371539533068009E-01  2.396566429726859E-01  2.421026205289810E-01
  8.390620507574820E-02  8.474185668241811E-02  8.555804040962628E-02
  3.764630229169177E-01  3.812215619904863E-01  3.859083634312437E-01
  2.596084330935345E-01  2.625569120667680E-01  2.654605323757952E-01
  9.270615179830827E-02  9.369365754286374E-02  9.466589460590578E-02
  4.157041146135024E-01  4.213137769261583E-01  4.268738731220426E-01
  2.919716480559993E-01  2.954857607879975E-01  2.989666404171672E-01
  1.051757938712465E-01  1.063667291393047E-01  1.075456965299289E-01
  4.824807636454477E-01  4.889698202265863E-01  4.954119241155343E-01
  3.434467008052163E-01  3.475537346452204E-01  3.516219995899745E-01
  1.243648804132841E-01  1.257686384369039E-01  1.271570210515719E-01
  5.887427041077496E-01  5.958125812819949E-01  6.028048190758746E-01
  4.192471866555408E-01  4.236631177980842E-01  4.280116355630451E-01
  1.515524851504455E-01  1.530481794785073E-01  1.545170291856257E-01
  7.300387978155396E-01  7.369019071156088E-01  7.436319007970197E-01
  5.112712660285704E-01  5.152973472647044E-01  5.192165125585214E-01
  1.829572518950241E-01  1.842619688435032E-01  1.855259030029343E-01
  8.755788393822510E-01  8.810834980755795E-01  8.864042470603366E-01
  5.939009492916747E-01  5.966230090164927E-01  5.992129034426146E-01
  2.087721403124903E-01  2.095376476107129E-01  2.102557016323355E-01
  9.751258439933363E-01  9.782292394287352E-01  9.811346777348203E-01
  6.330854522354801E-01  6.338316420610894E-01  6.344548464655828E-01
  2.171745125692802E-01  2.171763230408578E-01  2.171378688298806E-01
  9.849809758694541E-01  9.852792540720225E-01  9.854137901355088E-01
  6.060623610169591E-01  6.047932294499359E-01  6.034443911489239E-01
  2.015456466521426E-01  2.008233896442883E-01  2.000800365445864E-01
  8.952869912533262E-01  8.932004806913830E-01  8.910163819255495E-01
  5.166926454450198E-01  5.140245434138616E-01  5.113341695814767E-01
  1.651573234746745E-01  1.639988159007952E-01  1.628415874621212E-01
  7.356080068067221E-01  7.321242283594658E-01  7.286104872848468E-01
  3.933010734190755E-01  3.901813295485292E-01  3.870862176692914E-01
  1.193527023351633E-01  1.181470834826319E-01  1.169589615100047E-01
  5.545831184923211E-01  5.508042989734129E-01  5.470405389207814E-01
  2.713701411090091E-01  2.686601568089950E-01  2.659967307764746E-01
  7.696350049639138E-02  7.603139629396195E-02  7.512230489633931E-02
  3.918358207168102E-01  3.886181403909506E-01  3.854316655400349E-01
  1.750521264881637E-01  1.732575152185040E-01  1.715073611002529E-01
  4.596344579648606E-02  4.545842903035448E-02  4.497276715792640E-02
  2.630233172358885E-01  2.608233817880768E-01  2.586509645317288E-01
  1.093926156494069E-01  1.086249710252959E-01  1.078867160568141E-01
  2.710360166756379E-02  2.701633603058668E-02  2.694053237564236E-02
  1.641600167031394E-01  1.630441619923054E-01  1.619462458461549E-01
  6.543615403338049E-02  6.552995219758763E-02  6.563704145497617E-02
  1.606184254678317E-02  1.628750682681385E-02  1.651712906335021E-02
  8.617857125376836E-02  8.590807984815410E-02  8.564963151753735E-02
  3.182366353502313E-02  3.247133726771700E-02  3.312207329559420E-02
  7.841630287248212E-03  8.243939519006356E-03  8.645482022426147E-03
  2.573798738930070E-02  2.590088525851096E-02  2.607560697629798E-02
  3.534912425533028E-03  4.381543694211241E-03  5.227944723801951E-03
  1.294634427827875E-04  5.731195755321525E-04  1.014328605357291E-03
 -1.513182524171927E-02 -1.494006356914327E-02 -1.473413944497473E-02
 -1.777306312466291E-02 -1.704141580236251E-02 -1.630903453048805E-02
 -6.437226439873739E-03 -6.065494726874766E-03 -5.695876618742142E-03
 -3.595576906926802E-02 -3.596781165895698E-02 -3.596416907945243E-02
 -2.945195518388053E-02 -2.901608954649265E-02 -2.857757523224713E-02
 -1.042666147495046E-02 -1.019177480825872E-02 -9.957996804456741E-03
 -4.140152167632744E-02 -4.163343164120883E-02 -4.184986012493479E-02
 -3.224945990083104E-02 -3.212061188582643E-02 -3.198786562209689E-02
 -1.155796610746125E-02 -1.146250211508645E-02 -1.136726553988690E-02
 -3.852635259305119E-02 -3.886238698477695E-02 -3.918443889679342E-02
 -2.965966916642254E-02 -2.973205987692499E-02 -2.980006755339839E-02
 -1.076285927747117E-02 -1.076353700256952E-02 -1.076384278151467E-02
 -3.274818513666316E-02 -3.306549708715718E-02 -3.337165086242623E-02
 -2.506332412085255E-02 -2.520930939767771E-02 -2.535121098902633E-02
 -9.171711699382010E-03 -9.214427558272528E-03 -9.256477973949566E-03
 -2.667762867699725E-02 -2.692158932939521E-02 -2.715855003356097E-02
 -2.028871579215438E-02 -2.042814497021223E-02 -2.056474662367443E-02
 -7.460251540763937E-03 -7.508082492807695E-03 -7.555339807635071E-03
 -2.116450890313728E-02 -2.134392941065818E-02 -2.152031168861531E-02
 -1.595392665646101E-02 -1.606457037954161E-02 -1.617399492710518E-02
 -5.875660151824430E-03 -5.915211251790050E-03 -5.954513682324387E-03
 -1.637621895615881E-02 -1.650842124823803E-02 -1.663864722080173E-02
 -1.219253165645157E-02 -1.227608545066331E-02 -1.235885176923154E-02
 -4.482483479095815E-03 -4.512415482745590E-03 -4.542163566179677E-03
 -1.210263254911883E-02 -1.216839882149418E-02 -1.222904138498405E-02
 -8.929215533244725E-03 -8.974976220456437E-03 -9.018135047661822E-03
 -3.274655149442426E-03 -3.291672866427120E-03 -3.307901560181775E-03
 -7.815361297329994E-03 -7.765281601901391E-03 -7.704934744037320E-03
 -5.884111883786078E-03 -5.863513709846432E-03 -5.837149377078204E-03
 -2.173950628792842E-03 -2.169043485134573E-03 -2.162284615918226E-03
 -3.045590005397448E-03 -2.851028113913970E-03 -2.644069215383664E-03
 -2.738234635756853E-03 -2.630993269803519E-03 -2.516249741233110E-03
 -1.073236286193723E-03 -1.039392993536104E-03 -1.003049882092761E-03
  2.047617342469255E-03  2.341922977895530E-03  2.643260278964866E-03
  5.171406362709979E-04  6.905207158231691E-04  8.688800351910600E-04
  4.652449961272276E-05  1.034290646379837E-04  1.621092744644357E-04
  6.436763436920314E-03  6.701243443365101E-03  6.959361284214104E-03
  3.369684540729408E-03  3.536896556493774E-03  3.701593344802774E-03
  1.033454955352083E-03  1.090277524175382E-03  1.146476739298714E-03
  8.584408118625080E-03  8.647038306501166E-03  8.686233693495863E-03
  4.940427550966019E-03  4.998797717559436E-03  5.044439787853885E-03
  1.603906004236247E-03  1.626618141707168E-03  1.645318933698673E-03
  7.192681104719874E-03  6.912362858994817E-03  6.594904913730910E-03
  4.418315432120691E-03  4.277755007710120E-03  4.115683556618316E-03
  1.483294154764036E-03  1.441023699677564E-03  1.391728088033685E-03
  1.890314151522246E-03  1.221388099144009E-03  5.110549228176004E-04
  1.502417303397009E-03  1.126538109273127E-03  7.256690341935980E-04
  5.581636698790402E-04  4.372638039511494E-04  3.080264502281652E-04
 -6.500938067949347E-03 -7.484343475874228E-03 -8.501742285756000E-03
 -3.388900341840119E-03 -3.964047658362586E-03 -4.560627634976862E-03
 -1.045353013308240E-03 -1.234346377915471E-03 -1.430645468048498E-03
 -1.621132916565573E-02 -1.733923310959959E-02 -1.848435436758564E-02
 -9.226969798703688E-03 -9.903877937591985E-03 -1.059268350118968E-02
 -2.990814155175016E-03 -3.216236344518501E-03 -3.445882724120300E-03
 -2.512443656015714E-02 -2.618906557613107E-02 -2.725034024177047E-02
 -1.472335133631105E-02 -1.537669750088663E-02 -1.602961874483510E-02
 -4.846193514819704E-03 -5.066232885273390E-03 -5.286400676445732E-03
 -3.145256233254017E-02 -3.227405969897319E-02 -3.307412179877273E-02
 -1.874930173130911E-02 -1.926635867777541E-02 -1.977171619300489E-02
 -6.226017691630682E-03 -6.402333125514277E-03 -6.574953023809619E-03
 -3.421409243301311E-02 -3.468742879752879E-02 -3.512816233125023E-02
 -2.064745623277954E-02 -2.095854239447434E-02 -2.125057276525839E-02
 -6.899565622554528E-03 -7.007816380232360E-03 -7.109811003017653E-03
 -3.336043255445867E-02 -3.346822063040494E-02 -3.354027366267416E-02
 -2.033153944288435E-02 -2.042017500899580E-02 -2.048724151787450E-02
 -6.828161736619548E-03 -6.861813289669620E-03 -6.888262452182838E-03
 -2.957181255402355E-02 -2.936540941453578E-02 -2.912643017264122E-02
 -1.817747171330183E-02 -1.807062090252326E-02 -1.794364914635701E-02
 -6.131303614036866E-03 -6.098657811285028E-03 -6.059213392178537E-03
 -2.388698616166155E-02 -2.345340739334245E-02 -2.299395944325780E-02
 -1.480217641751288E-02 -1.455064801066895E-02 -1.428279561033047E-02
 -5.013233961434865E-03 -4.930955694713986E-03 -4.843102558686987E-03
 -1.737074835071321E-02 -1.680510557135513E-02 -1.622182951515215E-02
 -1.085636297488825E-02 -1.051765293396715E-02 -1.016751307196612E-02
 -3.692636638335823E-03 -3.579938359752709E-03 -3.463285732325942E-03
 -1.092910852127022E-02 -1.032031514294116E-02 -9.702656129355867E-03
 -6.904897341723142E-03 -6.533946368658739E-03 -6.156921567057155E-03
 -2.361285326572965E-03 -2.236734439698473E-03 -2.110028631104403E-03
 -5.244422061863273E-03 -4.668783141493518E-03 -4.092844145583892E-03
 -3.382358374986785E-03 -3.027288386392309E-03 -2.671495404842501E-03
 -1.168285457104968E-03 -1.048313390112840E-03 -9.280048955378583E-04
 -7.526129434686645E-04 -2.682648807868230E-04  2.090074745314000E-04
 -5.751029031957059E-04 -2.734163932185818E-04  2.429219804021932E-05
 -2.133767044226715E-04 -1.109347282950176E-04 -9.770341172626750E-06
  2.364702609400034E-03  2.722823338922738E-03  3.068686421802560E-03
  1.388788766485823E-03  1.613875359947747E-03  1.831612039202763E-03
  4.573533712982310E-04  5.341302551144227E-04  6.084598308799613E-04
  4.151854667611310E-03  4.373137701046951E-03  4.579739935552954E-03
  2.526669141767570E-03  2.667393435451824E-03  2.799121494977232E-03
  8.479819010335461E-04  8.962570859039114E-04  9.415025267314678E-04
  4.809270395580737E-03  4.903866908530623E-03  4.984104035981767E-03
  2.958926727968054E-03  3.020861251971974E-03  3.073883927267655E-03
  9.986100255560662E-04  1.020148525109883E-03  1.038666561257621E-03
  4.614380457459907E-03  4.607332179977721E-03  4.588517926474480E-03
  2.856992706831361E-03  2.855208770103084E-03  2.846031931549267E-03
  9.672560929463120E-04  9.670906886573286E-04  9.644046793485621E-04
  3.865794668808107E-03  3.790896815006215E-03  3.708291680365857E-03
  2.405481905934384E-03  2.360596791548018E-03  2.310777052851705E-03
  8.164281454393689E-04  8.014898494233959E-04  7.848539637611502E-04
  2.852003005336575E-03  2.745541346653421E-03  2.635863203106752E-03
  1.782159496679724E-03  1.716510546407879E-03  1.648697874926515E-03
  6.061806089681268E-04  5.840088614546142E-04  5.610756132554449E-04
  1.826066052469992E-03  1.720307298826114E-03  1.615209940213497E-03
  1.143750289697909E-03  1.077481867708123E-03  1.011489695630551E-03
  3.895566019946589E-04  3.669957214585957E-04  3.445055005759742E-04
  9.768638469941290E-04  8.944723328545064E-04  8.152528524267526E-04
  6.093410073408245E-04  5.569340358220914E-04  5.064283222286005E-04
  2.072028479407449E-04  1.892281490923205E-04  1.718859247449904E-04
  4.058885263269966E-04  3.571089216865499E-04  3.123950899195097E-04
  2.455266709772244E-04  2.138783273981149E-04  1.847572649686149E-04
  8.228622359883895E-05  7.132603024951545E-05  6.122259630480242E-05
  1.235957748683847E-04  1.070891958845807E-04  9.417607881778967E-05
  6.250028741925208E-05  5.122337221901957E-05  4.223072418694437E-05
  1.889506548276980E-05  1.489471868339885E-05  1.167747214819657E-05
  6.938770901995351E-05  7.598529318751521E-05  8.489968701232253E-05
  2.493758365656127E-05  2.855203802295453E-05  3.367597440108427E-05
  5.460683318060700E-06  6.600540195860468E-06  8.264118645759811E-06
  1.468860322042832E-04  1.645168911394162E-04  1.830075579907931E-04
  7.334298994540171E-05  8.432395685490516E-05  9.589892020721464E-05
  2.188715141311726E-05  2.561270962498559E-05  2.954996547093571E-05
  2.607143619570802E-04  2.787514534647812E-04  2.964968193721833E-04
  1.473042419240481E-04  1.588643649687824E-04  1.702767694644037E-04
  4.749889281517613E-05  5.147774502143226E-05  5.541236942923336E-05
  3.430917428325154E-04  3.549763378457430E-04  3.659653842993919E-04
  2.029087189591382E-04  2.107445929387962E-04  2.180296685509335E-04
  6.709835642938452E-05  6.983220045771010E-05  7.238035487451222E-05
  3.644549847753910E-04  3.682657378420222E-04  3.711178784759515E-04
  2.202030493329332E-04  2.229435120447847E-04  2.250746991762428E-04
  7.364501811820597E-05  7.463816385255282E-05  7.542244070004981E-05
  3.288333978022203E-04  3.261908893263285E-04  3.228858080773961E-04
  2.008150685047998E-04  1.993849914848710E-04  1.975225758703327E-04
  6.753693650186693E-05  6.708851108135231E-05  6.648996326053405E-05
  2.597007349287936E-04  2.538588587019950E-04  2.477679500927633E-04
  1.592198189536010E-04  1.556477854001308E-04  1.519034932384928E-04
  5.366090021676964E-05  5.245965459636594E-05  5.119697968098440E-05
  1.840466490383437E-04  1.780915779415732E-04  1.722221398030081E-04
  1.125874172179627E-04  1.088492733625081E-04  1.051549354071240E-04
  3.790681008300920E-05  3.663262564366212E-05  3.537165787478919E-05
  1.210179790876189E-04  1.167961689306951E-04  1.128218263047359E-04
  7.337208628044863E-05  7.068239334824286E-05  6.814514082676954E-05
  2.459365371221060E-05  2.366994644491473E-05  2.279768192309364E-05
  7.783374742620792E-05  7.575744567285032E-05  7.392536390186987E-05
  4.650162806015864E-05  4.516401821970702E-05  4.398187569893883E-05
  1.546898228343260E-05  1.500693687749378E-05  1.459823560495223E-05
  5.190381117828910E-05  5.138559605946482E-05  5.101196950762590E-05
  3.058016918781655E-05  3.024821399376401E-05  3.001124942556281E-05
  1.009666218740669E-05  9.982061417327565E-06  9.900551507778548E-06
  3.593496167841653E-05  3.603771120959747E-05  3.616806546153078E-05
  2.108567335400932E-05  2.117274410835636E-05  2.128099621534498E-05
  6.945174623368226E-06  6.978385200860739E-06  7.019470837112458E-06
  2.277558261314040E-05  2.273168276520067E-05  2.263466309762335E-05
  1.347334766360989E-05  1.348744042305783E-05  1.347047010844539E-05
  4.456012175366141E-06  4.467621759741691E-06  4.469033807076056E-06
  8.134995953882171E-06  7.578646868595095E-06  6.941596732970173E-06
  4.958233766925026E-06  4.657074305882104E-06  4.305907047536254E-06
  1.664253802865112E-06  1.569528346628448E-06  1.457870330375365E-06
 -9.028654120655174E-06 -1.008923896046690E-05 -1.121636321560737E-05
 -5.188747392768426E-06 -5.809328145923767E-06 -6.472088355238322E-06
 -1.691475537200447E-06 -1.895550595138777E-06 -2.114071543256227E-06
 -2.758692081194934E-05 -2.893357851799758E-05 -3.031390778115286E-05
 -1.629789955737188E-05 -1.710523057330650E-05 -1.793449087772491E-05
 -5.389540403734573E-06 -5.658476193498298E-06 -5.935021402668679E-06
 -4.568393276566027E-05 -4.706208895438981E-05 -4.844263855690137E-05
 -2.721070968611823E-05 -2.804527945988810E-05 -2.888205571413457E-05
 -9.036172802233575E-06 -9.315649650076427E-06 -9.595998475617838E-06
 -6.178941093759056E-05 -6.301679024330501E-05 -6.422742770381610E-05
 -3.695520418270545E-05 -3.770096743908174E-05 -3.843665968045569E-05
 -1.229812765577104E-05 -1.254831151245109E-05 -1.279513688348200E-05
 -7.512194377408857E-05 -7.611856454204242E-05 -7.709235503429099E-05
 -4.502535087276025E-05 -4.563033029926696E-05 -4.622119580633822E-05
 -1.500026419492211E-05 -1.520313210445481E-05 -1.540122507727739E-05
 -8.557630270610243E-05 -8.634038416408996E-05 -8.708385459915732E-05
 -5.134364210236143E-05 -5.180574753868798E-05 -5.225505215066629E-05
 -1.711419733148891E-05 -1.726886588258816E-05 -1.741919256755434E-05
 -9.342497659135954E-05 -9.398979544287574E-05 -9.453866294603828E-05
 -5.607621211892279E-05 -5.641631156608046E-05 -5.674658745142734E-05
 -1.869570480874667E-05 -1.880927861131807E-05 -1.891953349077406E-05
 -9.902219385096150E-05 -9.942021487710775E-05 -9.980533333541737E-05
 -5.944570783854665E-05 -5.968478982345393E-05 -5.991608481715522E-05
 -1.982071926712659E-05 -1.990045264908780E-05 -1.997758163205076E-05
 -1.026262062141587E-04 -1.028716492162719E-04 -1.031042645655271E-04
 -6.161687299222988E-05 -6.176465114285386E-05 -6.190481727765444E-05
 -2.054584431549835E-05 -2.059518027606191E-05 -2.064199290956027E-05
 -1.043537097725404E-04 -1.044421763679412E-04 -1.045156048625427E-04
 -6.266529145545246E-05 -6.271962440628635E-05 -6.276505056121341E-05
 -2.089724973026831E-05 -2.091556301455448E-05 -2.093092720913658E-05
 -1.042226476470642E-04 -1.041401599777253E-04 -1.040396590120641E-04
 -6.260271618416302E-05 -6.255513239834715E-05 -6.249682178399252E-05
 -2.087904078187420E-05 -2.086349524048797E-05 -2.084438817834404E-05
 -1.022255273675747E-04 -1.019589011955524E-04 -1.016718385045590E-04
 -6.142276298055735E-05 -6.126499079113029E-05 -6.109498322736123E-05
 -2.048877511591508E-05 -2.043655241014997E-05 -2.038025600406159E-05
 -9.838936193276228E-05 -9.793286499710516E-05 -9.745468592695154E-05
 -5.913900229151967E-05 -5.886724861283182E-05 -5.858247120076350E-05
 -1.973052513075557E-05 -1.964030002697102E-05 -1.954573133575905E-05
 -9.280305606906306E-05 -9.216012520765617E-05 -9.149541761657818E-05
 -5.580284418953525E-05 -5.541896913425562E-05 -5.502199690665079E-05
 -1.862109294635450E-05 -1.849345030863528E-05 -1.836143666538529E-05
 -8.561491214451462E-05 -8.479640916052104E-05 -8.395682517711687E-05
 -5.150248605258225E-05 -5.101295993461610E-05 -5.051075542274054E-05
 -1.718973999140787E-05 -1.702682822436858E-05 -1.685968524308778E-05
 -7.701443405364314E-05 -7.603579210940286E-05 -7.503718571216287E-05
 -4.635169619833111E-05 -4.576581557642830E-05 -4.516793390319939E-05
 -1.547439911230520E-05 -1.527932334800157E-05 -1.508024343827801E-05
 -6.721295388366286E-05 -6.609196070327899E-05 -6.495233420403082E-05
 -4.047764662097535E-05 -3.980612928849119E-05 -3.912341430076214E-05
 -1.351752556797550E-05 -1.329386636504851E-05 -1.306647166290802E-05
 -5.643107329207600E-05 -5.518685956185599E-05 -5.392551820212414E-05
 -3.401298094733735E-05 -3.326732080330617E-05 -3.251136583300952E-05
 -1.136338376705273E-05 -1.111497533341062E-05 -1.086313227902098E-05
 -4.489342836868841E-05 -4.354630645976529E-05 -4.218377393216572E-05
 -2.709255665156298E-05 -2.628492739549798E-05 -2.546802952447641E-05
 -9.056940208585842E-06 -8.787838251964687E-06 -8.515643080425559E-06
 -3.282700347184090E-05 -3.139849510935621E-05 -2.995652705288320E-05
 -1.985252000580990E-05 -1.899581137808005E-05 -1.813100041618714E-05
 -6.643569503894238E-06 -6.358066649780720E-06 -6.069858613807077E-06
 -2.045898770167934E-05 -1.897157731422069E-05 -1.747285847479451E-05
 -1.242916120098618E-05 -1.153684958757332E-05 -1.063772390050840E-05
 -4.168697047957682E-06 -3.871282927901633E-06 -3.571592617004722E-06
 -8.012326385519371E-06 -6.488845299747154E-06 -4.956325355518512E-06
 -4.956335194382069E-06 -4.042122056371030E-06 -3.122456339328302E-06
 -1.676955034810760E-06 -1.372197162872826E-06 -1.065616880191987E-06
  4.300584172825268E-06  5.837777724124357E-06  7.381721560044800E-06
  2.438308640242328E-06  3.360990561464809E-06  4.287750551771471E-06
  7.890718667821213E-07  1.096692973993183E-06  1.405678095654903E-06
  1.628450905181657E-05  1.781432972349162E-05  1.934868242164202E-05
  9.637329870976533E-06  1.055580229578100E-05  1.147701963064636E-05
  3.190186998046480E-06  3.496440732857591E-06  3.803613727101134E-06
  2.776689499273119E-05  2.927016378795309E-05  3.077588362604272E-05
  1.653685473005809E-05  1.743957910279192E-05  1.834379725636685E-05
  5.491708721851212E-06  5.792743695980249E-06  6.094280462188670E-06
  3.860163344085431E-05  4.006150547150242E-05  4.152193001328901E-05
  2.304886656183277E-05  2.392570353347817E-05  2.480289246929280E-05
  7.664239478712476E-06  7.956670501369390E-06  8.249222261015040E-06
  4.867105389100923E-05  5.007326609522132E-05  5.147434353410571E-05
  2.910241892553460E-05  2.994477808162621E-05  3.078647400447764E-05
  9.684073044298963E-06  9.965031214553972E-06  1.024577125143361E-05
  5.788642850886611E-05  5.921940637800137E-05  6.054979015777351E-05
  3.464394722642993E-05  3.544485173076164E-05  3.624421447831782E-05
  1.153329986145554E-05  1.180045421235138E-05  1.206709710098252E-05
  6.618727711613090E-05  6.744212657294311E-05  6.869315675555065E-05
  3.963685918983473E-05  4.039094174818535E-05  4.114274451443549E-05
  1.319967174879953E-05  1.345122803758214E-05  1.370202636485703E-05
  7.353968054424245E-05  7.471007865589802E-05  7.587566245400740E-05
  4.406053117692804E-05  4.476396954874954E-05  4.546452832215165E-05
  1.467626871280106E-05  1.491094810479820E-05  1.514466913546438E-05
  7.993377254634436E-05  8.101576965104690E-05  8.209217422957703E-05
  4.790881108864966E-05  4.855921036923531E-05  4.920626060217617E-05
  1.596100121559422E-05  1.617800121424850E-05  1.639388594733416E-05
  8.538060605318091E-05  8.637235872383741E-05  8.735793693424553E-05
  5.118814321106747E-05  5.178437625587878E-05  5.237690890246538E-05
  1.705598598729812E-05  1.725492735195578E-05  1.745263596820098E-05
  8.990863424111847E-05  9.081009533010434E-05  9.170497147472555E-05
  5.391545824464549E-05  5.445747990013620E-05  5.499555302855235E-05
  1.796684294735349E-05  1.814770780550260E-05  1.832725689834457E-05
  9.356006542626727E-05  9.437265925193131E-05  9.517840299179822E-05
  5.611598421412062E-05  5.660463626921347E-05  5.708917920998548E-05
  1.870196517700146E-05  1.886503198194599E-05  1.902672924130858E-05
  9.638732814386699E-05  9.711363543300145E-05  9.783294789429396E-05
  5.782112107857885E-05  5.825794283640986E-05  5.869056743255557E-05
  1.927180971880818E-05  1.941759004150024E-05  1.956197126847279E-05
  9.844983025130113E-05  9.909330107443933E-05  9.972973060818768E-05
  5.906649040368957E-05  5.945354592674832E-05  5.983637546399009E-05
  1.968824650294774E-05  1.981742736101425E-05  1.994519935694087E-05
  9.981113347493622E-05  1.003758394528321E-04  1.009335375954764E-04
  5.989023374846607E-05  6.022996261749924E-05  6.056548483191440E-05
  1.996399008560716E-05  2.007738410217902E-05  2.018937557633428E-05
  1.005366071801237E-04  1.010270379878768E-04  1.015105600491724E-04
  6.033159858042684E-05  6.062669323167607E-05  6.091764009789838E-05
  2.011212722808910E-05  2.021063164997273E-05  2.030775305499311E-05
  1.006915772123149E-04  1.011124813691506E-04  1.015266311224488E-04
  6.042982161944691E-05  6.068313129100490E-05  6.093238531412137E-05
  2.014574368315817E-05  2.023030827480698E-05  2.031352048335892E-05
  1.003399458250906E-04  1.006962121597882E-04  1.010459265599230E-04
  6.022329552566946E-05  6.043775468051993E-05  6.064827927907437E-05
  2.007764554466586E-05  2.014924865302203E-05  2.021953967729775E-05
  9.954322553858251E-05  9.983979946855253E-05  1.001300671821970E-04
  5.974898485148693E-05  5.992756258304711E-05  6.010235285654050E-05
  1.992016383452135E-05  1.997979546360002E-05  2.003816398578745E-05
  9.835990753838828E-05  9.860173470747470E-05  9.883754090759167E-05
  5.904204372640025E-05  5.918770968321217E-05  5.932975904225976E-05
  1.968502650246763E-05  1.973367691177039E-05  1.978112111948712E-05
  9.684508216190170E-05  9.703707026264585E-05  9.722335874945667E-05
  5.813558578541225E-05  5.825128710655003E-05  5.836356439766768E-05
  1.938328133993987E-05  1.942193332955940E-05  1.945944326587568E-05
  9.505024620149764E-05  9.519723445536107E-05  9.533887694936173E-05
  5.706056705984971E-05  5.714920998886215E-05  5.723464100343286E-05
  1.902525669294191E-05  1.905487946242117E-05  1.908343085088532E-05
  9.302325213025115E-05  9.312997932020313E-05  9.323174291604420E-05
  5.584575472179773E-05  5.591018541049043E-05  5.597163334549315E-05
  1.862055091057778E-05  1.864209365746632E-05  1.866264138700898E-05
  9.080835056105106E-05  9.087941881267370E-05  9.094592842225633E-05
  5.451775228281312E-05  5.456073507460502E-05  5.460097801435317E-05
  1.817804069747273E-05  1.819242538081290E-05  1.820589600223908E-05
  8.844624394234720E-05  8.848608419987282E-05  8.852178561743219E-05
  5.310103186362491E-05  5.312522859926824E-05  5.314693737290827E-05
  1.770589187842984E-05  1.771400632400822E-05  1.772129067234648E-05
  8.597405145145528E-05  8.598689956010830E-05  8.599603281789457E-05
  5.161791332173986E-05  5.162586899947465E-05  5.163159120018168E-05
  1.721155247320529E-05  1.721424559544536E-05  1.721619346385711E-05
  8.342515238846961E-05  8.341503450735424E-05  8.340161842469239E-05
  5.008847042543239E-05  5.008260444504326E-05  5.007475514911757E-05
  1.670172144418497E-05  1.669980032690416E-05  1.669721737146707E-05
  8.082903639481855E-05  8.079974410304763E-05  8.076755449843238E-05
  4.853044093331073E-05  4.851303213985472E-05  4.849388080699713E-05
  1.618231871439889E-05  1.617654362216910E-05  1.617018699089569E-05
  7.821141838438986E-05  7.816644795420794E-05  7.811896321618311E-05
  4.695929531329157E-05  4.693244551638241E-05  4.690408328322967E-05
  1.565850803430348E-05  1.564958024484582E-05  1.564014766732335E-05
  7.559477689786959E-05  7.553723406181469E-05  7.547754441123171E-05
  4.538855948120139E-05  4.535413623210235E-05  4.531842138584794E-05
  1.513480451559757E-05  1.512334723153100E-05  1.511145882954064E-05
  7.299908749622569E-05  7.293161110395268E-05  7.286233871520078E-05
  4.383025472538794E-05  4.378984538549888E-05  4.374835531310222E-05
  1.461522125437623E-05  1.460176427188224E-05  1.458794652197126E-05
  7.044210708250584E-05  7.036689703863941E-05  7.029021142285631E-05
  4.229506838524979E-05  4.224999674543784E-05  4.220403702033730E-05
  1.410332623860505E-05  1.408831146326213E-05  1.407300020168352E-05
  6.793859253354346E-05  6.785758761368578E-05  6.777537043495824E-05
  4.079188507994478E-05  4.074331794152679E-05  4.069402110124906E-05
  1.360208609889977E-05  1.358590305450435E-05  1.356947638428955E-05
  6.549856051884044E-05  6.541369914838736E-05  6.532780573426604E-05
  3.932674226948165E-05  3.927584588518390E-05  3.922432830584935E-05
  1.311351790679691E-05  1.309655587795465E-05  1.307938645522579E-05
  6.312573874171441E-05  6.303912806087438E-05  6.295157886344089E-05
  3.790190018053545E-05  3.784994174849114E-05  3.779741857482056E-05
  1.263837901359436E-05  1.262106088613425E-05  1.260355423892554E-05
  6.081782312982069E-05  6.073164657511500E-05  6.064457009659494E-05
  3.651599519551823E-05  3.646428748208804E-05  3.641203846422691E-05
  1.217621802563697E-05  1.215898183997544E-05  1.214156499396233E-05
  5.856934716759100E-05  5.848549632682191E-05  5.840078616422542E-05
  3.516576114114708E-05  3.511544160170630E-05  3.506460534552904E-05
  1.172594851498693E-05  1.170917384085439E-05  1.169222674005675E-05
  5.637618412212438E-05  5.629581312221851E-05  5.621467643319726E-05
  3.384873143928648E-05  3.380049475575670E-05  3.375179772247952E-05
  1.128674987195356E-05  1.127066863832746E-05  1.125443379835167E-05
  5.423923854742172E-05  5.416253829658394E-05  5.408523257001263E-05
  3.256545574325322E-05  3.251941822369156E-05  3.247301665077618E-05
  1.085880647282523E-05  1.084345774363253E-05  1.082798753503333E-05
  5.216505086337480E-05  5.209142316294124E-05  5.201738473679546E-05
  3.131986443777690E-05  3.127566839507213E-05  3.123122530998240E-05
  1.044342947217815E-05  1.042869422438367E-05  1.041387652771910E-05
  5.016294442970402E-05  5.009149284224615E-05  5.001980453621369E-05
  3.011755768460597E-05  3.007466600624987E-05  3.003163184006300E-05
  1.004248661859641E-05  1.002818594017568E-05  1.001383768946694E-05
  4.824062231775537E-05  4.817066795362014E-05  4.810058781463227E-05
  2.896316303733131E-05  2.892116882873207E-05  2.887909882535915E-05
  9.657521384802466E-06  9.643519717755376E-06  9.629492730637677E-06
  4.640101022850677E-05  4.633234787883640E-05  4.626360158755413E-05
  2.785844008526049E-05  2.781722054535677E-05  2.777595040358917E-05
  9.289120997710573E-06  9.275377462686201E-06  9.261617020796346E-06
  4.464200339585426E-05  4.457481913169981E-05  4.450754966844377E-05
  2.680212780371927E-05  2.676179490187485E-05  2.672141070292339E-05
  8.936865423459870E-06  8.923417398303928E-06  8.909952244427770E-06
  4.295863051985037E-05  4.289323017592104E-05  4.282773464492243E-05
  2.579124303272979E-05  2.575198060490998E-05  2.571266092284503E-05
  8.599760213409840E-06  8.586669032816940E-06  8.573558743721984E-06
  4.134572643966873E-05  4.128230211263530E-05  4.121878436587508E-05
  2.482268494572402E-05  2.478460853568840E-05  2.474647595623538E-05
  8.276771470966472E-06  8.264075697290535E-06  8.251361180812952E-06
  3.979942628733950E-05  3.973798922773613E-05  3.967647313287215E-05
  2.389413251021586E-05  2.385724905616669E-05  2.382031808433811E-05
  7.967125167020815E-06  7.954827144439186E-06  7.942513266460442E-06
  3.831711588357875E-05  3.825756740707147E-05  3.819795734293578E-05
  2.300401526236655E-05  2.296826564356506E-05  2.293247899472029E-05
  7.670297487619975E-06  7.658377524275588E-06  7.646445204653875E-06
  3.689661376262744E-05  3.683884512392291E-05  3.678102741680001E-05
  2.215102255241217E-05  2.211634154996776E-05  2.208163104480951E-05
  7.385851254507297E-06  7.374287615520450E-06  7.362714132002586E-06
  3.553552857166219E-05  3.547947013989895E-05  3.542336882144350E-05
  2.133371779368844E-05  2.130006363408887E-05  2.126638369217855E-05
  7.113307309667728E-06  7.102086071415863E-06  7.090856230653031E-06
  3.423116002739855E-05  3.417677418594724E-05  3.412234818462353E-05
  2.055047891827859E-05  2.051782903201810E-05  2.048515500716178E-05
  6.852124647165923E-06  6.841238286594771E-06  6.830343872697258E-06
  3.298073426049317E-05  3.292798884827852E-05  3.287520557474527E-05
  1.979963962020313E-05  1.976797470786354E-05  1.973628704128528E-05
  6.601747500661662E-06  6.591189584163870E-06  6.580624076673480E-06
  3.178163217749599E-05  3.173048421505595E-05  3.167930152574475E-05
  1.907962647704132E-05  1.904892074114577E-05  1.901819413581074E-05
  6.361651068141872E-06  6.351412994937969E-06  6.341167959683446E-06
  3.063146429353786E-05  3.058185899484111E-05  3.053222277657828E-05
  1.838900392580564E-05  1.835922447686269E-05  1.832942644645071E-05
  6.131356516310022E-06  6.121427320265371E-06  6.111491925439980E-06
  2.952803368423941E-05  2.947991116859792E-05  2.943176147830647E-05
  1.772645205895505E-05  1.769756294428515E-05  1.766865749831710E-05
  5.910423583342832E-06  5.900791276202893E-06  5.891153520899893E-06
  2.846926666193841E-05  2.842256964756506E-05  2.837584843858046E-05
  1.709072502453420E-05  1.706269184751483E-05  1.703464413012904E-05
  5.698436711877599E-06  5.689089823525947E-06  5.679738084451449E-06
  2.745315701563628E-05  2.740783542083590E-05  2.736249165907213E-05
  1.648061755293159E-05  1.645341023704195E-05  1.642618959969913E-05
  5.494993887991144E-06  5.485922388311575E-06  5.476846444590802E-06
  2.647774972778508E-05  2.643375947314469E-05  2.638974863694272E-05
  1.589495516854521E-05  1.586854724060687E-05  1.584212694428648E-05
  5.299703375392612E-06  5.290898435704747E-06  5.282089369988622E-06
  2.554117105246475E-05  2.549846841058130E-05  2.545574704354324E-05
  1.533261223034437E-05  1.530697743038794E-05  1.528133137742586E-05
  5.112189727933151E-06  5.103642591025375E-06  5.095091700120953E-06
  2.464167117225539E-05  2.460020884443350E-05  2.455873004442071E-05
  1.479253753555346E-05  1.476764746086843E-05  1.474274748649307E-05
  4.932102325631161E-06  4.923803520020171E-06  4.915501411765010E-06
  2.377762683579044E-05  2.373735639381527E-05  2.369707155109202E-05
  1.427375591487065E-05  1.424958148393539E-05  1.422539839772259E-05
  4.759115908812639E-06  4.751055736531941E-06  4.742992676692930E-06
  2.294749574758455E-05  2.290837327252032E-05  2.286923778407958E-05
  1.377534086137698E-05  1.375185569848858E-05  1.372836271411151E-05
  4.592921453395428E-06  4.585091118509374E-06  4.577258174208970E-06
  2.214977556052795E-05  2.211176308982377E-05  2.207373856029401E-05
  1.329638990427599E-05  1.327357120984975E-05  1.325074526775130E-05
  4.433217958422738E-06  4.425609857375774E-06  4.417999338362728E-06
  2.138301512154289E-05  2.134607605660504E-05  2.130912611982039E-05
  1.283603134139349E-05  1.281385713660136E-05  1.279167639722437E-05
  4.279714687985718E-06  4.272321491228207E-06  4.264926114360392E-06
  2.064585610064371E-05  2.060995086522816E-05  2.057403635654430E-05
  1.239344922205377E-05  1.237189574185846E-05  1.235033668718886E-05
  4.132139499662120E-06  4.124953282284284E-06  4.117765205003221E-06
  1.993704260191762E-05  1.990213040873628E-05  1.986721042303346E-05
  1.196788912587779E-05  1.194693187777169E-05  1.192596994463932E-05
  3.990240772652962E-06  3.983253367145817E-06  3.976264398384419E-06
  1.925538124110187E-05  1.922142535239642E-05  1.918746255135003E-05
  1.155863420557829E-05  1.153825112706303E-05  1.151786389256071E-05
  3.853779421606696E-06  3.846983470494394E-06  3.840186132615214E-06
  1.859970275449401E-05  1.856667184995486E-05  1.853363455418390E-05
  1.116498213326216E-05  1.114515441448506E-05  1.112532285305180E-05
  3.722521208810955E-06  3.715910439178975E-06  3.709298387325023E-06
  1.796887343975887E-05  1.793673721697836E-05  1.790459539232814E-05
  1.078625195147225E-05  1.076696139547215E-05  1.074766747094988E-05
  3.596239025675229E-06  3.589807369276834E-06  3.583374588810423E-06
  1.736183518930907E-05  1.733056034412480E-05  1.729928109955364E-05
  1.042180810007589E-05  1.040303470908812E-05  1.038425867168872E-05
  3.474720902826152E-06  3.468461691211199E-06  3.462201596331882E-06
  1.677761394438304E-05  1.674716603902855E-05  1.671671482800985E-05
  1.007106550091791E-05  1.005278859610868E-05  1.003450970183879E-05
  3.357771706879024E-06  3.351678044402748E-06  3.345583717774244E-06
  1.621528159431009E-05  1.618563005092115E-05  1.615597574200072E-05
  9.733466694259335E-06  9.715667912930497E-06  9.697867466860934E-06
  3.245205518994866E-06  3.239271282109965E-06  3.233336489405795E-06
  1.567392141420560E-05  1.564504059055651E-05  1.561615724268024E-05
  9.408461083915860E-06  9.391125026796610E-06  9.373787450087178E-06
  3.136838713564488E-06  3.131058766834889E-06  3.125278312712862E-06
  1.515264140534327E-05  1.512450628302017E-05  1.509636917319200E-05
  9.095512929480752E-06  9.078624573447281E-06  9.061735020146822E-06
  3.032492620027407E-06  3.026861953697453E-06  3.021230887489222E-06
  1.465061277746666E-05  1.462319529074256E-05  1.459577675823713E-05
  8.794124444461064E-06  8.777666937990487E-06  8.761208799711121E-06
  2.932001224091224E-06  2.926514219018009E-06  2.921027002627691E-06
  1.416707665723961E-05  1.414034768049925E-05  1.411361849255361E-05
  8.503839833996683E-06  8.487795688653195E-06  8.471751412763456E-06
  2.835212515673552E-06  2.829863340228624E-06  2.824514120601276E-06
  1.370130750535255E-05  1.367524158096802E-05  1.364917576458758E-05
  8.224223341073689E-06  8.208577269409451E-06  8.192931259139644E-06
  2.741981170115713E-06  2.736764726274442E-06  2.731548302333412E-06
  1.325258202855906E-05  1.322715819234074E-05  1.320173453009142E-05
  7.954840576967153E-06  7.939579989457567E-06  7.924319503131237E-06
  2.652162322280634E-06  2.647074411715281E-06  2.641986534364694E-06
  1.282019383477426E-05  1.279539143692544E-05  1.277058958597463E-05
  7.695267305932499E-06  7.680379803305315E-06  7.665492625813382E-06
  2.565614493482600E-06  2.560650981545233E-06  2.555687577490578E-06
  1.240349014643814E-05  1.237928549848924E-05  1.235508216035432E-05
  7.445111481443367E-06  7.430582841101536E-06  7.416054983935428E-06
  2.482206938164220E-06  2.477363082392736E-06  2.472519487239181E-06
  1.200187715912504E-05  1.197824556274200E-05  1.195461593474230E-05
  7.204016473143101E-06  7.189831865478874E-06  7.175648436528844E-06
  2.401820721573090E-06  2.397091576998952E-06  2.392362824945813E-06
  1.161478522477643E-05  1.159170541679472E-05  1.156862775676540E-05
  6.971640173724532E-06  6.957786830444577E-06  6.943934773913556E-06
  2.324341754846748E-06  2.319723063654371E-06  2.315104801027320E-06
  1.124164061710250E-05  1.121909541625363E-05  1.119655232400897E-05
  6.747638042537542E-06  6.734105646211447E-06  6.720574513148217E-06
  2.249655140134563E-06  2.245143461708288E-06  2.240632204062586E-06
  1.088188047682207E-05  1.085985280002922E-05  1.083782749793667E-05
  6.531672064647369E-06  6.518450358202583E-06  6.505230074739722E-06
  2.177648155879843E-06  2.173240069998977E-06  2.168832458151854E-06
  1.053498745164725E-05  1.051345725057583E-05  1.049193006006586E-05
  6.323431544265034E-06  6.310508491080995E-06  6.297587242608211E-06
  2.108217189427488E-06  2.103908682634605E-06  2.099600777142921E-06
  1.020049443246471E-05  1.017944068967216E-05  1.015839049329596E-05
  6.122635958044470E-06  6.109998939049523E-06  6.097364046591756E-06
  2.041268689968354E-06  2.037055554461197E-06  2.032843127573621E-06
  9.877952391730325E-06  9.857357265670033E-06  9.836765777939221E-06
  5.929015654666071E-06  5.916653956497642E-06  5.904294440232016E-06
  1.976712734564062E-06  1.972591397804761E-06  1.968470788152224E-06
  9.566905080958774E-06  9.546754426454122E-06  9.526607310012329E-06
  5.742296658471819E-06  5.730201787111107E-06  5.718109037565437E-06
  1.914457960156793E-06  1.910425589655889E-06  1.906393926264106E-06
  9.266903424180862E-06  9.247183042651811E-06  9.227466395401209E-06
  5.562209299348169E-06  5.550372730038727E-06  5.538538400315747E-06
  1.854414439372061E-06  1.850468192608192E-06  1.846522692229036E-06
  8.977536818142947E-06  8.958229655454094E-06  8.938926772073806E-06
  5.388507001198528E-06  5.376918495482092E-06  5.365332556506485E-06
  1.796499944432983E-06  1.792636407592639E-06  1.788773726191909E-06
  8.698435974409976E-06  8.679524041342200E-06  8.660616839018571E-06
  5.220967998158155E-06  5.209616755435576E-06  5.198268350547567E-06
  1.740640521119498E-06  1.736856092826871E-06  1.733072610373406E-06
  8.429242541528564E-06  8.410710772522684E-06  8.392183773518789E-06
  5.059377105292461E-06  5.048254079244398E-06  5.037133914780607E-06
  1.686764412183068E-06  1.683056075834595E-06  1.679348693269859E-06
  8.169587100806297E-06  8.151423799497432E-06  8.133265133102938E-06
  4.903512502124782E-06  4.892610669382133E-06  4.881711617193149E-06
  1.634797649251006E-06  1.631163062782979E-06  1.627529403093727E-06
  7.919105419999156E-06  7.901298746121929E-06  7.883496854152997E-06
  4.753155478848540E-06  4.742467730924558E-06  4.731782851733022E-06
  1.584667300569085E-06  1.581104093772333E-06  1.577541843148380E-06
  7.677470250395455E-06  7.660005610007428E-06  7.642546230020700E-06
  4.608109523910404E-06  4.597627099690617E-06  4.587147831428663E-06
  1.536307835201570E-06  1.532813086923927E-06  1.529319390586511E-06
  7.444394944345566E-06  7.427256782857807E-06  7.410124279518000E-06
  4.468202505479255E-06  4.457916066363612E-06  4.447633022050097E-06
  1.489661852038673E-06  1.486232448424715E-06  1.482804176408428E-06
  7.219603518268981E-06  7.202778947154230E-06  7.185960049693980E-06
  4.333268705832539E-06  4.323170512843392E-06  4.313075724097769E-06
  1.444674090528065E-06  1.441307450948281E-06  1.437941946120578E-06
  7.002806270476494E-06  6.986285529879804E-06  6.969770305964215E-06
  4.203134179096988E-06  4.193218371746917E-06  4.183305874501885E-06
  1.401286547885343E-06  1.397980718091441E-06  1.394675991662658E-06
  6.793710574537254E-06  6.777483670601325E-06  6.761262369390287E-06
  4.077623220518906E-06  4.067883799050486E-06  4.058147739276232E-06
  1.359440634372385E-06  1.356193613863301E-06  1.352947713919693E-06
  6.592048124878156E-06  6.576102293092007E-06  6.560162461713049E-06
  3.956574721623753E-06  3.947004023559599E-06  3.937436925868541E-06
  1.319082626336907E-06  1.315891860345671E-06  1.312702294492947E-06
  6.397586734864621E-06  6.381909476687874E-06  6.366238521502150E-06
  3.839849265157502E-06  3.830439786569748E-06  3.821034090036968E-06
  1.280166033912609E-06  1.277029020301107E-06  1.273893267406226E-06
