  3.444391703679589E+00  3.438210743905664E+00  3.432027062639965E+00

 -1.904059151547492E-03 -1.041609431380632E-03 -1.795312291897427E-04
  7.593396152698752E-03  8.500159654120033E-03  9.406896627733157E-03
  1.280112401874113E-02  1.373118325130726E-02  1.466170063808512E-02
  1.280112401874113E-02  1.373118325130726E-02  1.466170063808512E-02
  7.593396152698752E-03  8.500159654120033E-03  9.406896627733157E-03
 -1.904059151547492E-03 -1.041609431380632E-03 -1.795312291897427E-04
 -1.413116896852374E-02 -1.332844822398009E-02 -1.252609815501529E-02
 -2.733144649163442E-02 -2.659861673296306E-02 -2.586611541506101E-02
 -4.002491308776939E-02 -3.937041867354276E-02 -3.871614934652300E-02
 -5.121432808185583E-02 -5.064436431243764E-02 -5.007471302273669E-02
 -6.018117774510073E-02 -5.970037297320199E-02 -5.922083842805476E-02
 -6.628364658277021E-02 -6.589948210309525E-02 -6.551773153809395E-02
 -6.894079081720046E-02 -6.865623674964125E-02 -6.837437137894847E-02
 -6.769802227875542E-02 -6.750297426891497E-02 -6.731056217538472E-02
 -6.275880809296704E-02 -6.264626385502306E-02 -6.253703389976960E-02
 -5.561572734443353E-02 -5.560134400431364E-02 -5.559140623310898E-02
 -4.855973118212802E-02 -4.866682730238577E-02 -4.877853711046708E-02
 -4.329885948138473E-02 -4.352514737975017E-02 -4.375445396021199E-02
 -4.020759626773452E-02 -4.051665365983244E-02 -4.082602014488235E-02
 -3.875846046155171E-02 -3.910051891477066E-02 -3.944025060531570E-02
 -3.830466340863989E-02 -3.863797980837059E-02 -3.896706685391755E-02
 -3.841293503274585E-02 -3.870925003039134E-02 -3.900022826331383E-02
 -3.878741523580371E-02 -3.902856593687300E-02 -3.926394979296520E-02
 -3.916536175979107E-02 -3.934084760880324E-02 -3.951070085662550E-02
 -3.932437342539516E-02 -3.943087116951825E-02 -3.953228826448060E-02
 -3.912424027251352E-02 -3.916448969359100E-02 -3.920044092152620E-02
 -3.851305895967640E-02 -3.849361843826816E-02 -3.847072706348627E-02
 -3.750069926774961E-02 -3.742974925906897E-02 -3.735616091497481E-02
 -3.612886985245100E-02 -3.601484560231202E-02 -3.589892110398613E-02
 -3.445254423437603E-02 -3.430351830747706E-02 -3.415324847522191E-02
 -3.253112478703099E-02 -3.235457310440887E-02 -3.217735509583784E-02
 -3.042400697903563E-02 -3.022671251641184E-02 -3.002925389797261E-02
 -2.818778773389844E-02 -2.797578936541362E-02 -2.776405523025826E-02
 -2.587438875564882E-02 -2.565295412345860E-02 -2.543213941929984E-02
 -2.352989112582137E-02 -2.330351329814750E-02 -2.307804074012244E-02
 -2.119393354028536E-02 -2.096635451315349E-02 -2.073990040081941E-02
 -1.889956383661508E-02 -1.867382438407351E-02 -1.844937071325013E-02
 -1.667345340270848E-02 -1.645196320394758E-02 -1.623186919663533E-02
 -1.453637382325836E-02 -1.432099232684074E-02 -1.410707559839170E-02
 -1.250382715867223E-02 -1.229594578717212E-02 -1.208956396524447E-02
 -1.058673498601477E-02 -1.038735395152993E-02 -1.018948042193310E-02
 -8.792119871404408E-03 -8.601916207146627E-03 -8.413206966577725E-03
 -7.123742204522755E-03 -6.943128291703701E-03 -6.763979419186825E-03
 -5.582676979281429E-03 -5.411850369589609E-03 -5.242446998782768E-03
 -4.167827519052772E-03 -4.006813351200091E-03 -3.847171423577626E-03
 -2.876378382943204E-03 -2.725065578243709E-03 -2.575067505435701E-03
 -1.704190901740265E-03 -1.562363007863234E-03 -1.421788061310850E-03
 -6.461446262355221E-04 -5.135059161735984E-04 -3.820559233015105E-04
  3.035720993989509E-04  4.273747916604815E-04  5.500539703981679E-04
  1.151218820600682E-03  1.266578065719130E-03  1.380878813921096E-03
  1.903302645465203E-03  2.010635704139384E-03  2.116974195734002E-03
  2.566416111132795E-03  2.666153051075554E-03  2.764957578529045E-03
  3.147108247015904E-03  3.239682429158473E-03  3.331384056775174E-03
  3.651783986319247E-03  3.737624510691598E-03  3.822649651306458E-03
  4.086627467774611E-03  4.166153233256649E-03  4.244917810451101E-03
  4.457545269179571E-03  4.531160362074958E-03  4.604065279366789E-03
  4.770126121859251E-03  4.838216298598037E-03  4.905643985727697E-03
  5.029614119057148E-03  5.092544187581777E-03  5.154856031817172E-03
  5.240892840759351E-03  5.299004775709653E-03  5.356539275786291E-03
  5.408478180386634E-03  5.462089832445230E-03  5.515161337531070E-03
  5.536517989631215E-03  5.585922271776332E-03  5.634820190044025E-03
  5.628796966023060E-03  5.674261420467050E-03  5.719249802825077E-03
  5.688745499376313E-03  5.730512169439243E-03  5.771829594438562E-03
  5.719451470951304E-03  5.757737022442984E-03  5.795596728804183E-03
  5.723674264626022E-03  5.758670321916816E-03  5.793260555825559E-03
  5.703860503817037E-03  5.735734186834158E-03  5.767218752398548E-03
  5.662161271956265E-03  5.691055941966918E-03  5.719574965042699E-03
  5.600450806851927E-03  5.626487050792164E-03  5.652157988398615E-03
  5.520346876535350E-03  5.543623781132026E-03  5.566542730219270E-03
  5.423233238802385E-03  5.443830025581155E-03  5.464073404591740E-03
  5.310284746982797E-03  5.328262855547280E-03  5.345889548081607E-03
  5.182495772388667E-03  5.197901489464616E-03  5.212955548638335E-03
  5.040712646631773E-03  5.053580378823651E-03  5.066094390096074E-03
  4.885670755263377E-03  4.896027030380569E-03  4.906026215665904E-03
  4.718036707290432E-03  4.725904958178414E-03  4.733412070796680E-03
  4.538455634553289E-03  4.543861767296310E-03  4.548902772426150E-03
  4.347603124197282E-03  4.350581797634857E-03  4.353192255115801E-03
  4.146240562390873E-03  4.146842009957289E-03  4.147073977797998E-03
  3.935271809645935E-03  3.933568924237275E-03  3.931498089350401E-03
  3.715798223992001E-03  3.711893514393025E-03  3.707626145153129E-03
  3.489168233190741E-03  3.483200164935612E-03  3.476879387202096E-03
  3.257017105067592E-03  3.249165281661767E-03  3.240976128433307E-03
  3.021292462198356E-03  3.011781106582028E-03  3.001953803510482E-03
  2.784261591380357E-03  2.773360869176083E-03  2.762171909624603E-03
  2.548497789928348E-03  2.536522680748454E-03  2.524293418680706E-03
  2.316844827863675E-03  2.304151488193486E-03  2.291244222406716E-03
  2.092360903197269E-03  2.079340746232272E-03  2.066152555151670E-03
  1.878245909248314E-03  1.865317910834267E-03  1.852272779073516E-03
  1.677758016002418E-03  1.665359990706915E-03  1.652899995111099E-03
  1.494127077310832E-03  1.482706804513568E-03  1.471283248643390E-03
  1.330472863949305E-03  1.320479939551727E-03  1.310545301341315E-03
  1.189735363664846E-03  1.181614480916000E-03  1.173615842226654E-03
  1.074622294448401E-03  1.068808303256390E-03  1.063182549228054E-03
  9.875755760128050E-04  9.844901319591864E-04  9.816606423548428E-04
  9.307539321254773E-04  9.308028417925281E-04  9.311766683965520E-04
  9.060233689418952E-04  9.095929305317700E-04  9.135566387026125E-04
  9.149416985725106E-04  9.223915794778248E-04  9.303032002404991E-04
  9.587189237435813E-04  9.703686910913917E-04  9.825428854707300E-04
  1.038134319358008E-03  1.054241037347127E-03  1.070925019653189E-03
  1.153395978612487E-03  1.174121689915077E-03  1.195461055626330E-03
  1.303941274770216E-03  1.329311840127889E-03  1.355308286251587E-03
  1.488196703081599E-03  1.518057050467313E-03  1.548523637932320E-03
  1.703338965089308E-03  1.737313369669225E-03  1.771836442091574E-03
  1.945118532714164E-03  1.982586755405590E-03  2.020505504858600E-03
  2.207813456857110E-03  2.247913104699663E-03  2.288326812861049E-03
  2.484368261722195E-03  2.526029964657008E-03  2.567838666184695E-03
  2.766739732846303E-03  2.808755173782157E-03  2.850732599036657E-03
  3.046425314554664E-03  3.087540489758217E-03  3.128430488036651E-03
  3.315103882313008E-03  3.354123542740583E-03  3.392745136489025E-03
  3.565287550080344E-03  3.601173680915876E-03  3.636517445427587E-03
  3.790877333312739E-03  3.822825788099705E-03  3.854126193508302E-03
  3.987536826360991E-03  4.015021379960617E-03  4.041795379413331E-03
  4.152839316573298E-03  4.175619716355383E-03  4.197669346238997E-03
  4.286191688261961E-03  4.304289510041960E-03  4.321673316239451E-03
  4.388579157949469E-03  4.402230484707465E-03  4.415213386285502E-03
  4.462198771988180E-03  4.471794924399692E-03  4.480787859783415E-03
  4.510054015552915E-03  4.516080884811766E-03  4.521580520873768E-03
  4.535571411830843E-03  4.538555304758874E-03  4.541091237198829E-03
  4.542279642695000E-03  4.542744180853629E-03  4.542837651263503E-03
  4.533569741410042E-03  4.532005300724687E-03  4.530140492538898E-03
  4.512536718225101E-03  4.509381700022973E-03  4.505988633776925E-03
  4.481891539505851E-03  4.477523471051841E-03  4.472970385128301E-03
  4.443928152102625E-03  4.438662016865484E-03  4.433254638632565E-03
  4.400531155061044E-03  4.394622310639778E-03  4.388607423894528E-03
  4.353211766044141E-03  4.346861345435508E-03  4.340432572824506E-03
  4.303159402203116E-03  4.296521126023524E-03  4.289825843574465E-03
  4.251294101599473E-03  4.244482389658908E-03  4.237629693109725E-03
  4.198306940922805E-03  4.191406189177500E-03  4.184475943044018E-03
  4.144687268853495E-03  4.137760799834880E-03  4.130812546304552E-03
  4.090753245389773E-03  4.083848923614537E-03  4.076927794604520E-03
  4.036709333027422E-03  4.029859506819598E-03  4.022996571089980E-03
  3.982733802430659E-03  3.975951363754789E-03  3.969159603699303E-03
  3.929055501678044E-03  3.922333195433153E-03  3.915605755906742E-03
  3.875948473083244E-03  3.869269760223794E-03  3.862589049260387E-03
  3.823600613536462E-03  3.816963387221650E-03  3.810323542313226E-03
  3.771904973799603E-03  3.765346981787293E-03  3.758779950757748E-03
  3.720319504279768E-03  3.713926293827872E-03  3.707512623268698E-03
  3.667949879423324E-03  3.661832089148472E-03  3.655681700371589E-03
  3.613887107168457E-03  3.608133475582714E-03  3.602340243869237E-03
  3.557644271046037E-03  3.552276447887364E-03  3.546871073904470E-03
  3.499429859864186E-03  3.494388248702866E-03  3.489319529948454E-03
  3.440072910524980E-03  3.435244140503928E-03  3.430402187628820E-03
  3.380638288145036E-03  3.375907322184448E-03  3.371174536594420E-03
  3.321973089464224E-03  3.317267633577526E-03  3.312565600329460E-03
  3.264451097849913E-03  3.259754388582527E-03  3.255060668122138E-03
  3.208019683644685E-03  3.203351812807283E-03  3.198683948644573E-03
  3.152442341019314E-03  3.147830100179713E-03  3.143215466088198E-03
  3.097533920364839E-03  3.092990757022358E-03  3.088444669848325E-03
  3.043252869476231E-03  3.038776811149434E-03  3.034298628076248E-03
  2.989655881559425E-03  2.985238525202909E-03  2.980820023252494E-03
  2.936809160687957E-03  2.932444378169154E-03  2.928078929476486E-03
  2.884737995277476E-03  2.880424519927865E-03  2.876110372011398E-03
  2.833430148453864E-03  2.829169461481862E-03  2.824907933468272E-03
  2.782862134647342E-03  2.778655669700128E-03  2.774448277813626E-03
  2.733017838782165E-03  2.728865730438196E-03  2.724712751231719E-03
  2.683891877251512E-03  2.679793122572041E-03  2.675693640375624E-03
  2.635484531547146E-03  2.631437716948014E-03  2.627390315763797E-03
  2.587795161848497E-03  2.583799187801353E-03  2.579802695646136E-03
  2.540817735772135E-03  2.536872144169471E-03  2.532926028131520E-03
  2.494540981570257E-03  2.490645647188529E-03  2.486749775559560E-03
  2.448953084712714E-03  2.445107568746946E-03  2.441261562590516E-03
  2.404046222140125E-03  2.400249512549103E-03  2.396452406304764E-03
  2.359815770642369E-03  2.356066724690509E-03  2.352317347343608E-03
  2.316255254962571E-03  2.312553178147282E-03  2.308850769091025E-03
  2.273353615318571E-03  2.269698222823587E-03  2.266042479961871E-03
  2.231098389021396E-03  2.227489217191826E-03  2.223879727916582E-03
  2.189480473205977E-03  2.185916549952656E-03  2.182352388040515E-03
  2.148494028265552E-03  2.144974248738159E-03  2.141454285304668E-03
  2.108131791641343E-03  2.104655472096660E-03  2.101178962390167E-03
  2.068382361772512E-03  2.064949207042665E-03  2.061515841515392E-03
  2.029233186906473E-03  2.025842728491358E-03  2.022452088735337E-03
  1.990675049148651E-03  1.987326341708290E-03  1.983977525389472E-03
  1.952701839463713E-03  1.949393831898065E-03  1.946085763469734E-03
  1.915306047814231E-03  1.912038103407490E-03  1.908770088491829E-03
  1.878476313268426E-03  1.875248156589304E-03  1.872019908570355E-03
  1.842200400804114E-03  1.839011576284683E-03  1.835822688851812E-03
  1.806469391342366E-03  1.803318992485671E-03  1.800168598987007E-03
  1.771277276869928E-03  1.768164315366010E-03  1.765051402496351E-03
  1.736616625578675E-03  1.733540517430663E-03  1.730464446651357E-03
  1.702476397960671E-03  1.699436893157364E-03  1.696397405750768E-03
  1.668844893984218E-03  1.665841558870840E-03  1.662838268902010E-03
  1.635713667726725E-03  1.632745643509269E-03  1.629777728975158E-03
  1.603077005446802E-03  1.600143369005595E-03  1.597209881892494E-03
  1.570927789015898E-03  1.568028005277392E-03  1.565128359247924E-03
  1.539255504458710E-03  1.536389346272727E-03  1.533523307263894E-03
  1.508049058086050E-03  1.505216117212304E-03  1.502383322465749E-03
  1.477300412711471E-03  1.474499883742458E-03  1.471699561655200E-03
  1.447004079255154E-03  1.444235105395239E-03  1.441466374914832E-03
  1.417153348723834E-03  1.414415439745749E-03  1.411677762801266E-03
  1.387738571515165E-03  1.385031518913640E-03  1.382324681467298E-03
  1.358749752771001E-03  1.356073172356418E-03  1.353396833194414E-03
  1.330179652007130E-03  1.327532790942540E-03  1.324886228340623E-03
  1.302022944320726E-03  1.299405009608264E-03  1.296787407304628E-03
  1.274272586500580E-03  1.271683131046376E-03  1.269093997271105E-03
  1.246918510075544E-03  1.244357346290364E-03  1.241796488708142E-03
  1.219950656465947E-03  1.217417427082056E-03  1.214884528851781E-03
  1.193362490260549E-03  1.190856489950051E-03  1.188350874918165E-03
  1.167150476292424E-03  1.164670959838724E-03  1.162191861191748E-03
  1.141310355859831E-03  1.138856901251515E-03  1.136403855190550E-03
  1.115835173095922E-03  1.113407603634180E-03  1.110980428032434E-03
  1.090717653614331E-03  1.088315621091459E-03  1.085914002962992E-03
  1.065954527034640E-03  1.063577311537634E-03  1.061200557166800E-03
  1.041550432052154E-03  1.039197351867792E-03  1.036844763041065E-03
 -2.541448527999798E-03 -1.644541168160473E-03 -7.469743053128089E-04
  6.916744473557967E-03  7.863912256881017E-03  8.811343224545255E-03
  1.210917688499027E-02  1.308379674937464E-02  1.405795194696660E-02
  1.210917688499027E-02  1.308379674937464E-02  1.405795194696660E-02
  6.916744473557967E-03  7.863912256881017E-03  8.811343224545255E-03
 -2.541448527999798E-03 -1.644541168160473E-03 -7.469743053128089E-04
 -1.470262804578732E-02 -1.387071479257258E-02 -1.303868120783911E-02
 -2.781824969437166E-02 -2.705962601443927E-02 -2.630239147671368E-02
 -4.042628529315631E-02 -3.975149676154831E-02 -3.907996479537566E-02
 -5.159930493764859E-02 -5.102137667524193E-02 -5.044678002106370E-02
 -6.069677192158564E-02 -6.021735298927839E-02 -5.973935841441864E-02
 -6.699129534221170E-02 -6.660459943763684E-02 -6.621871428677673E-02
 -6.971096222114735E-02 -6.941663450059610E-02 -6.912423070532639E-02
 -6.837062427206139E-02 -6.816700806119713E-02 -6.796613282220798E-02
 -6.332952433972819E-02 -6.321581512343372E-02 -6.310549931996563E-02
 -5.618243232740236E-02 -5.617252389709498E-02 -5.616695769867183E-02
 -4.916390317963128E-02 -4.927586155787343E-02 -4.939226915593629E-02
 -4.388903132091914E-02 -4.411744681636399E-02 -4.434873089274604E-02
 -4.071775494428206E-02 -4.102661976896865E-02 -4.133572123731854E-02
 -3.917028853572820E-02 -3.951156299166171E-02 -3.985052190806831E-02
 -3.863939457764340E-02 -3.897224471102424E-02 -3.930091733238227E-02
 -3.869576980038547E-02 -3.899190441510982E-02 -3.928276524001269E-02
 -3.903058417650799E-02 -3.927167682875444E-02 -3.950706996978218E-02
 -3.937248500570409E-02 -3.954809408396576E-02 -3.971813540583372E-02
 -3.949860701968470E-02 -3.960552377660903E-02 -3.970741050244174E-02
 -3.927073838984931E-02 -3.931169585503396E-02 -3.934838402860726E-02
 -3.863741621877980E-02 -3.861885698727360E-02 -3.859685529814460E-02
 -3.760736511888953E-02 -3.753733778907416E-02 -3.746466692889648E-02
 -3.622087877155315E-02 -3.610773071594686E-02 -3.599267145387357E-02
 -3.453196546383153E-02 -3.438373410899467E-02 -3.423424786492540E-02
 -3.259953533747090E-02 -3.242369739082524E-02 -3.224718490354968E-02
 -3.048276660583305E-02 -3.028612123897305E-02 -3.008930663707071E-02
 -2.823814790735399E-02 -2.802675056700418E-02 -2.781561453759540E-02
 -2.591750540996739E-02 -2.569663328204758E-02 -2.547637904824490E-02
 -2.356679580735979E-02 -2.334094366169846E-02 -2.311599475712376E-02
 -2.122550295440977E-02 -2.099840973064558E-02 -2.077243911204806E-02
 -1.892651067386180E-02 -1.870121331808626E-02 -1.847719933438394E-02
 -1.669634226520729E-02 -1.647524868055583E-02 -1.625554915935977E-02
 -1.455565295131151E-02 -1.434062384227175E-02 -1.412705800152130E-02
 -1.251986322372823E-02 -1.231229381543984E-02 -1.210622327351309E-02
 -1.059984178147056E-02 -1.040073748285145E-02 -1.020314083967709E-02
 -8.802577442567119E-03 -8.612620755496467E-03 -8.424159376440015E-03
 -7.131807369399292E-03 -6.951415685033812E-03 -6.772490510592272E-03
 -5.588588148546707E-03 -5.417963273537923E-03 -5.248763546624863E-03
 -4.171806674904334E-03 -4.010977247908012E-03 -3.851522290551011E-03
 -2.878632062209127E-03 -2.727489871647462E-03 -2.577664871130488E-03
 -1.704910949158003E-03 -1.563241898640490E-03 -1.422828409953368E-03
 -6.455087992698114E-04 -5.130190779436214E-04 -3.817207815034150E-04
  3.053998292326490E-04  4.290618866794610E-04  5.515976897202498E-04
  1.154088377469141E-03  1.269314254455632E-03  1.383478919185208E-03
  1.907078342160431E-03  2.014284623395115E-03  2.120493704529973E-03
  2.570977398445899E-03  2.670593873540934E-03  2.769275438965882E-03
  3.152350567472027E-03  3.244810692382017E-03  3.336395950854031E-03
  3.657619609567125E-03  3.743352921253211E-03  3.828268767839570E-03
  4.092986233940715E-03  4.172412377807522E-03  4.251075524266944E-03
  4.464375208371165E-03  4.537899296612209E-03  4.610711711019967E-03
  4.777393942192347E-03  4.845403009181827E-03  4.912748435442579E-03
  5.037305563290919E-03  5.100165921726915E-03  5.162407285936236E-03
  5.249012908283494E-03  5.307068239614412E-03  5.364545779248492E-03
  5.417051202571383E-03  5.470621240201810E-03  5.523651216667524E-03
  5.545587534534069E-03  5.594967220539550E-03  5.643841097627768E-03
  5.638425534076374E-03  5.683884550952296E-03  5.728868542451362E-03
  5.699013954217758E-03  5.740796553220806E-03  5.782131462965263E-03
  5.730458128693796E-03  5.768783196259978E-03  5.806684493880934E-03
  5.735533540829852E-03  5.770594864682265E-03  5.805252960596011E-03
  5.716700991023626E-03  5.748667708401837E-03  5.780248412581919E-03
  5.676123093983966E-03  5.705140326011909E-03  5.733785496905260E-03
  5.615682072076690E-03  5.641871770646560E-03  5.667700183143918E-03
  5.536999035684912E-03  5.560461091799807E-03  5.583569575870373E-03
  5.441455150123305E-03  5.462268834540572E-03  5.482733758035373E-03
  5.330215271697888E-03  5.348441098323535E-03  5.366320286780713E-03
  5.204254777565626E-03  5.219936894983065E-03  5.235272095641974E-03
  5.064390393435821E-03  5.077559617050939E-03  5.090379620275474E-03
  4.911315810665369E-03  4.921993402914371E-03  4.932317927600230E-03
  4.745642744788065E-03  4.753845028973741E-03  4.761689454285002E-03
  4.567947782767147E-03  4.573691632292019E-03  4.579072611386677E-03
  4.378824863118577E-03  4.382134038256434E-03  4.385075956612810E-03
  4.178942514067384E-03  4.179854721663891E-03  4.180396862457151E-03
  3.969104055880313E-03  3.967678486969522E-03  3.965882642758096E-03
  3.750307920324466E-03  3.746632887072086E-03  3.742591022288847E-03
  3.523804182907853E-03  3.518004348074958E-03  3.511845789968280E-03
  3.291142536698670E-03  3.283385131788742E-03  3.275282675192894E-03
  3.054206497488297E-03  3.044705889379578E-03  3.034880172654424E-03
  2.815228853309228E-03  2.804248869962792E-03  2.792970441484514E-03
  2.576784421832304E-03  2.564638000910719E-03  2.552226661205055E-03
  2.341758083833985E-03  2.328804059953281E-03  2.315625327580160E-03
  2.113288659374561E-03  2.099925829241685E-03  2.086384709048927E-03
  1.894692133529269E-03  1.881351084405190E-03  1.867883663249200E-03
  1.689370525227442E-03  1.676504017887286E-03  1.663567710862277E-03
  1.500714783245618E-03  1.488787680559257E-03  1.476851134946176E-03
  1.332011012176229E-03  1.321490783932801E-03  1.311024465071129E-03
  1.186358763796552E-03  1.177707441733020E-03  1.169175741222360E-03
  1.066607961645953E-03  1.060276051128392E-03  1.054131360489157E-03
  9.753173284035090E-04  9.717396090130889E-04  9.684181979167827E-04
  9.147321782155620E-04  9.143245721419643E-04  9.142433322102951E-04
  8.867735348502769E-04  8.899293624814113E-04  8.934816092653077E-04
  8.930245244541532E-04  9.001076601257778E-04  9.076554048571195E-04
  9.346952793210579E-04  9.460272501342274E-04  9.578869635657911E-04
  1.012546331914281E-03  1.028384660926106E-03  1.044803957289377E-03
  1.126755212787551E-03  1.147261679804370E-03  1.168385917567783E-03
  1.276723550040319E-03  1.301923684726990E-03  1.327754310968969E-03
  1.460842031297150E-03  1.490580743529821E-03  1.520930888853958E-03
  1.676254246199206E-03  1.710156119443011E-03  1.744612472646026E-03
  1.918680293397341E-03  1.956125360686492E-03  1.994027320931554E-03
  2.182368217970612E-03  2.222493680450668E-03  2.262939928242576E-03
  2.460229075322664E-03  2.501963745036939E-03  2.543852177242754E-03
  2.744178819960752E-03  2.786310552342106E-03  2.828410668607132E-03
  3.025664166878287E-03  3.066932861009077E-03  3.107981994187034E-03
  3.296303222359409E-03  3.335505448796401E-03  3.374314081122082E-03
  3.548539853021299E-03  3.584627949461822E-03  3.620176771608727E-03
  3.776204120524055E-03  3.808363737127517E-03  3.839876936604588E-03
  3.974891836888486E-03  4.002586990332025E-03  4.029571841432379E-03
  4.142117325196673E-03  4.165099330848058E-03  4.187349645904853E-03
  4.277241580072125E-03  4.295525513078065E-03  4.313093624884842E-03
  4.381219188767976E-03  4.395036823963595E-03  4.408183657077190E-03
  4.456231843821428E-03  4.465972323523016E-03  4.475106931878684E-03
  4.505281184516167E-03  4.511430047499941E-03  4.517048988881301E-03
  4.531802510129224E-03  4.534887100713908E-03  4.537521186950460E-03
  4.539340603291120E-03  4.539886504093190E-03  4.540059051518776E-03
  4.531306788935399E-03  4.529806838191259E-03  4.528004550093913E-03
  4.510817950943685E-03  4.507713176136113E-03  4.504368713667463E-03
  4.480606576930526E-03  4.476277054923324E-03  4.471761190991987E-03
  4.442986513954377E-03  4.437749550608379E-03  4.432370302247278E-03
  4.399859936736906E-03  4.393972906985982E-03  4.387979034217919E-03
  4.352753040528341E-03  4.346418764984459E-03  4.340005535155581E-03
  4.302867644915884E-03  4.296241212582920E-03  4.289557329605745E-03
  4.251133820765700E-03  4.244330731765944E-03  4.237486335936511E-03
  4.198250606814862E-03  4.191356090563393E-03  4.184431849794407E-03
  4.144713570764584E-03  4.137791580521222E-03  4.130847643375724E-03
  4.090845664395711E-03  4.083944534881551E-03  4.077026484358963E-03
  4.036854999660788E-03  4.030007425869149E-03  4.023146662876828E-03
  3.982922606053397E-03  3.976141732796745E-03  3.969351482024869E-03
  3.929279422129913E-03  3.922558175366739E-03  3.915831755523421E-03
  3.876201103007248E-03  3.869523069121240E-03  3.862843009020950E-03
  3.823876826503834E-03  3.817239982076213E-03  3.810600499580259E-03
  3.772200677115478E-03  3.765642825422986E-03  3.759075921412148E-03
  3.720631414200218E-03  3.714238144969850E-03  3.707824405991443E-03
  3.668275284272230E-03  3.662157277883190E-03  3.656006664476785E-03
  3.614223633513108E-03  3.608469674570097E-03  3.602676106204484E-03
  3.557989709421134E-03  3.552621493699239E-03  3.547215716536099E-03
  3.499782104078657E-03  3.494740070971289E-03  3.489670919260961E-03
  3.440430012436191E-03  3.435600808559299E-03  3.430758412110694E-03
  3.380998565767714E-03  3.376267153306792E-03  3.371533914130515E-03
  3.322335201973804E-03  3.317629276391538E-03  3.312926769240410E-03
  3.264814034278269E-03  3.260116822774353E-03  3.255422597941897E-03
  3.208382674063402E-03  3.203714267373159E-03  3.199045866074150E-03
  3.152804744652712E-03  3.148191941633153E-03  3.143576744034907E-03
  3.097895147762876E-03  3.093351406557531E-03  3.088804739922125E-03
  3.043612361369539E-03  3.039135718063232E-03  3.034656948394872E-03
  2.990013126301020E-03  2.985595182083044E-03  2.981176090974408E-03
  2.937163715598918E-03  2.932798343460934E-03  2.928432304290091E-03
  2.885089490061570E-03  2.880775423755658E-03  2.876460684358592E-03
  2.833778271887315E-03  2.829516993753740E-03  2.825254874225662E-03
  2.783206617893217E-03  2.778999563363525E-03  2.774791581609164E-03
  2.733358445086070E-03  2.729205750484717E-03  2.725052184782048E-03
  2.684228398657698E-03  2.680129062294861E-03  2.676028998236090E-03
  2.635816788248862E-03  2.631769397293041E-03  2.627721419643673E-03
  2.588123000960371E-03  2.584126456339628E-03  2.580129393564324E-03
  2.541141028866269E-03  2.537194872815661E-03  2.533248192328026E-03
  2.494859621500329E-03  2.490963729146459E-03  2.487067299562741E-03
  2.449266982370721E-03  2.445420915282136E-03  2.441574358024331E-03
  2.404355303897146E-03  2.400558050356330E-03  2.396760400187721E-03
  2.360119977060427E-03  2.356370394503474E-03  2.352620480588145E-03
  2.316554540294917E-03  2.312851934242523E-03  2.309148995999774E-03
  2.273647946549867E-03  2.269992032192164E-03  2.266335767520369E-03
  2.231387743940104E-03  2.227778057710394E-03  2.224168054075448E-03
  2.189764838458581E-03  2.186200408380404E-03  2.182635739672221E-03
  2.148773398524875E-03  2.145253119759301E-03  2.141732657118611E-03
  2.108406169645905E-03  2.104929358351771E-03  2.101452356931334E-03
  2.068651757942081E-03  2.065218118860697E-03  2.061784269012998E-03
  2.029497617882237E-03  2.026106682519375E-03  2.022715565831451E-03
  1.990934536319415E-03  1.987585359371899E-03  1.984236073550165E-03
  1.952956408581294E-03  1.949647938895571E-03  1.946339408352260E-03
  1.915555729386548E-03  1.912287330096081E-03  1.909018860306285E-03
  1.878721142294055E-03  1.875492537853113E-03  1.872263842076332E-03
  1.842440415488842E-03  1.839251150326294E-03  1.836061822238701E-03
  1.806704631884661E-03  1.803553799521676E-03  1.800402972496931E-03
  1.771507785443995E-03  1.768394397484362E-03  1.765281058143856E-03
  1.736842446881133E-03  1.733765919165173E-03  1.730689428808904E-03
  1.702697578946943E-03  1.699657661364144E-03  1.696617761160406E-03
  1.669061482522444E-03  1.666057741436535E-03  1.663054045463965E-03
  1.635925711539502E-03  1.632957288185614E-03  1.629988974476957E-03
  1.603284552270272E-03  1.600350523443323E-03  1.597416643913781E-03
  1.571130887193463E-03  1.568230717668002E-03  1.565330685828366E-03
  1.539454202427336E-03  1.536587664998692E-03  1.533721246713979E-03
  1.508243402701124E-03  1.505410089207929E-03  1.502576921793475E-03
  1.477490447959349E-03  1.474689553076427E-03  1.471888865022623E-03
  1.447189846254795E-03  1.444420513144264E-03  1.441651423370899E-03
  1.417334885833954E-03  1.414596624186933E-03  1.411858594536000E-03
  1.387915912811201E-03  1.385208514189967E-03  1.382501330674121E-03
  1.358922924867360E-03  1.356246005336753E-03  1.353569326987437E-03
  1.330348670795488E-03  1.327701477790756E-03  1.325054583172587E-03
  1.302187812124585E-03  1.299569552830229E-03  1.296951625879695E-03
  1.274433287483985E-03  1.271843515042433E-03  1.269254064216621E-03
  1.247075000633164E-03  1.244513528035309E-03  1.241952361551587E-03
  1.220102848490973E-03  1.217569319504866E-03  1.215036121545618E-03
  1.193510224594805E-03  1.191003935302849E-03  1.188498031142966E-03
  1.167293477215934E-03  1.164813684300756E-03  1.162334309044160E-03
  1.141448142835255E-03  1.138994427408687E-03  1.136541120352932E-03
  1.115966884539402E-03  1.113539075667881E-03  1.111111660388109E-03
  1.090841769157690E-03  1.088439528833403E-03  1.086037702485169E-03
  1.066069146621883E-03  1.063691767636540E-03  1.061314849185887E-03
  1.041657944660619E-03  1.039304730889117E-03  1.036952007791346E-03
 -2.885836325644155E-03 -1.973245411905452E-03 -1.051558610052115E-03
  6.545137726874785E-03  7.520073597646155E-03  8.500337751861081E-03
  1.172764382459204E-02  1.274314389636719E-02  1.375994262616924E-02
  1.172764382459204E-02  1.274314389636719E-02  1.375994262616924E-02
  6.545137726874785E-03  7.520073597646155E-03  8.500337751861081E-03
 -2.885836325644155E-03 -1.973245411905452E-03 -1.051558610052115E-03
 -1.500545546283161E-02 -1.416177400037758E-02 -1.330843773715822E-02
 -2.808856000116752E-02 -2.731282613754737E-02 -2.653022870117569E-02
 -4.066070212457310E-02 -3.995783989717001E-02 -3.925644751523162E-02
 -5.178030435162115E-02 -5.118152705902685E-02 -5.059280714546630E-02
 -6.091548353545464E-02 -6.044044023609581E-02 -5.997195152630257E-02
 -6.737478733797052E-02 -6.699949731965593E-02 -6.662343504850854E-02
 -7.020051206953816E-02 -6.990684494992734E-02 -6.961288074837763E-02
 -6.878643291615825E-02 -6.857809770571777E-02 -6.837236671883258E-02
 -6.361267871861286E-02 -6.349784231379976E-02 -6.338668762197160E-02
 -5.642661458569381E-02 -5.642006463442802E-02 -5.641782816102342E-02
 -4.945262307765309E-02 -4.956867148842830E-02 -4.968902787535417E-02
 -4.420302525143914E-02 -4.443325392665684E-02 -4.466623203688724E-02
 -4.099442857325734E-02 -4.130286876905102E-02 -4.161149502021667E-02
 -3.938334581206537E-02 -3.972367828761203E-02 -4.006171256446665E-02
 -3.880382514274513E-02 -3.913625461407282E-02 -3.946454940895680E-02
 -3.883338331495204E-02 -3.912951990048905E-02 -3.942042182708196E-02
 -3.915098368941345E-02 -3.939216971881573E-02 -3.962768986752748E-02
 -3.947652988179342E-02 -3.965226912372201E-02 -3.982247116428080E-02
 -3.958656198559883E-02 -3.969372772791886E-02 -3.979588712662259E-02
 -3.934485645124595E-02 -3.938619912236208E-02 -3.942328532721952E-02
 -3.870059044302100E-02 -3.868249236870382E-02 -3.866095445158834E-02
 -3.766181007687627E-02 -3.759224996888982E-02 -3.752004264145185E-02
 -3.626798215831841E-02 -3.615526696369796E-02 -3.604063465919011E-02
 -3.457264999616110E-02 -3.442480604861697E-02 -3.427570177766685E-02
 -3.263454649356572E-02 -3.245905551306361E-02 -3.228288614306095E-02
 -3.051278897376235E-02 -3.031646010041724E-02 -3.011995971199550E-02
 -2.826382966136541E-02 -2.805272678440614E-02 -2.784188392869782E-02
 -2.593944874535163E-02 -2.571885331462279E-02 -2.549887483419281E-02
 -2.358553735600518E-02 -2.335994441853691E-02 -2.313525371266067E-02
 -2.124149797027041E-02 -2.101464454818109E-02 -2.078891255205084E-02
 -1.894012933045269E-02 -1.871505028775369E-02 -1.849125338802628E-02
 -1.670787869249105E-02 -1.648698102521506E-02 -1.626747634644674E-02
 -1.456534179002505E-02 -1.435048686390590E-02 -1.413709445875039E-02
 -1.252789722699927E-02 -1.232048218560700E-02 -1.211456567868617E-02
 -1.060638606895907E-02 -1.040741889539824E-02 -1.020995946271896E-02
 -8.807778925573958E-03 -8.617944797869266E-03 -8.429606426864571E-03
 -7.135799979133020E-03 -6.955518722228993E-03 -6.776704712044709E-03
 -5.591495357007601E-03 -5.420970839973456E-03 -5.251872424299859E-03
 -4.173742693356467E-03 -4.013005256073117E-03 -3.853643400399758E-03
 -2.879702571264923E-03 -2.728645404661502E-03 -2.578906654712609E-03
 -1.705213690149254E-03 -1.563623858648631E-03 -1.423290895031014E-03
 -6.451340434041866E-04 -5.127186858345898E-04 -3.814961074720805E-04
  3.063690116718985E-04  4.299608139662822E-04  5.524249892120548E-04
  1.155576090056358E-03  1.270735278191458E-03  1.384831892530986E-03
  1.909016050403622E-03  2.016158870983301E-03  2.122303169466098E-03
  2.573304260204063E-03  2.672860362518088E-03  2.771480299468424E-03
  3.155013824872127E-03  3.247416710053813E-03  3.338943564099470E-03
  3.660574979126902E-03  3.746254399404262E-03  3.831115303496768E-03
  4.096198257350994E-03  4.175574227608091E-03  4.254186283803878E-03
  4.467817547496884E-03  4.541295688845231E-03  4.614061393487560E-03
  4.781049613663498E-03  4.849017595505623E-03  4.916321345685402E-03
  5.041167111902126E-03  5.103991995747007E-03  5.166197483479192E-03
  5.253082516880699E-03  5.311108834667606E-03  5.368557163992801E-03
  5.421340731916007E-03  5.474889156444018E-03  5.527897543062353E-03
  5.550118481040168E-03  5.599484968257420E-03  5.648345903283543E-03
  5.643228886248342E-03  5.688684189786051E-03  5.733664969698512E-03
  5.704129920104334E-03  5.745919398331780E-03  5.787261943080431E-03
  5.735935696390751E-03  5.774279351888184E-03  5.812200252810862E-03
  5.741429821870554E-03  5.776522533177638E-03  5.811213292467909E-03
  5.723080283428673E-03  5.755092209565283E-03  5.786719653891013E-03
  5.683055588164204E-03  5.712132748003100E-03  5.740839620687247E-03
  5.623242110463130E-03  5.649507161579321E-03  5.675412920532919E-03
  5.545262828125543E-03  5.568816092846055E-03  5.592017964727195E-03
  5.450497845050947E-03  5.471418654304910E-03  5.491993018296617E-03
  5.340107292019668E-03  5.358455738818221E-03  5.376459934488756E-03
  5.215057356190195E-03  5.230876567905538E-03  5.246351238471884E-03
  5.076150292285079E-03  5.089469341230375E-03  5.102441432917159E-03
  4.924059285723675E-03  4.934896856622938E-03  4.945383392403671E-03
  4.759368932321595E-03  4.767737847895860E-03  4.775750574213374E-03
  4.582621828396516E-03  4.588534494758214E-03  4.594085457383118E-03
  4.394371286844907E-03  4.397846053639028E-03  4.400954088368655E-03
  4.195239480952275E-03  4.196307814261393E-03  4.197005837437481E-03
  3.985979370042869E-03  3.984693610879679E-03  3.983036466093083E-03
  3.767537635193549E-03  3.763978972386123E-03  3.760051443765716E-03
  3.541114675822417E-03  3.535400817634511E-03  3.529325276388531E-03
  3.308216692909692E-03  3.300508604547259E-03  3.292451642580697E-03
  3.070694274847568E-03  3.061201292092982E-03  3.051378648016679E-03
  2.830761980083799E-03  2.819744644073289E-03  2.808423773671953E-03
  2.590994385243174E-03  2.578764490174395E-03  2.566264293893573E-03
  2.354296000552928E-03  2.341213604747632E-03  2.327901096184649E-03
  2.123845199580865E-03  2.110312694376907E-03  2.096596746279592E-03
  1.903015499402287E-03  1.889469207724903E-03  1.875791890876819E-03
  1.695280618489122E-03  1.682180736529997E-03  1.669007100931267E-03
  1.504112126043973E-03  1.491932054176755E-03  1.479739418341197E-03
  1.332879637426668E-03  1.322095808616848E-03  1.311363661130958E-03
  1.184763044814184E-03  1.175846210578292E-03  1.167047651101201E-03
  1.062684072746144E-03  1.056092632881203E-03  1.049687874610505E-03
  9.692606028658729E-04  9.654359730720865E-04  9.618678055977674E-04
  9.067819860000441E-04  9.061452196126646E-04  9.058355277606138E-04
  8.771974183286986E-04  8.801454125327152E-04  8.834909518301028E-04
  8.821032244264029E-04  8.890020100659850E-04  8.963668334810209E-04
  9.227099953036682E-04  9.338821168902123E-04  9.455836357385431E-04
  9.997691324720374E-04  1.015472363721126E-03  1.031758411699736E-03
  1.113442984241918E-03  1.133838980529582E-03  1.154854803266779E-03
  1.263115294034801E-03  1.288229416704489E-03  1.313976332919862E-03
  1.447158765753437E-03  1.476835909193523E-03  1.507127078193179E-03
  1.662700333777163E-03  1.696565231784716E-03  1.730987512247492E-03
  1.905444832998541E-03  1.942877657963136E-03  1.980770557419947E-03
  2.169625274050275E-03  2.209763035833322E-03  2.250224947268605E-03
  2.448135991886688E-03  2.489906611407010E-03  2.531834381414280E-03
  2.732872564925497E-03  2.775062003332789E-03  2.817223035615509E-03
  3.015256378940689E-03  3.056601502815319E-03  3.097729887291737E-03
  3.286875160377871E-03  3.326168458973002E-03  3.365070415331216E-03
  3.540138610079154E-03  3.576327597160672E-03  3.611978872039059E-03
  3.768841220348536E-03  3.801106435129824E-03  3.832726063998605E-03
  3.968544776207663E-03  3.996345339442319E-03  4.023435739127412E-03
  4.136733953242349E-03  4.159816942325313E-03  4.182167790363671E-03
  4.272746623843818E-03  4.291123839400671E-03  4.308784337532389E-03
  4.377521889335504E-03  4.391422928649050E-03  4.404651980820505E-03
  4.453233616033287E-03  4.463046511904298E-03  4.472252209944688E-03
  4.502882403949599E-03  4.509092503310413E-03  4.514771335499325E-03
  4.529907861860202E-03  4.533043017377691E-03  4.535726393939250E-03
  4.537862780700066E-03  4.538449550013643E-03  4.538661819789059E-03
  4.530168619825363E-03  4.528701070777070E-03  4.526930195947075E-03
  4.509953211059247E-03  4.506873685492275E-03  4.503553649137400E-03
  4.479959827975887E-03  4.475649680555374E-03  4.471152526046753E-03
  4.442512300201913E-03  4.437290001806209E-03  4.431924894917131E-03
  4.399521624728181E-03  4.393645562933107E-03  4.387662255785698E-03
  4.352521518795983E-03  4.346195361704751E-03  4.339789947644617E-03
  4.302720033260600E-03  4.296099557264798E-03  4.289421407281334E-03
  4.251052281006444E-03  4.244253529079116E-03  4.237413308361318E-03
  4.198221302147830E-03  4.191329922709851E-03  4.184408703064283E-03
  4.144725789105179E-03  4.137806052665689E-03  4.130864287662543E-03
  4.090891101108332E-03  4.083991578892287E-03  4.077075078442702E-03
  4.036927185037474E-03  4.030080746175943E-03  4.023221078062890E-03
  3.983016460110317E-03  3.976236376117123E-03  3.969446886450744E-03
  3.929390919479421E-03  3.922670206968875E-03  3.915944301459977E-03
  3.876327030110533E-03  3.869649338617582E-03  3.862969606828852E-03
  3.824014609870861E-03  3.817377958582530E-03  3.810738659388923E-03
  3.772348255892351E-03  3.765790476798178E-03  3.759223638574627E-03
  3.720787129693460E-03  3.714393834101735E-03  3.707980063805121E-03
  3.668437767823260E-03  3.662319656479856E-03  3.656168933830878E-03
  3.614391694743758E-03  3.608637574364261E-03  3.602843839998376E-03
  3.558162248347828E-03  3.552793837133297E-03  3.547387859297237E-03
  3.499958074511284E-03  3.494915829995540E-03  3.489846461441965E-03
  3.440608442018326E-03  3.435779020488324E-03  3.430936401480303E-03
  3.381178606753112E-03  3.376446971019050E-03  3.371713504894942E-03
  3.322516172234921E-03  3.317810012784164E-03  3.313107269544117E-03
  3.264995419348425E-03  3.260297958128758E-03  3.255603482489530E-03
  3.208564087707044E-03  3.203895414074131E-03  3.199226745251543E-03
  3.152985871055133E-03  3.148372787155226E-03  3.143757308083645E-03
  3.098075696607472E-03  3.093531666210154E-03  3.088984709600617E-03
  3.043792053337978E-03  3.039315117310806E-03  3.034836054087029E-03
  2.990191702598468E-03  2.985773464488525E-03  2.981354078805642E-03
  2.937340951739233E-03  2.932975285007042E-03  2.928608950797938E-03
  2.885265199566055E-03  2.880950837981018E-03  2.876635803048568E-03
  2.833952299293743E-03  2.829690725676163E-03  2.825428310495443E-03
  2.783378829123434E-03  2.779171479828045E-03  2.774963203168550E-03
  2.733528721664069E-03  2.729375733934892E-03  2.725221874985926E-03
  2.684396636254603E-03  2.680297009043066E-03  2.676196654047207E-03
  2.635982896590034E-03  2.631935217452730E-03  2.627886951565299E-03
  2.588286903176075E-03  2.584290073288426E-03  2.580292725219262E-03
  2.541302660271888E-03  2.537356222036664E-03  2.533409259362969E-03
  2.495018928249472E-03  2.491122756932321E-03  2.487226048400667E-03
  2.449423919954212E-03  2.445577577289399E-03  2.441730744469657E-03
  2.404509835593016E-03  2.400712310040344E-03  2.396914387873130E-03
  2.360272072919002E-03  2.356522222046961E-03  2.352772039831485E-03
  2.316704176960800E-03  2.313001306313391E-03  2.309298103498500E-03
  2.273795107235114E-03  2.270138931962254E-03  2.266482406405933E-03
  2.231532417652784E-03  2.227922474199592E-03  2.224312213365894E-03
  2.189907018698165E-03  2.186342335165378E-03  2.182777413016800E-03
  2.148913082459996E-03  2.145392554060241E-03  2.141871841794461E-03
  2.108543358232504E-03  2.105066301079996E-03  2.101589053819727E-03
  2.068786456150924E-03  2.065352574905364E-03  2.061918482911633E-03
  2.029629834180924E-03  2.026238660317850E-03  2.022847305141579E-03
  1.991064281597247E-03  1.987714869855817E-03  1.984365349241411E-03
  1.953083695587822E-03  1.949774994827712E-03  1.946466233208334E-03
  1.915680572990315E-03  1.912411946274090E-03  1.909143249062669E-03
  1.878843559807823E-03  1.875614731496038E-03  1.872385811853410E-03
  1.842560426179229E-03  1.839370940668635E-03  1.836181392232141E-03
  1.806822256039874E-03  1.803671206884179E-03  1.800520163054494E-03
  1.771623044021101E-03  1.768509442820996E-03  1.765395890229034E-03
  1.736955361881062E-03  1.733878624400256E-03  1.730801924272035E-03
  1.702808173676381E-03  1.699768049715202E-03  1.696727943127550E-03
  1.669169781072893E-03  1.666165836979585E-03  1.663161937985416E-03
  1.636031737920337E-03  1.633063114967357E-03  1.630094601639350E-03
  1.603388330207894E-03  1.600454105184084E-03  1.597520029438233E-03
  1.571232440494751E-03  1.568332078100178E-03  1.565431853379158E-03
  1.539553555103420E-03  1.536686828073169E-03  1.533820220173154E-03
  1.508340578238981E-03  1.505507078429425E-03  1.502673724677648E-03
  1.477585468393824E-03  1.474784390539605E-03  1.471983519487324E-03
  1.447282731843062E-03  1.444513219122497E-03  1.441743949715674E-03
  1.417425655183302E-03  1.414687217251655E-03  1.411949011297641E-03
  1.388004582427351E-03  1.385297010848525E-03  1.382589654352383E-03
  1.359009507578824E-03  1.356332418527045E-03  1.353655570623959E-03
  1.330433173771142E-03  1.327785814845305E-03  1.325138754266773E-03
  1.302270234964781E-03  1.299651813478896E-03  1.297033724300423E-03
  1.274513619598331E-03  1.271923688831196E-03  1.269334079647281E-03
  1.247153215980975E-03  1.244591589214174E-03  1.242030268518874E-03
  1.220178895667044E-03  1.217645217215270E-03  1.215111869728285E-03
  1.193584009697426E-03  1.191077576448093E-03  1.188571528254611E-03
  1.167364831603402E-03  1.164884901404213E-03  1.162405388783034E-03
  1.141516752434562E-03  1.139062908421657E-03  1.136609472683426E-03
  1.116032105263316E-03  1.113604180721808E-03  1.111176649620866E-03
  1.090902027854713E-03  1.088499695002004E-03  1.086097775862594E-03
  1.066120532085913E-03  1.063743108795655E-03  1.061366145578147E-03
  1.041701614941250E-03  1.039348398456033E-03  1.036995672023107E-03
