  3.444391703679589E+00  3.438210743905664E+00  3.432027062639965E+00

  1.268892063663526E-04  1.263876474162459E-04  1.258870105711023E-04
  1.269319431071917E-04  1.264302129518093E-04  1.259294052192387E-04
  1.269533189343010E-04  1.264515031463567E-04  1.259506099402028E-04
  1.269533189343010E-04  1.264515031463567E-04  1.259506099402028E-04
  1.269319431071917E-04  1.264302129518093E-04  1.259294052192387E-04
  1.268892063663526E-04  1.263876474162459E-04  1.258870105711023E-04
  1.268251385252564E-04  1.263238362335285E-04  1.258234555702621E-04
  1.267397842451669E-04  1.262388238857361E-04  1.257387845199310E-04
  1.266332029711597E-04  1.261326695794402E-04  1.256330563886118E-04
  1.265054688442360E-04  1.260054471581551E-04  1.255063447228614E-04
  1.263566705924665E-04  1.258572449939282E-04  1.253587375393441E-04
  1.261869114060134E-04  1.256881658628758E-04  1.251903372008792E-04
  1.259963087781432E-04  1.254983267868143E-04  1.250012602586830E-04
  1.257849943424286E-04  1.252878588711180E-04  1.247916372908810E-04
  1.255531136718856E-04  1.250569071046295E-04  1.245616127031924E-04
  1.253008260763049E-04  1.248056301578579E-04  1.243113445280032E-04
  1.250283043642758E-04  1.245342001458862E-04  1.240410041881323E-04
  1.247357345997829E-04  1.242428023859707E-04  1.237507762554597E-04
  1.244233158329331E-04  1.239316351293370E-04  1.234408581837721E-04
  1.240912598187686E-04  1.236009092811407E-04  1.231114600298707E-04
  1.237397907093768E-04  1.232508480937457E-04  1.227628041480202E-04
  1.233691447472360E-04  1.228816868613619E-04  1.223951248858739E-04
  1.229795699290927E-04  1.224936725852202E-04  1.220086682509523E-04
  1.225713256556018E-04  1.220870636246104E-04  1.216036915630561E-04
  1.221446823765222E-04  1.216621293435239E-04  1.211804631023770E-04
  1.216999212194961E-04  1.212191497409091E-04  1.207392617412117E-04
  1.212373336003379E-04  1.207584150624773E-04  1.202803765572897E-04
  1.207572208268879E-04  1.202802254061723E-04  1.198041064408551E-04
  1.202598936982607E-04  1.197848903230137E-04  1.193107596970899E-04
  1.197456720903780E-04  1.192727284043083E-04  1.188006536350180E-04
  1.192148845256946E-04  1.187440668530468E-04  1.182741141405647E-04
  1.186678677487595E-04  1.181992410612101E-04  1.177314752555988E-04
  1.181049662894674E-04  1.176385941747467E-04  1.171730787446434E-04
  1.175265320094707E-04  1.170624766417841E-04  1.165992736448707E-04
  1.169329236667734E-04  1.164712457789982E-04  1.160104158342582E-04
  1.163245064592466E-04  1.158652653169294E-04  1.154068675786857E-04
  1.157016515691694E-04  1.152449049463634E-04  1.147889970801728E-04
  1.150647357065096E-04  1.146105398634321E-04  1.141571780237771E-04
  1.144141406578124E-04  1.139625503203188E-04  1.135117891301202E-04
  1.137502528214916E-04  1.133013211624033E-04  1.128532136943979E-04
  1.130734627520287E-04  1.126272413742959E-04  1.121818391342171E-04
  1.123841647036860E-04  1.119407036253570E-04  1.114980565369449E-04
  1.116827561813138E-04  1.112421038223382E-04  1.108022602141656E-04
  1.109696374887505E-04  1.105318406595863E-04  1.100948472536875E-04
  1.102452112822545E-04  1.098103151742648E-04  1.093762170765601E-04
  1.095098821266600E-04  1.090779303042808E-04  1.086467709967500E-04
  1.087640560674415E-04  1.083350904621038E-04  1.079069117967444E-04
  1.080081401897053E-04  1.075822010954945E-04  1.071570432899599E-04
  1.072425421973175E-04  1.068196682683134E-04  1.063975699032886E-04
  1.064676700068011E-04  1.060478982561139E-04  1.056288962743482E-04
  1.056839313274138E-04  1.052672971278502E-04  1.048514268348200E-04
  1.048917332693516E-04  1.044782703556956E-04  1.040655654218881E-04
  1.040914819498792E-04  1.036812224227390E-04  1.032717148874988E-04
  1.032835821146088E-04  1.028765564458032E-04  1.024702767227091E-04
  1.024684367637623E-04  1.020646738031973E-04  1.016616506869264E-04
  1.016464468003694E-04  1.012459737843716E-04  1.008462344590305E-04
  1.008180106658249E-04  1.004208532268973E-04  1.000244232757501E-04
  9.998352401701249E-05  9.958970619493220E-05  9.919660961149391E-05
  9.914337939350783E-05  9.875292364775364E-05  9.836318284819015E-05
  9.829796589878010E-05  9.791089312225682E-05  9.752452895908787E-05
  9.744766890491146E-05  9.706399843885360E-05  9.668103021583857E-05
  9.659286975930360E-05  9.621261940939744E-05  9.583306489761852E-05
  9.573394550405526E-05  9.535713155766011E-05  9.498100701272999E-05
  9.487126861592179E-05  9.449790586037903E-05  9.412522604070986E-05
  9.400520675148207E-05  9.363530849344853E-05  9.326608667955628E-05
  9.313612250496407E-05  9.276970059072171E-05  9.240394860549574E-05
  9.226437318392210E-05  9.190143802059939E-05  9.153916625049802E-05
  9.139031059745116E-05  9.103087117512800E-05  9.067208859222892E-05
  9.051428085026353E-05  9.015834476487522E-05  8.980305894975817E-05
  8.963662416489243E-05  8.928419764191803E-05  8.893241480729735E-05
  8.875767468974968E-05  8.840876260862333E-05  8.806048762372920E-05
  8.787776034916168E-05  8.753236626832665E-05  8.718760268390227E-05
  8.699720269489278E-05  8.665532887747261E-05  8.631407895141066E-05
  8.611631675833147E-05  8.577796419838460E-05  8.544022892192949E-05
  8.523541093412861E-05  8.490057938340738E-05  8.456635850786291E-05
  8.435478686305118E-05  8.402347485820045E-05  8.369276692209161E-05
  8.347473933144025E-05  8.314694422165911E-05  8.281974657834015E-05
  8.259555618686913E-05  8.227127416190834E-05  8.194758300749569E-05
  8.171751824569532E-05  8.139674436419413E-05  8.107655476587178E-05
  8.084089924737759E-05  8.052362746547381E-05  8.020693339003986E-05
  7.996596578363530E-05  7.965218898380522E-05  7.933898332646942E-05
  7.909297725330108E-05  7.878268727340590E-05  7.847296188677134E-05
  7.822218583718532E-05  7.791537349965253E-05  7.760911922284677E-05
  7.735383646705265E-05  7.705049160814773E-05  7.674769829605111E-05
  7.648816680872984E-05  7.618827830795086E-05  7.588893486052064E-05
  7.562540725960982E-05  7.532896306906179E-05  7.503305746066533E-05
  7.476578095616656E-05  7.447276812993588E-05  7.418028743866813E-05
  7.390950378273077E-05  7.361990850624178E-05  7.333083894322498E-05
  7.305678438720477E-05  7.277059200647369E-05  7.248491894505100E-05
  7.220782421748649E-05  7.192501926827491E-05  7.164272727312261E-05
  7.136281755359886E-05  7.108338379042660E-05  7.080445664650340E-05
  7.052195155822962E-05  7.024587198321697E-05  6.997029272456271E-05
  6.968540631770342E-05  6.941266320921021E-05  6.914041414751686E-05
  6.885335490881790E-05  6.858392984984720E-05  6.831499260281236E-05
  6.802596345798192E-05  6.775983736433824E-05  6.749419288378653E-05
  6.720339121733515E-05  6.694054436549254E-05  6.667817296516553E-05
  6.638579063385704E-05  6.612620268854486E-05  6.586708407165685E-05
  6.557330743212420E-05  6.531695747356708E-05  6.506107075997903E-05
  6.476608069939314E-05  6.451294725021832E-05  6.426027100329966E-05
  6.396424298786179E-05  6.371430403962831E-05  6.346481629273797E-05
  6.316792038983053E-05  6.292115342919570E-05  6.267483171178953E-05
  6.237723265312225E-05  6.213361468760539E-05  6.189043605096310E-05
  6.159229327824697E-05  6.135180086155347E-05  6.111174190404123E-05
  6.081320962372834E-05  6.057581888067541E-05  6.033885577263378E-05
  6.004008302071369E-05  5.980576967170645E-05  5.957187817987504E-05
  5.927300887631897E-05  5.904174826137463E-05  5.881090377286612E-05
  5.851207679510086E-05  5.828384389738416E-05  5.805602144318517E-05
  5.775737069532374E-05  5.753214016423168E-05  5.730731444223389E-05
  5.700896892778407E-05  5.678671510155635E-05  5.656486049911562E-05
  5.626694439225027E-05  5.604764132013009E-05  5.582873193619383E-05
  5.553136466487315E-05  5.531498612875251E-05  5.509899579546369E-05
  5.480229211942926E-05  5.458881165486836E-05  5.437571395856364E-05
  5.407978405402729E-05  5.386917497061215E-05  5.365894327214835E-05
  5.336389281040103E-05  5.315612821168278E-05  5.294873566632253E-05
  5.265466591374190E-05  5.244971871717938E-05  5.224513829438873E-05
  5.195214617731373E-05  5.174998913418260E-05  5.154819363749101E-05
  5.125637183723736E-05  5.105697755151830E-05  5.085793963751509E-05
  5.056737667536652E-05  5.037071762016751E-05  5.017440981518072E-05
  4.988519016839149E-05  4.969123870014404E-05  4.949763341447799E-05
  4.920983763907284E-05  4.901856601324242E-05  4.882763555629675E-05
  4.854134035687501E-05  4.835272075043870E-05  4.816443735208142E-05
  4.787971557872962E-05  4.769372011878734E-05  4.750805595757326E-05
  4.722497659274005E-05  4.704157737828709E-05  4.685850460504912E-05
  4.657713288734938E-05  4.639630198540011E-05  4.621579272312646E-05
  4.593619056327290E-05  4.575789997787180E-05  4.557992629271211E-05
  4.530215281101714E-05  4.512637446375591E-05  4.495090834056856E-05
  4.467501998919976E-05  4.450172577698199E-05  4.432873916458629E-05
  4.405478888729349E-05  4.388395084440506E-05  4.371341580705491E-05
  4.344145142511915E-05  4.327304189989090E-05  4.310493080175028E-05
  4.283499412361619E-05  4.266898576578310E-05  4.250327129292842E-05
  4.223540001272613E-05  4.207176540387821E-05  4.190842023902958E-05
  4.164265329417720E-05  4.148136432640119E-05  4.132036053777580E-05
  4.105674408064636E-05  4.089777157933339E-05  4.073908017702217E-05
  4.047766790327076E-05  4.032098217777128E-05  4.016457352318544E-05
  3.990541526573317E-05  3.975098795379287E-05  3.959683345726682E-05
  3.933995155058886E-05  3.918775832752471E-05  3.903583311199995E-05
  3.878119476214851E-05  3.863121768241154E-05  3.848150305173038E-05
  3.822900297944688E-05  3.808123104484187E-05  3.793371531945226E-05
  3.768318065910437E-05  3.753760795864469E-05  3.739228489090900E-05
  3.714350359987618E-05  3.700012566464991E-05  3.685699092336427E-05
  3.660975206053660E-05  3.646856207480800E-05  3.632760937038759E-05
  3.608173719777845E-05  3.594272371290699E-05  3.580394227211541E-05
  3.555931071239950E-05  3.542245753798065E-05  3.528583174933247E-05
  3.504235769120399E-05  3.490764539764903E-05  3.477315618867018E-05
  3.453078123035411E-05  3.439818902244386E-05  3.426581575718485E-05
  3.402448905099917E-05  3.389399598549977E-05  3.376371778925441E-05
  3.352338765579570E-05  3.339497292595175E-05  3.326676906673408E-05
  3.302738310754151E-05  3.290102576490618E-05  3.277487541061775E-05
  3.253638410565924E-05  3.241206274898599E-05  3.228794463893364E-05
  3.205030371198523E-05  3.192799642400695E-05  3.180588877454892E-05
  3.156905890166214E-05  3.144874339696070E-05  3.132862403378419E-05
  3.109256905333321E-05  3.097422286587229E-05  3.085606941499740E-05
  3.062075472432067E-05  3.050435531845732E-05  3.038814532799378E-05
  3.015353722585823E-05  3.003906202410047E-05  2.992477299934719E-05
  2.969083867164486E-05  2.957826504852711E-05  2.946587444709280E-05
  2.923258210336505E-05  2.912188738804459E-05  2.901137262023829E-05
  2.877869144172662E-05  2.866985294249535E-05  2.856119139345935E-05
  2.832909127697578E-05  2.822208631860143E-05  2.811525538505885E-05
  2.788370661798159E-05  2.777851257477767E-05  2.767348969946813E-05
  2.744246273938434E-05  2.733905705262319E-05  2.723581974363286E-05
  2.700528515284483E-05  2.690364533595839E-05  2.680217117254776E-05
  2.657209961326272E-05  2.647220325864663E-05  2.637246989701473E-05
  2.614283207820177E-05  2.604465687417766E-05  2.594664206335096E-05
  2.571740858005204E-05  2.562093233152765E-05  2.552461393444414E-05
  2.529575512495229E-05  2.520095576519193E-05  2.510631177201479E-05
  2.487779767032681E-05  2.478465326181279E-05  2.469166179156165E-05
  2.446346215818737E-05  2.437195089346354E-05  2.428059019402568E-05
  2.405267449817099E-05  2.396277470965725E-05  2.387302316642940E-05
  2.364536048385523E-05  2.355705065823015E-05  2.346888680857923E-05
  2.324144571280375E-05  2.315470449907063E-05  2.306810704148880E-05
  2.284085557974983E-05  2.275566178875249E-05  2.267060958301563E-05
  2.244351529798289E-05  2.235984790204968E-05  2.227631996834035E-05
  2.204934988474716E-05  2.196718802399632E-05  2.188516354854526E-05
  2.165828409151339E-05  2.157760708231642E-05  2.149706542622732E-05
  2.127024237184850E-05  2.119102970887644E-05  2.111195041108172E-05
  2.088514888797858E-05  2.080738023997211E-05  2.072974301320263E-05
  2.050292752977089E-05  2.042658273776949E-05  2.035036746592803E-05
  2.012350186556295E-05  2.004856094852633E-05  1.997374769155909E-05
  1.974679502622920E-05  1.967323818828326E-05  1.959980718978069E-05
  1.937272966793916E-05  1.930053729869286E-05  1.922846898712818E-05
  1.900122805430891E-05  1.893038072267389E-05  1.885965570548268E-05
  1.863221222087151E-05  1.856269067081762E-05  1.849328972948499E-05
  1.826560402017968E-05  1.819738917360255E-05  1.812929326600629E-05
  1.790132487102643E-05  1.783439783347151E-05  1.776758810000335E-05
  1.753929524998837E-05  1.747363731200886E-05  1.740809507770563E-05
  1.717943423618583E-05  1.711502686886609E-05  1.705073363905145E-05
  1.682165958552899E-05  1.675848443385004E-05  1.669542188685390E-05
  1.646588877080619E-05  1.640392764662401E-05  1.634207762632119E-05
  1.611204070880968E-05  1.605127558236624E-05  1.599062009004124E-05
  1.576003691534524E-05  1.570044990820774E-05  1.564097109607754E-05
  1.540980022147990E-05  1.535137360987925E-05  1.529305378437820E-05
  1.506124992484127E-05  1.500396615883582E-05  1.494678779919142E-05
  1.471429483628972E-05  1.465813656421464E-05  1.460208234660669E-05
  1.436882883832343E-05  1.431377891268650E-05  1.425883171662503E-05
  1.402473507773836E-05  1.397077652464052E-05  1.391691940299329E-05
  1.368190171592980E-05  1.362901767434137E-05  1.357623379251968E-05
  1.334024549203525E-05  1.328841915258560E-05  1.323669172668016E-05
  1.299972728666491E-05  1.294894186360259E-05  1.289825413197650E-05
  1.266034466425919E-05  1.261058341310375E-05  1.256091865442597E-05
  1.232207554177393E-05  1.227332180700728E-05  1.222466338853755E-05
  1.198481437521256E-05  1.193705160947283E-05  1.188938300655683E-05
  1.164829684924604E-05  1.160150854424429E-05  1.155481327126381E-05
  1.131238507639878E-05  1.126655443522002E-05  1.122081571941143E-05
  1.329357437498304E-04  1.324170494722490E-04  1.318992939889829E-04
  1.329807745384228E-04  1.324619018879258E-04  1.319439683578943E-04
  1.330032978480489E-04  1.324843359796726E-04  1.319663133948911E-04
  1.330032978480489E-04  1.324843359796726E-04  1.319663133948911E-04
  1.329807745384228E-04  1.324619018879258E-04  1.319439683578943E-04
  1.329357437498304E-04  1.324170494722490E-04  1.318992939889829E-04
  1.328682371251348E-04  1.323498102499040E-04  1.318323216800415E-04
  1.327783020682669E-04  1.322602314366547E-04  1.317430984590052E-04
  1.326660016734000E-04  1.321483758762292E-04  1.316316869195897E-04
  1.325314146318492E-04  1.320143219475641E-04  1.314981651289130E-04
  1.323746351155030E-04  1.318581634487055E-04  1.313426265118421E-04
  1.321957726409423E-04  1.316800094614893E-04  1.311651797162327E-04
  1.319949519038584E-04  1.314799841865883E-04  1.309659484486183E-04
  1.317723125991626E-04  1.312582267643354E-04  1.307450712957397E-04
  1.315280092121332E-04  1.310148910666894E-04  1.305027015173132E-04
  1.312622107963400E-04  1.307501454760487E-04  1.302390068257692E-04
  1.309751007233730E-04  1.304641726359598E-04  1.299541691378917E-04
  1.306668764203777E-04  1.301571691896817E-04  1.296483843144483E-04
  1.303377490822168E-04  1.298293454934917E-04  1.293218618746200E-04
  1.299879433702769E-04  1.294809253166869E-04  1.289748246971937E-04
  1.296176970869273E-04  1.291121455173092E-04  1.286075086975674E-04
  1.292272608425373E-04  1.287232557104962E-04  1.282201624974141E-04
  1.288168976982780E-04  1.283145179126990E-04  1.278130470703169E-04
  1.283868827939497E-04  1.278862061709409E-04  1.273864353724743E-04
  1.279375029664825E-04  1.274386061828703E-04  1.269406119642816E-04
  1.274690563522242E-04  1.269720149006126E-04  1.264758726157411E-04
  1.269818519734731E-04  1.264867401189031E-04  1.259925238962214E-04
  1.264762093149229E-04  1.259831000532268E-04  1.254908827542637E-04
  1.259524578944268E-04  1.254614229122918E-04  1.249712760917617E-04
  1.254109368192890E-04  1.249220464560670E-04  1.244340403237637E-04
  1.248519943308752E-04  1.243653175421898E-04  1.238795209266385E-04
  1.242759873480101E-04  1.237915916711682E-04  1.233080719851273E-04
  1.236832810004165E-04  1.232012325216823E-04  1.227200557294596E-04
  1.230742481508343E-04  1.225946114745699E-04  1.221158420612232E-04
  1.224492689230332E-04  1.219721071427255E-04  1.214958080851501E-04
  1.218087302187911E-04  1.213341048899896E-04  1.208603376299024E-04
  1.211530252319461E-04  1.206809963471305E-04  1.202098207659850E-04
  1.204825529623821E-04  1.200131789277411E-04  1.195446533235516E-04
  1.197977177319992E-04  1.193310553461463E-04  1.188652364122459E-04
  1.190989286926231E-04  1.186350331272561E-04  1.181719759329903E-04
  1.183865993398878E-04  1.179255241223752E-04  1.174652820957202E-04
  1.176611470281647E-04  1.172029440260447E-04  1.167455689381518E-04
  1.169229924899805E-04  1.164677118973928E-04  1.160132538490300E-04
  1.161725593574126E-04  1.157202496834278E-04  1.152687570933417E-04
  1.154102736858141E-04  1.149609817446398E-04  1.145125013397838E-04
  1.146365634840448E-04  1.141903343871054E-04  1.137449111947346E-04
  1.138518582548912E-04  1.134087354047530E-04  1.129664127463617E-04
  1.130565885309724E-04  1.126166136170834E-04  1.121774331041593E-04
  1.122511854281748E-04  1.118143984243898E-04  1.113783999559471E-04
  1.114360802080327E-04  1.110025193719073E-04  1.105697411337845E-04
  1.106117038390259E-04  1.101814057128271E-04  1.097518841787043E-04
  1.097784865765301E-04  1.093514859899438E-04  1.089252559240381E-04
  1.089368575472254E-04  1.085131876217073E-04  1.080902820831231E-04
  1.080872443462099E-04  1.076669365009446E-04  1.072473868496333E-04
  1.072300726429263E-04  1.068131566023565E-04  1.063969925066319E-04
  1.063657658037901E-04  1.059522696066834E-04  1.055395190522711E-04
  1.054947445149312E-04  1.050846945249030E-04  1.046753838254523E-04
  1.046174264319948E-04  1.042108473494714E-04  1.038050011585010E-04
  1.037342258315968E-04  1.033311407071594E-04  1.029287820313741E-04
  1.028455532772712E-04  1.024459835263375E-04  1.020471337402966E-04
  1.019518153035713E-04  1.015557807223398E-04  1.011604595843678E-04
  1.010534141076450E-04  1.006609328902852E-04  1.002691585596395E-04
  1.001507472551604E-04  9.976183601217031E-05  9.937362506736519E-05
  9.924420740406299E-05  9.885888118174706E-05  9.847424864000192E-05
  9.833418203694807E-05  9.795245433797275E-05  9.757141367573281E-05
  9.742105320759182E-05  9.704293601253492E-05  9.666549918698353E-05
  9.650519730483770E-05  9.613070109472079E-05  9.575687856627673E-05
  9.558698482825859E-05  9.521611860796509E-05  9.484591936365345E-05
  9.466678017677224E-05  9.429955149931544E-05  9.393298307700513E-05
  9.374494145488405E-05  9.338135644648430E-05  9.301842495991341E-05
  9.282182028128200E-05  9.246188366717540E-05  9.210259383172160E-05
  9.189776162767079E-05  9.154147675859525E-05  9.118583191771218E-05
  9.097310366135802E-05  9.062047254068841E-05  9.026847469299365E-05
  9.004817759791842E-05  8.969920090937221E-05  8.935085073630427E-05
  8.912330757551037E-05  8.877798471138166E-05  8.843328160539020E-05
  8.819881053587350E-05  8.785713962574957E-05  8.751608171895775E-05
  8.727499612169243E-05  8.693697406159177E-05  8.659955825487461E-05
  8.635216658527410E-05  8.601778906714732E-05  8.568401105959652E-05
  8.543061670333818E-05  8.509987824492175E-05  8.476973256363519E-05
  8.451063372073816E-05  8.418352769566959E-05  8.385700772581354E-05
  8.359249728436239E-05  8.326901595253326E-05  8.294611396764465E-05
  8.267647939985244E-05  8.235661393795070E-05  8.203732113042205E-05
  8.176284440372519E-05  8.144658493591056E-05  8.113089144761567E-05
  8.085184893497299E-05  8.053918456366837E-05  8.022707951669065E-05
  7.994374192267949E-05  7.963466075941873E-05  7.932613228684378E-05
  7.903876458544933E-05  7.873325378173066E-05  7.842828905845237E-05
  7.813715043974729E-05  7.783519621787888E-05  7.753378149137616E-05
  7.723912531332957E-05  7.694071299721303E-05  7.664283361828831E-05
  7.634490736820997E-05  7.605002141402925E-05  7.575566186743080E-05
  7.545470713823286E-05  7.516333116501686E-05  7.487247509995643E-05
  7.456872756882371E-05  7.428084438886020E-05  7.399347464936481E-05
  7.368716406949677E-05  7.340275571853542E-05  7.311885437359532E-05
  7.281020456556153E-05  7.252925233280406E-05  7.224880070630640E-05
  7.193802956656144E-05  7.166051402440145E-05  7.138349272481608E-05
  7.107081223591307E-05  7.079671326939422E-05  7.052310221917548E-05
  7.020871846871200E-05  6.993801530468061E-05  6.966779376936813E-05
  6.935190697207792E-05  6.908457820801900E-05  6.881772482501957E-05
  6.850052935438885E-05  6.823655298690028E-05  6.797304579391135E-05
  6.765473021870713E-05  6.739408367160977E-05  6.713390013466533E-05
  6.681464726658994E-05  6.655730741863546E-05  6.630042445977436E-05
  6.598041139014919E-05  6.572635460233332E-05  6.547274862685964E-05
  6.515214679002485E-05  6.490134893246571E-05  6.465099585577176E-05
  6.432997108064501E-05  6.408240755901609E-05  6.383528283295919E-05
  6.351399540639022E-05  6.326964118790722E-05  6.302571982676254E-05
  6.270432456067707E-05  6.246315419960561E-05  6.222241080551539E-05
  6.190105710145529E-05  6.166304476413064E-05  6.142545355207882E-05
  6.110428547979700E-05  6.086940496912084E-05  6.063493979138583E-05
  6.031409616406429E-05  6.008232094353942E-05  5.985095531367925E-05
  5.953056976666139E-05  5.930187298399807E-05  5.907358010039363E-05
  5.875378117088018E-05  5.852813568110103E-05  5.830288845002711E-05
  5.798379966389401E-05  5.776117805174679E-05  5.753894910977024E-05
  5.722068906966909E-05  5.700106367120663E-05  5.678182540676519E-05
  5.646450788399827E-05  5.624785080763209E-05  5.603157538200680E-05
  5.571530940555056E-05  5.550159255329717E-05  5.528825192168849E-05
  5.497314186893144E-05  5.476233695818271E-05  5.455190289133442E-05
  5.423804855985194E-05  5.403012714427658E-05  5.382257124953501E-05
  5.351006795884654E-05  5.330500144570515E-05  5.310029518479524E-05
  5.278923390511460E-05  5.258699356820408E-05  5.238510827046788E-05
  5.207557577653760E-05  5.187613277016896E-05  5.167703964578165E-05
  5.136911861366982E-05  5.117244399757189E-05  5.097611416054399E-05
  5.066988312234755E-05  5.047594790008069E-05  5.028235240545018E-05
  4.997788563337733E-05  4.978666078573405E-05  4.959577066528527E-05
  4.929313825321780E-05  4.910459473194050E-05  4.891638099433266E-05
  4.861564942045830E-05  4.842975808921935E-05  4.824419166592344E-05
  4.794542470319854E-05  4.776215628015824E-05  4.757920796204496E-05
  4.728246707114482E-05  4.710179218787778E-05  4.692143266374737E-05
  4.662677579384254E-05  4.644866524183596E-05  4.627086532388545E-05
  4.597834415751063E-05  4.580276920318927E-05  4.562750014893958E-05
  4.533715803023518E-05  4.516409046107071E-05  4.499132407326980E-05
  4.470319829869768E-05  4.453260987562505E-05  4.436231803206763E-05
  4.407644822743785E-05  4.390830964584839E-05  4.374046328921076E-05
  4.345690183921652E-05  4.329118197529706E-05  4.312575026357302E-05
  4.284456464448175E-05  4.268123123287296E-05  4.251818199327586E-05
  4.223943857131481E-05  4.207846096306558E-05  4.191776321318841E-05
  4.164149130510701E-05  4.148284460275416E-05  4.132447261960439E-05
  4.105062264255285E-05  4.089429112799091E-05  4.073822810029958E-05
  4.046664782297517E-05  4.031262534178008E-05  4.015886420475168E-05
  3.988931248921273E-05  3.973759886005204E-05  3.958613913771437E-05
  3.931833688392026E-05  3.916893172856540E-05  3.901977351134292E-05
  3.875346893618573E-05  3.860636596755027E-05  3.845950396573411E-05
  3.819452008311077E-05  3.804970459991993E-05  3.790512517366739E-05
  3.764136868941115E-05  3.749881897999246E-05  3.735650113847294E-05
  3.709393593383674E-05  3.695362698733634E-05  3.681354597228038E-05
  3.655215351068549E-05  3.641406048105694E-05  3.627619138420972E-05
  3.601594238396971E-05  3.588004209719207E-05  3.574436162814059E-05
  3.548520960823338E-05  3.535148010937172E-05  3.521796631763294E-05
  3.495985706009393E-05  3.482827638391758E-05  3.469690744497274E-05
  3.443979097305959E-05  3.431033632203599E-05  3.418108963000889E-05
  3.392492541104301E-05  3.379757313235008E-05  3.367042519411934E-05
  3.341517997498673E-05  3.328990599939898E-05  3.316483284938970E-05
  3.291047594622050E-05  3.278725618730779E-05  3.266423380980530E-05
  3.241073413720237E-05  3.228954462259473E-05  3.216854911350444E-05
  3.191587490656956E-05  3.179669171563382E-05  3.167769923334566E-05
  3.142581906442228E-05  3.130861823848008E-05  3.119160491062296E-05
  3.094048845580006E-05  3.082524597342136E-05  3.071018786343445E-05
  3.045980592136847E-05  3.034649773894601E-05  3.023337088078442E-05
  2.998369487167470E-05  2.987229698879935E-05  2.976107745169986E-05
  2.951207885121990E-05  2.940256735990419E-05  2.929323130123559E-05
  2.904488134730440E-05  2.893723244398461E-05  2.882975612574459E-05
  2.858202588500553E-05  2.847621585631699E-05  2.837057563218889E-05
  2.812343619514755E-05  2.801944141108675E-05  2.791561371678401E-05
  2.766903620236605E-05  2.756683313823349E-05  2.746479451017624E-05
  2.721874981263358E-05  2.711831508431651E-05  2.701804219533475E-05
  2.677250071515299E-05  2.667381109560767E-05  2.657528077481821E-05
  2.633021240625916E-05  2.623324481604801E-05  2.613643404128510E-05
  2.589180832600809E-05  2.579653982392360E-05  2.570142571050997E-05
  2.545721188312337E-05  2.536361967963740E-05  2.527017949120745E-05
  2.502634629409736E-05  2.493440777638762E-05  2.484261895030844E-05
  2.459913444105365E-05  2.450882718179371E-05  2.441866734073885E-05
  2.417549891043693E-05  2.408680065573656E-05  2.399824759672650E-05
  2.375536212217580E-05  2.366825078317313E-05  2.358128246702479E-05
  2.333864632865046E-05  2.325309999493979E-05  2.316769455739630E-05
  2.292527346037705E-05  2.284127042150089E-05  2.275740619563317E-05
  2.251516500946688E-05  2.243268375867246E-05  2.235033928155029E-05
  2.210824209554961E-05  2.202726131436383E-05  2.194641531265197E-05
  2.170442558588460E-05  2.162492413382846E-05  2.154555551139005E-05
  2.130363607791396E-05  2.122559300282761E-05  2.114768084895289E-05
  2.090579373312406E-05  2.082918828784398E-05  2.075271189471415E-05
  2.051081815846248E-05  2.043562980100741E-05  2.036056866626886E-05
  2.011862848882447E-05  2.004483686684874E-05  1.997117067856560E-05
  1.972914355198107E-05  1.965672849370957E-05  1.958443711925647E-05
  1.934228192291039E-05  1.927122344639852E-05  1.920028694008631E-05
  1.895796176804840E-05  1.888824009458854E-05  1.881863871215952E-05
  1.857610056119629E-05  1.850769611379065E-05  1.843941031311729E-05
  1.819661481822386E-05  1.812950820768209E-05  1.806251863515211E-05
  1.781941999133838E-05  1.775359200837685E-05  1.768787948908551E-05
  1.744443072100404E-05  1.737986234077101E-05  1.731540788177718E-05
  1.707156162699999E-05  1.700823401174901E-05  1.694501880587338E-05
  1.670072831243631E-05  1.663862280011354E-05  1.657662821640479E-05
  1.633184757571110E-05  1.627094566524940E-05  1.621015323423201E-05
  1.596483561359710E-05  1.590511896813825E-05  1.584551038320108E-05
  1.559960402504910E-05  1.554105449479510E-05  1.548261163407109E-05
  1.523605556061797E-05  1.517865520039973E-05  1.512136014552929E-05
  1.487408338984454E-05  1.481781444626205E-05  1.476164947118779E-05
  1.451357736877901E-05  1.445842223832522E-05  1.440336976725465E-05
  1.415443734420381E-05  1.410037852663569E-05  1.404642108573515E-05
  1.379658774430829E-05  1.374360781345355E-05  1.369072800083227E-05
  1.343998207155772E-05  1.338806366871473E-05  1.333624414890215E-05
  1.308458598956914E-05  1.303371183255163E-05  1.298293534693067E-05
  1.273033524285222E-05  1.268048813794631E-05  1.263073751663377E-05
  1.237709277276293E-05  1.232825560343845E-05  1.227951375285235E-05
  1.202466206486599E-05  1.197681771614022E-05  1.192906754323505E-05
  1.167299067402027E-05  1.162612184656540E-05  1.157934607525907E-05
  1.391394640561786E-04  1.386030575158376E-04  1.380676070844899E-04
  1.391868771892561E-04  1.386502847865683E-04  1.381146488277703E-04
  1.392105921532652E-04  1.386739067863969E-04  1.381381780309237E-04
  1.392105921532652E-04  1.386739067863969E-04  1.381381780309237E-04
  1.391868771892561E-04  1.386502847865683E-04  1.381146488277703E-04
  1.391394640561786E-04  1.386030575158376E-04  1.380676070844899E-04
  1.390683863203118E-04  1.385322584085480E-04  1.379970861037229E-04
  1.389736942678137E-04  1.384379375532046E-04  1.379031357766607E-04
  1.388554548287838E-04  1.383201616168295E-04  1.377858225077107E-04
  1.387137514774571E-04  1.381790137455365E-04  1.376452291154376E-04
  1.385486841078016E-04  1.380145934406311E-04  1.374814547091624E-04
  1.383603688858593E-04  1.378270164115149E-04  1.372946145424518E-04
  1.381489380761117E-04  1.376164144027457E-04  1.370848398408385E-04
  1.379145398458186E-04  1.373829349991331E-04  1.368522776077008E-04
  1.376573380451468E-04  1.371267414067090E-04  1.365970904060607E-04
  1.373775119663444E-04  1.368480122128714E-04  1.363194561196931E-04
  1.370752560796049E-04  1.365469411232568E-04  1.360195676910144E-04
  1.367507797495139E-04  1.362237366793177E-04  1.356976328397794E-04
  1.364043069295611E-04  1.358786219540047E-04  1.353538737599425E-04
  1.360360758380870E-04  1.355118342289965E-04  1.349885267981543E-04
  1.356463386139354E-04  1.351236246516914E-04  1.346018421121013E-04
  1.352353609561740E-04  1.347142578763391E-04  1.341940833130452E-04
  1.348034217446427E-04  1.342840116860871E-04  1.337655270893535E-04
  1.343508126438928E-04  1.338331765984330E-04  1.333164628134933E-04
  1.338778376934553E-04  1.333620554571354E-04  1.328471921355344E-04
  1.333848128827330E-04  1.328709630087540E-04  1.323580285613793E-04
  1.328720657114529E-04  1.323602254648149E-04  1.318492970166094E-04
  1.323399347381045E-04  1.318301800520141E-04  1.313213333984717E-04
  1.317887691190359E-04  1.312811745531400E-04  1.307744841186017E-04
  1.312189281351331E-04  1.307135668355882E-04  1.302091056333967E-04
  1.306307807087576E-04  1.301277243702013E-04  1.296255639647272E-04
  1.300247049136501E-04  1.295240237430841E-04  1.290242342136933E-04
  1.294010874772368E-04  1.289028501598763E-04  1.284055000668215E-04
  1.287603232749482E-04  1.282645969420296E-04  1.277697532943271E-04
  1.281028148225042E-04  1.276096650210996E-04  1.271173932464046E-04
  1.274289717624697E-04  1.269384624273259E-04  1.264488263438090E-04
  1.267392103472886E-04  1.262514037746715E-04  1.257644655649285E-04
  1.260339529214627E-04  1.255489097450509E-04  1.250647299320317E-04
  1.253136274030927E-04  1.248314065718991E-04  1.243500439968738E-04
  1.245786667632549E-04  1.240993255216034E-04  1.236208373241737E-04
  1.238295085075978E-04  1.233531023771201E-04  1.228775439772570E-04
  1.230665941604232E-04  1.225931769240960E-04  1.221206020062086E-04
  1.222903687521717E-04  1.218199924403685E-04  1.213504529393768E-04
  1.215012803103497E-04  1.210339951888926E-04  1.205675412783128E-04
  1.206997793541941E-04  1.202356339143947E-04  1.197723139963935E-04
  1.198863183956662E-04  1.194253593463350E-04  1.189652200437642E-04
  1.190613514476461E-04  1.186036237090341E-04  1.181467098593799E-04
  1.182253335365000E-04  1.177708802361593E-04  1.173172348874171E-04
  1.173787202256429E-04  1.169275826961633E-04  1.164772471045812E-04
  1.165219671479265E-04  1.160741849265276E-04  1.156271985562094E-04
  1.156555295451372E-04  1.152111403750717E-04  1.147675408993701E-04
  1.147798618192541E-04  1.143389016529801E-04  1.138987249576721E-04
  1.138954170935316E-04  1.134579200976168E-04  1.130212002858118E-04
  1.130026467848700E-04  1.125686453465934E-04  1.121354147453138E-04
  1.121020001879180E-04  1.116715249235107E-04  1.112418140919277E-04
  1.111939240720795E-04  1.107670038365637E-04  1.103408415758219E-04
  1.102788622886700E-04  1.098555241872425E-04  1.094329375518311E-04
  1.093572553945910E-04  1.089375247955107E-04  1.085185391061260E-04
  1.084295402868320E-04  1.080134408357441E-04  1.075980796935953E-04
  1.074961498511690E-04  1.070837034868336E-04  1.066719887893416E-04
  1.065575126257170E-04  1.061487395970536E-04  1.057406915548842E-04
  1.056140524776488E-04  1.052089713620950E-04  1.048046085174659E-04
  1.046661882941136E-04  1.042648160171800E-04  1.038641552634036E-04
  1.037143336891811E-04  1.033166855451923E-04  1.029197421473714E-04
  1.027588967237848E-04  1.023649863977281E-04  1.019717740145751E-04
  1.018002796403836E-04  1.014101192308115E-04  1.010206499375136E-04
  1.008388786138586E-04  1.004524786567959E-04  1.000667629688687E-04
  9.987508351622885E-05  9.949245300999386E-05  9.911049990808276E-05
  9.890927769635735E-05  9.853042412729034E-05  9.815224108284613E-05
  9.794183777422204E-05  9.756676714323497E-05  9.719236014501032E-05
  9.697313344787586E-05  9.660185029774361E-05  9.623122387905468E-05
  9.600352731914921E-05  9.563603476253625E-05  9.526919202922672E-05
  9.503337473094926E-05  9.466967447907269E-05  9.430661713813240E-05
  9.406302361762353E-05  9.370311600951507E-05  9.334384439829753E-05
  9.309281437164639E-05  9.273669840395843E-05  9.238121151993237E-05
  9.212307972272652E-05  9.177075308002786E-05  9.141904861101253E-05
  9.115414463118229E-05  9.080560371667510E-05  9.045767807151852E-05
  9.018632619397501E-05  8.984156616060566E-05  8.949741450022603E-05
  8.921993356269079E-05  8.887894834457610E-05  8.853856461334592E-05
  8.825526787825858E-05  8.791805022240919E-05  8.758142717980917E-05
  8.729262221217121E-05  8.695916371043128E-05  8.662629296295023E-05
  8.633228152281111E-05  8.600257264398818E-05  8.567344467718105E-05
  8.537452262500893E-05  8.504855274713462E-05  8.472315695783552E-05
  8.441961416744296E-05  8.409737161013739E-05  8.377569633876468E-05
  8.346781662267609E-05  8.314928867954748E-05  8.283132124244086E-05
  8.251938228857551E-05  8.220455525962673E-05  8.189028198140244E-05
  8.157455529926516E-05  8.126341452327967E-05  8.095282076914936E-05
  8.063357164435173E-05  8.032610153118169E-05  8.001917173919267E-05
  7.969665919812735E-05  7.939284326089631E-05  7.908956097406934E-05
  7.876403775946178E-05  7.846385864660341E-05  7.816420654491226E-05
  7.783591909901066E-05  7.753935862613791E-05  7.724331855833176E-05
  7.691250701533255E-05  7.661954619688353E-05  7.632709921206240E-05
  7.599399739678841E-05  7.570461647743108E-05  7.541574285639575E-05
  7.508057829342025E-05  7.479475677918373E-05  7.450943606551584E-05
  7.417242999475213E-05  7.389014668384838E-05  7.360835771467181E-05
  7.326972511385985E-05  7.299095812718204E-05  7.271267906360320E-05
  7.237262867711730E-05  7.209735548837723E-05  7.182256384557126E-05
  7.148129822049939E-05  7.120949568599834E-05  7.093816836291958E-05
  7.059588389158209E-05  7.032752827956384E-05  7.005964158824991E-05
  6.971652855731927E-05  6.945159557692011E-05  6.918712527138608E-05
  6.884336791277370E-05  6.858183274252712E-05  6.832075404721572E-05
  6.797653059948530E-05  6.771836791535448E-05  6.746065555312060E-05
  6.711613832397281E-05  6.686132232694113E-05  6.660695054658436E-05
  6.626230598116171E-05  6.601081042432471E-05  6.575975302762888E-05
  6.541514178104655E-05  6.516693999619155E-05  6.491917036446678E-05
  6.457474737690751E-05  6.432981230056721E-05  6.408530342064545E-05
  6.374121799928885E-05  6.349952219823021E-05  6.325824668791662E-05
  6.291464259037124E-05  6.267615828662905E-05  6.243808841966941E-05
  6.209510393932107E-05  6.185980303482038E-05  6.162491076545764E-05
  6.128267881867788E-05  6.105053291930899E-05  6.081878990633874E-05
  6.047743812465052E-05  6.024841856348308E-05  6.001979619346434E-05
  5.967944702114405E-05  5.945352488059153E-05  5.922799429003399E-05
  5.888876508571752E-05  5.866591121930211E-05  5.844344331628296E-05
  5.810544644999167E-05  5.788563150491401E-05  5.766619699139386E-05
  5.732953992892985E-05  5.711273436972727E-05  5.689630376502956E-05
  5.656108914394035E-05  5.634726327446230E-05  5.613380693761315E-05
  5.580013267804704E-05  5.558925665722802E-05  5.537874480357269E-05
  5.504670428035286E-05  5.483874813160393E-05  5.463115084252631E-05
  5.430083307827584E-05  5.409576670307390E-05  5.389105393802485E-05
  5.356254367617244E-05  5.336033688809131E-05  5.315847851539550E-05
  5.283185606058515E-05  5.263247864002712E-05  5.243344449018457E-05
  5.210878547152399E-05  5.191220720456564E-05  5.171596711415033E-05
  5.139334265904059E-05  5.119953330339599E-05  5.100605709210010E-05
  5.068553482949898E-05  5.049446399927883E-05  5.030372136104406E-05
  4.998536684324374E-05  4.979700392281923E-05  4.960896432582004E-05
  4.929284129912279E-05  4.910715557908392E-05  4.892178836558379E-05
  4.860795624795492E-05  4.842491736295903E-05  4.824219215700667E-05
  4.793070131964160E-05  4.775027972345343E-05  4.757016692994771E-05
  4.726105609444718E-05  4.708322298198986E-05  4.690569380905601E-05
  4.659899548870460E-05  4.642372171027603E-05  4.624874720526605E-05
  4.594450266164131E-05  4.577175699634208E-05  4.559930633433641E-05
  4.529758130465381E-05  4.512732954973571E-05  4.495736892061537E-05
  4.465825251605455E-05  4.449045921017743E-05  4.432295315753315E-05
  4.402652507302391E-05  4.386115848932409E-05  4.369607456616207E-05
  4.340234414483131E-05  4.323938278129966E-05  4.307669805199260E-05
  4.278554349929900E-05  4.262498029389898E-05  4.246468604600433E-05
  4.217583401816008E-05  4.201767479861040E-05  4.185977577467817E-05
  4.157284631602089E-05  4.141710199597222E-05  4.126160919733751E-05
  4.097621359002545E-05  4.082288957481467E-05  4.066980969125954E-05
  4.038565384566532E-05  4.023474214030905E-05  4.008406905500780E-05
  3.980100911362448E-05  3.965248705489595E-05  3.950419972267594E-05
  3.922222582881395E-05  3.907606122365442E-05  3.893012822947105E-05
  3.864929627640752E-05  3.850545503477993E-05  3.836184221380755E-05
  3.808220027946321E-05  3.794065193342256E-05  3.779932832668686E-05
  3.752087752039184E-05  3.738159640231330E-05  3.724253593989883E-05
  3.696523453608127E-05  3.682819763348370E-05  3.669137723776164E-05
  3.641516835659091E-05  3.628035252207886E-05  3.614574925212445E-05
  3.587058516336874E-05  3.573796571465150E-05  3.560555515744363E-05
  3.533140432606644E-05  3.520095530454390E-05  3.507071168213975E-05
  3.479755204691170E-05  3.466924717032531E-05  3.454114427427808E-05
  3.426895397651261E-05  3.414276730189855E-05  3.401677921866115E-05
  3.374553235834463E-05  3.362143836102339E-05  3.349753960950070E-05
  3.322720728352955E-05  3.310518061849754E-05  3.298334592753072E-05
  3.271389896467370E-05  3.259391425496940E-05  3.247411833740471E-05
  3.220552888425792E-05  3.208756067540111E-05  3.196977816355700E-05
  3.170201959673992E-05  3.158604243506097E-05  3.147024794937788E-05
  3.120329392141254E-05  3.108928246104259E-05  3.097545071811587E-05
  3.070927427264009E-05  3.059720333752214E-05  3.048530921995526E-05
  3.021988252228336E-05  3.010972709775185E-05  2.999974565336171E-05
  2.973504034077490E-05  2.962677552765679E-05  2.951868192434669E-05
  2.925466956970712E-05  2.914827056495360E-05  2.904204006516850E-05
  2.877869219307927E-05  2.867413432622075E-05  2.856974231795914E-05
  2.830702995503547E-05  2.820428874128615E-05  2.810171079312751E-05
  2.783960409267056E-05  2.773865524484520E-05  2.763786712413997E-05
  2.737633548378682E-05  2.727715488135838E-05  2.717813252538155E-05
  2.691714494845505E-05  2.681970861840726E-05  2.672242811057497E-05
  2.646195325937618E-05  2.636623740353797E-05  2.627067499626988E-05
  2.601068083266251E-05  2.591666186916221E-05  2.582279402750912E-05
  2.556324752025928E-05  2.547090208664072E-05  2.537870549723210E-05
  2.511957277122682E-05  2.502887769060835E-05  2.493832922907621E-05
  2.467957590921769E-05  2.459050817190866E-05  2.450158487949464E-05
  2.424317611762598E-05  2.415571290761984E-05  2.406839201328160E-05
  2.381029214338514E-05  2.372441087589260E-05  2.363866983602184E-05
  2.338084211835317E-05  2.329652044029179E-05  2.321233694467544E-05
  2.295474371939141E-05  2.287195947737757E-05  2.278931141837156E-05
  2.253191440483256E-05  2.245064562897710E-05  2.236951108102576E-05
  2.211227137465232E-05  2.203249630091739E-05  2.195285353963254E-05
  2.169573130114281E-05  2.161742839903836E-05  2.153925593133336E-05
  2.128221019730673E-05  2.120535816288074E-05  2.112863472445095E-05
  2.087162358711901E-05  2.079620131112476E-05  2.072090583475378E-05
  2.046388670833479E-05  2.038987326383257E-05  2.031598486258101E-05
  2.005891444318401E-05  1.998628910796513E-05  1.991378709489641E-05
  1.965662104450781E-05  1.958536332443289E-05  1.951422723857578E-05
  1.925691998840836E-05  1.918700960765828E-05  1.911721920832230E-05
  1.885972408672314E-05  1.879114095806804E-05  1.872267619490190E-05
  1.846494564198160E-05  1.839766985669940E-05  1.833051085566338E-05
  1.807249643270694E-05  1.800650827967727E-05  1.794063536016642E-05
  1.768228762529913E-05  1.761756760686727E-05  1.755296130031461E-05
  1.729422978472312E-05  1.723075860253698E-05  1.716739964168991E-05
  1.690823285457933E-05  1.684599138187248E-05  1.678386067246212E-05
  1.652420572391390E-05  1.646317499944301E-05  1.640225361051147E-05
  1.614205530685810E-05  1.608221655413688E-05  1.602248573584466E-05
  1.576168578076052E-05  1.570302041976132E-05  1.564446161774387E-05
  1.538299901634035E-05  1.532548864395621E-05  1.526808348264139E-05
  1.500589676859087E-05  1.494952312439606E-05  1.489325337185841E-05
  1.463028405097854E-05  1.457502900029211E-05  1.451987654811034E-05
  1.425607189702236E-05  1.420191743530389E-05  1.414786430198670E-05
  1.388317717066061E-05  1.383010542295693E-05  1.377713375588638E-05
  1.351151812483842E-05  1.345951132158007E-05  1.340760337518075E-05
  1.314100769714604E-05  1.309004813787325E-05  1.303918623640354E-05
  1.277155139579532E-05  1.272162142291884E-05  1.267178793153118E-05
  1.240305255544665E-05  1.235413455002159E-05  1.230531186996708E-05
  1.203539340951284E-05  1.198746984037100E-05  1.193964046129906E-05
