  3.444391703679589E+00  3.438210743905664E+00  3.432027062639965E+00

  7.876684636194078E-01  7.874980603015089E-01  7.873829111752801E-01
  7.871358078776147E-01  7.870951528876660E-01  7.871139471032347E-01
  7.876211488674016E-01  7.876604906272089E-01  7.877616910142411E-01
  7.876211488674016E-01  7.876604906272089E-01  7.877616910142411E-01
  7.871358078776147E-01  7.870951528876660E-01  7.871139471032347E-01
  7.876684636194078E-01  7.874980603015089E-01  7.873829111752801E-01
  7.919140310287300E-01  7.916067339444783E-01  7.913491436582056E-01
  8.028306418428333E-01  8.024070933594700E-01  8.020268098364802E-01
  8.224496160869492E-01  8.219374403493127E-01  8.214615658103863E-01
  8.510671107219316E-01  8.504798577502655E-01  8.499208928005135E-01
  8.866762087332010E-01  8.859964304820647E-01  8.853373018710826E-01
  9.261634945348529E-01  9.254022864663618E-01  9.246581118408308E-01
  9.688424624217102E-01  9.681095799849864E-01  9.673929414929550E-01
  1.016394428813943E+00  1.015814583445867E+00  1.015247738573230E+00
  1.067517251090027E+00  1.067105045598026E+00  1.066699344627356E+00
  1.115629868315743E+00  1.115309288873448E+00  1.114989356540416E+00
  1.153617683935913E+00  1.153322836273954E+00  1.153025953875733E+00
  1.179072484701425E+00  1.178794039428205E+00  1.178513310620744E+00
  1.194048953244536E+00  1.193806723979471E+00  1.193562414254405E+00
  1.201318972310144E+00  1.201118444819112E+00  1.200915387867635E+00
  1.202045923277193E+00  1.201867715958659E+00  1.201686186825750E+00
  1.196203454456299E+00  1.196023102122389E+00  1.195839047233353E+00
  1.183726430228511E+00  1.183532243015129E+00  1.183334601599800E+00
  1.164882763796875E+00  1.164676143156065E+00  1.164466667184328E+00
  1.140078733625963E+00  1.139866062752887E+00  1.139651218736695E+00
  1.109700491283398E+00  1.109488121353500E+00  1.109274272008790E+00
  1.074135376679472E+00  1.073929173536015E+00  1.073722193476002E+00
  1.033850790081303E+00  1.033656645827406E+00  1.033462397421729E+00
  9.894367573073168E-01  9.892601977415723E-01  9.890841150059302E-01
  9.415983714226783E-01  9.414437473939401E-01  9.412900465382208E-01
  8.911210292639709E-01  8.909910476664749E-01  8.908622910955728E-01
  8.388296252357605E-01  8.387253408023838E-01  8.386224525200348E-01
  7.855496191965656E-01  7.854706837725374E-01  7.853932094157514E-01
  7.320719025061635E-01  7.320168967128566E-01  7.319633372891943E-01
  6.791234076848127E-01  6.790901710225441E-01  6.790583103151988E-01
  6.273452807669173E-01  6.273312033612015E-01  6.273183949419519E-01
  5.772792105194426E-01  5.772814700084297E-01  5.772848692899615E-01
  5.293613692652031E-01  5.293771103574585E-01  5.293938502700541E-01
  4.839228050411464E-01  4.839492686904308E-01  4.839765861344461E-01
  4.411948896332589E-01  4.412295019053474E-01  4.412648247541853E-01
  4.013183896512444E-01  4.013588191800821E-01  4.013998223265958E-01
  3.643548084949586E-01  3.643989991115291E-01  3.644436358712966E-01
  3.302988175088970E-01  3.303450009951945E-01  3.303915147318506E-01
  2.990908247010324E-01  2.991375179477558E-01  2.991844382300144E-01
  2.706289795008274E-01  2.706749701584954E-01  2.707210976002159E-01
  2.447801466230004E-01  2.448244711218379E-01  2.448688548142783E-01
  2.213895796089673E-01  2.214314969495490E-01  2.214734078778662E-01
  2.002891779387852E-01  2.003281419554739E-01  2.003670450607800E-01
  1.813043232140785E-01  1.813399552435371E-01  1.813754820118874E-01
  1.642593662880003E-01  1.642914294818922E-01  1.643233522551171E-01
  1.489818854270837E-01  1.490102614090105E-01  1.490384700857561E-01
  1.353058619978711E-01  1.353305301886607E-01  1.353550116204971E-01
  1.230739302223327E-01  1.230949499136855E-01  1.231157700649703E-01
  1.121388559143170E-01  1.121563510185766E-01  1.121736398105497E-01
  1.023643897089883E-01  1.023785360181293E-01  1.023924746850611E-01
  9.362562622936821E-02  9.363664095833713E-02  9.364745168596045E-02
  8.580898427133832E-02  8.581711762675326E-02  8.582505520997330E-02
  7.881190609924005E-02  7.881743459685708E-02  7.882277983666341E-02
  7.254235744857596E-02  7.254557869684675E-02  7.254863325073302E-02
  6.691819453794068E-02  6.691942320498612E-02  6.692050560550911E-02
  6.186645067337082E-02  6.186601535667791E-02  6.186545791475595E-02
  5.732258305470594E-02  5.732082377313219E-02  5.731897008242726E-02
  5.322971016519773E-02  5.322697618815653E-02  5.322417894182507E-02
  4.953786154348450E-02  4.953450926158354E-02  4.953112808129845E-02
  4.620325466487429E-02  4.619964518911956E-02  4.619604414834555E-02
  4.318760792202880E-02  4.318410407596218E-02  4.318064857650938E-02
  4.045749413104716E-02  4.045445647554402E-02  4.045150911159823E-02
  3.798373545758693E-02  3.798151696585705E-02  3.797943198833309E-02
  3.574083804193862E-02  3.573977703204889E-02  3.573889301785727E-02
  3.370646283239154E-02  3.370687377824311E-02  3.370750412650381E-02
  3.186092821692199E-02  3.186309011341848E-02  3.186551105166302E-02
  3.018673998405319E-02  3.019088205991238E-02  3.019531797009023E-02
  2.866814505878779E-02  2.867442983539092E-02  2.868103592713567E-02
  2.729070743176010E-02  2.729921144244685E-02  2.730805413231963E-02
  2.604090781335344E-02  2.605160073905921E-02  2.606263655263064E-02
  2.490577275375472E-02  2.491849629173970E-02  2.493155068156483E-02
  2.387254399279470E-02  2.388699241544856E-02  2.390174053639527E-02
  2.292840403914198E-02  2.294410903192556E-02  2.296006114325166E-02
  2.206027840991709E-02  2.207660126394018E-02  2.209309589061093E-02
  2.125473721154236E-02  2.127087161169783E-02  2.128707971761656E-02
  2.049801733675594E-02  2.051300565236147E-02  2.052794867698537E-02
  1.977618022176131E-02  1.978894524317099E-02  1.980152881034059E-02
  1.907540839155786E-02  1.908480084669151E-02  1.909386426755333E-02
  1.838242766028486E-02  1.838728772852960E-02  1.839166724997909E-02
  1.768502302159192E-02  1.768425175050226E-02  1.768285317591989E-02
  1.697259838525156E-02  1.696523284333296E-02  1.695710712256471E-02
  1.623671737826271E-02  1.622200201339297E-02  1.620641613035900E-02
  1.547155795804400E-02  1.544900434865326E-02  1.542549968691986E-02
  1.467421961493898E-02  1.464364776510507E-02  1.461207924012342E-02
  1.384483824448068E-02  1.380639467515010E-02  1.376694614699403E-02
  1.298648775832589E-02  1.294063851700145E-02  1.289381294240144E-02
  1.210487478498123E-02  1.205237459915764E-02  1.199896049668325E-02
  1.120785836342009E-02  1.114969993368931E-02  1.109071845682053E-02
  1.030484589502834E-02  1.024219530863490E-02  1.017883411162046E-02
  9.406127043085633E-03  9.340252244079750E-03  9.273793166229893E-03
  8.522208086368721E-03  8.454407258604135E-03  8.386154663426737E-03
  7.663201765176098E-03  7.594737560879139E-03  7.525953158499021E-03
  6.838314541710133E-03  6.770358626020823E-03  6.702207092963874E-03
  6.055457471880743E-03  5.989048171421985E-03  5.922556179839944E-03
  5.320991307748102E-03  5.257005511879242E-03  5.193035144188229E-03
  4.639602887870353E-03  4.578741923381813E-03  4.517978039032755E-03
  4.014299376322583E-03  3.957087444867113E-03  3.900037460738304E-03
  3.446499713518847E-03  3.393292675220039E-03  3.340296447028379E-03
  2.936198657103262E-03  2.887200468350670E-03  2.838447521938292E-03
  2.482177671147667E-03  2.437461634741567E-03  2.393012886280133E-03
  2.082238296324590E-03  2.041770435653234E-03  2.001581733203750E-03
  1.733436999892035E-03  1.697099275723701E-03  1.661044534849054E-03
  1.432305231332975E-03  1.399916899160303E-03  1.367809206271886E-03
  1.175043763026906E-03  1.146379820603727E-03  1.117989536552955E-03
  9.576856457371719E-04  9.324919455195868E-04  9.075614608491378E-04
  7.762266591413436E-04  7.542317785933506E-04  7.324870725113897E-04
  6.267255500915780E-04  6.076498690177345E-04  5.888093561665642E-04
  5.053784346742418E-04  4.889410414961048E-04  4.727223370721845E-04
  4.085725082560998E-04  3.944965575684023E-04  3.806217696649128E-04
  3.329238850895422E-04  3.209409043876121E-04  3.091409239104337E-04
  2.753034017786149E-04  2.651568605998023E-04  2.551749318442376E-04
  2.328530063664402E-04  2.243012842555459E-04  2.158959676563654E-04
  2.029943157140224E-04  1.958130808716874E-04  1.887606060364533E-04
  1.834302652881092E-04  1.774142202677353E-04  1.715101825752186E-04
  1.721405164261114E-04  1.671044702362678E-04  1.621648351672889E-04
  1.673713198115934E-04  1.631505835959501E-04  1.590120049570487E-04
  1.676207032375032E-04  1.640708560728399E-04  1.605903635635286E-04
  1.716200086079311E-04  1.686161223659610E-04  1.656702748036309E-04
  1.783128921601929E-04  1.757483315643071E-04  1.732319564382578E-04
  1.868328890992643E-04  1.846178116693409E-04  1.824424582679285E-04
  1.964805596585961E-04  1.945402333660695E-04  1.926324576686511E-04
  2.067010926865009E-04  2.049741334531063E-04  2.032737158543796E-04
  2.170630545208496E-04  2.154996686911659E-04  2.139578472863946E-04
  2.272387369686157E-04  2.257990392777742E-04  2.243768262246704E-04
  2.369863384075188E-04  2.356387990190001E-04  2.343054313627135E-04
  2.461340801502843E-04  2.448541300523743E-04  2.435856835560912E-04
  2.545663465625125E-04  2.533351419060637E-04  2.521133084130156E-04
  2.622119385549126E-04  2.610152670712296E-04  2.598262768742643E-04
  2.690344122981969E-04  2.678617343931933E-04  2.666954120869036E-04
  2.750241668607600E-04  2.738678138456407E-04  2.727167854033041E-04
  2.801916642738433E-04  2.790462325918952E-04  2.779053219867933E-04
  2.845612319219981E-04  2.834231784802910E-04  2.822890051490390E-04
  2.881654437416614E-04  2.870328109096931E-04  2.859035256435050E-04
  2.910407295502182E-04  2.899128726241429E-04  2.887879073654176E-04
  2.932249769429518E-04  2.921021983297578E-04  2.909819261915914E-04
  2.947572007698795E-04  2.936403042568259E-04  2.925256096233397E-04
  2.956783721828060E-04  2.945682531247940E-04  2.934601198845144E-04
  2.960320027582952E-04  2.949294077083664E-04  2.938286626559261E-04
  2.958634671088589E-04  2.947689761683137E-04  2.936762537260051E-04
  2.952180814617122E-04  2.941322420610959E-04  2.930481125389406E-04
  2.941389340946898E-04  2.930623978087965E-04  2.919875145579454E-04
  2.926656215294088E-04  2.915991706657906E-04  2.905343138053240E-04
  2.908342849963219E-04  2.897787500657500E-04  2.887247546752292E-04
  2.886783785456259E-04  2.876345334286157E-04  2.865921840538022E-04
  2.862293106389302E-04  2.851978231959151E-04  2.841677979006363E-04
  2.835165622343538E-04  2.824980078557360E-04  2.814808873523589E-04
  2.805674872305985E-04  2.795623824738414E-04  2.785586844993304E-04
  2.774071887614582E-04  2.764160075230393E-04  2.754262059738721E-04
  2.740586259406541E-04  2.730817950720166E-04  2.721063174604410E-04
  2.705428418465772E-04  2.695807331747346E-04  2.686199525356869E-04
  2.668791594757636E-04  2.659320887232752E-04  2.649863219517101E-04
  2.630853139464762E-04  2.621535440781031E-04  2.612230551903849E-04
  2.591775646365591E-04  2.582613094759267E-04  2.573463132264919E-04
  2.551708023474930E-04  2.542702314798362E-04  2.533708979512994E-04
  2.510786340579330E-04  2.501938798928904E-04  2.493103415091014E-04
  2.469134536227102E-04  2.460446168157659E-04  2.451769742322085E-04
  2.426865376250475E-04  2.418336872480609E-04  2.409820100908178E-04
  2.384081696931162E-04  2.375713413016456E-04  2.367356660641917E-04
  2.340877464277469E-04  2.332669444982116E-04  2.324472762396113E-04
  2.297338266572524E-04  2.289290320902637E-04  2.281253516542847E-04
  2.253541555674587E-04  2.245653315995355E-04  2.237776021019044E-04
  2.209557243446625E-04  2.201828160366404E-04  2.194109829858348E-04
  2.165448688202787E-04  2.157877998598678E-04  2.150317878175656E-04
  2.121273511832555E-04  2.113860252919153E-04  2.106457385266935E-04
  2.077083863554208E-04  2.069826937827202E-04  2.062580224801991E-04
  2.032926470434404E-04  2.025824694484868E-04  2.018732951540869E-04
  1.988843022644460E-04  1.981895114226973E-04  1.974957063595184E-04
  1.944870965715495E-04  1.938075508007842E-04  1.931289741179398E-04
  1.901044117786910E-04  1.894399569337679E-04  1.887764549834969E-04
  1.857392774340383E-04  1.850897525415007E-04  1.844411642863975E-04
  1.813943655264438E-04  1.807596065361849E-04  1.801257678621937E-04
  1.770720197171727E-04  1.764518575981810E-04  1.758325999432486E-04
  1.727743208590482E-04  1.721685780466942E-04  1.715637246206825E-04
  1.685031350646682E-04  1.679116261712466E-04  1.673209920483032E-04
  1.642601179412395E-04  1.636826545379222E-04  1.631060512750082E-04
  1.600467069664546E-04  1.594831002407204E-04  1.589203390111038E-04
  1.558641510186476E-04  1.553142093229098E-04  1.547650989977001E-04
  1.517135716468943E-04  1.511770969742088E-04  1.506414402854261E-04
  1.475960089081241E-04  1.470727973114094E-04  1.465503907667198E-04
  1.435124325084303E-04  1.430022776247597E-04  1.424929149251852E-04
  1.394637535199195E-04  1.389664476860730E-04  1.384699213247131E-04
  1.354508795827769E-04  1.349662104317417E-04  1.344823086384395E-04
  1.314748070768701E-04  1.310025532532677E-04  1.305310554968742E-04
  1.275367154249807E-04  1.270766455476746E-04  1.266173209941712E-04
  1.236380618436783E-04  1.231899348894672E-04  1.227425428425022E-04
  1.197807290367336E-04  1.193442910505382E-04  1.189085780950450E-04
  1.159672899717634E-04  1.155422652701077E-04  1.151179567671079E-04
  1.122014337298083E-04  1.117875134966084E-04  1.113743019089952E-04
  1.084886272622043E-04  1.080854562829359E-04  1.076829876396346E-04
  1.048372161704947E-04  1.044443716651244E-04  1.040522247066633E-04
  1.012604264261086E-04  1.008773779034300E-04  1.004950245402370E-04
  9.778020234563201E-05  9.740623823972783E-05  9.703297065044580E-05
  9.443501583916714E-05  9.406910946552216E-05  9.370390645102589E-05
  9.129712274358326E-05  9.093766329471009E-05  9.057892263086842E-05
  8.851461585379639E-05  8.815880115520258E-05  8.780373633499039E-05
  8.642309143169769E-05  8.606542028388731E-05  8.570856218170775E-05
  8.584471518702230E-05  8.547307935913295E-05  8.510239121051200E-05
  8.874954958315584E-05  8.833600862345747E-05  8.792371479415806E-05
  7.838267763102318E-01  7.836448936223925E-01  7.835216840861646E-01
  7.830637901253377E-01  7.829965256576481E-01  7.829933824976590E-01
  7.834236005507722E-01  7.834267886046623E-01  7.834971995067883E-01
  7.834236005507722E-01  7.834267886046623E-01  7.834971995067883E-01
  7.830637901253377E-01  7.829965256576481E-01  7.829933824976590E-01
  7.838267763102318E-01  7.836448936223925E-01  7.835216840861646E-01
  7.884100094713974E-01  7.881063124170434E-01  7.878534091273948E-01
  7.997355461675728E-01  7.993141102998879E-01  7.989340008647901E-01
  8.196312342070001E-01  8.190982879624273E-01  8.186012719159257E-01
  8.484849312755786E-01  8.478788366116891E-01  8.473075315291732E-01
  8.847153204614301E-01  8.840476493639835E-01  8.834073654734244E-01
  9.247651910707074E-01  9.240033020817129E-01  9.232582494402592E-01
  9.672415415954400E-01  9.664656334794899E-01  9.657038349584594E-01
  1.014559222830242E+00  1.013940032890407E+00  1.013334432451336E+00
  1.066742991919590E+00  1.066334716330185E+00  1.065934074556995E+00
  1.116950365298495E+00  1.116657379456646E+00  1.116364543554048E+00
  1.156582088349495E+00  1.156301350290601E+00  1.156017302376247E+00
  1.182543929382756E+00  1.182257086247339E+00  1.181967333605449E+00
  1.197462292333185E+00  1.197205432168551E+00  1.196946733083622E+00
  1.204872083934896E+00  1.204665181528172E+00  1.204456219167690E+00
  1.206090807139532E+00  1.205914348000932E+00  1.205734777388725E+00
  1.200818837259159E+00  1.200641500360877E+00  1.200460424760753E+00
  1.188770696601122E+00  1.188577212397658E+00  1.188380187830429E+00
  1.170189532598945E+00  1.169981978795340E+00  1.169771519183133E+00
  1.145538088259753E+00  1.145324226835913E+00  1.145108156439790E+00
  1.115241291060600E+00  1.115027772092701E+00  1.114812729823889E+00
  1.079695123057749E+00  1.079487539373364E+00  1.079279134098184E+00
  1.039366615010608E+00  1.039170750375579E+00  1.038974749011304E+00
  9.948498004625603E-01  9.946713215685949E-01  9.944933010394523E-01
  9.468582131941100E-01  9.467016536487920E-01  9.465460077353306E-01
  8.961861480644371E-01  8.960543256013683E-01  8.959237225938879E-01
  8.436662157810517E-01  8.435602315580539E-01  8.434556396269873E-01
  7.901308062256182E-01  7.900503295516020E-01  7.899713113873630E-01
  7.363774761912484E-01  7.363210957602973E-01  7.362661606738521E-01
  6.831396545520005E-01  6.831052139173601E-01  6.830721499529739E-01
  6.310646929655856E-01  6.310495825845306E-01  6.310357435949023E-01
  5.807000342193229E-01  5.807014277771452E-01  5.807039649157234E-01
  5.324870064112887E-01  5.325020401804417E-01  5.325180774979305E-01
  4.867610991664821E-01  4.867870017067429E-01  4.868137632624403E-01
  4.437573390221376E-01  4.437915211943908E-01  4.438264192937345E-01
  4.036193371850928E-01  4.036594509937034E-01  4.037001436492696E-01
  3.664106539853840E-01  3.664546264571318E-01  3.664990500286988E-01
  3.321272885053695E-01  3.321733353523764E-01  3.322197170510557E-01
  3.007103300992852E-01  3.007569534165218E-01  3.008038079735165E-01
  2.720580595000280E-01  2.721040336644738E-01  2.721501484004641E-01
  2.460370237674425E-01  2.460813735195601E-01  2.461257858294392E-01
  2.224918088988934E-01  2.225337830939169E-01  2.225757538203470E-01
  2.012533891133748E-01  2.012924328957449E-01  2.013314183005950E-01
  1.821460450855146E-01  1.821817724419558E-01  1.822173966782772E-01
  1.649929212224855E-01  1.650250891634088E-01  1.650571184526938E-01
  1.496203415212862E-01  1.496488265967994E-01  1.496771457868935E-01
  1.358610308808473E-01  1.358858083620302E-01  1.359104001772119E-01
  1.235563994361162E-01  1.235775252483861E-01  1.235984523076815E-01
  1.125580462067590E-01  1.125756415490286E-01  1.125930310790026E-01
  1.027286290813636E-01  1.027428675680594E-01  1.027568986417254E-01
  9.394223409366413E-02  9.395333119663400E-02  9.396422427051394E-02
  8.608436047505087E-02  8.609256500688010E-02  8.610057349377104E-02
  7.905162081939129E-02  7.905720818147047E-02  7.906261177838854E-02
  7.275123903285574E-02  7.275450594467335E-02  7.275760542960873E-02
  6.710041325672160E-02  6.710167368281596E-02  6.710278689404781E-02
  6.202559707107170E-02  6.202517906495802E-02  6.202463777948233E-02
  5.746174016226666E-02  5.745998334586566E-02  5.745813077234391E-02
  5.335151926494239E-02  5.334877265876039E-02  5.334596125642970E-02
  4.964458150670874E-02  4.964120141474933E-02  4.963779073816867E-02
  4.629681511016453E-02  4.629316274657765E-02  4.628951699790679E-02
  4.326965660111801E-02  4.326609512326957E-02  4.326258007135584E-02
  4.052943904461079E-02  4.052632963132098E-02  4.052330853099305E-02
  3.804678225015499E-02  3.804447884188593E-02  3.804230696500512E-02
  3.579602322805186E-02  3.579486553376574E-02  3.579388291420964E-02
  3.375468338175677E-02  3.375498776926456E-02  3.375550977935404E-02
  3.190296795649613E-02  3.190501589563786E-02  3.190732133013795E-02
  3.022329318941924E-02  3.022731703169590E-02  3.023163349919538E-02
  2.869983747453532E-02  2.870600355476445E-02  2.871249019032893E-02
  2.731811481080370E-02  2.732650416885146E-02  2.733523201007651E-02
  2.606457189969151E-02  2.607515935950901E-02  2.608609018355738E-02
  2.492621444507076E-02  2.493884734901838E-02  2.495181234536403E-02
  2.389027327848304E-02  2.390465181911278E-02  2.391933212487391E-02
  2.294392621588296E-02  2.295958794729102E-02  2.297549970899678E-02
  2.207409607822717E-02  2.209040769041652E-02  2.210689479468107E-02
  2.126734771964085E-02  2.128350734243629E-02  2.129974509603726E-02
  2.050990563340348E-02  2.052495862259936E-02  2.053997128190271E-02
  1.978780754515617E-02  1.980067775758777E-02  1.981337178137544E-02
  1.908719776047007E-02  1.909673472382738E-02  1.910594794403882E-02
  1.839474767805092E-02  1.839978794113190E-02  1.840435267086190E-02
  1.769817191941630E-02  1.769761053831173E-02  1.769642629078699E-02
  1.698679040992424E-02  1.697965642141320E-02  1.697176585129985E-02
  1.625207349069926E-02  1.623760182118714E-02  1.622226219028830E-02
  1.548810234201564E-02  1.546579427928031E-02  1.544253656285595E-02
  1.469188276048940E-02  1.466154805045663E-02  1.463021688071898E-02
  1.386346650422451E-02  1.382524222373307E-02  1.378601208199054E-02
  1.300585843066039E-02  1.296020266351326E-02  1.291356868568824E-02
  1.212471512628512E-02  1.207237659670568E-02  1.201912149796492E-02
  1.122786654944955E-02  1.116983417135644E-02  1.111097555091965E-02
  1.032471191692647E-02  1.026215023844183E-02  1.019887445187587E-02
  9.425551759534299E-03  9.359729268057193E-03  9.293318925232242E-03
  8.540919099352270E-03  8.473136291324103E-03  8.404898265703920E-03
  7.680965314192808E-03  7.612488516508776E-03  7.543688349128291E-03
  6.854943103541521E-03  6.786948567910004E-03  6.718755630746246E-03
  6.070813189810544E-03  6.004344292796934E-03  5.937790368134205E-03
  5.334985688835539E-03  5.270924424256089E-03  5.206876714049080E-03
  4.652193468639924E-03  4.591245986536780E-03  4.530394152032120E-03
  4.025484209850085E-03  3.968179017476024E-03  3.911034735142808E-03
  3.456310622003873E-03  3.403007240246027E-03  3.349913969152850E-03
  2.944694122892283E-03  2.895599494835544E-03  2.846749689153524E-03
  2.489436038486145E-03  2.444625816148497E-03  2.400082687338390E-03
  2.088351658062019E-03  2.047793640238795E-03  2.007514763076774E-03
  1.738505883193871E-03  1.702083295976011E-03  1.665943806648960E-03
  1.436434046612570E-03  1.403966958690716E-03  1.371780715982614E-03
  1.178336982516409E-03  1.149600815845512E-03  1.121138570149406E-03
  9.602447552165608E-04  9.349854765774679E-04  9.099897073304593E-04
  7.781479406313941E-04  7.560940247428345E-04  7.342905938203771E-04
  6.280987047604626E-04  6.089703019580066E-04  5.900773891435542E-04
  5.062859295850645E-04  4.898018406862547E-04  4.735367732896140E-04
  4.090894271631857E-04  3.949724976711383E-04  3.810570749804595E-04
  3.331180509510052E-04  3.210994859238603E-04  3.092642742588383E-04
  2.752355878617625E-04  2.650585135673584E-04  2.550464084076035E-04
  2.325771509998414E-04  2.239995733590818E-04  2.155687536229164E-04
  2.025577383059208E-04  1.953549190266320E-04  1.882811992241310E-04
  1.828739140760957E-04  1.768401228316760E-04  1.709186577356389E-04
  1.714992820348963E-04  1.664488815420226E-04  1.614951845141376E-04
  1.666744311753139E-04  1.624422883613381E-04  1.582925654454293E-04
  1.668922029709721E-04  1.633334689030460E-04  1.598443202984375E-04
  1.708792863060656E-04  1.678686320221661E-04  1.649162160709415E-04
  1.775752471486511E-04  1.750056717813524E-04  1.724844519065034E-04
  1.861100887820852E-04  1.838914249911264E-04  1.817126278385533E-04
  1.957813639011065E-04  1.938385982885254E-04  1.919285010229840E-04
  2.060317372709619E-04  2.043032468534988E-04  2.026013939331821E-04
  2.164277044790373E-04  2.148634938513459E-04  2.133209249935121E-04
  2.266399187631249E-04  2.251999308416290E-04  2.237774900098404E-04
  2.364253363948717E-04  2.350778952238859E-04  2.337446763749855E-04
  2.456112516332116E-04  2.443316699382888E-04  2.430636323917193E-04
  2.540813136380708E-04  2.528506626002050E-04  2.516294136217172E-04
  2.617636782294615E-04  2.605676936440204E-04  2.593794119536912E-04
  2.686213392364164E-04  2.674494499841115E-04  2.662839303329494E-04
  2.746443175796444E-04  2.734888224430341E-04  2.723386619033855E-04
  2.798429921766240E-04  2.786984398126276E-04  2.775584184612335E-04
  2.842418755477638E-04  2.831046668995263E-04  2.819713498149035E-04
  2.878737989715002E-04  2.867419361112726E-04  2.856134320852434E-04
  2.907752867721392E-04  2.896481199085895E-04  2.885238524344104E-04
  2.929840729137822E-04  2.918619318571636E-04  2.907422993124618E-04
  2.945388968574509E-04  2.934226215482263E-04  2.923085453885062E-04
  2.954805669672408E-04  2.943710695054353E-04  2.932635540039048E-04
  2.958527156396131E-04  2.947507267394813E-04  2.936505866518106E-04
  2.957010933199752E-04  2.946071575335748E-04  2.935149929723163E-04
  2.950714228807290E-04  2.939860615687924E-04  2.929024145596296E-04
  2.940069955986106E-04  2.929308629144126E-04  2.918563862290094E-04
  2.925473674864065E-04  2.914812699551639E-04  2.904167665660236E-04
  2.907285580080711E-04  2.896733492679320E-04  2.886196785370189E-04
  2.885839998375179E-04  2.875404610315336E-04  2.864984166153463E-04
  2.861452198743563E-04  2.851140129915089E-04  2.840842680306031E-04
  2.834418687906273E-04  2.824235621861564E-04  2.814066900095705E-04
  2.805014275766539E-04  2.794965372427466E-04  2.784930541979393E-04
  2.773490570836163E-04  2.763580615510679E-04  2.753684458925123E-04
  2.740077461125009E-04  2.730310772926082E-04  2.720557617013557E-04
  2.704985751636159E-04  2.695366079071466E-04  2.685759685958386E-04
  2.668409166320076E-04  2.658939684331408E-04  2.649483241394060E-04
  2.630525553826146E-04  2.621208906421972E-04  2.611905068524341E-04
  2.591497977791037E-04  2.582336313178895E-04  2.573187238199794E-04
  2.551475810877137E-04  2.542470830806880E-04  2.533478225825231E-04
  2.510595529396178E-04  2.501748569490776E-04  2.492913768550566E-04
  2.468981376285089E-04  2.460293464660404E-04  2.451617495088005E-04
  2.426746327838852E-04  2.418218177011352E-04  2.409701757836538E-04
  2.383993465255368E-04  2.375625439378205E-04  2.367268945412269E-04
  2.340817092161273E-04  2.332609233077517E-04  2.324412712676841E-04
  2.297303121265612E-04  2.289255240681439E-04  2.281218503183721E-04
  2.253529212915673E-04  2.245640960691414E-04  2.237763653391134E-04
  2.209565385176877E-04  2.201836230379209E-04  2.194117827672117E-04
  2.165475130569107E-04  2.157904315285779E-04  2.150344069917764E-04
  2.121316314705899E-04  2.113902870427687E-04  2.106499819218596E-04
  2.077141338140285E-04  2.069884167473408E-04  2.062637211055731E-04
  2.032997050704921E-04  2.025894983819714E-04  2.018802950390055E-04
  1.988925190074850E-04  1.981976960231514E-04  1.975038588181771E-04
  1.944963278432965E-04  1.938167471256709E-04  1.931381355685996E-04
  1.901145325907312E-04  1.894500392217600E-04  1.887864989471823E-04
  1.857501820899819E-04  1.851006149738370E-04  1.844519846688146E-04
  1.814059564687732E-04  1.807711526937951E-04  1.801372693085075E-04
  1.770841995904801E-04  1.764639914291087E-04  1.758446877294280E-04
  1.727869981612191E-04  1.721812080172450E-04  1.715763073740895E-04
  1.685162336981546E-04  1.679246753106945E-04  1.673339919171389E-04
  1.642735784241406E-04  1.636960631046235E-04  1.631194081141984E-04
  1.600604766357112E-04  1.594968165047955E-04  1.589340019592100E-04
  1.558781772498857E-04  1.553281816650079E-04  1.547790174546056E-04
  1.517278085887912E-04  1.511912792887907E-04  1.506555680998013E-04
  1.476104281176541E-04  1.470871600912144E-04  1.465646973662791E-04
  1.435270250501237E-04  1.430168114306222E-04  1.425073902044320E-04
  1.394785239601977E-04  1.389811576441641E-04  1.384845709119354E-04
  1.354658449020323E-04  1.349811139503584E-04  1.344971504243138E-04
  1.314900074649788E-04  1.310176896948986E-04  1.305461281593996E-04
  1.275522359141708E-04  1.270920980702941E-04  1.266327058620693E-04
  1.236540500610456E-04  1.232058494930280E-04  1.227583841393690E-04
  1.197974156023444E-04  1.193608970279708E-04  1.189251037203576E-04
  1.159850318307083E-04  1.155599172106589E-04  1.151355190545347E-04
  1.122208055864209E-04  1.118067810779166E-04  1.113934656318507E-04
  1.085105891560387E-04  1.081072907440885E-04  1.077046953154889E-04
  1.048634336697773E-04  1.044704246271837E-04  1.040781139888875E-04
  1.012939333004207E-04  1.009106590485784E-04  1.005280811088798E-04
  9.782692378637291E-05  9.745262560380117E-05  9.707902568736571E-05
  9.450763261358788E-05  9.414118211894774E-05  9.377543800247342E-05
  9.142624204372393E-05  9.106578375334743E-05  9.070604995997653E-05
  8.878803620228202E-05  8.843006761417703E-05  8.807286135947831E-05
  8.716954176751160E-05  8.680593547675621E-05  8.644317688322187E-05
  8.865961683331608E-05  8.826553980551602E-05  8.787254189475863E-05
  1.011096191068835E-04  1.005974404419716E-04  1.000870877732040E-04
  7.819221562976429E-01  7.820531755259540E-01  7.822611398285327E-01
  7.813761320086597E-01  7.814785367858955E-01  7.815984804026231E-01
  7.820827160232912E-01  7.821112278778130E-01  7.820675131028131E-01
  7.820827160232912E-01  7.821112278778130E-01  7.820675131028131E-01
  7.813761320086597E-01  7.814785367858955E-01  7.815984804026231E-01
  7.819221562976429E-01  7.820531755259540E-01  7.822611398285327E-01
  7.866595985914769E-01  7.867523965481736E-01  7.868911844657321E-01
  7.987556687393037E-01  7.987370484996424E-01  7.986454235574313E-01
  8.196939540996871E-01  8.192128420811960E-01  8.185662998770215E-01
  8.482587587162359E-01  8.472300443423729E-01  8.461844799933614E-01
  8.834942933649612E-01  8.825864367560496E-01  8.818459700934420E-01
  9.237525092739227E-01  9.231536937691407E-01  9.226626828175097E-01
  9.663367158755596E-01  9.656822149145758E-01  9.650393161062973E-01
  1.012663430580662E+00  1.011991468802398E+00  1.011331083712541E+00
  1.065138317024772E+00  1.064700692284059E+00  1.064282591260213E+00
  1.118027244609898E+00  1.117791874669294E+00  1.117559194732642E+00
  1.160302796343870E+00  1.160079279565185E+00  1.159847015142201E+00
  1.186614301402144E+00  1.186325132329102E+00  1.186029968647695E+00
  1.200266491282065E+00  1.199973347186667E+00  1.199679148782095E+00
  1.206709172261178E+00  1.206480083205896E+00  1.206250386770957E+00
  1.207909425738052E+00  1.207734512662828E+00  1.207557095824096E+00
  1.203055577176393E+00  1.202886639419009E+00  1.202714003616378E+00
  1.191338034967604E+00  1.191149182504958E+00  1.190956727353320E+00
  1.172898659950316E+00  1.172692821819598E+00  1.172484045532229E+00
  1.148304488714835E+00  1.148092258834765E+00  1.147877769005312E+00
  1.118050603654374E+00  1.117838883906152E+00  1.117625545926515E+00
  1.082531706643053E+00  1.082325147322471E+00  1.082117665648319E+00
  1.042194711423860E+00  1.041998760012497E+00  1.041802604470021E+00
  9.976283833074360E-01  9.974490724049543E-01  9.972701908449009E-01
  9.495541979571696E-01  9.493965295263249E-01  9.492397687498764E-01
  8.987759769098600E-01  8.986430365103713E-01  8.985113178527013E-01
  8.461327990298527E-01  8.460257835585238E-01  8.459201635059087E-01
  7.924614156902264E-01  7.923800154010506E-01  7.923000755249986E-01
  7.385630032135991E-01  7.385058066601501E-01  7.384500564420192E-01
  6.851743107825213E-01  6.851391581095710E-01  6.851053830995822E-01
  6.329457512183722E-01  6.329300303065110E-01  6.329155824541742E-01
  5.824275467947614E-01  5.824284289623448E-01  5.824304572294990E-01
  5.340634873004290E-01  5.340781047204145E-01  5.340937288471180E-01
  4.881911625398415E-01  4.882167368061018E-01  4.882431735280689E-01
  4.450473068953186E-01  4.450812393375968E-01  4.451158911146890E-01
  4.047768415786023E-01  4.048167732779717E-01  4.048572870059885E-01
  3.674442566129698E-01  3.674881035399479E-01  3.675324044444039E-01
  3.330461333499456E-01  3.330921009176535E-01  3.331384059041653E-01
  3.015238376971041E-01  3.015704188902290E-01  3.016172336021583E-01
  2.727756673195358E-01  2.728216286792317E-01  2.728677326258477E-01
  2.466679740070531E-01  2.467123336174381E-01  2.467567575553886E-01
  2.230449827010261E-01  2.230869837903881E-01  2.231289829484950E-01
  2.017371842955029E-01  2.017762672725354E-01  2.018152931873018E-01
  1.825682930252981E-01  1.826040679171470E-01  1.826397407940661E-01
  1.653608375352888E-01  1.653930580745921E-01  1.654251408705676E-01
  1.499405047178825E-01  1.499690447696267E-01  1.499974196615738E-01
  1.361393832336688E-01  1.361642158927978E-01  1.361888634423991E-01
  1.237982646935975E-01  1.238194441363305E-01  1.238404252262626E-01
  1.127681594338625E-01  1.127858054619679E-01  1.128032459320138E-01
  1.029111746285949E-01  1.029254597446183E-01  1.029395375649500E-01
  9.410088843093688E-02  9.411202722304778E-02  9.412296197428559E-02
  8.622233732094030E-02  8.623057789964859E-02  8.623862229875100E-02
  7.917171659261867E-02  7.917733380189416E-02  7.918276699356851E-02
  7.285587719536578E-02  7.285916731216700E-02  7.286228963714335E-02
  6.719168654161221E-02  6.719296318244970E-02  6.719409213538084E-02
  6.210530695511805E-02  6.210489790543504E-02  6.210436500051485E-02
  5.753143321793884E-02  5.752967790559892E-02  5.752782616337269E-02
  5.341252025008458E-02  5.340976757572945E-02  5.340694934297118E-02
  4.969802320360372E-02  4.969462943176239E-02  4.969120423350403E-02
  4.634366504596698E-02  4.633999144569855E-02  4.633632355179883E-02
  4.331074085701658E-02  4.330715075528956E-02  4.330360612065930E-02
  4.056546340756028E-02  4.056231829423495E-02  4.055926050590130E-02
  3.807835098577072E-02  3.807600528631382E-02  3.807379012794598E-02
  3.582365575631740E-02  3.582244987541116E-02  3.582141810962724E-02
  3.377882911603790E-02  3.377908036821253E-02  3.377954835350749E-02
  3.192401954521528E-02  3.192601063624067E-02  3.192825844973157E-02
  3.024159833966421E-02  3.024556318056425E-02  3.024982004191656E-02
  2.871570948599355E-02  2.872181631516923E-02  2.872824331863199E-02
  2.733184186176629E-02  2.734017396797127E-02  2.734884445754204E-02
  2.607642505303431E-02  2.608695982679876E-02  2.609783820037847E-02
  2.493645424088697E-02  2.494904184171531E-02  2.496196215151513E-02
  2.389915471461279E-02  2.391349828911870E-02  2.392814465750348E-02
  2.295170186705775E-02  2.296734189819460E-02  2.298323340976793E-02
  2.208101711129728E-02  2.209732298439348E-02  2.211380620256164E-02
  2.127366263824370E-02  2.128983470335299E-02  2.130608710455561E-02
  2.051585673363831E-02  2.053094184102377E-02  2.054598909158045E-02
  1.979362529649364E-02  1.980654784183855E-02  1.981929682433048E-02
  1.909309359326982E-02  1.910270251528345E-02  1.911199033397537E-02
  1.840090593034915E-02  1.840603597855761E-02  1.841069299661768E-02
  1.770474189459747E-02  1.770428515062150E-02  1.770320775751344E-02
  1.699387959117615E-02  1.698686109889990E-02  1.697908782549717E-02
  1.625974288845810E-02  1.624539283646697E-02  1.623017610601351E-02
  1.549636471782634E-02  1.547417926683891E-02  1.545104486826432E-02
  1.470070410789503E-02  1.467048788548197E-02  1.463927531908382E-02
  1.387277074833548E-02  1.383465610977907E-02  1.379553516684950E-02
  1.301553488239904E-02  1.296997591975213E-02  1.292343781447158E-02
  1.213462791085362E-02  1.208237032752635E-02  1.202919485319143E-02
  1.123786503409718E-02  1.117989582635204E-02  1.112109878000922E-02
  1.033464114517102E-02  1.027212406601308E-02  1.020889112908207E-02
  9.435262009382937E-03  9.369465799302644E-03  9.303079949241065E-03
  8.550273901697379E-03  8.482500208373265E-03  8.414269571233033E-03
  7.689847522840408E-03  7.621364524190708E-03  7.552556573031664E-03
  6.863258833078588E-03  6.795245106516743E-03  6.727031595765707E-03
  6.078493631100911E-03  6.011995118804236E-03  5.945410426377861E-03
  5.341986957674293E-03  5.277888235433180E-03  5.213802149306445E-03
  4.658494788145616E-03  4.597504411485430E-03  4.536608980210132E-03
  4.031084863420630E-03  3.973733433682013E-03  3.916542396176225E-03
  3.461226254408699E-03  3.407875018446304E-03  3.354733525817720E-03
  2.948953001791210E-03  2.899810282563919E-03  2.850912142271511E-03
  2.493075777998399E-03  2.448218334549778E-03  2.403627848401868E-03
  2.091416620153552E-03  2.050813159826248E-03  2.010488802639542E-03
  1.741045142189534E-03  1.704579638506231E-03  1.668397283438594E-03
  1.438499601214005E-03  1.405992694536451E-03  1.373766754220185E-03
  1.179981939003482E-03  1.151209407268538E-03  1.122710962420115E-03
  9.615214455749308E-04  9.362293766912442E-04  9.112010006973035E-04
  7.791061948481114E-04  7.570229788811388E-04  7.351904281804876E-04
  6.287845838670590E-04  6.096301540026160E-04  5.907113823866438E-04
  5.067411050774239E-04  4.902340002388427E-04  4.739460742086975E-04
  4.093511552838435E-04  3.952139776330909E-04  3.812784605372598E-04
  3.332195163352480E-04  3.211832725114049E-04  3.093305387835698E-04
  2.752063496203049E-04  2.650140032756098E-04  2.549867888390622E-04
  2.324435044442907E-04  2.238529111409093E-04  2.154092427986142E-04
  2.023429392039588E-04  1.951291997315252E-04  1.880447262792017E-04
  1.825982952396998E-04  1.765554973331973E-04  1.706251861577357E-04
  1.711803358617203E-04  1.661226413318672E-04  1.611617998165115E-04
  1.663269200591344E-04  1.620889834796912E-04  1.579336018409094E-04
  1.665283269502993E-04  1.629650864032328E-04  1.594715502761801E-04
  1.705089138326343E-04  1.674948352459182E-04  1.645390979021499E-04
  1.772061860805252E-04  1.746340787533995E-04  1.721104144536411E-04
  1.857483528766579E-04  1.835278817807761E-04  1.813473501144358E-04
  1.954314134522405E-04  1.934874235942629E-04  1.915761613346944E-04
  2.056967019825606E-04  2.039674528830915E-04  2.022648885713352E-04
  2.161096247732530E-04  2.145450196167075E-04  2.130020943624799E-04
  2.263400348923028E-04  2.248999210863189E-04  2.234773862852534E-04
  2.361443691256681E-04  2.347969807914296E-04  2.334638425693924E-04
  2.453495669740846E-04  2.440701477368634E-04  2.428022956024733E-04
  2.538388942596725E-04  2.526084831089292E-04  2.513874896692413E-04
  2.615399726124678E-04  2.603443116200310E-04  2.591563603715485E-04
  2.684152184073695E-04  2.672437524608994E-04  2.660786565300554E-04
  2.744543319721515E-04  2.732993440446307E-04  2.721496912272414E-04
  2.796678792549300E-04  2.785238518043797E-04  2.773843622350113E-04
  2.840809534276900E-04  2.829442010465754E-04  2.818113538083366E-04
  2.877269039913699E-04  2.865953790731623E-04  2.854672276342284E-04
  2.906422738035985E-04  2.895153489390622E-04  2.883913310824937E-04
  2.928642699018268E-04  2.917423518766781E-04  2.906229395804871E-04
  2.944309200003658E-04  2.933149259476408E-04  2.922011205441776E-04
  2.953826466978171E-04  2.942735111588490E-04  2.931663477312440E-04
  2.957633334688125E-04  2.946617369659065E-04  2.935619873412065E-04
  2.956194558478841E-04  2.945258616549040E-04  2.934340450622130E-04
  2.949973879395884E-04  2.939122703438101E-04  2.928288758141661E-04
  2.939405542079498E-04  2.928645852051658E-04  2.917902765631197E-04
  2.924881750132612E-04  2.914222138272748E-04  2.903578455004662E-04
  2.906758817644572E-04  2.896208208369443E-04  2.885672941488337E-04
  2.885370003369303E-04  2.874936232188929E-04  2.864517378853292E-04
  2.861032347922787E-04  2.850721829261715E-04  2.840425930017431E-04
  2.834044785515743E-04  2.823863034961959E-04  2.813695642700508E-04
  2.804683370882798E-04  2.794635530989353E-04  2.784601774052930E-04
  2.773199650363267E-04  2.763290584795186E-04  2.753395321519747E-04
  2.739823148800724E-04  2.730057243383043E-04  2.720304868475409E-04
  2.704764664684944E-04  2.695145692399591E-04  2.685539996605257E-04
  2.668218197499072E-04  2.658749334472076E-04  2.649293509904282E-04
  2.630361912281387E-04  2.621045805284438E-04  2.611742509373016E-04
  2.591359175241336E-04  2.582197966560784E-04  2.573049350473866E-04
  2.551359690627918E-04  2.542355074908186E-04  2.533362836842911E-04
  2.510500209496058E-04  2.501653526110203E-04  2.492819003663271E-04
  2.468905021757450E-04  2.460217327637792E-04  2.451541572412452E-04
  2.426687039758235E-04  2.418159073869219E-04  2.409642839040770E-04
  2.383949464501711E-04  2.375581585667418E-04  2.367225240718084E-04
  2.340786934951211E-04  2.332579160935210E-04  2.324382728957630E-04
  2.297285641716939E-04  2.289237780672692E-04  2.281201066267612E-04
  2.253523266659840E-04  2.245634997066758E-04  2.237757671608164E-04
  2.209569702316116E-04  2.201840517912501E-04  2.194122084020477E-04
  2.165488485417199E-04  2.157917622369609E-04  2.150357330421570E-04
  2.121337761451513E-04  2.113924230329189E-04  2.106521094447089E-04
  2.077170179859422E-04  2.069912877544766E-04  2.062665789281936E-04
  2.033032567183568E-04  2.025930346150062E-04  2.018838156203628E-04
  1.988966515042989E-04  1.982018131840846E-04  1.975079603866447E-04
  1.945009568515843E-04  1.938213598506877E-04  1.931427322077184E-04
  1.901195981091064E-04  1.894550855752186E-04  1.887915265896822E-04
  1.857556453543907E-04  1.851060558166750E-04  1.844574033071922E-04
  1.814117736032017E-04  1.807769466566355E-04  1.801430398629122E-04
  1.770903120146272E-04  1.764700817474818E-04  1.758507556459676E-04
  1.727933490514033E-04  1.721875367621805E-04  1.715826140724630E-04
  1.685227882575191E-04  1.679312052971227E-04  1.673404975477410E-04
  1.642803196588715E-04  1.637027772005694E-04  1.631260950318847E-04
  1.600673824597720E-04  1.595036946966388E-04  1.589408523017255E-04
  1.558852117611309E-04  1.553351900440702E-04  1.547859993067391E-04
  1.517349387469835E-04  1.511983832358510E-04  1.506626459146787E-04
  1.476176434422882E-04  1.470943473691477E-04  1.465718568738339E-04
  1.435343335742800E-04  1.430240894606527E-04  1.425146377798114E-04
  1.394859319603370E-04  1.389885348146435E-04  1.384919169566956E-04
  1.354733511149675E-04  1.349885899060154E-04  1.345045960832180E-04
  1.314976218580454E-04  1.310252734754158E-04  1.305536812878927E-04
  1.275600052252912E-04  1.270998335911599E-04  1.266404076716298E-04
  1.236620612132810E-04  1.232138227891255E-04  1.227663195990658E-04
  1.198057926643514E-04  1.193692328982365E-04  1.189333984186191E-04
  1.159939516881536E-04  1.155687924025983E-04  1.151443496993920E-04
  1.122305556933156E-04  1.118164796309884E-04  1.114031128679471E-04
  1.085216645435594E-04  1.081183018669662E-04  1.077156426276815E-04
  1.048767021671892E-04  1.044836086094847E-04  1.040912142258321E-04
  1.013109788061683E-04  1.009275887753347E-04  1.005448956092891E-04
  9.785087531355428E-05  9.747640596913242E-05  9.710263562112685E-05
  9.454544542819575E-05  9.417871194017378E-05  9.381268650798801E-05
  9.149634063732036E-05  9.113534282789713E-05  9.077507261423533E-05
  8.893502592144385E-05  8.857592312949690E-05  8.821758896715436E-05
  8.748353099718996E-05  8.711744623468574E-05  8.675222353815569E-05
  9.446935518298004E-05  9.402922831469594E-05  9.359044774726043E-05
  2.059692704392546E-04  2.046227809415768E-04  2.032829989673246E-04
