  7.521579784072915E+00  7.511054667653142E+00  7.500519467651962E+00

 -4.958369944429142E-01 -5.443726754914575E-01 -5.900110086621315E-01
 -2.691076683901554E-01 -3.404020545080733E-01 -4.091820717978303E-01
 -1.092039020149661E-01 -1.937815186998589E-01 -2.760588018855834E-01
 -1.092039020149661E-01 -1.937815186998589E-01 -2.760588018855834E-01
 -2.691076683901554E-01 -3.404020545080733E-01 -4.091820717978303E-01
 -4.958369944429142E-01 -5.443726754914575E-01 -5.900110086621315E-01
 -6.731373883947644E-01 -6.978726246959668E-01 -7.196813874545618E-01
 -7.388856758324494E-01 -7.449426810915920E-01 -7.488664055304284E-01
 -6.877552305930843E-01 -6.823192486822451E-01 -6.761056652344175E-01
 -5.555536365761693E-01 -5.445659181498845E-01 -5.340980731547829E-01
 -4.166989789763198E-01 -4.041145255611118E-01 -3.927171826978793E-01
 -3.182439020954400E-01 -3.074676956251707E-01 -2.979005025083259E-01
 -2.506830567298142E-01 -2.435552951157467E-01 -2.374355009616416E-01
 -1.956237896960573E-01 -1.918239870373331E-01 -1.888699252468093E-01
 -1.504395533175469E-01 -1.490492918083675E-01 -1.483827284281851E-01
 -1.179079786734469E-01 -1.185175164702112E-01 -1.197214123316659E-01
 -9.810480012433587E-02 -1.006119134030961E-01 -1.035714378939616E-01
 -8.880814425961958E-02 -9.296492328418005E-02 -9.743632711614048E-02
 -8.736328274626715E-02 -9.270627022324618E-02 -9.824454109302216E-02
 -9.137741883034067E-02 -9.740781100660278E-02 -1.035376419131122E-01
 -9.885653329599897E-02 -1.051755526894471E-01 -1.115186686024945E-01
 -1.083566260610578E-01 -1.146698107425399E-01 -1.209459947405893E-01
 -1.189598264782497E-01 -1.250315737831640E-01 -1.310154390575091E-01
 -1.299817074762402E-01 -1.356095702863822E-01 -1.411080174854922E-01
 -1.406707456277436E-01 -1.456755929833449E-01 -1.505178147523258E-01
 -1.500355147583825E-01 -1.542478541043266E-01 -1.582705818154748E-01
 -1.567892319767648E-01 -1.600437298591553E-01 -1.630881441455534E-01
 -1.594974931147828E-01 -1.616573939623027E-01 -1.635975427745544E-01
 -1.569492229110008E-01 -1.579491771274304E-01 -1.587345434512542E-01
 -1.485218229155625E-01 -1.483910197285963E-01 -1.480646774422532E-01
 -1.342982434315805E-01 -1.331484420051252E-01 -1.318318142726205E-01
 -1.149676175971610E-01 -1.129720144660391E-01 -1.108461983082747E-01
 -9.171891145246436E-02 -8.910912434016405E-02 -8.641568540889200E-02
 -6.620669683271707E-02 -6.327737647791265E-02 -6.032146247878867E-02
 -4.045578775395953E-02 -3.754423697201981E-02 -3.466741408354101E-02
 -1.657524381913689E-02 -1.400516946711727E-02 -1.152355984858122E-02
  3.653420779796690E-03  5.638729755304439E-03  7.500392700493297E-03
  1.911288903253849E-02  2.039167135854880E-02  2.153433812824268E-02
  2.946042767733337E-02  3.003016627379029E-02  3.047002328560433E-02
  3.500719159370957E-02  3.494709869542945E-02  3.477295968672278E-02
  3.646854027642910E-02  3.588980657222329E-02  3.521331292611318E-02
  3.471099863595217E-02  3.371869909581271E-02  3.264062895189834E-02
  3.058916255341604E-02  2.927069233859658E-02  2.787567519742051E-02
  2.490657741592184E-02  2.334634122038270E-02  2.172201530806195E-02
  1.846354183303589E-02  1.676745216171405E-02  1.502853034325291E-02
  1.209842098559921E-02  1.040378298669076E-02  8.696443180426172E-03
  6.630044656987799E-03  5.085342059985010E-03  3.560233553895564E-03
  2.687043947225298E-03  1.409544339904478E-03  1.767206700185042E-04
  5.196647959584411E-04 -4.406298286534494E-04 -1.343801636343400E-03
 -6.192664809212545E-05 -7.243577566935500E-04 -1.327501954607513E-03
  4.529948216003277E-04  3.513847258673763E-05 -3.237468968260160E-04
  1.550733637782464E-03  1.336978134644617E-03  1.185600851654200E-03
  2.922375385570497E-03  2.905191314835687E-03  2.955784244636828E-03
  4.481521096242336E-03  4.660614210922009E-03  4.905551768665806E-03
  6.162224907236169E-03  6.493967459071381E-03  6.873526636792748E-03
  7.685055933345231E-03  8.056395233310587E-03  8.442641080438240E-03
  8.534773951839769E-03  8.796100529943229E-03  9.037485552346070E-03
  8.223511147556319E-03  8.265480331062572E-03  8.267446479283486E-03
  6.657250617602473E-03  6.477713342499802E-03  6.262328104910897E-03
  4.315791081847431E-03  4.027887660160934E-03  3.728549800413261E-03
  2.084212133835472E-03  1.857069585026849E-03  1.648242964317315E-03
  8.207754450936244E-04  7.885717297491102E-04  7.929619070635718E-04
  9.282167024338150E-04  1.123082009488963E-03  1.352602509950951E-03
  2.191163222845072E-03  2.538164065778559E-03  2.901293053838572E-03
  3.958314160648069E-03  4.328558467139421E-03  4.691900713112096E-03
  5.520840536689886E-03  5.802766318774077E-03  6.062205130635601E-03
  6.437443152351174E-03  6.582178584202847E-03  6.701318198009787E-03
  6.639487000400845E-03  6.661852996147077E-03  6.665174130023543E-03
  6.323151641844160E-03  6.271271265562595E-03  6.209945061335209E-03
  5.758142330836491E-03  5.679125194792300E-03  5.597962893266750E-03
  5.146748456894890E-03  5.068750683113410E-03  4.992045739255491E-03
  4.586831736194452E-03  4.520145585665380E-03  4.455696578066659E-03
  4.107540086856876E-03  4.054302847823710E-03  4.003607519442176E-03
  3.715216538188737E-03  3.676365071286436E-03  3.640359959634853E-03
  3.411522586953208E-03  3.387141159219120E-03  3.365341651070497E-03
  3.186663489549879E-03  3.172965126719052E-03  3.160241662974239E-03
  3.009837550869809E-03  2.997403437815516E-03  2.982834505633192E-03
  2.831146687805930E-03  2.806217465118332E-03  2.775122600001234E-03
  2.593586826061478E-03  2.541426928767909E-03  2.479166230230256E-03
  2.247337421906193E-03  2.156115599828645E-03  2.052079688253494E-03
  1.761866609799267E-03  1.626220193829742E-03  1.477281522496932E-03
  1.135532400015626E-03  9.593540423031843E-04  7.722942836835278E-04
  4.019246670660115E-04  1.994790066978114E-04 -8.610423149701951E-06
 -3.709433708299903E-04 -5.769097277039670E-04 -7.815637050192503E-04
 -1.093475219069662E-03 -1.277475351704305E-03 -1.453644867630888E-03
 -1.680488254214740E-03 -1.823095872640623E-03 -1.954448034119594E-03
 -2.084364338716282E-03 -2.181294870613026E-03 -2.268812803278397E-03
 -2.323251688581385E-03 -2.391064496134465E-03 -2.457379726571007E-03
 -2.492180943974409E-03 -2.568229420643053E-03 -2.655963833022135E-03
 -2.752483516931026E-03 -2.889410669763226E-03 -3.054419799884966E-03
 -3.303994775481156E-03 -3.560315206466713E-03 -3.861100381589155E-03
 -4.344598008813705E-03 -4.770671101905322E-03 -5.252308191616040E-03
 -6.010652235898251E-03 -6.626507384553504E-03 -7.295707027445753E-03
 -8.287668754932920E-03 -9.053160588897491E-03 -9.848011846059102E-03
 -1.090893388253766E-02 -1.170087395256481E-02 -1.247445901394229E-02
 -1.331526235402691E-02 -1.393894842420407E-02 -1.448447954438681E-02
 -1.477004290326933E-02 -1.502152673934987E-02 -1.514647631098676E-02
 -1.463873574962449E-02 -1.439286734014145E-02 -1.400435970741487E-02
 -1.268081491823514E-02 -1.194378929500717E-02 -1.108235869897767E-02
 -9.134664846901508E-03 -8.020144540614282E-03 -6.817522997231151E-03
 -4.536830073125664E-03 -3.196098630320776E-03 -1.805346557273602E-03
  5.317543697449523E-04  1.954833296023750E-03  3.390313595079242E-03
  5.546622816471114E-03  6.910424769382750E-03  8.244423631147413E-03
  9.993918803059110E-03  1.114682810273937E-02  1.222595111555735E-02
  1.336216392396405E-02  1.416596893067856E-02  1.486289841529498E-02
  1.526037230844368E-02  1.563609477846484E-02  1.589409060028935E-02
  1.556196418832401E-02  1.551658326997285E-02  1.536619450890653E-02
  1.444515215503250E-02  1.406134543221255E-02  1.360146646455962E-02
  1.231257611764952E-02  1.171532316446877E-02  1.107715411481847E-02
  9.658768284970254E-03  8.979875011399630E-03  8.293108890233158E-03
  6.951448280561490E-03  6.303342538991785E-03  5.672941510056262E-03
  4.553420587316559E-03  4.014335543081948E-03  3.508570177138459E-03
  2.685776855602118E-03  2.295024162288772E-03  1.943186726896862E-03
  1.425794461913377E-03  1.187301766469417E-03  9.851651830654617E-04
  7.318619433638318E-04  6.236725613133487E-04  5.441560018026870E-04
  4.855837893416037E-04  4.721474937987580E-04  4.778102758411507E-04
  5.384312767571231E-04  5.821009617776873E-04  6.359554690638092E-04
  7.503770490817629E-04  8.193321245282270E-04  8.916158324296930E-04
  1.012680987907633E-03  1.084357103456668E-03  1.154886255702259E-03
  1.254376868466966E-03  1.315339845226582E-03  1.372731603388910E-03
  1.437774082620358E-03  1.481815177073909E-03  1.521372745450389E-03
  1.549678087851447E-03  1.575594436749483E-03  1.597126719865116E-03
  1.592838603621916E-03  1.602560137313747E-03  1.608606926607470E-03
  1.579176221184309E-03  1.576309445932011E-03  1.570763519529450E-03
  1.524662050264469E-03  1.513353846081644E-03  1.500390472585433E-03
  1.445479435414621E-03  1.429570278151715E-03  1.412876858117418E-03
  1.355394086555162E-03  1.337893045902483E-03  1.320232117709264E-03
  1.264389511370201E-03  1.247279613662000E-03  1.230375797752536E-03
  1.178469934115967E-03  1.162783892181940E-03  1.147456529903446E-03
  1.100303619435694E-03  1.086360104059159E-03  1.072785039930579E-03
  1.030268475089580E-03  1.017954860039083E-03  1.005946321541051E-03
  9.675115409093493E-04  9.565302808844933E-04  9.457708749747162E-04
  9.107798393924726E-04  9.008185413595937E-04  8.910080881465721E-04
  8.589363949289552E-04  8.497573530162894E-04  8.406835677171598E-04
  8.111879458493343E-04  8.026538611629608E-04  7.942049490277103E-04
  7.671064555596629E-04  7.591663172396013E-04  7.513098912552696E-04
  7.265367071029871E-04  7.191940433163291E-04  7.119433752201809E-04
  6.894659916472090E-04  6.827455680598060E-04  6.761274380312488E-04
  6.559053573717000E-04  6.498272722978982E-04  6.438586090677934E-04
  6.258056514262256E-04  6.203696687921978E-04  6.150444951725786E-04
  5.990114831647686E-04  5.941903600232834E-04  5.894750489372491E-04
  5.752445233141446E-04  5.709831949586297E-04  5.668166826052756E-04
  5.541036742355843E-04  5.503210500819034E-04  5.466169058667703E-04
  5.350714107266175E-04  5.316624850377760E-04  5.283108592621932E-04
  5.175201157365805E-04  5.143573859800465E-04  5.112261544710228E-04
  5.007171012653133E-04  4.976514117175368E-04  4.945868659438357E-04
  4.838306507087275E-04  4.806922690718807E-04  4.775202740783246E-04
  4.659412497960980E-04  4.625422208307528E-04  4.590708962507462E-04
  4.460622915762325E-04  4.422009819353701E-04  4.382257547240198E-04
  4.231733676995364E-04  4.186417521827579E-04  4.139532403063528E-04
  3.962672847135362E-04  3.908610583560068E-04  3.852557629765996E-04
  3.644096427131704E-04  3.579407482814378E-04  3.512340427870853E-04
  3.268074605129456E-04  3.191181686135747E-04  3.111586402385624E-04
  2.828812669161684E-04  2.738585734660126E-04  2.645424177320499E-04
  2.323335246384173E-04  2.219223916199442E-04  2.112063493908134E-04
  1.752055082255843E-04  1.634193923066296E-04  1.513306742515486E-04
  1.119149864865499E-04  9.884223293221694E-05  8.548404552566335E-05
  4.326842580565371E-05  2.907343566943554E-05  1.462509565969272E-05
 -2.955618679129079E-05 -4.463758282641228E-05 -5.992640579355335E-05
 -1.050566367143402E-04 -1.207275298317212E-04 -1.365482445063182E-04
 -1.814811369595382E-04 -1.973988806222571E-04 -2.134002241659383E-04
 -2.569243309029079E-04 -2.727195560069950E-04 -2.885272401013106E-04
 -3.294360989725131E-04 -3.447336727151473E-04 -3.599716356390559E-04
 -3.971332648461945E-04 -4.115732949775408E-04 -4.258846396883453E-04
 -4.583042624674016E-04 -4.715613242262662E-04 -4.846271500863475E-04
 -5.114980627057564E-04 -5.232971313884338E-04 -5.348518093621912E-04
 -5.555909056398356E-04 -5.657189407441698E-04 -5.755608695234005E-04
 -5.898271939860089E-04 -5.981398582769193E-04 -6.061372852007307E-04
 -6.138338070494631E-04 -6.202573337802109E-04 -6.263493460136049E-04
 -6.276097102868861E-04 -6.321383708366435E-04 -6.363315865726138E-04
 -6.314947020939765E-04 -6.341846540388052E-04 -6.365464415772903E-04
 -6.261223763223689E-04 -6.270828434749853E-04 -6.277320480767012E-04
 -6.123628502837097E-04 -6.117456373073149E-04 -6.108418194335219E-04
 -5.912606322303060E-04 -5.892489133917378E-04 -5.869810250457574E-04
 -5.639723692020815E-04 -5.607695566238191E-04 -5.573448370328193E-04
 -5.317082990951572E-04 -5.275276235773563E-04 -5.231613140680158E-04
 -4.956802104709168E-04 -4.907354604445080E-04 -4.856417551050707E-04
 -4.570577261074349E-04 -4.515554154731205E-04 -4.459398891710209E-04
 -4.169338483082929E-04 -4.110669307497705E-04 -4.051205355747878E-04
 -3.762999796827760E-04 -3.702431011774476E-04 -3.641377040712324E-04
 -3.360300911105507E-04 -3.299362815104567E-04 -3.238216277288153E-04
 -2.968732976860178E-04 -2.908719454216557E-04 -2.848738795591388E-04
 -2.594538482560416E-04 -2.536497692979811E-04 -2.478695149928378E-04
 -2.242773443289631E-04 -2.187507612518708E-04 -2.132650677678927E-04
 -1.917418737812232E-04 -1.865491509011608E-04 -1.814111452035638E-04
 -1.621525863848144E-04 -1.573276399929879E-04 -1.525682879412044E-04
 -1.357379456083524E-04 -1.312943631913838E-04 -1.269245584272771E-04
 -1.126654710853353E-04 -1.085995239571980E-04 -1.046129708965893E-04
 -9.305435678372276E-05 -8.934922079852081E-05 -8.572642253024121E-05
 -7.698235068527570E-05 -7.361384373401336E-05 -7.032754314230394E-05
 -6.448544369672127E-05 -6.142931404705398E-05 -5.845152234740247E-05
 -5.555191082412536E-05 -5.279208546885017E-05 -5.010227285921764E-05
 -5.011710273794545E-05 -4.765348588809531E-05 -4.524669662035741E-05
 -4.807103474146340E-05 -4.592484590499463E-05 -4.381779974211436E-05
 -4.929528851767978E-05 -4.751013780810581E-05 -4.574339181234038E-05
 -5.374841241749528E-05 -5.238676800276704E-05 -5.102223515598969E-05
 -6.162437045915264E-05 -6.076171596840901E-05 -5.987737165304152E-05
 -7.363248764283986E-05 -7.335489311002807E-05 -7.304204652446369E-05
 -9.153147978598758E-05 -9.194678250300584E-05 -9.232013176396422E-05
 -1.193120510052971E-04 -1.205939629729293E-04 -1.218342496181885E-04
 -1.661835153699571E-04 -1.686937214320037E-04 -1.711690355903767E-04
 -2.544193240284487E-04 -2.590254102445505E-04 -2.636106822665385E-04
 -4.379120033983792E-04 -4.467454570227753E-04 -4.555851621504416E-04
 -5.107114896111085E-01 -5.586201328273216E-01 -6.036119611789500E-01
 -2.899588197721911E-01 -3.606386845267391E-01 -4.287709541755310E-01
 -1.307112551829189E-01 -2.146199098154188E-01 -2.960229803140694E-01
 -1.307112551829189E-01 -2.146199098154188E-01 -2.960229803140694E-01
 -2.899588197721911E-01 -3.606386845267391E-01 -4.287709541755310E-01
 -5.107114896111085E-01 -5.586201328273216E-01 -6.036119611789500E-01
 -6.727115504837965E-01 -6.970336714667955E-01 -7.184046008020273E-01
 -7.309792570142895E-01 -7.365121642870371E-01 -7.399075470547274E-01
 -6.853706678236986E-01 -6.795758938826704E-01 -6.729560233796473E-01
 -5.532281243401918E-01 -5.422367435747100E-01 -5.317429171928084E-01
 -4.097117540222386E-01 -3.970313702798235E-01 -3.855634923795776E-01
 -3.104965224468026E-01 -2.996011075334252E-01 -2.899383625435994E-01
 -2.442897850558425E-01 -2.372151754625523E-01 -2.311601218270009E-01
 -1.907144705734855E-01 -1.870623438171520E-01 -1.842621581299811E-01
 -1.472218055008313E-01 -1.459862794996386E-01 -1.454760130513883E-01
 -1.162695741858134E-01 -1.170198665465626E-01 -1.183626198042069E-01
 -9.768113404070451E-02 -1.003083122700193E-01 -1.033842692220016E-01
 -8.926664198130038E-02 -9.352328478281119E-02 -9.808963942507333E-02
 -8.841844729500099E-02 -9.384428812180759E-02 -9.945944911114382E-02
 -9.277274089036285E-02 -9.887104414370262E-02 -1.050629133522631E-01
 -1.003952018712222E-01 -1.067743459299731E-01 -1.131731099623747E-01
 -1.099366324954109E-01 -1.163132512739942E-01 -1.226494791207905E-01
 -1.205635993408652E-01 -1.267057482322167E-01 -1.327558973500774E-01
 -1.316123400356867E-01 -1.373106825823613E-01 -1.428739444416300E-01
 -1.423161096618811E-01 -1.473862561573286E-01 -1.522880180847390E-01
 -1.517143315727646E-01 -1.559924006168136E-01 -1.600763819433748E-01
 -1.585935484391133E-01 -1.619205780431546E-01 -1.650329428656307E-01
 -1.615324081166467E-01 -1.637634264206821E-01 -1.657676283903983E-01
 -1.592318535887137E-01 -1.602852832935782E-01 -1.611156778495585E-01
 -1.509883222753620E-01 -1.508930368350696E-01 -1.505968558475463E-01
 -1.369202817377229E-01 -1.358079908555298E-01 -1.345281895513491E-01
 -1.177985851567204E-01 -1.158528205098973E-01 -1.137754046963047E-01
 -9.475990840577755E-02 -9.218480918260988E-02 -8.951631656208699E-02
 -6.923104169029981E-02 -6.627015785494675E-02 -6.326388852580953E-02
 -4.301943263910941E-02 -3.998256356162959E-02 -3.696117146705491E-02
 -1.825187388886805E-02 -1.549123674768522E-02 -1.281060231594108E-02
  3.002323770365552E-03  5.172278923706554E-03  7.211383023534669E-03
  1.924803370822643E-02  2.063757223474590E-02  2.187312617054626E-02
  2.990988273289868E-02  3.049311846939412E-02  3.092902314410814E-02
  3.533313072037191E-02  3.522049708969779E-02  3.498657834008797E-02
  3.648382524193231E-02  3.584851865123435E-02  3.512101661495354E-02
  3.452669788627855E-02  3.352639792212218E-02  3.245294762478244E-02
  3.048209442825614E-02  2.921576766484128E-02  2.788259841481652E-02
  2.510103629290346E-02  2.361990486233138E-02  2.207413704295261E-02
  1.897118490779497E-02  1.732944057202010E-02  1.563432099099198E-02
  1.271879300763778E-02  1.102071567216830E-02  9.296515425077303E-03
  7.098466809396518E-03  5.498892944026204E-03  3.910788857308666E-03
  2.850054588043881E-03  1.502080246789599E-03  1.992091986578890E-04
  4.087395888739839E-04 -6.017431887094124E-04 -1.549184004311242E-03
 -2.955844297350098E-04 -9.759242828656487E-04 -1.591354611334910E-03
  2.353954995371054E-04 -1.814315861942756E-04 -5.374848121489052E-04
  1.387900765435922E-03  1.173955988573480E-03  1.021453363645206E-03
  2.771806583832000E-03  2.747004434358293E-03  2.790034104579082E-03
  4.312936272261097E-03  4.489119252979209E-03  4.734258692916535E-03
  6.027315880635035E-03  6.375823163712939E-03  6.776387206638051E-03
  7.688991779717131E-03  8.095695802921389E-03  8.518907154227611E-03
  8.736172013499358E-03  9.032331387523613E-03  9.305907977008586E-03
  8.564109690390724E-03  8.619059907693799E-03  8.628954797692172E-03
  6.987904322008136E-03  6.792326245064205E-03  6.556587055523790E-03
  4.490119097565345E-03  4.167112520501539E-03  3.831128050212227E-03
  2.041890089891763E-03  1.778967054078601E-03  1.535773499045718E-03
  6.084753362278759E-04  5.554656275975127E-04  5.422843621251855E-04
  6.591669347710208E-04  8.541647216885820E-04  1.087211146090351E-03
  1.978948299968191E-03  2.342540631450031E-03  2.724371070491245E-03
  3.865173961557005E-03  4.257803913094529E-03  4.643712577128329E-03
  5.543021483163841E-03  5.842538007189145E-03  6.118170571470237E-03
  6.525527144612036E-03  6.677482539567864E-03  6.801914741396006E-03
  6.734748889681037E-03  6.754841682817134E-03  6.754510436926848E-03
  6.387745313480357E-03  6.329188582555722E-03  6.260840620342377E-03
  5.785151084188495E-03  5.700306268424041E-03  5.613742498016147E-03
  5.150287332336380E-03  5.069707017535087E-03  4.990994593368860E-03
  4.584286937209863E-03  4.517565940182549E-03  4.453366344263199E-03
  4.107777625037308E-03  4.055159471971460E-03  4.005059842684029E-03
  3.718079590883351E-03  3.679358913034736E-03  3.643398038259846E-03
  3.414025358367606E-03  3.389448573941818E-03  3.367512067245195E-03
  3.188325928890005E-03  3.174889028230277E-03  3.162650145633389E-03
  3.013507685864193E-03  3.002308612401779E-03  2.989244663472661E-03
  2.840631745230760E-03  2.817814027024510E-03  2.789019069532944E-03
  2.611168846175823E-03  2.561480553125685E-03  2.501729979678370E-03
  2.272860033620939E-03  2.183848499848515E-03  2.081885982218527E-03
  1.792997443803012E-03  1.658690047073246E-03  1.510760260560307E-03
  1.168078059807231E-03  9.917669392536489E-04  8.040752789360991E-04
  4.300565092614967E-04  2.256371518587362E-04  1.507149251234185E-05
 -3.533285653318908E-04 -5.626807458762748E-04 -7.708987590226977E-04
 -1.089322945975622E-03 -1.276509810668118E-03 -1.455450960067642E-03
 -1.685865706908972E-03 -1.829366669839658E-03 -1.960775434564323E-03
 -2.088998843836743E-03 -2.183837306534646E-03 -2.268709108212603E-03
 -2.317984012330705E-03 -2.382753693297434E-03 -2.446342004556549E-03
 -2.477744480686469E-03 -2.552712261876748E-03 -2.639957048387412E-03
 -2.736716116769066E-03 -2.873351731041972E-03 -3.037048635764112E-03
 -3.281646005041475E-03 -3.530538586982773E-03 -3.820118619319979E-03
 -4.278289759631255E-03 -4.681924845993204E-03 -5.137162083597897E-03
 -5.849896941092132E-03 -6.435451350926699E-03 -7.076465260949205E-03
 -8.038441534836804E-03 -8.795119565021174E-03 -9.593436617094045E-03
 -1.069766297539088E-02 -1.153465270861810E-02 -1.236986737292876E-02
 -1.334793492868444E-02 -1.406640896544939E-02 -1.471230857725948E-02
 -1.515937082527704E-02 -1.549592638626146E-02 -1.568968488442469E-02
 -1.523737839593438E-02 -1.499214919714978E-02 -1.457506925560681E-02
 -1.312812942702517E-02 -1.229221050662587E-02 -1.131443576593375E-02
 -9.140569891447684E-03 -7.900117723215316E-03 -6.582038860434043E-03
 -4.143128655649992E-03 -2.746994007944240E-03 -1.329257683660125E-03
  9.894529971897644E-04  2.364481947498337E-03  3.730421675752893E-03
  5.733742967239939E-03  6.997281361299634E-03  8.230724116104541E-03
  9.821996647333776E-03  1.089818470572595E-02  1.191569390964887E-02
  1.298429635197736E-02  1.377284437323878E-02  1.447085904932896E-02
  1.490132632285812E-02  1.531330629281038E-02  1.561633245845684E-02
  1.537253101323330E-02  1.538404353938483E-02  1.529108394734351E-02
  1.446253325327637E-02  1.412947584333995E-02  1.371577140239410E-02
  1.249084989174420E-02  1.192378684360426E-02  1.130934714844372E-02
  9.913907458313711E-03  9.241087309926526E-03  8.554400821949209E-03
  7.197443780365068E-03  6.535474035489978E-03  5.887255527454231E-03
  4.727406325732985E-03  4.163516141357051E-03  3.631752648774404E-03
  2.761661316764819E-03  2.345490890368987E-03  1.969516234883666E-03
  1.414085294361279E-03  1.157518127704716E-03  9.399496869387665E-04
  6.667516364565626E-04  5.510097337760001E-04  4.665889240887090E-04
  4.061303106644369E-04  3.940903413367378E-04  4.028480911916826E-04
  4.730777754659143E-04  5.228872331934178E-04  5.833962197320117E-04
  7.108378596163174E-04  7.865145620381909E-04  8.651997018419934E-04
  9.969648233656670E-04  1.073518454562815E-03  1.148307282133270E-03
  1.254096220454976E-03  1.317585286706199E-03  1.376976676583899E-03
  1.444516601813007E-03  1.489351807701686E-03  1.529402572852944E-03
  1.557971887888864E-03  1.583797751728936E-03  1.605122960919426E-03
  1.600189003479283E-03  1.609522317145654E-03  1.615158209039568E-03
  1.584883686505605E-03  1.581595775834721E-03  1.575636314458487E-03
  1.528750250968781E-03  1.517064924691810E-03  1.503738148269280E-03
  1.448166120911044E-03  1.431941833272985E-03  1.414950320802496E-03
  1.356953923828705E-03  1.339213194367299E-03  1.321333508204810E-03
  1.265141873704436E-03  1.247878035062457E-03  1.230842350790567E-03
  1.178748949016829E-03  1.162990912908131E-03  1.147610187887362E-03
  1.100399721926104E-03  1.086446603660985E-03  1.072873950728562E-03
  1.030380415974659E-03  1.018092445466258E-03  1.006114572610967E-03
  9.677343790691502E-04  9.567893245798762E-04  9.460659096411421E-04
  9.111256821900082E-04  9.011948499208312E-04  8.914118659500731E-04
  8.593693810587324E-04  8.502079051107988E-04  8.411479678135009E-04
  8.116563601538264E-04  8.031265224735084E-04  7.946786629822423E-04
  7.675637434056351E-04  7.596176867164577E-04  7.517531656444271E-04
  7.269509673548297E-04  7.195964056260709E-04  7.123326788843751E-04
  6.898212621990010E-04  6.830866668540280E-04  6.764539716964173E-04
  6.561985370239712E-04  6.501065995944624E-04  6.441241473636386E-04
  6.260420206371457E-04  6.205939454890290E-04  6.152569358551054E-04
  5.992006617685753E-04  5.943697700627747E-04  5.896449730353869E-04
  5.753977146573847E-04  5.711290131993340E-04  5.669553658157712E-04
  5.542323347867354E-04  5.504446486093778E-04  5.467356359413939E-04
  5.351870141775651E-04  5.317753124838779E-04  5.284210962630541E-04
  5.176345087960004E-04  5.144714066963102E-04  5.113400232541043E-04
  5.008429761481820E-04  4.977795622315088E-04  4.947175772599151E-04
  4.839818098732584E-04  4.808486497158579E-04  4.776822343643343E-04
  4.661325088176995E-04  4.627419040730458E-04  4.592794208947856E-04
  4.463089935811187E-04  4.424594446692272E-04  4.384964249700941E-04
  4.234905737065159E-04  4.189740043114872E-04  4.143009738168266E-04
  3.966687431556431E-04  3.912805735965036E-04  3.856937113569997E-04
  3.649066500981277E-04  3.584583122381547E-04  3.517724327555445E-04
  3.274077347573431E-04  3.197407610679313E-04  3.118036672709107E-04
  2.835879390018009E-04  2.745883897371946E-04  2.652953041984429E-04
  2.331443726414114E-04  2.227561271126505E-04  2.120626813080351E-04
  1.761125159485985E-04  1.643478735221464E-04  1.522801068533209E-04
  1.129043190353476E-04  9.985047111961869E-05  8.651044006034877E-05
  4.432084865240036E-05  3.014113480902401E-05  1.570711515867949E-05
 -2.846444578297807E-05 -4.353507833445198E-05 -5.881426427499039E-05
 -1.039526419329941E-04 -1.196179198330162E-04 -1.354342659104501E-04
 -1.803937163006986E-04 -1.963113327953390E-04 -2.123138571791866E-04
 -2.558824094516119E-04 -2.716830166515607E-04 -2.874973901041534E-04
 -3.284670450522263E-04 -3.437752199749671E-04 -3.590250316347199E-04
 -3.962613948793910E-04 -4.107166803412238E-04 -4.250444151720427E-04
 -4.575496256359025E-04 -4.708258116048468E-04 -4.839117424892649E-04
 -5.108755919812665E-04 -5.226967171097218E-04 -5.342742494447098E-04
 -5.551099715721263E-04 -5.652619825777403E-04 -5.751284876676858E-04
 -5.894915549092671E-04 -5.978290974961564E-04 -6.058518033402582E-04
 -6.136419102957533E-04 -6.200902561487153E-04 -6.262072988456261E-04
 -6.275552751685502E-04 -6.321078419899149E-04 -6.363250040425833E-04
 -6.315675064238097E-04 -6.342797374621806E-04 -6.366636968743115E-04
 -6.263091476705246E-04 -6.272897113291898E-04 -6.279587855261619E-04
 -6.126481992337061E-04 -6.120485077474219E-04 -6.111618924814178E-04
 -5.916279481912249E-04 -5.896309403268270E-04 -5.873773814029430E-04
 -5.644046478531535E-04 -5.612136425288249E-04 -5.578003117970297E-04
 -5.321888511410539E-04 -5.280171080865775E-04 -5.236592973778386E-04
 -4.961932441423540E-04 -4.912546783557137E-04 -4.861667287925055E-04
 -4.575888053480778E-04 -4.520901319093575E-04 -4.464778343019984E-04
 -4.174702319736624E-04 -4.116046544353243E-04 -4.056592224173217E-04
 -3.768308489298592E-04 -3.707732892425158E-04 -3.646668749004371E-04
 -3.365467076863069E-04 -3.304504751288874E-04 -3.243331102716998E-04
 -2.973691060534663E-04 -2.913638522357893E-04 -2.853616484843304E-04
 -2.599245535044190E-04 -2.541153248566808E-04 -2.483297386839574E-04
 -2.247209955604959E-04 -2.191881995271337E-04 -2.136961663428863E-04
 -1.921589938596066E-04 -1.869591204247230E-04 -1.818138916543658E-04
 -1.625463521798958E-04 -1.577133863671596E-04 -1.529459915268020E-04
 -1.361144423814606E-04 -1.316619917406808E-04 -1.272833348829836E-04
 -1.130339889380950E-04 -1.089583305616799E-04 -1.049621004096791E-04
 -9.342766256867515E-05 -8.971203479581541E-05 -8.607875881716672E-05
 -7.737684847355465E-05 -7.399730105582997E-05 -7.069989326484139E-05
 -6.492117701145043E-05 -6.185400511628091E-05 -5.886494271949457E-05
 -5.605253988950588E-05 -5.328269509882434E-05 -5.058237815026843E-05
 -5.071043446350693E-05 -4.823944752647119E-05 -4.582446456460038E-05
 -4.879149231418959E-05 -4.664287116370703E-05 -4.453219474077356E-05
 -5.019102415169719E-05 -4.841134128782952E-05 -4.664853861031164E-05
 -5.489820135803130E-05 -5.355368307669566E-05 -5.220457982553339E-05
 -6.317589927127876E-05 -6.234722560314843E-05 -6.149526400706634E-05
 -7.589538821048709E-05 -7.567741110683613E-05 -7.542307112837901E-05
 -9.524504159920744E-05 -9.576475065149590E-05 -9.624245379050153E-05
 -1.266477722645352E-04 -1.281345656375885E-04 -1.295818632140875E-04
 -1.855522457556499E-04 -1.885838262543131E-04 -1.915882179180977E-04
 -3.250575764408924E-04 -3.315226011620680E-04 -3.379974883460264E-04
 -7.441377749019014E-04 -7.609779213146495E-04 -7.779599933118111E-04
 -5.303498447746245E-01 -5.781510311797632E-01 -6.238493698328628E-01
 -3.052009139140193E-01 -3.748561998797084E-01 -4.440729343241022E-01
 -1.328861217947202E-01 -2.156409952627391E-01 -2.985038222318991E-01
 -1.328861217947202E-01 -2.156409952627391E-01 -2.985038222318991E-01
 -3.052009139140193E-01 -3.748561998797084E-01 -4.440729343241022E-01
 -5.303498447746245E-01 -5.781510311797632E-01 -6.238493698328628E-01
 -6.669103990324942E-01 -6.916677030457062E-01 -7.134605018123684E-01
 -7.152737049935908E-01 -7.202219245738938E-01 -7.228643211069529E-01
 -6.877657515365508E-01 -6.816791437906254E-01 -6.745883216756176E-01
 -5.581901666494414E-01 -5.476047092816126E-01 -5.374617319188645E-01
 -4.070008475701269E-01 -3.943004360895674E-01 -3.828310876119678E-01
 -3.068664122763742E-01 -2.957811269860055E-01 -2.859369788527743E-01
 -2.417885440687106E-01 -2.347319390147317E-01 -2.287002644065783E-01
 -1.887729452762610E-01 -1.852061652145575E-01 -1.824980073598770E-01
 -1.460602645721120E-01 -1.448894374378007E-01 -1.444447714736618E-01
 -1.158499819728042E-01 -1.166567578411825E-01 -1.180531083722513E-01
 -9.778555473514138E-02 -1.004627234260535E-01 -1.035860096536556E-01
 -8.974980615095161E-02 -9.404903010481468E-02 -9.865581998278471E-02
 -8.915670646860717E-02 -9.461818818876643E-02 -1.002660499867858E-01
 -9.363559925885666E-02 -9.975925060894396E-02 -1.059729606999848E-01
 -1.012575484693467E-01 -1.076547979939945E-01 -1.140695145067649E-01
 -1.107314703158390E-01 -1.171323086467168E-01 -1.234925855024160E-01
 -1.213230646909702E-01 -1.275040969608287E-01 -1.335927289349614E-01
 -1.324007405150595E-01 -1.381439121855621E-01 -1.437490498971128E-01
 -1.431318595985109E-01 -1.482371574065721E-01 -1.531692842666743E-01
 -1.525077202457314E-01 -1.568084171869710E-01 -1.609111510359806E-01
 -1.593646542901394E-01 -1.627134088206805E-01 -1.658456247265905E-01
 -1.623592603660295E-01 -1.646196622257401E-01 -1.666516167717624E-01
 -1.601932421613883E-01 -1.612780166780680E-01 -1.621366190875273E-01
 -1.520921653174079E-01 -1.520205259287976E-01 -1.517444916782739E-01
 -1.381316150552369E-01 -1.370379250943521E-01 -1.357756489405282E-01
 -1.191193762107634E-01 -1.172005147061172E-01 -1.151517084770681E-01
 -9.623913028646845E-02 -9.370329198321591E-02 -9.107468553557484E-02
 -7.086931965606390E-02 -6.793936807755195E-02 -6.495838394658947E-02
 -4.466091827322049E-02 -4.160890508378978E-02 -3.855882742566096E-02
 -1.957965747895196E-02 -1.672989478306852E-02 -1.394331550800265E-02
  2.334525807812237E-03  4.658914254052070E-03  6.863300965465056E-03
  1.941278299937288E-02  2.096873481287620E-02  2.236674622305701E-02
  3.074452741107513E-02  3.142713919581652E-02  3.194152311660758E-02
  3.633166589870340E-02  3.619029141601614E-02  3.589899733140722E-02
  3.700959837347195E-02  3.622445374085181E-02  3.532908798100642E-02
  3.418897358964389E-02  3.300917777402378E-02  3.176368106689863E-02
  2.943474656917910E-02  2.808265258722464E-02  2.669314314300841E-02
  2.397695475928607E-02  2.256413332439866E-02  2.111606304109337E-02
  1.843450276717284E-02  1.696142060714223E-02  1.544260077026571E-02
  1.299338083355916E-02  1.144510475479254E-02  9.854403235576291E-03
  7.878469495503635E-03  6.326376101517538E-03  4.762185594997525E-03
  3.626373660114978E-03  2.231156986809423E-03  8.680342715061682E-04
  8.686327825913052E-04 -2.163028440804737E-04 -1.236364770251796E-03
 -1.318837828945263E-04 -8.564829063972821E-04 -1.507983188231421E-03
  2.976267844179147E-04 -1.263207406676514E-04 -4.851850572418214E-04
  1.478775880880967E-03  1.264662550104489E-03  1.109784832364902E-03
  2.857641313469550E-03  2.814756181768185E-03  2.836677825812650E-03
  4.294553811379219E-03  4.444323582852848E-03  4.665853301344391E-03
  5.908581569546988E-03  6.254345470391164E-03  6.660131729901985E-03
  7.620688107257132E-03  8.062615049198028E-03  8.526425498495136E-03
  8.875009000133825E-03  9.219685907055351E-03  9.538791964877611E-03
  8.904058785471788E-03  8.980952453049166E-03  9.004156985596699E-03
  7.354015692015435E-03  7.137808269938593E-03  6.874596324055180E-03
  4.689942255345358E-03  4.321884000799136E-03  3.940107365521527E-03
  2.008395514654926E-03  1.706368571577354E-03  1.428037202055865E-03
  4.161043297784550E-04  3.477083773989475E-04  3.238795586446574E-04
  4.386959342184137E-04  6.404682188348997E-04  8.830851131680360E-04
  1.826727534140482E-03  2.207265210277253E-03  2.606543299815689E-03
  3.809023415410339E-03  4.217706237821805E-03  4.618861586133670E-03
  5.560924876576999E-03  5.870449498063256E-03  6.154945399272637E-03
  6.579308638907099E-03  6.734796226834370E-03  6.861746501943265E-03
  6.791690530322246E-03  6.810486481834131E-03  6.808169440075671E-03
  6.428135351976837E-03  6.365832338331433E-03  6.293490172434856E-03
  5.803254107764055E-03  5.714643194151824E-03  5.624463958109337E-03
  5.151391445309960E-03  5.068575370420491E-03  4.987937733702540E-03
  4.578023575263489E-03  4.510704208993132E-03  4.446125245607945E-03
  4.101332323525052E-03  4.048909465886873E-03  3.999059236334256E-03
  3.713681442032989E-03  3.675167087971442E-03  3.639398228810763E-03
  3.410890258009890E-03  3.386378892650254E-03  3.364548924947307E-03
  3.185806220917797E-03  3.172635802314860E-03  3.160800766949245E-03
  3.012674953048466E-03  3.002314163819130E-03  2.990267220095987E-03
  2.843737461774575E-03  2.822366620119920E-03  2.795142194772504E-03
  2.619991367980301E-03  2.572002190096012E-03  2.513949790328151E-03
  2.287351439103635E-03  2.199756367310401E-03  2.099079986586649E-03
  1.811119190206489E-03  1.677516525824818E-03  1.530072754021838E-03
  1.186636698055632E-03  1.010103504739401E-03  8.219141256982087E-04
  4.455263602487490E-04  2.398372231676715E-04  2.767276249260319E-05
 -3.446709488263977E-04 -5.564459411133703E-04 -7.674189763273719E-04
 -1.091232515193496E-03 -1.281782180609370E-03 -1.464221650943065E-03
 -1.700342752261607E-03 -1.847051160297486E-03 -1.981312439441884E-03
 -2.112769609691200E-03 -2.208676463455461E-03 -2.293706107375781E-03
 -2.340597934402666E-03 -2.402774343512881E-03 -2.462797683083772E-03
 -2.486064293494294E-03 -2.555716829566456E-03 -2.637431053242878E-03
 -2.725129451891517E-03 -2.857154964652775E-03 -3.016927268995051E-03
 -3.257222331060072E-03 -3.504258113645741E-03 -3.792248606848680E-03
 -4.248496656167332E-03 -4.648923749434041E-03 -5.099053632368066E-03
 -5.799257762434395E-03 -6.372119940806219E-03 -6.997236310313236E-03
 -7.928507119364657E-03 -8.664290703569442E-03 -9.442751683780280E-03
 -1.052431000051479E-02 -1.135764990788379E-02 -1.220115266120092E-02
 -1.323009527374186E-02 -1.400341098257707E-02 -1.472472707052530E-02
 -1.534502769472423E-02 -1.580628868144140E-02 -1.613600145746740E-02
 -1.591673683047911E-02 -1.579876663345691E-02 -1.548910080499954E-02
 -1.414317675527687E-02 -1.331469757518411E-02 -1.229614339851581E-02
 -9.923926484689536E-03 -8.510941285000405E-03 -6.981725182475527E-03
 -4.113803840288809E-03 -2.463189270263122E-03 -8.009680876330804E-04
  1.874611299168549E-03  3.396870878291657E-03  4.857559848581160E-03
  6.885952070900812E-03  8.090439949581805E-03  9.216354275531911E-03
  1.052764017583918E-02  1.141330581935218E-02  1.223103298058081E-02
  1.295855411308500E-02  1.357492016769157E-02  1.412458392378024E-02
  1.436223678564774E-02  1.470752896109983E-02  1.497341928206053E-02
  1.472631458047102E-02  1.476829236471966E-02  1.472318638250369E-02
  1.400750747577173E-02  1.375065386154395E-02  1.341682200892459E-02
  1.233310695604589E-02  1.184295874593066E-02  1.130062737300374E-02
  1.001743308021163E-02  9.397085813755977E-03  8.754372912500584E-03
  7.453971121873513E-03  6.810796224410163E-03  6.172608063381712E-03
  5.010312916864378E-03  4.434469512670790E-03  3.884498870654340E-03
  2.969104637851050E-03  2.522643584512707E-03  2.114333245695210E-03
  1.498971719948727E-03  1.210271793061768E-03  9.625624820874810E-04
  6.423018649170941E-04  5.057801230834434E-04  4.047066171519730E-04
  3.249006403360787E-04  3.081558626161218E-04  3.160458131978849E-04
  3.930741066304754E-04  4.505457119496902E-04  5.206884905573083E-04
  6.686703517333469E-04  7.566330073371929E-04  8.475641194327641E-04
  9.999850434927458E-04  1.086792213600418E-03  1.170644985881708E-03
  1.289253334380014E-03  1.358064160261740E-03  1.421456654626674E-03
  1.492901654409628E-03  1.538606948081611E-03  1.578661183232466E-03
  1.605192895981489E-03  1.629394738422718E-03  1.648758786382265E-03
  1.639436076106282E-03  1.646432795693320E-03  1.649729838631986E-03
  1.615050631142978E-03  1.609671242436272E-03  1.601739737283614E-03
  1.551325509235868E-03  1.538058433553368E-03  1.523271778841595E-03
  1.465100774161731E-03  1.447747082611306E-03  1.429717812567732E-03
  1.369849298843428E-03  1.351316363912280E-03  1.332711705570588E-03
  1.275192784833123E-03  1.257391595277379E-03  1.239870595609593E-03
  1.186871035502301E-03  1.170774013470321E-03  1.155093436200349E-03
  1.107294067176356E-03  1.093146680852808E-03  1.079404729414923E-03
  1.036533671877615E-03  1.024139920369205E-03  1.012067470346212E-03
  9.734223864854561E-04  9.624102249083941E-04  9.516205088599958E-04
  9.164543638362497E-04  9.064611462356040E-04  8.966109990848901E-04
  8.643411469416715E-04  8.551061515565948E-04  8.459665490456734E-04
  8.162343241441271E-04  8.076178448251924E-04  7.990783682298995E-04
  7.717150002167771E-04  7.636745432471058E-04  7.557127446794486E-04
  7.306660887357318E-04  7.232166181925236E-04  7.158570869109092E-04
  6.931162954249003E-04  6.862923225825489E-04  6.795707383738802E-04
  6.591082742424258E-04  6.529361496698803E-04  6.468747220128578E-04
  6.286109088343704E-04  6.230931831857632E-04  6.176879231545306E-04
  6.014749796251494E-04  5.965846537614449E-04  5.918016788897250E-04
  5.774204589636954E-04  5.731013305115827E-04  5.688782184348761E-04
  5.560409431809575E-04  5.522103677768618E-04  5.484591448473574E-04
  5.368131917232731E-04  5.333648446875782E-04  5.299744620407275E-04
  5.191052790287641E-04  5.159108615510054E-04  5.127485173755940E-04
  5.021821420550520E-04  4.990921428096872E-04  4.960038928428222E-04
  4.852110619291138E-04  4.820557468351859E-04  4.788675082023629E-04
  4.672722597340305E-04  4.638637381759735E-04  4.603836735603272E-04
  4.473785567976617E-04  4.435151351664389E-04  4.395385733921285E-04
  4.245079550241336E-04  4.199813170943644E-04  4.152985446259638E-04
  3.976503135036391E-04  3.922555376692504E-04  3.866623387860368E-04
  3.658665778963343E-04  3.594146263941055E-04  3.527253381249706E-04
  3.283574888199303E-04  3.206893397403320E-04  3.127511823047823E-04
  2.845358783407081E-04  2.755369556461939E-04  2.662444921114337E-04
  2.340954591367738E-04  2.237089435211392E-04  2.130171041517248E-04
  1.770681656340644E-04  1.653056446226930E-04  1.532397546438746E-04
  1.138624808771915E-04  1.008104704824930E-04  8.747191229535599E-05
  4.527630706602225E-05  3.109752129137888E-05  1.666394302130003E-05
 -2.751963113639676E-05 -4.259077822643675E-05 -5.787106235749516E-05
 -1.030284308492502E-04 -1.186960735324871E-04 -1.345154276272131E-04
 -1.795013439220838E-04 -1.954234185544412E-04 -2.114310769310567E-04
 -2.550334902914896E-04 -2.708407195864403E-04 -2.866623962677339E-04
 -3.276727523204847E-04 -3.429896373891017E-04 -3.582488065909106E-04
 -3.955316717804691E-04 -4.099975330379423E-04 -4.243364441630647E-04
 -4.568925672784884E-04 -4.701808674095752E-04 -4.832794344419854E-04
 -5.102970317090448E-04 -5.221313846649754E-04 -5.337225969542779E-04
 -5.546132032671623E-04 -5.647791164527237E-04 -5.746598728005591E-04
 -5.890773050083730E-04 -5.974289616850202E-04 -6.054660304732894E-04
 -6.133084846537961E-04 -6.197707131914975E-04 -6.259017930082543E-04
 -6.272987856457967E-04 -6.318646178789243E-04 -6.360951299751171E-04
 -6.313822722196770E-04 -6.341068446748254E-04 -6.365031558507038E-04
 -6.261881262507872E-04 -6.271798637463853E-04 -6.278600612419359E-04
 -6.125834306466847E-04 -6.119935723504498E-04 -6.111166970503011E-04
 -5.916109399976831E-04 -5.896223389201259E-04 -5.873770613049055E-04
 -5.644267975390970E-04 -5.612427415119247E-04 -5.578362281669079E-04
 -5.322417996583838E-04 -5.280755881811871E-04 -5.237231599675151E-04
 -4.962691204909996E-04 -4.913347404676692E-04 -4.862508311387347E-04
 -4.576804409614498E-04 -4.521847238536657E-04 -4.465752365664931E-04
 -4.175713089270283E-04 -4.117076071175063E-04 -4.057639048843375E-04
 -3.769360333263915E-04 -3.708793835245638E-04 -3.647737692229202E-04
 -3.366516932779006E-04 -3.305555537139182E-04 -3.244382031850068E-04
 -2.974706836786356E-04 -2.914648478853643E-04 -2.854619976531969E-04
 -2.600206198397070E-04 -2.542102523074574E-04 -2.484234804082940E-04
 -2.248106146612166E-04 -2.192762071234061E-04 -2.137825549659161E-04
 -1.922424690194157E-04 -1.870405682922321E-04 -1.818933191382460E-04
 -1.626253119394599E-04 -1.577899258170534E-04 -1.530201426579863E-04
 -1.361919623649871E-04 -1.317367051431595E-04 -1.273552970498803E-04
 -1.131147607271593E-04 -1.090359126081769E-04 -1.050365519780077E-04
 -9.351813290633947E-05 -8.979894797686570E-05 -8.616216182373569E-05
 -7.748526094294993E-05 -7.410189137024846E-05 -7.080067470459360E-05
 -6.505759506947316E-05 -6.198661154019346E-05 -5.899366131954796E-05
 -5.622879528273393E-05 -5.345566345855977E-05 -5.075186047392987E-05
 -5.094039970711394E-05 -4.846749748332185E-05 -4.605021968594885E-05
 -4.909246804317424E-05 -4.694444368947420E-05 -4.483379994445202E-05
 -5.058743099382867E-05 -4.881233754642361E-05 -4.705339679191705E-05
 -5.543053045401618E-05 -5.409650918383051E-05 -5.275709907392316E-05
 -6.392092195064979E-05 -6.311133633769143E-05 -6.227772458861773E-05
 -7.701248811789462E-05 -7.682680651602962E-05 -7.660431224770779E-05
 -9.704806743617357E-05 -9.762145666029549E-05 -9.815302891734086E-05
 -1.294423248185405E-04 -1.310138714034209E-04 -1.325477848613913E-04
 -1.932122946029721E-04 -1.964544021966063E-04 -1.996728755808505E-04
 -4.584873649279840E-04 -4.684720344249985E-04 -4.785383022272307E-04
 -3.210186314027630E-03 -3.292453235398225E-03 -3.376186804193053E-03
