  7.521579784072915E+00  7.511054667653142E+00  7.500519467651962E+00

 -4.379120033983792E-04 -4.467454570227753E-04 -4.555851621504416E-04
 -2.544193240284487E-04 -2.590254102445505E-04 -2.636106822665385E-04
 -1.661835153699571E-04 -1.686937214320037E-04 -1.711690355903767E-04
 -7.441377749019014E-04 -7.609779213146495E-04 -7.779599933118111E-04
 -3.250575764408924E-04 -3.315226011620680E-04 -3.379974883460264E-04
 -1.855522457556499E-04 -1.885838262543131E-04 -1.915882179180977E-04
 -3.210186314027630E-03 -3.292453235398225E-03 -3.376186804193053E-03
 -4.584873649279840E-04 -4.684720344249985E-04 -4.785383022272307E-04
 -1.932122946029721E-04 -1.964544021966063E-04 -1.996728755808505E-04
 -3.210186314027630E-03 -3.292453235398225E-03 -3.376186804193053E-03
 -4.584873649279840E-04 -4.684720344249985E-04 -4.785383022272307E-04
 -1.932122946029721E-04 -1.964544021966063E-04 -1.996728755808505E-04
 -7.441377749019014E-04 -7.609779213146495E-04 -7.779599933118111E-04
 -3.250575764408924E-04 -3.315226011620680E-04 -3.379974883460264E-04
 -1.855522457556499E-04 -1.885838262543131E-04 -1.915882179180977E-04
 -4.379120033983792E-04 -4.467454570227753E-04 -4.555851621504416E-04
 -2.544193240284487E-04 -2.590254102445505E-04 -2.636106822665385E-04
 -1.661835153699571E-04 -1.686937214320037E-04 -1.711690355903767E-04
 -3.144055722010121E-04 -3.200665910203143E-04 -3.256923645949591E-04
 -2.086056300962930E-04 -2.120139697638191E-04 -2.153857871437537E-04
 -1.475135267528933E-04 -1.495229687822562E-04 -1.514919455483121E-04
 -2.447843899254204E-04 -2.487116797266717E-04 -2.525900721266847E-04
 -1.755314288736954E-04 -1.780942222095871E-04 -1.806137413306468E-04
 -1.308789188747352E-04 -1.324509056590276E-04 -1.339799411066177E-04
 -1.990319042101742E-04 -2.018710059384827E-04 -2.046593102337829E-04
 -1.502163252104974E-04 -1.521564350125899E-04 -1.540521869561404E-04
 -1.163111350982574E-04 -1.175141757191786E-04 -1.186746791986978E-04
 -1.662207311361090E-04 -1.683272505346881E-04 -1.703867846557880E-04
 -1.300692011376827E-04 -1.315413633496810E-04 -1.329717653905798E-04
 -1.035652012665653E-04 -1.044637879888396E-04 -1.053226405122937E-04
 -1.413430908524849E-04 -1.429378796196150E-04 -1.444922852474316E-04
 -1.135831579854315E-04 -1.147011447638706E-04 -1.157822747896099E-04
 -9.237075566019510E-05 -9.302299255540197E-05 -9.364007084871190E-05
 -1.217548864681861E-04 -1.229858628725663E-04 -1.241842189532484E-04
 -9.981806472905679E-05 -1.006686441752266E-04 -1.014885640921532E-04
 -8.249510586235129E-05 -8.295226496332465E-05 -8.337999303862862E-05
 -1.059172377121356E-04 -1.068882872855048E-04 -1.078346732548416E-04
 -8.815583182620042E-05 -8.880655971369873E-05 -8.943336895365830E-05
 -7.375137401191293E-05 -7.405794984870144E-05 -7.434141173684487E-05
 -9.286655007399888E-05 -9.365272142515061E-05 -9.442180970243197E-05
 -7.817146777122041E-05 -7.867538052507282E-05 -7.916212172148070E-05
 -6.599131850561561E-05 -6.618523686266176E-05 -6.636248356448152E-05
 -8.196266199069009E-05 -8.261899112003106E-05 -8.326513137491359E-05
 -6.956009432611469E-05 -6.995880471086050E-05 -7.034673869884109E-05
 -5.909549598675759E-05 -5.920844710007756E-05 -5.931094713758924E-05
 -7.275851411783840E-05 -7.332561910789792E-05 -7.388860704009699E-05
 -6.209387992392842E-05 -6.241983232138208E-05 -6.274084014478169E-05
 -5.296482633687045E-05 -5.302274069919663E-05 -5.307597335688346E-05
 -6.492846616482252E-05 -6.543635821839722E-05 -6.594535938306711E-05
 -5.559608961416882E-05 -5.587434218201847E-05 -5.615282030727594E-05
 -4.751452773904857E-05 -4.753818351636396E-05 -4.756234939123512E-05
 -5.822695088076907E-05 -5.869776576843613E-05 -5.917411493331957E-05
 -4.992525132765469E-05 -5.017495141641678E-05 -5.042936723945306E-05
 -4.267021728023179E-05 -4.267593523153740E-05 -4.268673188991378E-05
 -5.246360319520964E-05 -5.291361965964768E-05 -5.337287472455871E-05
 -4.496535341027113E-05 -4.520097652127439E-05 -4.544515861598720E-05
 -3.836560794708881E-05 -3.836597510705690E-05 -3.837537713898809E-05
 -4.748767834318013E-05 -4.792883114312678E-05 -4.838229972464332E-05
 -4.061963141669028E-05 -4.085201490353790E-05 -4.109621494441432E-05
 -3.454122462481710E-05 -3.454579201805654E-05 -3.456278332408884E-05
 -4.317788214989215E-05 -4.361889977699966E-05 -4.407477683743937E-05
 -3.680648376559507E-05 -3.704367447995177E-05 -3.729542662122578E-05
 -3.114368826688604E-05 -3.115960294263820E-05 -3.119082613707222E-05
 -3.943545615482976E-05 -3.988271337219905E-05 -4.034692610719894E-05
 -3.345665040075217E-05 -3.370458514183481E-05 -3.396938744980385E-05
 -2.812526705162712E-05 -2.815781617037311E-05 -2.820812209938708E-05
 -3.617928465105234E-05 -3.663743696119608E-05 -3.711426818782501E-05
 -3.051114787924054E-05 -3.077418818791743E-05 -3.105603221452993E-05
 -2.544351954254580E-05 -2.549658014794551E-05 -2.556947557990381E-05
 -3.334230505000503E-05 -3.381475703354228E-05 -3.430730165610649E-05
 -2.791967134660190E-05 -2.820101566139221E-05 -2.850279041718091E-05
 -2.306094460662163E-05 -2.313734338727993E-05 -2.323534466634146E-05
 -3.086879152285705E-05 -3.135803983758609E-05 -3.186853649245611E-05
 -2.563930037086191E-05 -2.594129631523345E-05 -2.626509144668640E-05
 -2.094460814815093E-05 -2.104640174202297E-05 -2.117130723154309E-05
 -2.871224812414394E-05 -2.922013075952163E-05 -2.975020101741136E-05
 -2.363341781810896E-05 -2.395779535598106E-05 -2.430512542483636E-05
 -1.906574607057267E-05 -1.919443484055307E-05 -1.934753050736697E-05
 -2.683374345717688E-05 -2.736161956591875E-05 -2.791243916545703E-05
 -2.187078997844125E-05 -2.221883322285611E-05 -2.259080151088091E-05
 -1.739935515402273E-05 -1.755604320018014E-05 -1.773825492871753E-05
 -2.520057618572447E-05 -2.574945486396916E-05 -2.632187536814070E-05
 -2.032477769322092E-05 -2.069744986906751E-05 -2.109486642719876E-05
 -1.592378716385703E-05 -1.610929993174124E-05 -1.632130432969847E-05
 -2.378519531002405E-05 -2.435582697143958E-05 -2.495046134276673E-05
 -1.897265866075211E-05 -1.937069172824260E-05 -1.979415722719130E-05
 -1.462035982532516E-05 -1.483532890013134E-05 -1.507763226781911E-05
 -2.256432054694600E-05 -2.315726105059129E-05 -2.377454311086883E-05
 -1.779504622928340E-05 -1.821900420269402E-05 -1.866896842770167E-05
 -1.347299428449088E-05 -1.371791734209288E-05 -1.399091069845532E-05
 -2.151822265620910E-05 -2.213387762226953E-05 -2.277410259855998E-05
 -1.677539178551733E-05 -1.722571484389750E-05 -1.770251680656719E-05
 -1.246788319974739E-05 -1.274316583816828E-05 -1.304716251770557E-05
 -2.063013141442922E-05 -2.126878642394137E-05 -2.193213806033675E-05
 -1.589955817345295E-05 -1.637659316208860E-05 -1.688048819413703E-05
 -1.159318938836343E-05 -1.189917426181436E-05 -1.223443539853231E-05
 -1.988574560826253E-05 -2.054758648267521E-05 -2.123415477174453E-05
 -1.515545309025177E-05 -1.565947438792698E-05 -1.619065218318153E-05
 -1.083877361704283E-05 -1.117576061324507E-05 -1.154251226782464E-05
 -1.927282508861138E-05 -1.995795105126234E-05 -2.066774336959265E-05
 -1.453271461471143E-05 -1.506393765820304E-05 -1.562253358985454E-05
 -1.019595258074803E-05 -1.056421176388175E-05 -1.096265554901347E-05
 -1.878085064113739E-05 -1.948928193322584E-05 -2.022222913606045E-05
 -1.402244533251249E-05 -1.458103369151933E-05 -1.516713430602834E-05
 -9.657291823150726E-06 -1.005706931417639E-05 -1.048738670906056E-05
 -1.840074235498610E-05 -1.913242296755107E-05 -1.988838108904391E-05
 -1.361699278638246E-05 -1.420305935853078E-05 -1.481670239428507E-05
 -9.216436928258600E-06 -9.647954131823842E-06 -1.011030448291314E-05
 -1.812462880519270E-05 -1.887942507001670E-05 -1.965817314585727E-05
 -1.330976975825798E-05 -1.392337376794274E-05 -1.456454394134803E-05
 -8.867976782583581E-06 -9.331425539578680E-06 -9.825939653880996E-06
 -1.794565656735735E-05 -1.872335329151568E-05 -1.952458865505378E-05
 -1.309509972601646E-05 -1.373624287708903E-05 -1.440486636972538E-05
 -8.607319329614733E-06 -9.102857967552889E-06 -9.629631755859623E-06
 -1.785782538915405E-05 -1.865812208814457E-05 -1.948145549874398E-05
 -1.296806880304806E-05 -1.363669401057928E-05 -1.433263519295808E-05
 -8.430556283894388E-06 -8.958310903185327E-06 -9.517403840488492E-06
 -1.785583452959979E-05 -1.867834385466428E-05 -1.952329679328561E-05
 -1.292437440153986E-05 -1.362036747793794E-05 -1.434342910456167E-05
 -8.334311062133127E-06 -8.894380845050232E-06 -9.485819478496557E-06
 -1.793493585813365E-05 -1.877918348004590E-05 -1.964518754938357E-05
 -1.296018351080423E-05 -1.368337287160092E-05 -1.443329592605350E-05
 -8.315599384392980E-06 -8.908056790261755E-06 -9.531835735160735E-06
 -1.809080631108839E-05 -1.895622801627224E-05 -1.984262288771709E-05
 -1.307203432732864E-05 -1.382218053907085E-05 -1.459863582316805E-05
 -8.371757531629974E-06 -8.996631164812091E-06 -9.652699284888472E-06
 -1.831946296764759E-05 -1.920539363400226E-05 -2.011141809150011E-05
 -1.325680974902422E-05 -1.403358058664115E-05 -1.483614628400049E-05
 -8.500472775015131E-06 -9.157709360457691E-06 -9.845934798455519E-06
 -1.861723302328828E-05 -1.952288658157873E-05 -2.044766039540671E-05
 -1.351176740358693E-05 -1.431470592600016E-05 -1.514283576202020E-05
 -8.699874163724332E-06 -9.389295270918926E-06 -1.010942057964236E-05
 -1.898075518661519E-05 -1.990520355991813E-05 -2.084770617903838E-05
 -1.383454922425633E-05 -1.466305473647259E-05 -1.551605449277951E-05
 -8.968553295353898E-06 -9.689838630852923E-06 -1.044145550138255E-05
 -1.940694957365781E-05 -2.034911572789291E-05 -2.130817593228344E-05
 -1.422306741378647E-05 -1.507640973016650E-05 -1.595344377905195E-05
 -9.305370096398550E-06 -1.005809348994115E-05 -1.084066662386948E-05
 -1.989288964000169E-05 -2.085156656382443E-05 -2.182587659973451E-05
 -1.467522434809526E-05 -1.555259194807028E-05 -1.645272599367385E-05
 -9.709022078962105E-06 -1.049273018309512E-05 -1.130566979107724E-05
 -2.043556979810270E-05 -2.140946012154031E-05 -2.239761345617671E-05
 -1.518856701809913E-05 -1.608911650308069E-05 -1.701137102443687E-05
 -1.017758225318543E-05 -1.099185636907888E-05 -1.183458957253955E-05
 -2.103166750771055E-05 -2.201941550793853E-05 -2.301994449811915E-05
 -1.576011376443552E-05 -1.668296521111459E-05 -1.762632696887900E-05
 -1.070838333109789E-05 -1.155280126334898E-05 -1.242476047992824E-05
 -2.167747751815496E-05 -2.267765451312512E-05 -2.368902952044217E-05
 -1.638659024724802E-05 -1.733072783613181E-05 -1.829407231667268E-05
 -1.129854977982249E-05 -1.217250406218755E-05 -1.307297531995230E-05
 -2.236915935363196E-05 -2.338018180795200E-05 -2.440074486621144E-05
 -1.706509507157951E-05 -1.802919222483503E-05 -1.901112126418995E-05
 -1.194608463079193E-05 -1.284851474500745E-05 -1.377637973336401E-05
 -2.310325606483416E-05 -2.412326286213081E-05 -2.515111115130719E-05
 -1.779385754089211E-05 -1.877612252589469E-05 -1.977479807038500E-05
 -1.265088192838499E-05 -1.358008554823320E-05 -1.453360332149718E-05
 -2.387719010813279E-05 -2.490395671216218E-05 -2.593684414047868E-05
 -1.857247987261401E-05 -1.957065643743005E-05 -2.058376207727459E-05
 -1.341473918117826E-05 -1.436845536236001E-05 -1.534527975623900E-05
 -2.468929295217867E-05 -2.572027660382917E-05 -2.675562813172540E-05
 -1.940113016379858E-05 -2.041274144468783E-05 -2.143767631414701E-05
 -1.423973300465113E-05 -1.521558264525757E-05 -1.621313274392308E-05
 -2.553804020803017E-05 -2.657060464944101E-05 -2.760570580927055E-05
 -2.027865575154410E-05 -2.130145021866259E-05 -2.233574463196153E-05
 -1.512521056673631E-05 -1.612136595636447E-05 -1.713746886192217E-05
 -2.642056374894038E-05 -2.745233409683148E-05 -2.848466854419444E-05
 -2.120030726490301E-05 -2.223271767434618E-05 -2.327450916062431E-05
 -1.606469934208309E-05 -1.708045452939430E-05 -1.811396595247009E-05
 -2.733101437010009E-05 -2.836021337144072E-05 -2.938781749450313E-05
 -2.215626467989156E-05 -2.319762156929113E-05 -2.424593799139350E-05
 -1.704455296514889E-05 -1.808042382512910E-05 -1.913144857681261E-05
 -2.825964319728276E-05 -2.928522518035680E-05 -3.030687660006329E-05
 -2.313203877269560E-05 -2.418235490850035E-05 -2.523699511833612E-05
 -1.804563404543864E-05 -1.910279939050644E-05 -2.017227098573494E-05
 -2.919331168744245E-05 -3.021477745957024E-05 -3.122987989042186E-05
 -2.411101940906184E-05 -2.517036242064835E-05 -2.623134532116561E-05
 -1.904789091963237E-05 -2.012712137876854E-05 -2.121581517435066E-05
 -3.011753037077269E-05 -3.113445338523371E-05 -3.214261513490268E-05
 -2.507833385705793E-05 -2.614602686046748E-05 -2.721280744431610E-05
 -2.003606511247567E-05 -2.113658821433398E-05 -2.224396622882200E-05
 -3.101935850148380E-05 -3.203080358258999E-05 -3.303126360278548E-05
 -2.602439593152948E-05 -2.709839882328540E-05 -2.816919276641367E-05
 -2.100394756377808E-05 -2.212277681894516E-05 -2.324619633554324E-05
 -3.189000047909269E-05 -3.289408425676076E-05 -3.388522928025676E-05
 -2.694656532048822E-05 -2.802331804467583E-05 -2.909484324588277E-05
 -2.195515780222300E-05 -2.308720567210313E-05 -2.422187099864312E-05
 -3.272601514968129E-05 -3.371979895707166E-05 -3.469898256590514E-05
 -2.784822007375150E-05 -2.892300791620152E-05 -2.999075344743034E-05
 -2.290010591499915E-05 -2.403901550970358E-05 -2.517868892067771E-05
 -3.352868950425960E-05 -3.450844046485535E-05 -3.547217455745581E-05
 -2.873578876931310E-05 -2.980344325690653E-05 -3.086232427450725E-05
 -2.385066486212631E-05 -2.498995317235186E-05 -2.612807402676322E-05
 -3.430197353097836E-05 -3.526366354497534E-05 -3.620808207577896E-05
 -2.961519462411095E-05 -3.067080887026854E-05 -3.171590150577159E-05
 -2.481507085527071E-05 -2.594906814137808E-05 -2.707976585623729E-05
 -3.504996984411477E-05 -3.598979366633924E-05 -3.691117989339104E-05
 -3.048925813310256E-05 -3.152863673564854E-05 -3.255569309611194E-05
 -2.579517834219857E-05 -2.691941688529016E-05 -2.803802125754798E-05
 -3.577502648139526E-05 -3.668974773678750E-05 -3.758492084113564E-05
 -3.135691522644597E-05 -3.237665341219306E-05 -3.338225173067499E-05
 -2.678676305065340E-05 -2.789779102317622E-05 -2.900074890117209E-05
 -3.647702767430838E-05 -3.736407558288491E-05 -3.823053367570591E-05
 -3.221410718554976E-05 -3.321138819835559E-05 -3.419277235579300E-05
 -2.778200397061017E-05 -2.887687847918277E-05 -2.996128624591083E-05
 -3.715382520686856E-05 -3.801119179008285E-05 -3.884703822605562E-05
 -3.305547125077057E-05 -3.402777751833157E-05 -3.498256927225582E-05
 -2.877245319700747E-05 -2.984825632712985E-05 -3.091134983687168E-05
 -3.780227256402855E-05 -3.862833235841121E-05 -3.943209859943351E-05
 -3.387583973282621E-05 -3.482075394139775E-05 -3.574672574068576E-05
 -2.975102828196260E-05 -3.080464058375151E-05 -3.184350912139284E-05
 -3.841922390001848E-05 -3.921259133319724E-05 -3.998307787509218E-05
 -3.467096606778426E-05 -3.558613414716385E-05 -3.648113769317817E-05
 -3.071248363260438E-05 -3.174064713259944E-05 -3.275224375709073E-05
 -3.900209644698229E-05 -3.976157471741470E-05 -4.049777788481101E-05
 -3.543748016087518E-05 -3.632069898464991E-05 -3.718273096743731E-05
 -3.165275925643803E-05 -3.265230256508976E-05 -3.363364719163817E-05
 -3.954895153370716E-05 -4.027355916477192E-05 -4.097468182739332E-05
 -3.617246552437725E-05 -3.702180540326640E-05 -3.784912568907372E-05
 -3.256804100329797E-05 -3.353609914938060E-05 -3.448450581639261E-05
 -4.005830190921789E-05 -4.074732725162226E-05 -4.141282787720191E-05
 -3.687309225171477E-05 -3.768697936858444E-05 -3.847820011040299E-05
 -3.345420328401253E-05 -3.438833022951464E-05 -3.530153902422806E-05
 -4.052890158514433E-05 -4.118193988091894E-05 -4.181157147151422E-05
 -3.753652600246633E-05 -3.831376094116066E-05 -3.906787233228918E-05
 -3.430682737596360E-05 -3.520499756687869E-05 -3.608118951332113E-05
 -4.095966567965827E-05 -4.157662078190845E-05 -4.217043599462200E-05
 -3.816007706845037E-05 -3.889980997454767E-05 -3.961615657384564E-05
 -3.512157881466957E-05 -3.598213664834293E-05 -3.681988276060188E-05
 -4.134972205467639E-05 -4.193078104050839E-05 -4.248910767206620E-05
 -3.874142107076132E-05 -3.944311796729339E-05 -4.012135992166804E-05
 -3.589460241784474E-05 -3.671622117247287E-05 -3.751443074149138E-05
 -4.169851217370439E-05 -4.224411132155979E-05 -4.276751602088906E-05
 -3.927874563808717E-05 -3.994216757527946E-05 -4.058225226066642E-05
 -3.662272159661187E-05 -3.740439747280051E-05 -3.816229955607464E-05
 -4.200586029714007E-05 -4.251665573659391E-05 -4.300591106344796E-05
 -3.977077977957084E-05 -4.039597570574975E-05 -4.099812457498775E-05
 -3.730343326251497E-05 -3.804450326669637E-05 -3.876165619426387E-05
 -4.227198059588490E-05 -4.274882619336567E-05 -4.320488567111505E-05
 -4.021674818135785E-05 -4.080405025917377E-05 -4.136875111069693E-05
 -3.793481292637270E-05 -3.863497118996431E-05 -3.931127566297424E-05
 -4.249743928024754E-05 -4.294136715852308E-05 -4.336534465301045E-05
 -4.061631419743180E-05 -4.116632500908284E-05 -4.169431831889331E-05
 -3.851544187945483E-05 -3.917473740488250E-05 -3.981043364338979E-05
 -4.268310445670712E-05 -4.309530299087923E-05 -4.348845095740517E-05
 -4.096954640485487E-05 -4.148311516968270E-05 -4.197537006932415E-05
 -3.904439476844408E-05 -3.966320960790358E-05 -4.025885475229843E-05
 -4.283010483090733E-05 -4.321189243524280E-05 -4.357557655387162E-05
 -4.127690555642468E-05 -4.175509703622475E-05 -4.221277971951044E-05
 -3.952126042429684E-05 -4.010027715829913E-05 -4.065671075837538E-05
 -4.293979917087612E-05 -4.329259556061822E-05 -4.362826689082344E-05
 -4.153923117841699E-05 -4.198329251436804E-05 -4.240773238226374E-05
 -3.994615183314254E-05 -4.048631912249256E-05 -4.100462618158650E-05
 -4.301374806945212E-05 -4.333904573552748E-05 -4.364821304796491E-05
 -4.175771276926025E-05 -4.216904129668379E-05 -4.256169842231731E-05
 -4.031968272420765E-05 -4.082218229727928E-05 -4.130365840206643E-05
 -4.305368084596298E-05 -4.335301855597404E-05 -4.363722283917952E-05
 -4.193384500957007E-05 -4.231395742501841E-05 -4.267639208957850E-05
 -4.064291622589545E-05 -4.110913017133628E-05 -4.155524818750414E-05
 -4.306145676763143E-05 -4.333639554502207E-05 -4.359718728662919E-05
 -4.206937539241985E-05 -4.241987757675827E-05 -4.275372117103501E-05
 -4.091730310064803E-05 -4.134877952402794E-05 -4.176115577618566E-05
 -4.303902442149979E-05 -4.329112576540038E-05 -4.353004476006521E-05
 -4.216625244811803E-05 -4.248880974184685E-05 -4.279573657603253E-05
 -4.114462218400007E-05 -4.154303899864544E-05 -4.192339822362804E-05
 -4.298838334961581E-05 -4.321918952766682E-05 -4.343774690113633E-05
 -4.222657774705124E-05 -4.252288636676258E-05 -4.280458682645411E-05
 -4.132692538172280E-05 -4.169405374838824E-05 -4.204419398813161E-05
 -4.291154985757874E-05 -4.312256644552016E-05 -4.332222893615754E-05
 -4.225256102774199E-05 -4.252432165876951E-05 -4.278247762147855E-05
 -4.146648395624297E-05 -4.180415331639091E-05 -4.212591259489124E-05
 -4.281052695144394E-05 -4.300320794309687E-05 -4.318538468106362E-05
 -4.224647720757223E-05 -4.249537153902092E-05 -4.273163479683049E-05
 -4.156573364952013E-05 -4.187579962220585E-05 -4.217102572175415E-05
 -4.268727777790825E-05 -4.286301346830526E-05 -4.302904543290342E-05
 -4.221062545048870E-05 -4.243829594156120E-05 -4.265426990284016E-05
 -4.162721959218013E-05 -4.191153518440374E-05 -4.218205897569621E-05
 -4.254370243138608E-05 -4.270381004459821E-05 -4.285496216482892E-05
 -4.214729159632951E-05 -4.235532445382425E-05 -4.255254906001371E-05
 -4.165354385622195E-05 -4.191393404862370E-05 -4.216154634863674E-05
 -4.238161841062342E-05 -4.252733530198876E-05 -4.266479101062413E-05
 -4.205871524024679E-05 -4.224862651879026E-05 -4.242856621243282E-05
 -4.164731808572054E-05 -4.188555785703954E-05 -4.211198975250762E-05
 -4.220274508178719E-05 -4.233522427726962E-05 -4.246008225976097E-05
 -4.194706203672965E-05 -4.212028678157564E-05 -4.228432138567630E-05
 -4.161112213508665E-05 -4.182891807681961E-05 -4.203582475465134E-05
 -4.200869214629557E-05 -4.212900000175440E-05 -4.224227290376796E-05
 -4.181440112394268E-05 -4.197228546237291E-05 -4.212170383962624E-05
 -4.154746865455458E-05 -4.174644426941848E-05 -4.193539239165917E-05
 -4.180095185470079E-05 -4.191006761429491E-05 -4.201268247944402E-05
 -4.166268737169455E-05 -4.180648337569104E-05 -4.194247967768219E-05
 -4.145877337564539E-05 -4.164045799334331E-05 -4.181291651895751E-05
 -4.158089457658144E-05 -4.167971159096023E-05 -4.177251179689887E-05
 -4.149374817097044E-05 -4.162461123457513E-05 -4.174828347865667E-05
 -4.134733103942821E-05 -4.151315211859540E-05 -4.167048632317614E-05
 -4.134976733060889E-05 -4.143909568101726E-05 -4.152284412425730E-05
 -4.130927452164621E-05 -4.142826294964267E-05 -4.154061361881435E-05
 -4.121529694610163E-05 -4.136657545006184E-05 -4.151004381295400E-05
 -4.110869494489337E-05 -4.118926520829539E-05 -4.126464848892986E-05
 -4.111081612132699E-05 -4.121889261313978E-05 -4.132083096524161E-05
 -4.106467394745285E-05 -4.120262245228275E-05 -4.133337605513902E-05
 -4.085868346662472E-05 -4.093115137648638E-05 -4.099878474551885E-05
 -4.089978003396829E-05 -4.099781475752471E-05 -4.109016054421174E-05
 -4.089730446402398E-05 -4.102302765151378E-05 -4.114211174019016E-05
 -4.060062546784141E-05 -4.066557723409628E-05 -4.072601007921887E-05
 -4.067743246226894E-05 -4.076620741735040E-05 -4.084969572384675E-05
 -4.071486697403680E-05 -4.082936415627280E-05 -4.093772151922843E-05
 -4.033530683158056E-05 -4.039326490841005E-05 -4.044698658505083E-05
 -4.044490311933898E-05 -4.052511750600424E-05 -4.060040444446376E-05
 -4.051887639385614E-05 -4.062304571623453E-05 -4.072152154006906E-05
 -4.006341468466868E-05 -4.011484380143768E-05 -4.016228963422029E-05
 -4.020319172897378E-05 -4.027546805528169E-05 -4.034313705917621E-05
 -4.031068776868291E-05 -4.040533174367045E-05 -4.049467961401962E-05
 -3.978554609502623E-05 -3.983085937549378E-05 -3.987241667456084E-05
 -3.995317618553194E-05 -4.001806686365593E-05 -4.007863535399479E-05
 -4.009150270587603E-05 -4.017733474952174E-05 -4.025822348933449E-05
 -3.950221726584232E-05 -3.954178229290951E-05 -3.957779625313286E-05
 -3.969562196877655E-05 -3.975361618102521E-05 -3.980754239951936E-05
 -3.986237801887330E-05 -3.994002968594830E-05 -4.001305074549035E-05
 -3.921387292430813E-05 -3.924801762809695E-05 -3.927879700523357E-05
 -3.943119241004443E-05 -3.948272305110683E-05 -3.953041288583918E-05
 -3.962423606469370E-05 -3.969426471149990E-05 -3.975993985920001E-05
 -3.892089569561147E-05 -3.894991396116585E-05 -3.897573643007441E-05
 -3.916045946637075E-05 -3.920590999742956E-05 -3.924772365087290E-05
 -3.937787628130284E-05 -3.944077292111988E-05 -3.949956201972601E-05
 -3.862361523795601E-05 -3.864777215878265E-05 -3.866888929357100E-05
 -3.888391466468979E-05 -3.892362574696336E-05 -3.895988412959503E-05
 -3.912398746853983E-05 -3.918018461811762E-05 -3.923249330323137E-05
 -3.832231698006411E-05 -3.834185369482883E-05 -3.835849551716037E-05
 -3.860197994837100E-05 -3.863625574261861E-05 -3.866724649397196E-05
 -3.886316041131093E-05 -3.891303975634132E-05 -3.895922686477307E-05
 -3.801725031685673E-05 -3.803238839278545E-05 -3.804476745977362E-05
 -3.831501820001069E-05 -3.834413224891679E-05 -3.837011531342822E-05
 -3.859590052035076E-05 -3.863980025639679E-05 -3.868018487777063E-05
 -3.770863616754282E-05 -3.771958150190030E-05 -3.772789651464816E-05
 -3.802334325732974E-05 -3.804754388219217E-05 -3.806875658424612E-05
 -3.832264020918418E-05 -3.836086194510586E-05 -3.839572999745955E-05
 -3.739667381673380E-05 -3.740362004679054E-05 -3.740805897261632E-05
 -3.772722928151489E-05 -3.774674445150877E-05 -3.776340603617652E-05
 -3.804375078167864E-05 -3.807656591928751E-05 -3.810617617627387E-05
 -3.708154699596654E-05 -3.708467841641681E-05 -3.708542113329308E-05
 -3.742691935697297E-05 -3.744196100655559E-05 -3.745427662958486E-05
 -3.775955362159062E-05 -3.778720915690780E-05 -3.781179868281213E-05
 -3.676342917774923E-05 -3.676292317972924E-05 -3.676014365686460E-05
 -3.712263324343288E-05 -3.713340102838629E-05 -3.714156519349441E-05
 -3.747033053613485E-05 -3.749305424237574E-05 -3.751284320562620E-05
 -3.644248807399629E-05 -3.643851712377981E-05 -3.643238516229920E-05
 -3.681457422821687E-05 -3.682125872219382E-05 -3.682545817295786E-05
 -3.717633314528334E-05 -3.719433811679871E-05 -3.720953397052242E-05
 -3.611888934596593E-05 -3.611162253197708E-05 -3.610230509663980E-05
 -3.650293505670311E-05 -3.650572040400102E-05 -3.650613649096802E-05
 -3.687779125399530E-05 -3.689127980804170E-05 -3.690208084063607E-05
 -3.579279956001696E-05 -3.578240373907163E-05 -3.577006591213145E-05
 -3.618790294408235E-05 -3.618696899089722E-05 -3.618377953902081E-05
 -3.657492017149576E-05 -3.658408711651112E-05 -3.659068538684117E-05
 -3.546438842887864E-05 -3.545102900860887E-05 -3.543583460511248E-05
 -3.586966368479666E-05 -3.586518762176546E-05 -3.585856833446470E-05
 -3.626792695848428E-05 -3.627296225354505E-05 -3.627554594069697E-05
 -3.513383038180163E-05 -3.511767178014348E-05 -3.509978366529449E-05
 -3.554840488783216E-05 -3.554056244272052E-05 -3.553068788251603E-05
 -3.595701561027843E-05 -3.595810644879159E-05 -3.595686165200257E-05
 -3.480130552407105E-05 -3.478251134606952E-05 -3.476209149524691E-05
 -3.522431839075589E-05 -3.521328461319195E-05 -3.520032880239613E-05
 -3.564239121262190E-05 -3.563972356893819E-05 -3.563483559997694E-05
 -3.446700004937968E-05 -3.444573302540141E-05 -3.442294236939257E-05
 -3.489760191477685E-05 -3.488355159748688E-05 -3.486768828386837E-05
 -3.532426311979155E-05 -3.531802280389677E-05 -3.530967701854449E-05
 -3.413110618148810E-05 -3.410752790744723E-05 -3.408252600291645E-05
 -3.456846002406852E-05 -3.455156781060764E-05 -3.453297044763305E-05
 -3.500284721543457E-05 -3.499322048854135E-05 -3.498160271102636E-05
 -3.379382169313726E-05 -3.376809221604524E-05 -3.374103678396163E-05
 -3.423710446504220E-05 -3.421754469251197E-05 -3.419638618167376E-05
 -3.467836733339460E-05 -3.466554113914611E-05 -3.465083773340247E-05
 -3.345534910124684E-05 -3.342762638967358E-05 -3.339867275690791E-05
 -3.390375396690780E-05 -3.388170029242505E-05 -3.385815253562229E-05
 -3.435105591570070E-05 -3.433521778105097E-05 -3.431761542452950E-05
 -3.311589458952834E-05 -3.308633392576996E-05 -3.305563440800375E-05
 -3.356863358649968E-05 -3.354425844375846E-05 -3.351849175073657E-05
 -3.402115400863523E-05 -3.400249167108467E-05 -3.398217688515110E-05
 -3.277566673054700E-05 -3.274442005828095E-05 -3.271212331338814E-05
 -3.323197368019393E-05 -3.320544761230702E-05 -3.317763000636194E-05
 -3.368891069097466E-05 -3.366761150733748E-05 -3.364476999814367E-05
 -3.243487508121488E-05 -3.240209034295301E-05 -3.236834072779157E-05
 -3.289400858761285E-05 -3.286549950012161E-05 -3.283579596441742E-05
 -3.335458202965099E-05 -3.333083222189908E-05 -3.330564808492573E-05
 -3.209372870654627E-05 -3.205954919486596E-05 -3.202448614643222E-05
 -3.255497510217093E-05 -3.252464747509510E-05 -3.249321917504253E-05
 -3.301842965304734E-05 -3.299241344189830E-05 -3.296506827892161E-05
 -3.175243468163653E-05 -3.171699842944817E-05 -3.168075589397568E-05
 -3.221511079983564E-05 -3.218312489411862E-05 -3.215012840994640E-05
 -3.268071903609462E-05 -3.265261771070064E-05 -3.262328970488136E-05
 -3.141119662603465E-05 -3.137463585523014E-05 -3.133734178225341E-05
 -3.187465230522812E-05 -3.184116339411713E-05 -3.180674999007153E-05
 -3.234171759822200E-05 -3.231170856304819E-05 -3.228057154941502E-05
 -3.107021331688686E-05 -3.103265395971773E-05 -3.099442987256286E-05
 -3.153383355695395E-05 -3.149899120853613E-05 -3.146330616299967E-05
 -3.200169269825587E-05 -3.196994853535794E-05 -3.193717110264774E-05
 -3.072967740489612E-05 -3.069123870889299E-05 -3.065219936068378E-05
 -3.119288412349305E-05 -3.115683155533769E-05 -3.112001356935028E-05
 -3.166090959800806E-05 -3.162759717897341E-05 -3.159334183282989E-05
 -3.038977427596213E-05 -3.035056850018835E-05 -3.031082162145297E-05
 -3.085202761930895E-05 -3.081490114383270E-05 -3.077708184497412E-05
 -3.131962946146521E-05 -3.128490913784334E-05 -3.124933155175343E-05
 -3.005068106348970E-05 -3.001081326927667E-05 -2.997045940870862E-05
 -3.051148025645709E-05 -3.047340882752780E-05 -3.043471237629698E-05
 -3.097810744940995E-05 -3.094213234144078E-05 -3.090538071206458E-05
 -2.971256583300512E-05 -2.967213376906371E-05 -2.963126622551791E-05
 -3.017144956622838E-05 -3.013255443249145E-05 -3.009309723579892E-05
 -3.063659096200607E-05 -3.059950635997391E-05 -3.056172087871594E-05
 -2.937558694719506E-05 -2.933468102678881E-05 -2.929338586934862E-05
 -2.983213331186285E-05 -2.979252778124579E-05 -2.975241831505698E-05
 -3.029531807301874E-05 -3.025726096220267E-05 -3.021857341075053E-05
 -2.903989260478035E-05 -2.899859596879549E-05 -2.895695213818694E-05
 -2.949371860825290E-05 -2.945350792314630E-05 -2.941284666105636E-05
 -2.995451618316796E-05 -2.991561489922916E-05 -2.987614837363942E-05
 -2.870562056292321E-05 -2.866400922243549E-05 -2.862208870659019E-05
 -2.915638124997737E-05 -2.911566256797590E-05 -2.907454201156031E-05
 -2.961440090350878E-05 -2.957477491808310E-05 -2.953464367937200E-05
 -2.837289801748325E-05 -2.833104106685264E-05 -2.828890914052150E-05
 -2.882028524480558E-05 -2.877914771942205E-05 -2.873765252210250E-05
 -2.927517518085469E-05 -2.923493501412991E-05 -2.919424446071625E-05
 -2.804184164119225E-05 -2.799980153159609E-05 -2.795751705120934E-05
 -2.848558254989314E-05 -2.844410750061596E-05 -2.840231467480791E-05
 -2.893702866955306E-05 -2.889627592130387E-05 -2.885512267413499E-05
 -2.771255775284672E-05 -2.767039061692676E-05 -2.762800636064643E-05
 -2.815241299856159E-05 -2.811067416016679E-05 -2.806865335690725E-05
 -2.860013734835129E-05 -2.855896483845669E-05 -2.851743692766091E-05
 -2.738514261689485E-05 -2.734289863145580E-05 -2.730046167148508E-05
 -2.782090440300971E-05 -2.777896824248452E-05 -2.773678209129987E-05
 -2.826466336380327E-05 -2.822315537011220E-05 -2.818133251127136E-05
 -2.705968283587865E-05 -2.701740661528971E-05 -2.697495871575834E-05
 -2.749117280739332E-05 -2.744909889617379E-05 -2.740680339422083E-05
 -2.793075508107402E-05 -2.788898766179713E-05 -2.784694160889749E-05
 -2.673625583040894E-05 -2.669398683819409E-05 -2.665156486673999E-05
 -2.716332287366977E-05 -2.712116430289522E-05 -2.707880924049983E-05
 -2.759854731977116E-05 -2.755658870582513E-05 -2.751438366642836E-05
 -2.641493037951030E-05 -2.637270335018407E-05 -2.633033969542758E-05
 -2.683744837865988E-05 -2.679525220477141E-05 -2.675288161518818E-05
 -2.726816175333339E-05 -2.722607279569045E-05 -2.718376589318090E-05
 -2.609576720882465E-05 -2.605361257083011E-05 -2.601133555725918E-05
 -2.651363279874632E-05 -2.647144050794847E-05 -2.642909313127106E-05
 -2.693970744841167E-05 -2.689754210463470E-05 -2.685518387336127E-05
 -2.577881960240916E-05 -2.573676389451556E-05 -2.569459818869483E-05
 -2.619194996077274E-05 -2.614979794181963E-05 -2.610750769230244E-05
 -2.661328151387266E-05 -2.657108736313726E-05 -2.652872226489538E-05
 -2.546413403416138E-05 -2.542220031051227E-05 -2.538016731266324E-05
 -2.587246473871014E-05 -2.583038475540205E-05 -2.578818118452937E-05
 -2.628896983355340E-05 -2.624678860520805E-05 -2.620445555381738E-05
 -2.515175079211522E-05 -2.510995900836197E-05 -2.506807722407555E-05
 -2.555523377249980E-05 -2.551325342706078E-05 -2.547116217435960E-05
 -2.596684785388896E-05 -2.592471595964399E-05 -2.588244884477099E-05
 -2.484170459358604E-05 -2.480007197205459E-05 -2.475835736148123E-05
 -2.524030619564396E-05 -2.519844937519842E-05 -2.515649260018745E-05
 -2.564698140809578E-05 -2.560493046617148E-05 -2.556275866493981E-05
 -2.453402517329639E-05 -2.449256654309164E-05 -2.445103284473995E-05
 -2.492772435556225E-05 -2.488601165757197E-05 -2.484420844828105E-05
 -2.532942755629629E-05 -2.528748489972265E-05 -2.524543376940465E-05
 -2.422873784461351E-05 -2.418746595521709E-05 -2.414612498291214E-05
 -2.461752451373589E-05 -2.457597364545274E-05 -2.453434040031476E-05
 -2.501423541967946E-05 -2.497242458246323E-05 -2.493051592869096E-05
 -2.392586402188771E-05 -2.388478982831303E-05 -2.384365173996669E-05
 -2.430973751322963E-05 -2.426836366219660E-05 -2.422691444221751E-05
 -2.470144699282223E-05 -2.465978816826174E-05 -2.461804068391183E-05
 -2.362542170591769E-05 -2.358455462588765E-05 -2.354362816475143E-05
 -2.400438940960207E-05 -2.396320558314754E-05 -2.392195243302707E-05
 -2.439109792255869E-05 -2.434960838923424E-05 -2.430803806047720E-05
 -2.332742591879316E-05 -2.328677406247896E-05 -2.324606677180024E-05
 -2.370150205215400E-05 -2.366051938552075E-05 -2.361947262375184E-05
 -2.408321824354986E-05 -2.404191275718347E-05 -2.400053323466463E-05
 -2.303188910086060E-05 -2.299145947353356E-05 -2.295097788490697E-05
 -2.340109362151556E-05 -2.336032165360156E-05 -2.331949013093235E-05
 -2.377783306432387E-05 -2.373672421297007E-05 -2.369554714660801E-05
 -2.273882146304992E-05 -2.269862014151004E-05 -2.265836993845281E-05
 -2.310317911302193E-05 -2.306262603116342E-05 -2.302201735887211E-05
 -2.347496319541092E-05 -2.343406171912303E-05 -2.339309705847161E-05
 -2.244823129198956E-05 -2.240826357714117E-05 -2.236824973541351E-05
 -2.280777076888378E-05 -2.276744362347099E-05 -2.272706437285733E-05
 -2.317462571948852E-05 -2.313394079407236E-05 -2.309319705337024E-05
 -2.216012521745812E-05 -2.212039576534119E-05 -2.208062267346723E-05
 -2.251487846001110E-05 -2.247478335105736E-05 -2.243463922593237E-05
 -2.287683450070871E-05 -2.283637398734217E-05 -2.279585847765752E-05
 -2.187450844195148E-05 -2.183502137468944E-05 -2.179549293550807E-05
 -2.222451001958446E-05 -2.218465225748563E-05 -2.214474824221901E-05
 -2.258160063722198E-05 -2.254137129953119E-05 -2.250109033002518E-05
 -2.159138493486923E-05 -2.155214393317350E-05 -2.151286364753695E-05
 -2.193667153016420E-05 -2.189705577198470E-05 -2.185739625634148E-05
 -2.228893285534491E-05 -2.224894054576865E-05 -2.220889959525045E-05
 -2.131075759109986E-05 -2.127176597121455E-05 -2.123273700794323E-05
 -2.165136756853113E-05 -2.161199793247091E-05 -2.157258681624646E-05
 -2.199883785074096E-05 -2.195908766953513E-05 -2.191929153259424E-05
 -2.103262836621025E-05 -2.099388914253561E-05 -2.095511439493549E-05
 -2.136860140991009E-05 -2.132948157112319E-05 -2.129032235099792E-05
 -2.171132057665323E-05 -2.167181700619795E-05 -2.163226991592754E-05
 -2.075699838338929E-05 -2.071851431996236E-05 -2.067999645164860E-05
 -2.108837519854138E-05 -2.104950846821337E-05 -2.101060430938865E-05
 -2.142638448970224E-05 -2.138713150615905E-05 -2.134783723572857E-05
 -2.048386801575711E-05 -2.044564166683299E-05 -2.040738314827284E-05
 -2.081069008624520E-05 -2.077207947522855E-05 -2.073343326867317E-05
 -2.114403175232000E-05 -2.110503291760919E-05 -2.106599486360246E-05
 -2.021323695675559E-05 -2.017527069935007E-05 -2.013727383637562E-05
 -2.053554634347852E-05 -2.049719461431790E-05 -2.045880902326100E-05
 -2.086426339768355E-05 -2.082552193446033E-05 -2.078674318433607E-05
 -1.994510426691318E-05 -1.990740032560650E-05 -1.986966728161785E-05
 -2.026294344642295E-05 -2.022485315424869E-05 -2.018673065068647E-05
 -2.058707946325137E-05 -2.054859831569336E-05 -2.051008170238623E-05
 -1.967946841328355E-05 -1.964202888035574E-05 -1.960456169383664E-05
 -1.999288014515677E-05 -1.995505367017617E-05 -1.991719656360548E-05
 -2.031247909578143E-05 -2.027426097770684E-05 -2.023600912250080E-05
 -1.941632729528263E-05 -1.937915414501223E-05 -1.934195474178212E-05
 -1.972535451344879E-05 -1.968779408586993E-05 -1.965020454517475E-05
 -2.004046063157569E-05 -2.000250806430085E-05 -1.996452341033288E-05
 -1.915567826076693E-05 -1.911877336066227E-05 -1.908184356384640E-05
 -1.946036398429383E-05 -1.942307170373563E-05 -1.938575177434336E-05
 -1.977102165734568E-05 -1.973333699955334E-05 -1.969562183837582E-05
 -1.889751811259518E-05 -1.886088323190499E-05 -1.882422476936851E-05
 -1.919790537406974E-05 -1.916088322404110E-05 -1.912383484045138E-05
 -1.950415905534204E-05 -1.946674452549134E-05 -1.942930101660444E-05
 -1.864184311345766E-05 -1.860547992919734E-05 -1.856909443855262E-05
 -1.893797489676058E-05 -1.890122475586529E-05 -1.886444975138681E-05
 -1.923986903086394E-05 -1.920272672465390E-05 -1.916555691087073E-05
 -1.838864897943061E-05 -1.835255908144060E-05 -1.831644811439839E-05
 -1.868056816661963E-05 -1.864409181690320E-05 -1.860759193089611E-05
 -1.897814712795567E-05 -1.894127903156434E-05 -1.890438485040183E-05
 -1.813793087816160E-05 -1.810211577258362E-05 -1.806628079825614E-05
 -1.842568019785111E-05 -1.838947933110607E-05 -1.835325621453217E-05
 -1.871898823329894E-05 -1.868239623323023E-05 -1.864577952565473E-05
 -1.788968342033640E-05 -1.785414453234148E-05 -1.781858693938693E-05
 -1.817330539570669E-05 -1.813738161827381E-05 -1.810143683790735E-05
 -1.846238657185865E-05 -1.842607246250563E-05 -1.838973497946749E-05
 -1.764390064880634E-05 -1.760863932524921E-05 -1.757336042456431E-05
 -1.792343754560990E-05 -1.788779238269354E-05 -1.785212742487941E-05
 -1.820833569842680E-05 -1.817230118830608E-05 -1.813624459618554E-05
 -1.740057602541055E-05 -1.736559353735014E-05 -1.733059456440365E-05
 -1.767606979982478E-05 -1.764070469847606E-05 -1.760532097207840E-05
 -1.795682848442144E-05 -1.792107520070777E-05 -1.788530108547860E-05
 -1.715970240921771E-05 -1.712499995438796E-05 -1.709028207147153E-05
 -1.743119465645357E-05 -1.739611098911187E-05 -1.736100982865517E-05
 -1.770785709954934E-05 -1.767238659231961E-05 -1.763689646356799E-05
 -1.692127202282742E-05 -1.688685072849343E-05 -1.685241502773845E-05
 -1.718880393140107E-05 -1.715400299919553E-05 -1.711918566821731E-05
 -1.746141298461310E-05 -1.742622673127255E-05 -1.739102202610773E-05
 -1.668527642097097E-05 -1.665113734666873E-05 -1.661698485267054E-05
 -1.694888872079749E-05 -1.691437175701651E-05 -1.687983945139426E-05
 -1.721748681032547E-05 -1.718258621932743E-05 -1.714766830630092E-05
 -1.645170645530973E-05 -1.641785059655644E-05 -1.638398227026889E-05
 -1.671143935279977E-05 -1.667720752683622E-05 -1.664296137881670E-05
 -1.697606841910716E-05 -1.694145483485774E-05 -1.690682501851257E-05
 -1.622055224614057E-05 -1.618698053799691E-05 -1.615339728016931E-05
 -1.647644533164156E-05 -1.644249975371005E-05 -1.640854083644482E-05
 -1.673714675358827E-05 -1.670282146134575E-05 -1.666848098728890E-05
 -1.599180315081439E-05 -1.595851647310063E-05 -1.592521912935373E-05
 -1.624389527619337E-05 -1.621023700255054E-05 -1.617656633552398E-05
 -1.650070977783551E-05 -1.646667400957519E-05 -1.643262407021550E-05
 -1.576544771720029E-05 -1.573244689897090E-05 -1.569943626459090E-05
 -1.601377685086340E-05 -1.598040688996947E-05 -1.594702544495501E-05
 -1.626674439497101E-05 -1.623299933645955E-05 -1.619924107816776E-05
 -1.554147360907256E-05 -1.550875943582213E-05 -1.547603626282791E-05
 -1.578607668296572E-05 -1.575299600302766E-05 -1.571990471179107E-05
 -1.603523635925802E-05 -1.600178315811297E-05 -1.596831768902599E-05
 -1.531986748735083E-05 -1.528744070818862E-05 -1.525500571241743E-05
 -1.556078024937672E-05 -1.552798978707400E-05 -1.549518955005971E-05
 -1.580617016020600E-05 -1.577300993548891E-05 -1.573983833542967E-05
 -1.510061484675450E-05 -1.506847618325056E-05 -1.503633005331226E-05
 -1.533787171412228E-05 -1.530537238505597E-05 -1.527286408161184E-05
 -1.557952885184156E-05 -1.554666270597500E-05 -1.551378603802977E-05
 -1.488369981820976E-05 -1.485184997493535E-05 -1.481999338246798E-05
 -1.511733369844929E-05 -1.508512640994403E-05 -1.505291091126571E-05
 -1.535529379453853E-05 -1.532272282757876E-05 -1.529014215254816E-05
 -1.466910496136023E-05 -1.463754463814866E-05 -1.460597825020706E-05
 -1.489914697163440E-05 -1.486723263828852E-05 -1.483531082280818E-05
 -1.513344428832401E-05 -1.510116961581653E-05 -1.506888600967973E-05
 -1.445681098945441E-05 -1.442554089702422E-05 -1.439426539143532E-05
 -1.468329003982032E-05 -1.465166960297040E-05 -1.462004237551651E-05
 -1.491395708524008E-05 -1.488197985987947E-05 -1.484999443549374E-05
 -1.424679651211098E-05 -1.421581739037170E-05 -1.418483347389627E-05
 -1.446973861389156E-05 -1.443841306595080E-05 -1.440708138216488E-05
 -1.469680576464740E-05 -1.466512720418104E-05 -1.463344113885570E-05
 -1.403903735410515E-05 -1.400834999886126E-05 -1.397765843379774E-05
 -1.425846485225755E-05 -1.422743526950350E-05 -1.419640016797132E-05
 -1.448195992406993E-05 -1.445058134726402E-05 -1.441919591844211E-05
 -1.383350622710809E-05 -1.380311151978845E-05 -1.377271315330581E-05
 -1.404943633540726E-05 -1.401870392046243E-05 -1.398796656508613E-05
 -1.426938406695152E-05 -1.423830694107508E-05 -1.420722357327306E-05
 -1.363017020190136E-05 -1.360006916320558E-05 -1.356996498047047E-05
 -1.384261431396212E-05 -1.381218045596479E-05 -1.378174219557916E-05
 -1.405903595023052E-05 -1.402826195524724E-05 -1.399748228396417E-05
 -1.342899194918684E-05 -1.339918578061722E-05 -1.336937694616527E-05
 -1.363795143392230E-05 -1.360781779062496E-05 -1.357768024014756E-05
 -1.385086403788791E-05 -1.382039515616959E-05 -1.378992111631841E-05
 -1.322991809245157E-05 -1.320040832525959E-05 -1.317089633030323E-05
 -1.343538659183037E-05 -1.340555521960277E-05 -1.337572038899830E-05
 -1.364480336644391E-05 -1.361464201082394E-05 -1.358447596418146E-05
 -1.303289542451357E-05 -1.300368391733184E-05 -1.297447057742029E-05
 -1.323483944580382E-05 -1.320531298282406E-05 -1.317578345838127E-05
 -1.344076910413330E-05 -1.341091830759549E-05 -1.338106322993756E-05
 -1.283780358108607E-05 -1.280889315078085E-05 -1.277998123084799E-05
 -1.303619061980654E-05 -1.300697265540218E-05 -1.297775196564698E-05
 -1.323864588242285E-05 -1.320910958781061E-05 -1.317956935636048E-05
 -1.264457493849549E-05 -1.261596886654471E-05 -1.258736159145675E-05
 -1.283926794357536E-05 -1.281036352714383E-05 -1.278145664657920E-05
 -1.303827326216188E-05 -1.300905675265270E-05 -1.297983657203930E-05
 -1.245275831274250E-05 -1.242446399901448E-05 -1.239616867287024E-05
 -1.264375458144780E-05 -1.261517159659648E-05 -1.258658630693124E-05
 -1.283942622360720E-05 -1.281053674186887E-05 -1.278164375733378E-05
 -1.226223918857201E-05 -1.223426492288702E-05 -1.220628973171501E-05
 -1.244917888750595E-05 -1.242092955547226E-05 -1.239267793387023E-05
 -1.264182204158505E-05 -1.261326935316442E-05 -1.258471320842324E-05
 -1.206961449683358E-05 -1.204200115987205E-05 -1.201438656189116E-05
 -1.225448557598010E-05 -1.222659210977030E-05 -1.219869612755772E-05
 -1.244518862095884E-05 -1.241698494823546E-05 -1.238877771955717E-05
