  7.521579784072915E+00  7.511054667653142E+00  7.500519467651962E+00

 -5.415078688637084E-05 -5.407815655550415E-05 -5.401094610341431E-05
 -5.417089407505554E-05 -5.409786924978247E-05 -5.403026289859657E-05
 -5.418095795140367E-05 -5.410773576235626E-05 -5.403993134492093E-05
 -5.418095795140367E-05 -5.410773576235626E-05 -5.403993134492093E-05
 -5.417089407505554E-05 -5.409786924978247E-05 -5.403026289859657E-05
 -5.415078688637084E-05 -5.407815655550415E-05 -5.401094610341431E-05
 -5.412067745575441E-05 -5.404863828408075E-05 -5.398202109711913E-05
 -5.408062724745925E-05 -5.400937520191955E-05 -5.394354794688187E-05
 -5.403071794791694E-05 -5.396044806718313E-05 -5.389560648085043E-05
 -5.397105124257821E-05 -5.390195740813634E-05 -5.383829606731899E-05
 -5.390174853685542E-05 -5.383402324596921E-05 -5.377173533966492E-05
 -5.382295062260047E-05 -5.375678476392389E-05 -5.369606186796120E-05
 -5.373481729254108E-05 -5.367039992408933E-05 -5.361143177797858E-05
 -5.363752690345354E-05 -5.357504503391601E-05 -5.351801932092054E-05
 -5.353127588719570E-05 -5.347091426059443E-05 -5.341601639096150E-05
 -5.341627821219898E-05 -5.335821909602393E-05 -5.330563199458911E-05
 -5.329276479770281E-05 -5.323718777529019E-05 -5.318709167261688E-05
 -5.316098287992963E-05 -5.310806464761861E-05 -5.306063687699575E-05
 -5.302119533674155E-05 -5.297110950704633E-05 -5.292652430771550E-05
 -5.287367996793466E-05 -5.282659687804820E-05 -5.278502520418255E-05
 -5.271872873728866E-05 -5.267481526571335E-05 -5.263642460468661E-05
 -5.255664697716964E-05 -5.251606636856840E-05 -5.248102056757018E-05
 -5.238775256230221E-05 -5.235066426239196E-05 -5.231912336656873E-05
 -5.221237505235269E-05 -5.217893455409451E-05 -5.215105465600824E-05
 -5.203085481030337E-05 -5.200121351300914E-05 -5.197714661608512E-05
 -5.184354210349559E-05 -5.181784718578141E-05 -5.179774108191887E-05
 -5.165079618501077E-05 -5.162919049518496E-05 -5.161318865985883E-05
 -5.145298436822921E-05 -5.143560633162105E-05 -5.142384783592512E-05
 -5.125048109158147E-05 -5.123746463635399E-05 -5.123008407723041E-05
 -5.104366699049058E-05 -5.103514149220680E-05 -5.103226894090318E-05
 -5.083292798368655E-05 -5.082901822778657E-05 -5.083077919461342E-05
 -5.061865436778402E-05 -5.061948053148428E-05 -5.062599594821531E-05
 -5.040123992861996E-05 -5.040691758370934E-05 -5.041830380433548E-05
 -5.018108104874122E-05 -5.019172118578634E-05 -5.020809000598646E-05
 -4.995857582393516E-05 -4.997428489309584E-05 -4.999574358496646E-05
 -4.973412321776590E-05 -4.975500317495355E-05 -4.978165452624742E-05
 -4.950812230420125E-05 -4.953427065141697E-05 -4.956621299760966E-05
 -4.928097160734581E-05 -4.931248142709015E-05 -4.934980867226800E-05
 -4.905306845522414E-05 -4.909002846049457E-05 -4.913283010523625E-05
 -4.882480819975616E-05 -4.886730282705609E-05 -4.891566403175120E-05
 -4.859658319883669E-05 -4.864469274676636E-05 -4.869869444218313E-05
 -4.836878171128579E-05 -4.842258246513106E-05 -4.848230146438650E-05
 -4.814178713872386E-05 -4.820135137358253E-05 -4.826686038449321E-05
 -4.791597809087791E-05 -4.798137387805249E-05 -4.805274132375283E-05
 -4.769172921259301E-05 -4.776302011023995E-05 -4.784030980100790E-05
 -4.746941176557897E-05 -4.754665667196100E-05 -4.762992757124018E-05
 -4.724939230985093E-05 -4.733264581267988E-05 -4.742195224350827E-05
 -4.703202848280236E-05 -4.712134176491128E-05 -4.721673420077664E-05
 -4.681766317715824E-05 -4.691308497580160E-05 -4.701461103673803E-05
 -4.660662124034056E-05 -4.670819785668894E-05 -4.681590257404427E-05
 -4.639921369107591E-05 -4.650698716688860E-05 -4.662091153461224E-05
 -4.619575109843488E-05 -4.630975572628555E-05 -4.642993342402561E-05
 -4.599656046149602E-05 -4.611681943604113E-05 -4.624327320117993E-05
 -4.580199259710431E-05 -4.592851778008129E-05 -4.606125827436350E-05
 -4.561240585361899E-05 -4.574520309071418E-05 -4.588423298724839E-05
 -4.542812104335742E-05 -4.556720081651560E-05 -4.571252456451465E-05
 -4.524935975824187E-05 -4.539474921785263E-05 -4.554638525875103E-05
 -4.507619453116618E-05 -4.522794437753552E-05 -4.538593357470657E-05
 -4.490854305470249E-05 -4.506672346363102E-05 -4.523112746487075E-05
 -4.474622354373002E-05 -4.491090780473372E-05 -4.508179487480337E-05
 -4.458905933145818E-05 -4.476030011515033E-05 -4.493772213698193E-05
 -4.443699306015745E-05 -4.461480073924549E-05 -4.479877023359960E-05
 -4.429016121219938E-05 -4.447449353219486E-05 -4.466497046614832E-05
 -4.414889574104661E-05 -4.433966303614758E-05 -4.453655694150201E-05
 -4.401365361002364E-05 -4.421073638552999E-05 -4.441392205377293E-05
 -4.388490838477498E-05 -4.408817854818222E-05 -4.429751734611628E-05
 -4.376305226967483E-05 -4.397238856291117E-05 -4.418774561994144E-05
 -4.364834555378836E-05 -4.386363783881173E-05 -4.408488865875946E-05
 -4.354092208711718E-05 -4.376206529233701E-05 -4.398909139822757E-05
 -4.344083169063591E-05 -4.366771480691533E-05 -4.390039317454199E-05
 -4.334808813783659E-05 -4.358058447655976E-05 -4.381877713257896E-05
 -4.326269801943412E-05 -4.350066037737330E-05 -4.374420849738331E-05
 -4.318466337955203E-05 -4.342792403485041E-05 -4.367664716516788E-05
 -4.311396696930101E-05 -4.336233993413273E-05 -4.361603808156291E-05
 -4.305055486911137E-05 -4.330383759497793E-05 -4.356229325241098E-05
 -4.299432686045145E-05 -4.325230003145672E-05 -4.351527842382812E-05
 -4.294513624745669E-05 -4.320756199525836E-05 -4.347480959069013E-05
 -4.290279447336127E-05 -4.316941419964596E-05 -4.344065659672075E-05
 -4.286707487356137E-05 -4.313760766073312E-05 -4.341254793896271E-05
 -4.283771282124038E-05 -4.311185469005063E-05 -4.339017263066100E-05
 -4.281440300912054E-05 -4.309182670542472E-05 -4.337317864442319E-05
 -4.279679617241832E-05 -4.307715105368212E-05 -4.336116992381937E-05
 -4.278449698115271E-05 -4.306740880595542E-05 -4.335370411212645E-05
 -4.277706337958884E-05 -4.306213408091689E-05 -4.335029184426801E-05
 -4.277400669338250E-05 -4.306081433066624E-05 -4.335039719021560E-05
 -4.277479179826876E-05 -4.306289082560935E-05 -4.335343845222168E-05
 -4.277883715785828E-05 -4.306775903362014E-05 -4.335878890198950E-05
 -4.278551498632752E-05 -4.307476908803388E-05 -4.336577757339607E-05
 -4.279415188368115E-05 -4.308322669791156E-05 -4.337369045986286E-05
 -4.280403011242296E-05 -4.309239470883818E-05 -4.338177236085968E-05
 -4.281438951016706E-05 -4.310149533265572E-05 -4.338922942565003E-05
 -4.282442997383833E-05 -4.310971297618395E-05 -4.339523232095644E-05
 -4.283331449573803E-05 -4.311619763058135E-05 -4.339891996820966E-05
 -4.284017279104922E-05 -4.312006884528683E-05 -4.339940385671372E-05
 -4.284410557674587E-05 -4.312042034041830E-05 -4.339577297634031E-05
 -4.284418952349478E-05 -4.311632527526584E-05 -4.338709938599673E-05
 -4.283948286986886E-05 -4.310684216172916E-05 -4.337244440418973E-05
 -4.282903167392430E-05 -4.309102138630241E-05 -4.335086537567474E-05
 -4.281187665741363E-05 -4.306791228859794E-05 -4.332142295493444E-05
 -4.278706059986575E-05 -4.303657074371786E-05 -4.328318884388119E-05
 -4.275363621499410E-05 -4.299606717245034E-05 -4.323525389915057E-05
 -4.271067443340300E-05 -4.294549489781177E-05 -4.317673652350056E-05
 -4.265727298979233E-05 -4.288397873827693E-05 -4.310679122326659E-05
 -4.259256520141857E-05 -4.281068371834286E-05 -4.302461720825138E-05
 -4.251572880104857E-05 -4.272482375835750E-05 -4.292946689494483E-05
 -4.242599469227379E-05 -4.262567020346438E-05 -4.282065416661996E-05
 -4.232265546996275E-05 -4.251256003804478E-05 -4.269756224085587E-05
 -4.220507355146642E-05 -4.238490362961556E-05 -4.255965098766763E-05
 -4.207268875602398E-05 -4.224219184356579E-05 -4.240646354580585E-05
 -4.192502517555304E-05 -4.208400237914863E-05 -4.223763209460213E-05
 -4.176169718001427E-05 -4.191000517453780E-05 -4.205288263625813E-05
 -4.158241441527938E-05 -4.171996675247031E-05 -4.185203867357972E-05
 -4.138698567135092E-05 -4.151375339340502E-05 -4.163502368031813E-05
 -4.117532150606067E-05 -4.129133303770972E-05 -4.140186228242333E-05
 -4.094743554988429E-05 -4.105277585618732E-05 -4.115268010366353E-05
 -4.070344442679413E-05 -4.079825344132158E-05 -4.088770224542444E-05
 -4.044356627464695E-05 -4.052803661920173E-05 -4.060725041656649E-05
 -4.016811786861888E-05 -4.024249190214423E-05 -4.031173874965411E-05
 -3.987751039110623E-05 -3.994207664092382E-05 -4.000166837674057E-05
 -3.957224392305316E-05 -3.962733296787965E-05 -3.967762087156649E-05
 -3.925290075763127E-05 -3.929888064366917E-05 -3.934025068115419E-05
 -3.892013767966904E-05 -3.895740896074333E-05 -3.899027670793803E-05
 -3.857467736196980E-05 -3.860366786483137E-05 -3.862847321301112E-05
 -3.821729906448640E-05 -3.823845848347973E-05 -3.825566022956312E-05
 -3.784882882742399E-05 -3.786262325471315E-05 -3.787269368191714E-05
 -3.747012936325961E-05 -3.747703586058294E-05 -3.748045541092905E-05
 -3.708208985361263E-05 -3.708259116463919E-05 -3.707984329844704E-05
 -3.668561584977311E-05 -3.668019534583537E-05 -3.667176167480636E-05
 -3.628161947077271E-05 -3.627075641448457E-05 -3.625711218616952E-05
 -3.587101007305716E-05 -3.585517526893117E-05 -3.583678526437326E-05
 -3.545468554649594E-05 -3.543433743671582E-05 -3.541165233177915E-05
 -3.503352436908558E-05 -3.500910561693122E-05 -3.498255884172474E-05
 -3.460837852349321E-05 -3.458031311219334E-05 -3.455031822921962E-05
 -3.418006734956152E-05 -3.414875820998688E-05 -3.411570681756777E-05
 -3.374937238212938E-05 -3.371519954864826E-05 -3.367945970230437E-05
 -3.331703319333973E-05 -3.328035247391332E-05 -3.324226760652246E-05
 -3.288374422444530E-05 -3.284488636032226E-05 -3.280477467203310E-05
 -3.245015258556760E-05 -3.240942286552368E-05 -3.236757714498744E-05
 -3.201685676205139E-05 -3.197453505075368E-05 -3.193122288466946E-05
 -3.158440616307128E-05 -3.154074729396548E-05 -3.149621161462994E-05
 -3.115330142418064E-05 -3.110853590784984E-05 -3.106299582817002E-05
 -3.072399537569593E-05 -3.067833037004878E-05 -3.063198225413644E-05
 -3.029689457453476E-05 -3.025051506460601E-05 -3.020353378196763E-05
 -2.987236130187793E-05 -2.982543143869574E-05 -2.977797175366568E-05
 -2.945071592746820E-05 -2.940338047852232E-05 -2.935557852950185E-05
 -2.903223954276405E-05 -2.898462540919143E-05 -2.893660023555879E-05
 -2.861717677761592E-05 -2.856939454028973E-05 -2.852124962159279E-05
 -2.820573871889576E-05 -2.815788417806062E-05 -2.810970895301149E-05
 -2.779810585817789E-05 -2.775026153869668E-05 -2.770213287881107E-05
 -2.739443100808651E-05 -2.734666760650343E-05 -2.729865122309652E-05
 -2.699484213669411E-05 -2.694721989233746E-05 -2.689937166145380E-05
 -2.659944507945199E-05 -2.655201505562446E-05 -2.650438224925631E-05
 -2.620832609370924E-05 -2.616113136009437E-05 -2.611375377655161E-05
 -2.582155423911658E-05 -2.577463095036233E-05 -2.572754194036613E-05
 -2.543918356294759E-05 -2.539256193232416E-05 -2.534578932132655E-05
 -2.506125509275484E-05 -2.501496026096210E-05 -2.496852716826586E-05
 -2.468779862118805E-05 -2.464185142401959E-05 -2.459577698380092E-05
 -2.431883430258547E-05 -2.427325194308620E-05 -2.422755193302725E-05
 -2.395437405783321E-05 -2.390917068892566E-05 -2.386385807323866E-05
 -2.359442280193800E-05 -2.354961002643680E-05 -2.350469541990814E-05
 -2.323897951004319E-05 -2.319456680652351E-05 -2.315005886862391E-05
 -2.288803812938729E-05 -2.284403321105696E-05 -2.279993897651600E-05
 -2.254158836265766E-05 -2.249799747743936E-05 -2.245432263192225E-05
 -2.219961632492898E-05 -2.215644450388857E-05 -2.211319361133334E-05
 -2.186210509824221E-05 -2.181935635990670E-05 -2.177653304911985E-05
 -2.152903519534899E-05 -2.148671271193805E-05 -2.144431982766815E-05
 -2.120038494127481E-05 -2.115849117318728E-05 -2.111653089806084E-05
 -2.087613079305876E-05 -2.083466759660402E-05 -2.079314154881619E-05
 -2.055624760391486E-05 -2.051521631708820E-05 -2.047412562743063E-05
 -2.024070884318816E-05 -2.020011035318698E-05 -2.015945572629495E-05
 -1.992948677806260E-05 -1.988932157527213E-05 -1.984910333780748E-05
 -1.962255262402607E-05 -1.958282084332050E-05 -1.954303898158786E-05
 -1.931987666712905E-05 -1.928057812120136E-05 -1.924123231088723E-05
 -1.902142836642609E-05 -1.898256257138470E-05 -1.894365220105644E-05
 -1.872717644475240E-05 -1.868874264087446E-05 -1.865026683069258E-05
 -1.843708897905974E-05 -1.839908614705065E-05 -1.836104376360814E-05
 -1.815113349486620E-05 -1.811356036872373E-05 -1.807595003718670E-05
 -1.786927706236447E-05 -1.783213214057750E-05 -1.779495225513219E-05
 -1.759148637925633E-05 -1.755476793411440E-05 -1.751801666672064E-05
 -1.731772782583104E-05 -1.728143391155084E-05 -1.724510921999551E-05
 -1.704796749433750E-05 -1.701209595451693E-05 -1.697619558951976E-05
 -1.678217122002442E-05 -1.674671969371781E-05 -1.671124120488648E-05
 -1.652030464918995E-05 -1.648527057644493E-05 -1.645021131795436E-05
 -1.626233339235185E-05 -1.622771401844423E-05 -1.619307115304124E-05
 -1.600822325931910E-05 -1.597401563846436E-05 -1.593978614135883E-05
 -1.575794053018436E-05 -1.572414152811664E-05 -1.569032218953233E-05
 -1.551145216431284E-05 -1.547805846005173E-05 -1.544464588700003E-05
 -1.526872587033927E-05 -1.523573395737175E-05 -1.520272457504727E-05
 -1.502973004382576E-05 -1.499713622928110E-05 -1.496452628006423E-05
 -1.479443369170713E-05 -1.476223409291085E-05 -1.473001963310821E-05
 -1.456280657473867E-05 -1.453099711169466E-05 -1.449917400392564E-05
 -1.433481978858271E-05 -1.430339617140922E-05 -1.427196007231592E-05
 -1.411044692300377E-05 -1.407940463280508E-05 -1.404835097379226E-05
 -1.388966569196316E-05 -1.385899995336386E-05 -1.382832391363400E-05
 -1.367245999830779E-05 -1.364216573898984E-05 -1.361186220551387E-05
 -1.345882199650650E-05 -1.342889378983896E-05 -1.339895730072656E-05
 -1.324875544648074E-05 -1.321918741730648E-05 -1.318961206828288E-05
 -1.304227928230522E-05 -1.301306496921558E-05 -1.298384427734947E-05
 -1.283944142382214E-05 -1.281057349856328E-05 -1.278170012408279E-05
 -1.264033544161589E-05 -1.261180526285181E-05 -1.258327056709935E-05
 -1.244518862095884E-05 -1.241698494823546E-05 -1.238877771955717E-05
 -1.225448557598010E-05 -1.222659210977030E-05 -1.219869612755772E-05
 -1.206961449683358E-05 -1.204200115987205E-05 -1.201438656189116E-05
 -5.548019807624480E-05 -5.538350741048754E-05 -5.529169620838198E-05
 -5.550245517939074E-05 -5.540535324007403E-05 -5.531312937093582E-05
 -5.551359498265254E-05 -5.541628727976226E-05 -5.532385695107928E-05
 -5.551359498265254E-05 -5.541628727976226E-05 -5.532385695107928E-05
 -5.550245517939074E-05 -5.540535324007403E-05 -5.531312937093582E-05
 -5.548019807624480E-05 -5.538350741048754E-05 -5.529169620838198E-05
 -5.544686861680916E-05 -5.535079422836825E-05 -5.525960139763935E-05
 -5.540253406088998E-05 -5.530728019628611E-05 -5.521691068823464E-05
 -5.534728379726829E-05 -5.525305369703251E-05 -5.516371146229747E-05
 -5.528122909800568E-05 -5.518822475081612E-05 -5.510011249391375E-05
 -5.520450281179454E-05 -5.511292471160346E-05 -5.502624364834858E-05
 -5.511725899962362E-05 -5.502730590667913E-05 -5.494225552470936E-05
 -5.501967251269415E-05 -5.493154121828381E-05 -5.484831904089582E-05
 -5.491193851424983E-05 -5.482582360962059E-05 -5.474462496342547E-05
 -5.479427194648341E-05 -5.471036559604641E-05 -5.463138338225082E-05
 -5.466690694321052E-05 -5.458539866221064E-05 -5.450882313221145E-05
 -5.453009619027543E-05 -5.445117262688217E-05 -5.437719116216360E-05
 -5.438411023676931E-05 -5.430795495890144E-05 -5.423675185553976E-05
 -5.422923675745929E-05 -5.415603004443831E-05 -5.408778630264954E-05
 -5.406577976763355E-05 -5.399569840678479E-05 -5.393059152588754E-05
 -5.389405879471694E-05 -5.382727588408265E-05 -5.376547966409351E-05
 -5.371440800725200E-05 -5.365109276461151E-05 -5.359277711501378E-05
 -5.352717530555526E-05 -5.346749288518082E-05 -5.341282364252544E-05
 -5.333272137729360E-05 -5.327683269529801E-05 -5.322597145043205E-05
 -5.313141872144772E-05 -5.307948029167758E-05 -5.303258422876524E-05
 -5.292365064506804E-05 -5.287581442764686E-05 -5.283303617713841E-05
 -5.270981023584522E-05 -5.266622350078768E-05 -5.262771100840695E-05
 -5.249029931640663E-05 -5.245110452412312E-05 -5.241700093786432E-05
 -5.226552738941166E-05 -5.223086208918121E-05 -5.220130566544481E-05
 -5.203591058726228E-05 -5.200590733483387E-05 -5.198103136370459E-05
 -5.180187063200439E-05 -5.177665692869971E-05 -5.175658968064441E-05
 -5.156383380083161E-05 -5.154353205903585E-05 -5.152839675605385E-05
 -5.132222988715182E-05 -5.130695742588299E-05 -5.129687224132942E-05
 -5.107749115453765E-05 -5.106736022482511E-05 -5.106243831176339E-05
 -5.083005132105552E-05 -5.082516915009488E-05 -5.082551868866730E-05
 -5.058034464110028E-05 -5.058081347951534E-05 -5.058653772725819E-05
 -5.032880513154371E-05 -5.033472229984115E-05 -5.034591963628293E-05
 -5.007586587691660E-05 -5.008732383225371E-05 -5.010408781296520E-05
 -4.982195821905615E-05 -4.983904468480242E-05 -4.986146414532738E-05
 -4.956751063569163E-05 -4.959030881628821E-05 -4.961846805738839E-05
 -4.931294738313329E-05 -4.934153620920890E-05 -4.937551522736034E-05
 -4.905868741409395E-05 -4.909314167789301E-05 -4.913301631500883E-05
 -4.880514430068570E-05 -4.884553454205785E-05 -4.889137640272425E-05
 -4.855272739847062E-05 -4.859911957321673E-05 -4.865099569343284E-05
 -4.830184323450637E-05 -4.835429848346254E-05 -4.841227101264476E-05
 -4.805289490946180E-05 -4.811146991318317E-05 -4.817559628805474E-05
 -4.780627758624618E-05 -4.787102574912436E-05 -4.794135969417821E-05
 -4.756237081024684E-05 -4.763334380141745E-05 -4.770993685383771E-05
 -4.732153249314740E-05 -4.739878087376338E-05 -4.748168329204147E-05
 -4.708410171514237E-05 -4.716767325889896E-05 -4.725693285175456E-05
 -4.685041445409614E-05 -4.694034992223230E-05 -4.703600821927046E-05
 -4.662082713448707E-05 -4.671715546618965E-05 -4.681924271982560E-05
 -4.639573194964161E-05 -4.649846875036960E-05 -4.660700138661922E-05
 -4.617554371684181E-05 -4.628469677931578E-05 -4.639968130510585E-05
 -4.596064767410096E-05 -4.607623010364831E-05 -4.619767489945065E-05
 -4.575132022023913E-05 -4.587336662339665E-05 -4.600129812093856E-05
 -4.554765868702702E-05 -4.567623581482111E-05 -4.581071098786410E-05
 -4.534956503863998E-05 -4.548476850602203E-05 -4.562587478580206E-05
 -4.515681092394548E-05 -4.529874527839443E-05 -4.544658366615993E-05
 -4.496917231946989E-05 -4.511792042191082E-05 -4.527257602419959E-05
 -4.478658158272186E-05 -4.494217605342527E-05 -4.510368787429211E-05
 -4.460922815409800E-05 -4.477163802675100E-05 -4.493998173439415E-05
 -4.443755948176061E-05 -4.460669828995642E-05 -4.478179003365952E-05
 -4.427218187194481E-05 -4.444793280510696E-05 -4.462965181473773E-05
 -4.411370983745452E-05 -4.429595543133255E-05 -4.448417399041544E-05
 -4.396263401890335E-05 -4.415127673075525E-05 -4.434588341975032E-05
 -4.381926080070110E-05 -4.401422698731312E-05 -4.421513405595014E-05
 -4.368373391408331E-05 -4.388496302196002E-05 -4.409209790204083E-05
 -4.355610658580792E-05 -4.376353415634652E-05 -4.397682281255550E-05
 -4.343641536397933E-05 -4.364995934134150E-05 -4.386931129100205E-05
 -4.332471905811107E-05 -4.354427450188093E-05 -4.376957574599159E-05
 -4.322109508798956E-05 -4.344653639753136E-05 -4.367765047147575E-05
 -4.312561057218534E-05 -4.335679656267306E-05 -4.359356948328695E-05
 -4.303829327083766E-05 -4.327507048654289E-05 -4.351733468542304E-05
 -4.295911841893621E-05 -4.320132077119009E-05 -4.344889547347551E-05
 -4.288801213070986E-05 -4.313545784764244E-05 -4.338814641151874E-05
 -4.282486179018228E-05 -4.307734992240561E-05 -4.333493630554104E-05
 -4.276952326409636E-05 -4.302683139402352E-05 -4.328907762307308E-05
 -4.272182080156335E-05 -4.298370420678776E-05 -4.325034937348906E-05
 -4.268154181371243E-05 -4.294773333816492E-05 -4.321849350212373E-05
 -4.264843112448783E-05 -4.291864091958692E-05 -4.319320903142051E-05
 -4.262218768646300E-05 -4.289610250303012E-05 -4.317414790835506E-05
 -4.260246384546991E-05 -4.287974608679100E-05 -4.316091374140809E-05
 -4.258886553973231E-05 -4.286915246206751E-05 -4.315306224318601E-05
 -4.258095201256983E-05 -4.286385530428828E-05 -4.315010169367268E-05
 -4.257823475702830E-05 -4.286334049729048E-05 -4.315149267619781E-05
 -4.258017628171008E-05 -4.286704517034399E-05 -4.315664742467538E-05
 -4.258618937315723E-05 -4.287435716199286E-05 -4.316492951132720E-05
 -4.259563712346851E-05 -4.288461526982888E-05 -4.317565432295883E-05
 -4.260783361306275E-05 -4.289711022711633E-05 -4.318809032902203E-05
 -4.262204506545378E-05 -4.291108621065511E-05 -4.320146094325910E-05
 -4.263749143132554E-05 -4.292574279976144E-05 -4.321494686196591E-05
 -4.265334850062688E-05 -4.294023746113907E-05 -4.322768892512061E-05
 -4.266875067186149E-05 -4.295368868536427E-05 -4.323879161793655E-05
 -4.268279445084155E-05 -4.296517985392286E-05 -4.324732729824466E-05
 -4.269454268324191E-05 -4.297376384265670E-05 -4.325234115800033E-05
 -4.270302951033577E-05 -4.297846834230616E-05 -4.325285689170303E-05
 -4.270726603515395E-05 -4.297830187063342E-05 -4.324788303444903E-05
 -4.270624669562136E-05 -4.297226046231736E-05 -4.323641994362154E-05
 -4.269895632323445E-05 -4.295933500659698E-05 -4.321746738599421E-05
 -4.268437784350795E-05 -4.293851918109959E-05 -4.319003267098455E-05
 -4.266150055322817E-05 -4.290881790860397E-05 -4.315313924890602E-05
 -4.262932888678304E-05 -4.286925624039659E-05 -4.310583566976427E-05
 -4.258689156761857E-05 -4.281888855341439E-05 -4.304720478209707E-05
 -4.253325102526659E-05 -4.275680793519431E-05 -4.297637303975436E-05
 -4.246751294115609E-05 -4.268215561368715E-05 -4.289251976872221E-05
 -4.238883577270157E-05 -4.259413027770860E-05 -4.279488623708382E-05
 -4.229644009067618E-05 -4.249199712137124E-05 -4.268278436063205E-05
 -4.218961755572535E-05 -4.237509643872294E-05 -4.255560487292368E-05
 -4.206773935567026E-05 -4.224285159314314E-05 -4.241282478736696E-05
 -4.193026392563364E-05 -4.209477618774630E-05 -4.225401398422378E-05
 -4.177674378024778E-05 -4.193048027457084E-05 -4.207884076909441E-05
 -4.160683129639498E-05 -4.174967545128419E-05 -4.188707626375386E-05
 -4.142028329894335E-05 -4.155217871111563E-05 -4.167859750809280E-05
 -4.121696432293027E-05 -4.133791493382242E-05 -4.145338917744952E-05
 -4.099684845180987E-05 -4.110691793415944E-05 -4.121154384796404E-05
 -4.076001966526267E-05 -4.085933001884454E-05 -4.095326077910411E-05
 -4.050667065871896E-05 -4.059540003301386E-05 -4.067884321248836E-05
 -4.023710013593572E-05 -4.031547991564211E-05 -4.038869422466738E-05
 -3.995170861034518E-05 -4.002001981849332E-05 -4.008331120592431E-05
 -3.965099279039796E-05 -3.970956187919941E-05 -3.976327907017453E-05
 -3.933553865892624E-05 -3.938473277370191E-05 -3.942926233508349E-05
 -3.900601338867567E-05 -3.904623520348820E-05 -3.908199623879978E-05
 -3.866315626571579E-05 -3.869483849674895E-05 -3.872227707942131E-05
 -3.830776881486749E-05 -3.833136852551424E-05 -3.835095198373175E-05
 -3.794070433974165E-05 -3.795669715229408E-05 -3.796890831951449E-05
 -3.756285710050049E-05 -3.757173142908604E-05 -3.757706297097709E-05
 -3.717515135320021E-05 -3.717740276813623E-05 -3.717635169172307E-05
 -3.677853047608413E-05 -3.677465630208403E-05 -3.676771874287721E-05
 -3.637394639007906E-05 -3.636444062993679E-05 -3.635210700197962E-05
 -3.596234947209013E-05 -3.594769813400080E-05 -3.593044871292269E-05
 -3.554467913238555E-05 -3.552535602562135E-05 -3.550365702104525E-05
 -3.512185520249942E-05 -3.509831824934099E-05 -3.507261840630967E-05
 -3.469477024887266E-05 -3.466745834517695E-05 -3.463818609865349E-05
 -3.426428289780386E-05 -3.423361333791445E-05 -3.420117452875142E-05
 -3.383121222545240E-05 -3.379757869196161E-05 -3.376235483770029E-05
 -3.339633323337833E-05 -3.336010433771463E-05 -3.332245143855862E-05
 -3.296037340399588E-05 -3.292189175253558E-05 -3.288213960186768E-05
 -3.252401030002155E-05 -3.248359204867453E-05 -3.244204400776623E-05
 -3.208787014987528E-05 -3.204580500248707E-05 -3.200273819187514E-05
 -3.165252734361677E-05 -3.160907894276873E-05 -3.156474479749561E-05
 -3.121850474894780E-05 -3.117391140471680E-05 -3.112853653847079E-05
 -3.078627474443720E-05 -3.074075044426151E-05 -3.069453776613382E-05
 -3.035626086334753E-05 -3.030999650649890E-05 -3.026312653490630E-05
 -2.992883993614569E-05 -2.988200473873079E-05 -2.983463706027784E-05
 -2.950434462590773E-05 -2.945708764396831E-05 -2.940936246771724E-05
 -2.908306625247497E-05 -2.903551797684265E-05 -2.898755773957444E-05
 -2.866525780930796E-05 -2.861753178954335E-05 -2.856944277288764E-05
 -2.825113708422521E-05 -2.820333154575340E-05 -2.815520547168474E-05
 -2.784088980720016E-05 -2.779308923090062E-05 -2.774500480824524E-05
 -2.743467276039801E-05 -2.738694939934888E-05 -2.733897379864518E-05
 -2.703261679499834E-05 -2.698503210920015E-05 -2.693722234888628E-05
 -2.663482971015813E-05 -2.658743570563102E-05 -2.653983993898350E-05
 -2.624139896332358E-05 -2.619423942565686E-05 -2.614689811986095E-05
 -2.585239418508983E-05 -2.580550580300879E-05 -2.575845280804280E-05
 -2.546786948880170E-05 -2.542128286551450E-05 -2.537454637179998E-05
 -2.508786556270100E-05 -2.504160611685410E-05 -2.499520950483664E-05
 -2.471241154959803E-05 -2.466650030968538E-05 -2.462046289570179E-05
 -2.434152671571814E-05 -2.429598101363438E-05 -2.425031869858317E-05
 -2.397522191809026E-05 -2.393005598877125E-05 -2.388478181667454E-05
 -2.361350088433372E-05 -2.356872637928555E-05 -2.352385101389387E-05
 -2.325636131747967E-05 -2.321198774046577E-05 -2.316751986823976E-05
 -2.290379584378164E-05 -2.285983091725062E-05 -2.281577758494596E-05
 -2.255579281701666E-05 -2.251224278720581E-05 -2.246860968202356E-05
 -2.221233699657354E-05 -2.216920688580635E-05 -2.212599856620843E-05
 -2.187341011613478E-05 -2.183070392909159E-05 -2.178792401312108E-05
 -2.153899135648275E-05 -2.149671224778901E-05 -2.145436356529494E-05
 -2.120905773881235E-05 -2.116720814796607E-05 -2.112529286295893E-05
 -2.088358445005582E-05 -2.084216620910498E-05 -2.080068591723207E-05
 -2.056254511201331E-05 -2.052155953103352E-05 -2.048051533659283E-05
 -2.024591200336791E-05 -2.020535993769317E-05 -2.016475251425318E-05
 -1.993365624231374E-05 -1.989353814546642E-05 -1.985336778356275E-05
 -1.962574793690965E-05 -1.958606390196639E-05 -1.954633054634033E-05
 -1.932215631194949E-05 -1.928290610374841E-05 -1.924360938226722E-05
 -1.902284982052681E-05 -1.898403290086391E-05 -1.894517214763032E-05
 -1.872779625076378E-05 -1.868941179835030E-05 -1.865098607169692E-05
 -1.843696282971368E-05 -1.839900975577291E-05 -1.836101785260731E-05
 -1.815031632121504E-05 -1.811279328240071E-05 -1.807523375029126E-05
 -1.786782311011977E-05 -1.783072851903832E-05 -1.779359966601212E-05
 -1.758944926793867E-05 -1.755278130189081E-05 -1.751608120488930E-05
 -1.731516060678874E-05 -1.727891721538074E-05 -1.724264372752962E-05
 -1.704492274620854E-05 -1.700910165772499E-05 -1.697325241453827E-05
 -1.677870122070970E-05 -1.674329994711640E-05 -1.670787237147776E-05
 -1.651646165018354E-05 -1.648147749125142E-05 -1.644646879749562E-05
 -1.625816996378316E-05 -1.622360001013244E-05 -1.618900720710343E-05
 -1.600379263303972E-05 -1.596963376797772E-05 -1.593545366084185E-05
 -1.575329685473451E-05 -1.571954575490286E-05 -1.568577494597165E-05
 -1.550665065551813E-05 -1.547330378996335E-05 -1.543993867784575E-05
 -1.526382295536190E-05 -1.523087658239083E-05 -1.519791335874483E-05
 -1.502478371244578E-05 -1.499223387268004E-05 -1.495966851552188E-05
 -1.478950432271644E-05 -1.475734682770805E-05 -1.472517508998924E-05
 -1.455795842511789E-05 -1.452618883937588E-05 -1.449440623122329E-05
 -1.433012318825654E-05 -1.429873680310945E-05 -1.426733856592442E-05
 -1.410598105153215E-05 -1.407497284715335E-05 -1.404395391602980E-05
 -1.388552191629043E-05 -1.385488650645073E-05 -1.382424145558564E-05
 -1.366874594294560E-05 -1.363847749288368E-05 -1.360820045424070E-05
 -1.345566777703230E-05 -1.342575987669503E-05 -1.339584441449178E-05
 -1.324632380203424E-05 -1.321676926301251E-05 -1.318720817249283E-05
 -1.304078707133741E-05 -1.301157757496301E-05 -1.298236253366978E-05
 -1.283919662376827E-05 -1.281032208463077E-05 -1.278144302206819E-05
 -1.264182204158505E-05 -1.261326935316442E-05 -1.258471320842324E-05
 -1.244917888750595E-05 -1.242092955547226E-05 -1.239267793387023E-05
 -1.226223918857201E-05 -1.223426492288702E-05 -1.220628973171501E-05
 -5.698861303655664E-05 -5.686815044405956E-05 -5.675206215952472E-05
 -5.701321194021709E-05 -5.689231817458662E-05 -5.677579761466983E-05
 -5.702552373150764E-05 -5.690441423647105E-05 -5.678767739822649E-05
 -5.702552373150764E-05 -5.690441423647105E-05 -5.678767739822649E-05
 -5.701321194021709E-05 -5.689231817458662E-05 -5.677579761466983E-05
 -5.698861303655664E-05 -5.686815044405956E-05 -5.675206215952472E-05
 -5.695177630818804E-05 -5.683195976243916E-05 -5.671651918932562E-05
 -5.690277551221482E-05 -5.678381903536643E-05 -5.666924077109953E-05
 -5.684170866683230E-05 -5.672382515197297E-05 -5.661032268157246E-05
 -5.676869777514900E-05 -5.665209871362766E-05 -5.653988414007901E-05
 -5.668388848270336E-05 -5.656878369699635E-05 -5.645806747654527E-05
 -5.658744967078905E-05 -5.647404705374019E-05 -5.636503773658575E-05
 -5.647957298652261E-05 -5.636807824718308E-05 -5.626098222436404E-05
 -5.636047231238932E-05 -5.625108872918376E-05 -5.614610998519756E-05
 -5.623038317679075E-05 -5.612331135764948E-05 -5.602065122987709E-05
 -5.608956210762058E-05 -5.598499975788331E-05 -5.588485670195009E-05
 -5.593828593041877E-05 -5.583642762752495E-05 -5.573899698955883E-05
 -5.577685101518150E-05 -5.567788799039072E-05 -5.558336178485685E-05
 -5.560557247196683E-05 -5.550969239807894E-05 -5.541825909141589E-05
 -5.542478329651600E-05 -5.533217008177147E-05 -5.524401438184844E-05
 -5.523483347012971E-05 -5.514566705777302E-05 -5.506096970890081E-05
 -5.503608901477567E-05 -5.495054518806891E-05 -5.486948277182757E-05
 -5.482893100560141E-05 -5.474718119824010E-05 -5.466992594008353E-05
 -5.461375454421554E-05 -5.453596565626697E-05 -5.446268523908517E-05
 -5.439096769533750E-05 -5.431730191613566E-05 -5.424815930135605E-05
 -5.416099038757741E-05 -5.409160502707825E-05 -5.402675828621319E-05
 -5.392425328289755E-05 -5.385930061322077E-05 -5.379890277094465E-05
 -5.368119661613971E-05 -5.362082372527541E-05 -5.356502261697489E-05
 -5.343226902075308E-05 -5.337661767900625E-05 -5.332555582338912E-05
 -5.317792635257012E-05 -5.312713289334662E-05 -5.308094738095685E-05
 -5.291863051580481E-05 -5.287282573577975E-05 -5.283164813779685E-05
 -5.265484828204033E-05 -5.261415736876384E-05 -5.257811367315137E-05
 -5.238705007890810E-05 -5.235159257372391E-05 -5.232080315636643E-05
 -5.211570875784579E-05 -5.208559855210070E-05 -5.206017818307954E-05
 -5.184129840591182E-05 -5.181664375526723E-05 -5.179670162666144E-05
 -5.156429330798458E-05 -5.154519684620996E-05 -5.153083660034932E-05
 -5.128516710759979E-05 -5.127172586299977E-05 -5.126304561717861E-05
 -5.100439202908990E-05 -5.099669748844621E-05 -5.099378989118456E-05
 -5.072243785135186E-05 -5.072057613816167E-05 -5.072352852313161E-05
 -5.043977038982414E-05 -5.044382257585492E-05 -5.045271724906159E-05
 -5.015684973008291E-05 -5.016689217156482E-05 -5.018180675187988E-05
 -4.987412910067585E-05 -4.989023357483128E-05 -4.991124117783694E-05
 -4.959205542741942E-05 -4.961428889437578E-05 -4.964145795419518E-05
 -4.931107159312939E-05 -4.933949571671996E-05 -4.937288949964966E-05
 -4.903161843100166E-05 -4.906628941738452E-05 -4.910596570928892E-05
 -4.875413299363420E-05 -4.879510245056533E-05 -4.884111414080834E-05
 -4.847904081879400E-05 -4.852635780490330E-05 -4.857875470692050E-05
 -4.820674463022175E-05 -4.826045789047046E-05 -4.831928905515111E-05
 -4.793761788650880E-05 -4.799777621362829E-05 -4.806309081719700E-05
 -4.767201354489946E-05 -4.773866243731595E-05 -4.781050721095733E-05
 -4.741029148230630E-05 -4.748346646525227E-05 -4.756187944692128E-05
 -4.715285278819069E-05 -4.723257315719636E-05 -4.731757685326459E-05
 -4.690015426390491E-05 -4.698642328354303E-05 -4.707802305972716E-05
 -4.665267510787160E-05 -4.674549128135728E-05 -4.684368426830001E-05
 -4.641082825978814E-05 -4.651020645932868E-05 -4.661500120324458E-05
 -4.617484540243425E-05 -4.628083896384188E-05 -4.639227836281938E-05
 -4.594469623450290E-05 -4.605740658181593E-05 -4.617558104144606E-05
 -4.572010447768801E-05 -4.583966781008449E-05 -4.596470684211127E-05
 -4.550068431523595E-05 -4.562723554535118E-05 -4.575927544297930E-05
 -4.528615686889866E-05 -4.541978412348313E-05 -4.555892263213551E-05
 -4.507655328980425E-05 -4.521726384432426E-05 -4.536352204100903E-05
 -4.487230479038403E-05 -4.502001967342019E-05 -4.517333001368402E-05
 -4.467417041723711E-05 -4.482875108592722E-05 -4.498897828948592E-05
 -4.448303478970873E-05 -4.464432891121260E-05 -4.481131365016566E-05
 -4.429967324293742E-05 -4.446755736765001E-05 -4.464116139311755E-05
 -4.412459240986653E-05 -4.429899253455608E-05 -4.447912457047913E-05
 -4.395800587554875E-05 -4.413889010726471E-05 -4.432550365819820E-05
 -4.379992904874406E-05 -4.398728135530700E-05 -4.418035085725999E-05
 -4.365032082595879E-05 -4.384411254467002E-05 -4.404360388178533E-05
 -4.350919172802373E-05 -4.370936475869106E-05 -4.391521539592808E-05
 -4.337663536035718E-05 -4.358310123856741E-05 -4.379521632208227E-05
 -4.325279210201546E-05 -4.346544150221415E-05 -4.368370203364084E-05
 -4.313778743509185E-05 -4.335650068003916E-05 -4.358077453471620E-05
 -4.303168733818615E-05 -4.325633905938812E-05 -4.348648707647305E-05
 -4.293448880016606E-05 -4.316494563240753E-05 -4.340082050496428E-05
 -4.284613653037681E-05 -4.308225120978756E-05 -4.332369192846793E-05
 -4.276654459578003E-05 -4.300815071300274E-05 -4.325497694433255E-05
 -4.269560681921840E-05 -4.294251642276745E-05 -4.319452555279233E-05
 -4.263319307974515E-05 -4.288519666845133E-05 -4.314216350767066E-05
 -4.257913870673732E-05 -4.283600582956159E-05 -4.309768330631269E-05
 -4.253323561991240E-05 -4.279471468045028E-05 -4.306083394361937E-05
 -4.249522906309378E-05 -4.276104609506427E-05 -4.303131556001740E-05
 -4.246481839935362E-05 -4.273467543542343E-05 -4.300877928951275E-05
 -4.244165838598136E-05 -4.271523212651930E-05 -4.299282904191812E-05
 -4.242535867999281E-05 -4.270229974157312E-05 -4.298302217365693E-05
 -4.241548168512588E-05 -4.269541429183080E-05 -4.297886828738887E-05
 -4.241154012581783E-05 -4.269406199359763E-05 -4.297982725480112E-05
 -4.241299547585823E-05 -4.269767777929699E-05 -4.298530783475415E-05
 -4.241925744499904E-05 -4.270564493437289E-05 -4.299466745627032E-05
 -4.242968412458821E-05 -4.271729552690661E-05 -4.300721292412097E-05
 -4.244358241551953E-05 -4.273191120708491E-05 -4.302220159364866E-05
 -4.246020870576411E-05 -4.274872427088536E-05 -4.303884283417843E-05
 -4.247877001332807E-05 -4.276691917393043E-05 -4.305629992551081E-05
 -4.249842581193234E-05 -4.278563472188198E-05 -4.307369261712887E-05
 -4.251829062589466E-05 -4.280396704516459E-05 -4.309010047930729E-05
 -4.253743738107897E-05 -4.282097335035602E-05 -4.310456704671057E-05
 -4.255490149124472E-05 -4.283567641432058E-05 -4.311610470985437E-05
 -4.256968568714598E-05 -4.284706981255098E-05 -4.312370032892253E-05
 -4.258076561841783E-05 -4.285412390000708E-05 -4.312632157534734E-05
 -4.258709623685728E-05 -4.285579254642867E-05 -4.312292399492444E-05
 -4.258761894116075E-05 -4.285102059879051E-05 -4.311245875932269E-05
 -4.258126943559811E-05 -4.283875201535439E-05 -4.309388104129128E-05
 -4.256698623441289E-05 -4.281793859206362E-05 -4.306615892488617E-05
 -4.254371972759473E-05 -4.278754918674762E-05 -4.302828274640532E-05
 -4.251044170933461E-05 -4.274657933352531E-05 -4.297927474916715E-05
 -4.246615524560410E-05 -4.269406111553761E-05 -4.291819891405725E-05
 -4.240990474321476E-05 -4.262907315226684E-05 -4.284417081534397E-05
 -4.234078606091518E-05 -4.255075053693014E-05 -4.275636733473038E-05
 -4.225795648581041E-05 -4.245829454572088E-05 -4.265403605449901E-05
 -4.216064439254649E-05 -4.235098193378592E-05 -4.253650414340852E-05
 -4.204815839417645E-05 -4.222817362922571E-05 -4.240318655101007E-05
 -4.191989579784585E-05 -4.208932264277084E-05 -4.225359333274780E-05
 -4.177535017613056E-05 -4.193398101139817E-05 -4.208733593415147E-05
 -4.161411787547879E-05 -4.176180560851597E-05 -4.190413227775844E-05
 -4.143590329535466E-05 -4.157256266622567E-05 -4.170381051282887E-05
 -4.124052279704155E-05 -4.136613088423053E-05 -4.148631131726577E-05
 -4.102790712906418E-05 -4.114250302832392E-05 -4.125168867266974E-05
 -4.079810228406131E-05 -4.090178595322290E-05 -4.100010906590885E-05
 -4.055126873695494E-05 -4.064419901923999E-05 -4.073184910761206E-05
 -4.028767905418261E-05 -4.037007091164684E-05 -4.044729159438429E-05
 -4.000771390326127E-05 -4.007983491169668E-05 -4.014692008224323E-05
 -3.971185653056812E-05 -3.977402270527075E-05 -3.983131207574504E-05
 -3.940068581771808E-05 -3.945325685663067E-05 -3.950113097343572E-05
 -3.907486805830883E-05 -3.911824210185990E-05 -3.915711693811799E-05
 -3.873514763200351E-05 -3.876975565069632E-05 -3.880007688844736E-05
 -3.838233677985729E-05 -3.840863670715471E-05 -3.843087382816865E-05
 -3.801730470374585E-05 -3.803577543634363E-05 -3.805041574208916E-05
 -3.764096622495716E-05 -3.765210161234169E-05 -3.765964429247048E-05
 -3.725427024490677E-05 -3.725857318599421E-05 -3.725952354811118E-05
 -3.685818824366090E-05 -3.685616500088909E-05 -3.685102896634413E-05
 -3.645370304939312E-05 -3.644585787976758E-05 -3.643513683721641E-05
 -3.604179809015328E-05 -3.602862827983429E-05 -3.601281437573914E-05
 -3.562344731762135E-05 -3.560543869204100E-05 -3.558501062045188E-05
 -3.519960596219773E-05 -3.517722892640948E-05 -3.515264826517117E-05
 -3.477120225129183E-05 -3.474490839829822E-05 -3.471661651961714E-05
 -3.433913018739461E-05 -3.430934949409742E-05 -3.427776506193439E-05
 -3.390424345027659E-05 -3.387138206541364E-05 -3.383689911610375E-05
 -3.346735044988534E-05 -3.343178906230857E-05 -3.339477565069027E-05
 -3.302921052684837E-05 -3.299130328962976E-05 -3.295210066997627E-05
 -3.259053126564148E-05 -3.255060523880226E-05 -3.250952754021292E-05
 -3.215196686501551E-05 -3.211032193085267E-05 -3.206765627756386E-05
 -3.171411748714605E-05 -3.167102668543237E-05 -3.162703370758251E-05
 -3.127752948841356E-05 -3.123323971450854E-05 -3.118815439163783E-05
 -3.084269642345345E-05 -3.079742942959600E-05 -3.075146220728545E-05
 -3.041006070774747E-05 -3.036401434812864E-05 -3.031735247009340E-05
 -2.998001582289976E-05 -2.993336548423106E-05 -2.988617448306225E-05
 -2.955290894935205E-05 -2.950580911239857E-05 -2.945823440670720E-05
 -2.912904391459073E-05 -2.908162979612140E-05 -2.903379834679693E-05
 -2.870868435214632E-05 -2.866107358309017E-05 -2.861309556669926E-05
 -2.829205697760176E-05 -2.824435127806875E-05 -2.819632174207862E-05
 -2.787935489901228E-05 -2.783164171675319E-05 -2.778364218545208E-05
 -2.747074089096224E-05 -2.742309497684814E-05 -2.737519498478375E-05
 -2.706635057256794E-05 -2.701883547256457E-05 -2.697109400772014E-05
 -2.666629544151828E-05 -2.661896488967425E-05 -2.657143173294706E-05
 -2.627066572892019E-05 -2.622356493124389E-05 -2.617628188490201E-05
 -2.587953305044666E-05 -2.583269985398179E-05 -2.578570185445564E-05
 -2.549295283737206E-05 -2.544641878275268E-05 -2.539973489819112E-05
 -2.511096654088585E-05 -2.506475779954586E-05 -2.501841211413353E-05
 -2.473360360922949E-05 -2.468774180979199E-05 -2.464175419986879E-05
 -2.436088324095712E-05 -2.431538618984443E-05 -2.426977299852573E-05
 -2.399281592728099E-05 -2.394769823165583E-05 -2.390247284934656E-05
 -2.362940479469760E-05 -2.358467839523280E-05 -2.353985175445207E-05
 -2.327064676339412E-05 -2.322632138613786E-05 -2.318190237950832E-05
 -2.291653353862691E-05 -2.287261707445066E-05 -2.282861290456452E-05
 -2.256705245168831E-05 -2.252355127229140E-05 -2.247996774196999E-05
 -2.222218716891997E-05 -2.217910638721719E-05 -2.213594813799779E-05
 -2.188191828551745E-05 -2.183926196874789E-05 -2.179653267524916E-05
 -2.154622381936870E-05 -2.150399516177841E-05 -2.146169768888676E-05
 -2.121507961983571E-05 -2.117328108157554E-05 -2.113141761036504E-05
 -2.088845970560156E-05 -2.084709312350953E-05 -2.080566525153610E-05
 -2.056633654417689E-05 -2.052540321917694E-05 -2.048441203929676E-05
 -2.024868128215694E-05 -2.020818204861341E-05 -2.016762821163913E-05
 -1.993546393761251E-05 -1.989539921714301E-05 -1.985528298019209E-05
 -1.962665356109131E-05 -1.958702340470712E-05 -1.954734466917067E-05
 -1.932221837410888E-05 -1.928302249485333E-05 -1.924378083586204E-05
 -1.902212589072604E-05 -1.898336368934611E-05 -1.894455837904819E-05
 -1.872634302826157E-05 -1.868801361316058E-05 -1.864964363900700E-05
 -1.843483620935637E-05 -1.839693841256016E-05 -1.835900249176135E-05
 -1.814757145867877E-05 -1.811010384821686E-05 -1.807260043944155E-05
 -1.786451449649418E-05 -1.782747538674442E-05 -1.779040269966349E-05
 -1.758563083441328E-05 -1.754901829422367E-05 -1.751237429731064E-05
 -1.731088587886011E-05 -1.727469773839879E-05 -1.723848016558872E-05
 -1.704024504985134E-05 -1.700447890587420E-05 -1.696868526150077E-05
 -1.677367391992838E-05 -1.673832713989534E-05 -1.670295470296572E-05
 -1.651113837734146E-05 -1.647620810231170E-05 -1.644125392924422E-05
 -1.625260481033607E-05 -1.621808795605773E-05 -1.618354888177079E-05
 -1.599804031228868E-05 -1.596393356900682E-05 -1.592980620698160E-05
 -1.574741291630447E-05 -1.571371274623922E-05 -1.567999348583872E-05
 -1.550069188052031E-05 -1.546739451231788E-05 -1.543407951355188E-05
 -1.525784806582770E-05 -1.522494948545828E-05 -1.519203466981484E-05
 -1.501885446505267E-05 -1.498635040168081E-05 -1.495383143829831E-05
 -1.478368695183334E-05 -1.475157285715701E-05 -1.471944514217544E-05
 -1.455232532997565E-05 -1.452059634808165E-05 -1.448885497513537E-05
 -1.432475478423572E-05 -1.429340570905334E-05 -1.426204542677103E-05
 -1.410096790528390E-05 -1.406999311895055E-05 -1.403900827023462E-05
 -1.388096761309173E-05 -1.385036099653381E-05 -1.381974542970580E-05
 -1.366477160600046E-05 -1.363452640589277E-05 -1.360427334324340E-05
 -1.345241942786076E-05 -1.342252805532362E-05 -1.339262989341651E-05
 -1.324398387904887E-05 -1.321443759813973E-05 -1.318488559940455E-05
 -1.303958824658733E-05 -1.301037669581774E-05 -1.298116051469929E-05
 -1.283942622360720E-05 -1.281053674186887E-05 -1.278164375733378E-05
 -1.264375458144780E-05 -1.261517159659648E-05 -1.258658630693124E-05
 -1.245275831274250E-05 -1.242446399901448E-05 -1.239616867287024E-05
