  7.521579784072915E+00  7.511054667653142E+00  7.500519467651962E+00

  9.905680027521730E-01  9.906748876684287E-01  9.907817371594561E-01
  9.905630063705066E-01  9.906699034960651E-01  9.907767656558492E-01
  9.905605077008646E-01  9.906674109222858E-01  9.907742794075552E-01
  9.905605077008646E-01  9.906674109222858E-01  9.907742794075552E-01
  9.905630063705066E-01  9.906699034960651E-01  9.907767656558492E-01
  9.905680027521730E-01  9.906748876684287E-01  9.907817371594561E-01
  9.905754949292287E-01  9.906823614876149E-01  9.907891919310706E-01
  9.905854800234675E-01  9.906923220227890E-01  9.907991269866073E-01
  9.905979541909539E-01  9.907047653599541E-01  9.908115383411819E-01
  9.906129126168769E-01  9.907196865968777E-01  9.908264210041164E-01
  9.906303495088720E-01  9.907370798365019E-01  9.908437689724431E-01
  9.906502580891882E-01  9.907569381792043E-01  9.908635752232652E-01
  9.906726305855722E-01  9.907792537137908E-01  9.908858317048681E-01
  9.906974582209617E-01  9.908040175073123E-01  9.909105293266687E-01
  9.907247312020276E-01  9.908312195937546E-01  9.909376579480638E-01
  9.907544387065522E-01  9.908608489615851E-01  9.909672063661576E-01
  9.907865688697186E-01  9.908928935402327E-01  9.909991623024466E-01
  9.908211087694597E-01  9.909273401856511E-01  9.910335123886097E-01
  9.908580444108319E-01  9.909641746649276E-01  9.910702421513672E-01
  9.908973607096890E-01  9.910033816402205E-01  9.911093359966953E-01
  9.909390414752550E-01  9.910449446516150E-01  9.911507771929783E-01
  9.909830693923887E-01  9.910888460996994E-01  9.911945478539105E-01
  9.910294260029712E-01  9.911350672272879E-01  9.912406289205641E-01
  9.910780916870110E-01  9.911835881008837E-01  9.912890001432211E-01
  9.911290456431746E-01  9.912343875915878E-01  9.913396400626685E-01
  9.911822658691055E-01  9.912874433558148E-01  9.913925259913171E-01
  9.912377291415935E-01  9.913427318158753E-01  9.914476339942018E-01
  9.912954109964499E-01  9.914002281402746E-01  9.915049388697043E-01
  9.913552857086698E-01  9.914599062243067E-01  9.915644141305824E-01
  9.914173262725160E-01  9.915217386705755E-01  9.916260319849267E-01
  9.914815043817758E-01  9.915856967696882E-01  9.916897633172918E-01
  9.915477904103975E-01  9.916517504813255E-01  9.917555776702011E-01
  9.916161533933551E-01  9.917198684155373E-01  9.918234432258769E-01
  9.916865610080374E-01  9.917900178145550E-01  9.918933267884825E-01
  9.917589795560054E-01  9.918621645349702E-01  9.919651937667319E-01
  9.918333739454643E-01  9.919362730306251E-01  9.920390081572147E-01
  9.919097076741413E-01  9.920123063359091E-01  9.921147325281332E-01
  9.919879428130701E-01  9.920902260499719E-01  9.921923280039731E-01
  9.920680399909040E-01  9.921699923214770E-01  9.922717542507301E-01
  9.921499583791429E-01  9.922515638342924E-01  9.923529694621093E-01
  9.922336556781549E-01  9.923348977940071E-01  9.924359303465808E-01
  9.923190881042664E-01  9.924199499155558E-01  9.925205921155942E-01
  9.924062103777535E-01  9.925066744117961E-01  9.926069084727976E-01
  9.924949757120815E-01  9.925950239833837E-01  9.926948316046109E-01
  9.925853358042742E-01  9.926849498098408E-01  9.927843121720548E-01
  9.926772408268471E-01  9.927764015422476E-01  9.928752993042670E-01
  9.927706394210489E-01  9.928693272973164E-01  9.929677405934698E-01
  9.928654786918513E-01  9.929636736532914E-01  9.930615820918436E-01
  9.929617042046296E-01  9.930593856476314E-01  9.931567683102712E-01
  9.930592599834607E-01  9.931564067763879E-01  9.932532422188615E-01
  9.931580885113982E-01  9.932546789956330E-01  9.933509452495991E-01
  9.932581307328834E-01  9.933541427250613E-01  9.934498173012168E-01
  9.933593260586517E-01  9.934547368541219E-01  9.935497967466341E-01
  9.934616123733048E-01  9.935563987508710E-01  9.936508204431699E-01
  9.935649260463311E-01  9.936590642744084E-01  9.937528237464645E-01
  9.936692019453879E-01  9.937626677898144E-01  9.938557405271273E-01
  9.937743734518334E-01  9.938671421856657E-01  9.939595031902927E-01
  9.938803724777227E-01  9.939724188933430E-01  9.940640426973117E-01
  9.939871294834262E-01  9.940784279071958E-01  9.941692885885807E-01
  9.940945734966753E-01  9.941850978061831E-01  9.942751690079398E-01
  9.942026321346576E-01  9.942923557784316E-01  9.943816107299001E-01
  9.943112316311650E-01  9.944001276506443E-01  9.944885391915278E-01
  9.944202968710389E-01  9.945083379246938E-01  9.945958785313707E-01
  9.945297514336638E-01  9.946169098233842E-01  9.947035516376250E-01
  9.946395176451236E-01  9.947257653452749E-01  9.948114802057081E-01
  9.947495166385203E-01  9.948348253282582E-01  9.949195848051474E-01
  9.948596684206276E-01  9.949440095201013E-01  9.950277849540646E-01
  9.949698919441555E-01  9.950532366551103E-01  9.951359992003187E-01
  9.950801051853135E-01  9.951624245364036E-01  9.952441452086013E-01
  9.951902252273849E-01  9.952714901243431E-01  9.953521398538481E-01
  9.953001683516968E-01  9.953803496324293E-01  9.954598993221778E-01
  9.954098501374127E-01  9.954889186321192E-01  9.955673392208203E-01
  9.955191855711022E-01  9.955971121675814E-01  9.956743746981060E-01
  9.956280891665288E-01  9.957048448808939E-01  9.957809205740866E-01
  9.957364750950378E-01  9.958120311480652E-01  9.958868914821714E-01
  9.958442573269265E-01  9.959185852262089E-01  9.959922020220643E-01
  9.959513497838768E-01  9.960244214118860E-01  9.960967669239407E-01
  9.960576665031350E-01  9.961294542112081E-01  9.962005012243667E-01
  9.961631218135871E-01  9.962335985217948E-01  9.963033204539814E-01
  9.962676305246171E-01  9.963367698274040E-01  9.964051408376940E-01
  9.963711081274127E-01  9.964388844048359E-01  9.965058795069226E-01
  9.964734710088677E-01  9.965398595431688E-01  9.966054547238452E-01
  9.965746366780552E-01  9.966396137752108E-01  9.967037861174490E-01
  9.966745240049076E-01  9.967380671206747E-01  9.968007949307612E-01
  9.967730534705272E-01  9.968351413403949E-01  9.968964042784657E-01
  9.968701474285512E-01  9.969307602008748E-01  9.969905394140635E-01
  9.969657303766143E-01  9.970248497480823E-01  9.970831280053636E-01
  9.970597292367533E-01  9.971173385892048E-01  9.971741004168917E-01
  9.971520736430798E-01  9.972081581805515E-01  9.972633899972605E-01
  9.972426962354340E-01  9.972972431201836E-01  9.973509333699638E-01
  9.973315329562868E-01  9.973845314424021E-01  9.974366707245879E-01
  9.974185233492860E-01  9.974699649123666E-01  9.975205461066000E-01
  9.975036108560937E-01  9.975534893173801E-01  9.976025077021521E-01
  9.975867431091023E-01  9.976350547523271E-01  9.976825081152948E-01
  9.976678722165416E-01  9.977146158956990E-01  9.977605046339758E-01
  9.977469550364824E-01  9.977921322726618E-01  9.978364594812427E-01
  9.978239534362797E-01  9.978675685016808E-01  9.979103400481550E-01
  9.978988345333206E-01  9.979408945205785E-01  9.979821191043174E-01
  9.979715709132032E-01  9.980120857881978E-01  9.980517749822646E-01
  9.980421408216636E-01  9.980811234580758E-01  9.981192917322240E-01
  9.981105283256415E-01  9.981479945196478E-01  9.981846592429190E-01
  9.981767234403903E-01  9.982126919040700E-01  9.982478733257101E-01
  9.982407222183252E-01  9.982752145505719E-01  9.983089357582197E-01
  9.983025267968053E-01  9.983355674308070E-01  9.983678542852044E-01
  9.983621454015748E-01  9.983937615282362E-01  9.984246425740287E-01
  9.984195923037207E-01  9.984498137707625E-01  9.984793201233346E-01
  9.984748877281778E-01  9.985037469150191E-01  9.985319121236892E-01
  9.985280577129561E-01  9.985555893819120E-01  9.985824492702349E-01
  9.985791339183580E-01  9.986053750431092E-01  9.986309675274609E-01
  9.986281533870103E-01  9.986531429597333E-01  9.986775078477723E-01
  9.986751582562577E-01  9.986989370752473E-01  9.987221158462740E-01
  9.987201954247295E-01  9.987428058647554E-01  9.987648414343810E-01
  9.987633161768629E-01  9.987848019448868E-01  9.988057384167762E-01
  9.988045757690838E-01  9.988249816483092E-01  9.988448640560821E-01
  9.988440329828084E-01  9.988634045683248E-01  9.988822786109428E-01
  9.988817496496863E-01  9.989001330791893E-01  9.989180448533412E-01
  9.989177901559063E-01  9.989352318391246E-01  9.989522275722239E-01
  9.989522209315856E-01  9.989687672821086E-01  9.989848930695402E-01
  9.989851099331070E-01  9.990008071062859E-01  9.990161086564689E-01
  9.990165261253604E-01  9.990314197658454E-01  9.990459421565325E-01
  9.990465389713793E-01  9.990606739736551E-01  9.990744614226466E-01
  9.990752179364281E-01  9.990886382214323E-01  9.991017338745756E-01
  9.991026320134223E-01  9.991153803239746E-01  9.991278260629343E-01
  9.991288492759548E-01  9.991409669933080E-01  9.991528032651613E-01
  9.991539364645117E-01  9.991654634478675E-01  9.991767291180924E-01
  9.991779586107644E-01  9.991889330610884E-01  9.991996652910099E-01
  9.992009787035457E-01  9.992114370524973E-01  9.992216712017383E-01
  9.992230573999125E-01  9.992330342241754E-01  9.992428037781456E-01
  9.992442527824795E-01  9.992537807432651E-01  9.992631172652239E-01
  9.992646201646470E-01  9.992737299716608E-01  9.992826630784446E-01
  9.992842119428280E-01  9.992929323415412E-01  9.993014897016179E-01
  9.993030774951133E-01  9.993114352758024E-01  9.993196426279786E-01
  9.993212631239369E-01  9.993292831506212E-01  9.993371643414325E-01
  9.993388120403535E-01  9.993465172975083E-01  9.993540943351032E-01
  9.993557643863490E-01  9.993631760410908E-01  9.993704691632804E-01
  9.993721572912633E-01  9.993792947685876E-01  9.993863225226479E-01
  9.993880249581018E-01  9.993949060267175E-01  9.994016853585279E-01
  9.994033987753661E-01  9.994100396417003E-01  9.994165859918566E-01
  9.994183074496147E-01  9.994247228576324E-01  9.994310502622714E-01
  9.994327771544378E-01  9.994389804890724E-01  9.994451016833056E-01
  9.994468316913190E-01  9.994528350834707E-01  9.994587616055074E-01
  9.994604926583140E-01  9.994663070895898E-01  9.994720493838479E-01
  9.994737796227678E-01  9.994794150283638E-01  9.994849825460981E-01
  9.994867102946251E-01  9.994921756629881E-01  9.994975769592020E-01
  9.994993006973285E-01  9.995046041654861E-01  9.995098469911384E-01
  9.995115653337453E-01  9.995167142774248E-01  9.995218056661671E-01
  9.995235173452302E-01  9.995285184631236E-01  9.995334648120310E-01
  9.995351686618307E-01  9.995400280535717E-01  9.995448351975260E-01
  9.995465301427690E-01  9.995512533803796E-01  9.995559266599432E-01
  9.995576117061333E-01  9.995622038988723E-01  9.995667482216515E-01
  9.995684224475605E-01  9.995728883002435E-01  9.995773081958673E-01
  9.995789707473182E-01  9.995833146123062E-01  9.995876142812580E-01
  9.995892643665175E-01  9.995934902896654E-01  9.995976736462903E-01
  9.995993105322014E-01  9.996034222931248E-01  9.996074930031904E-01
  9.996091160121702E-01  9.996131171592492E-01  9.996170786724898E-01
  9.996186871801251E-01  9.996225810606879E-01  9.996264366387768E-01
  9.996280300716285E-01  9.996318198577774E-01  9.996355725981881E-01
  9.996371504320674E-01  9.996408391426108E-01  9.996444919988189E-01
  9.996460537570947E-01  9.996496442760353E-01  9.996532000745016E-01
  9.996547453265207E-01  9.996582404185342E-01  9.996617018728854E-01
  9.996632302323984E-01  9.996666325557074E-01  9.996700022785019E-01
  9.996715134021191E-01  9.996748255191404E-01  9.996781060315802E-01
  9.996795996170716E-01  9.996828240031764E-01  9.996860177430836E-01
  9.996874935277861E-01  9.996906325784782E-01  9.996937419068255E-01
  9.996951996659912E-01  9.996982557027776E-01  9.997012829090264E-01
  9.997027224539538E-01  9.997056977291432E-01  9.997086450356112E-01
  9.997100662120021E-01  9.997129629126338E-01  9.997158324780772E-01
  9.997172351641516E-01  9.997200554152307E-01  9.997228493378045E-01
  9.997242334425518E-01  9.997269793097368E-01  9.997296996294666E-01
  9.997310650908086E-01  9.997337385826721E-01  9.997363872835461E-01
  9.997377340666185E-01  9.997403371365796E-01  9.997429161483523E-01
  9.997442442436832E-01  9.997467787916954E-01  9.997492899914778E-01
  9.997505994133863E-01  9.997530672874407E-01  9.997555125011296E-01
  9.997568032860129E-01  9.997592062835096E-01  9.997615872871028E-01
  9.997628594918420E-01  9.997651993608661E-01  9.997675178816990E-01
  9.997687715821194E-01  9.997710500226521E-01  9.997733077405770E-01
  9.997745430300230E-01  9.997767616951077E-01  9.997789602436371E-01
  9.997801772315470E-01  9.997823377284267E-01  9.997844786958533E-01
  9.997856775064152E-01  9.997877813976499E-01  9.997898663281488E-01
  9.997910470990656E-01  9.997930959036362E-01  9.997951262983577E-01
  9.997962891796185E-01  9.997982843740235E-01  9.998002616921777E-01
  9.998014068449839E-01  9.998033498643244E-01  9.998052755242570E-01
  9.998064031198892E-01  9.998082953589512E-01  9.998101707392143E-01
  9.998112809581359E-01  9.998131237724593E-01  9.998149502128709E-01
  9.998160432436518E-01  9.998178379505942E-01  9.998196167532901E-01
  9.998206927918497E-01  9.998224406716347E-01  9.998241731021061E-01
  9.998252323508237E-01  9.998269346475787E-01  9.998286219356980E-01
  9.998296646026527E-01  9.998313225254294E-01  9.998329658664584E-01
  9.998339921646561E-01  9.998356068884358E-01  9.998372074440182E-01
  9.998382175907450E-01  9.998397902574246E-01  9.998413491565593E-01
  9.998423433727924E-01  9.998438750921510E-01  9.998453934321456E-01
  9.998463719417854E-01  9.998478637924302E-01  9.998493426398336E-01
  9.998503056693119E-01  9.998517586996019E-01  9.998531990911149E-01
  9.998541468687547E-01  9.998555620977033E-01  9.998569650410681E-01
  9.998578977965323E-01  9.998592762146871E-01  9.998606426895537E-01
  9.998615606534694E-01  9.998629032237684E-01  9.998642341825379E-01
  9.998651375858962E-01  9.998664452445020E-01  9.998677416131486E-01
  9.998686306869231E-01  9.998699043440342E-01  9.998711670229037E-01
  9.998720419975693E-01  9.998732825382087E-01  9.998745124027946E-01
  9.998753735080096E-01  9.998765817927907E-01  9.998777796944888E-01
  9.998786271584273E-01  9.998798040243001E-01  9.998809707911422E-01
  9.998818048398919E-01  9.998829511008696E-01  9.998840875382404E-01
  9.998849083947218E-01  9.998860248425931E-01  9.998871317339303E-01
  9.901588753132267E-01  9.902667008760295E-01  9.903744995237680E-01
  9.901537833484985E-01  9.902616199125379E-01  9.903694299611359E-01
  9.901512369062778E-01  9.902590789623487E-01  9.903668947026664E-01
  9.901512369062778E-01  9.902590789623487E-01  9.903668947026664E-01
  9.901537833484985E-01  9.902616199125379E-01  9.903694299611359E-01
  9.901588753132267E-01  9.902667008760295E-01  9.903744995237680E-01
  9.901665109595765E-01  9.902743199776168E-01  9.903821014805441E-01
  9.901766875226232E-01  9.902844744009520E-01  9.903922329629602E-01
  9.901894013091010E-01  9.902971603843066E-01  9.904048901398529E-01
  9.902046476917808E-01  9.903123732150174E-01  9.904200682119174E-01
  9.902224211024835E-01  9.903301072225752E-01  9.904377614048743E-01
  9.902427150237850E-01  9.903503557704100E-01  9.904579629613398E-01
  9.902655219794197E-01  9.903731112463846E-01  9.904806651314150E-01
  9.902908335234037E-01  9.903983650520204E-01  9.905058591620209E-01
  9.903186402279084E-01  9.904261075904901E-01  9.905335352850212E-01
  9.903489316699183E-01  9.904563282534118E-01  9.905636827041632E-01
  9.903816964167342E-01  9.904890154065056E-01  9.905962895809036E-01
  9.904169220104055E-01  9.905241563742003E-01  9.906313430192041E-01
  9.904545949511526E-01  9.905617374232498E-01  9.906688290493584E-01
  9.904947006798662E-01  9.906017437454502E-01  9.907087326109449E-01
  9.905372235597012E-01  9.906441594394750E-01  9.907510375349227E-01
  9.905821468569468E-01  9.906889674920165E-01  9.907957265250604E-01
  9.906294527211845E-01  9.907361497582380E-01  9.908427811387036E-01
  9.906791221648876E-01  9.907856869416982E-01  9.908921817670402E-01
  9.907311350425215E-01  9.908375585738025E-01  9.909439076149186E-01
  9.907854700292914E-01  9.908917429929277E-01  9.909979366803635E-01
  9.908421045996416E-01  9.909482173233242E-01  9.910542457338913E-01
  9.909010150055952E-01  9.910069574538779E-01  9.911128102977018E-01
  9.909621762551103E-01  9.910679380169080E-01  9.911736046249210E-01
  9.910255620905036E-01  9.911311323670419E-01  9.912366016789288E-01
  9.910911449670641E-01  9.911965125602884E-01  9.913017731128902E-01
  9.911588960319829E-01  9.912640493334275E-01  9.913690892496000E-01
  9.912287851036655E-01  9.913337120837760E-01  9.914385190616976E-01
  9.913007806515317E-01  9.914054688494346E-01  9.915100301523552E-01
  9.913748497763607E-01  9.914792862900647E-01  9.915835887364826E-01
  9.914509581912745E-01  9.915551296682900E-01  9.916591596225465E-01
  9.915290702033780E-01  9.916329628317381E-01  9.917367061950180E-01
  9.916091486961578E-01  9.917127481958287E-01  9.918161903975590E-01
  9.916911551126326E-01  9.917944467273017E-01  9.918975727169467E-01
  9.917750494393351E-01  9.918780179285777E-01  9.919808121678368E-01
  9.918607901911520E-01  9.919634198229825E-01  9.920658662784066E-01
  9.919483343970901E-01  9.920506089409152E-01  9.921526910769666E-01
  9.920376375869885E-01  9.921395403069908E-01  9.922412410795833E-01
  9.921286537792833E-01  9.922301674282692E-01  9.923314692788314E-01
  9.922213354699025E-01  9.923224422836607E-01  9.924233271337711E-01
  9.923156336224376E-01  9.924163153146637E-01  9.925167645613183E-01
  9.924114976596308E-01  9.925117354174892E-01  9.926117299290735E-01
  9.925088754562817E-01  9.926086499366937E-01  9.927081700497461E-01
  9.926077133335837E-01  9.927070046603318E-01  9.928060301771906E-01
  9.927079560549421E-01  9.928067438166670E-01  9.929052540040830E-01
  9.928095468235343E-01  9.929078100726680E-01  9.930057836614314E-01
  9.929124272819795E-01  9.930101445346303E-01  9.931075597202315E-01
  9.930165375145689E-01  9.931136867513752E-01  9.932105211957124E-01
  9.931218160523073E-01  9.932183747203467E-01  9.933146055545501E-01
  9.932281998806595E-01  9.933241448966155E-01  9.934197487251700E-01
  9.933356244490994E-01  9.934309322040077E-01  9.935258851104836E-01
  9.934440236814536E-01  9.935386700473882E-01  9.936329476021516E-01
  9.935533299862058E-01  9.936472903251702E-01  9.937408675953829E-01
  9.936634742667939E-01  9.937567234418675E-01  9.938495750038885E-01
  9.937743859333771E-01  9.938668983219213E-01  9.939589982759724E-01
  9.938859929186147E-01  9.939777424272023E-01  9.940690644139877E-01
  9.939982217001467E-01  9.940891817809482E-01  9.941796989999415E-01
  9.941109973316641E-01  9.942011410003008E-01  9.942908262296501E-01
  9.942242434829071E-01  9.943135433381448E-01  9.944023689565065E-01
  9.943378824872423E-01  9.944263107331950E-01  9.945142487441240E-01
  9.944518353948372E-01  9.945393638664317E-01  9.946263859260885E-01
  9.945660220296962E-01  9.946526222220213E-01  9.947386996708556E-01
  9.946803610500951E-01  9.947660041519997E-01  9.948511080508298E-01
  9.947947700132144E-01  9.948794269452899E-01  9.949635281159456E-01
  9.949091654456196E-01  9.949928069025983E-01  9.950758759731606E-01
  9.950234629213330E-01  9.951060594189847E-01  9.951880668736751E-01
  9.951375771487486E-01  9.952190990754788E-01  9.953000153093633E-01
  9.952514220669606E-01  9.953318397404276E-01  9.954116351192187E-01
  9.953649109516856E-01  9.954441946807909E-01  9.955228396060805E-01
  9.954779565309779E-01  9.955560766835435E-01  9.956335416637673E-01
  9.955904711111698E-01  9.956673981875387E-01  9.957436539148938E-01
  9.957023667136444E-01  9.957780714263682E-01  9.958530888598243E-01
  9.958135552232005E-01  9.958880085829284E-01  9.959617590374094E-01
  9.959239485486384E-01  9.959971219562893E-01  9.960695771980660E-01
  9.960334587961351E-01  9.961053241413980E-01  9.961764564896870E-01
  9.961419984556656E-01  9.962125282218146E-01  9.962823106565207E-01
  9.962494806007065E-01  9.963186479756351E-01  9.963870542510874E-01
  9.963558191013855E-01  9.964235980946688E-01  9.964906028591032E-01
  9.964609288510970E-01  9.965272944167796E-01  9.965928733372030E-01
  9.965647260064351E-01  9.966296541711338E-01  9.966937840630952E-01
  9.966671282401339E-01  9.967305962359261E-01  9.967932551975897E-01
  9.967680550064483E-01  9.968300414078844E-01  9.968912089576794E-01
  9.968674278181618E-01  9.969279126826076E-01  9.969875698995837E-01
  9.969651705341233E-01  9.970241355444879E-01  9.970822652103648E-01
  9.970612096560079E-01  9.971186382647682E-01  9.971752250065187E-01
  9.971554746325502E-01  9.972113522058277E-01  9.972663826374875E-01
  9.972478981693577E-01  9.973022121296563E-01  9.973556749919092E-01
  9.973384165418945E-01  9.973911565079677E-01  9.974430428039234E-01
  9.974269699090524E-01  9.974781278312300E-01  9.975284309566844E-01
  9.975135026242943E-01  9.975630729134809E-01  9.976117887798431E-01
  9.975979635410609E-01  9.976459431895173E-01  9.976930703375001E-01
  9.976803063088850E-01  9.977266950008212E-01  9.977722347029301E-01
  9.977604896563137E-01  9.978052898662793E-01  9.978492462161055E-01
  9.978384776565885E-01  9.978816947336240E-01  9.979240747199544E-01
  9.979142399719061E-01  9.979558822074474E-01  9.979966957712457E-01
  9.979877520718462E-01  9.980278307494356E-01  9.980670908218442E-01
  9.980589954217394E-01  9.980975248467145E-01  9.981352473663605E-01
  9.981279576366379E-01  9.981649551441267E-01  9.982011590522011E-01
  9.981946325968715E-01  9.982301185366375E-01  9.982648257484558E-01
  9.982590205213516E-01  9.982930182182955E-01  9.983262535703294E-01
  9.983211279952543E-01  9.983536636846948E-01  9.983854548564006E-01
  9.983809679491635E-01  9.984120706863732E-01  9.984424480965143E-01
  9.984385595874171E-01  9.984682611312964E-01  9.984972578088699E-01
  9.984939282640194E-01  9.985222629352207E-01  9.985499143655371E-01
  9.985471053054056E-01  9.985741098196794E-01  9.986004537666032E-01
  9.985981277802051E-01  9.986238410582138E-01  9.986489173640389E-01
  9.986470382169985E-01  9.986715011723161E-01  9.986953515372105E-01
  9.986938842721931E-01  9.987171395796732E-01  9.987398073230689E-01
  9.987387183510203E-01  9.987608101981501E-01  9.987823400048668E-01
  9.987815971856988E-01  9.988025710099534E-01  9.988230086642045E-01
  9.988225813757015E-01  9.988424835912577E-01  9.988618757019937E-01
  9.988617348959961E-01  9.988806126134366E-01  9.988990063347104E-01
  9.988991245796957E-01  9.989170253225346E-01  9.989344680727279E-01
  9.989348195823726E-01  9.989517910043432E-01  9.989683301881525E-01
  9.989688908356010E-01  9.989849804426629E-01  9.990006631797141E-01
  9.990014104976133E-01  9.990166653785552E-01  9.990315382423884E-01
  9.990324514090014E-01  9.990469179783411E-01  9.990610267492882E-01
  9.990620865613026E-01  9.990758103179164E-01  9.990891997530880E-01
  9.990903885859731E-01  9.991034138905333E-01  9.991161275137477E-01
  9.991174292707442E-01  9.991297991446156E-01  9.991418790586486E-01
  9.991432791096685E-01  9.991550350574274E-01  9.991665217804609E-01
  9.991680068922920E-01  9.991791887494971E-01  9.991901210771041E-01
  9.991916793365225E-01  9.992023251438065E-01  9.992127400372521E-01
  9.992143607685562E-01  9.992245066725384E-01  9.992344391736188E-01
  9.992361128523088E-01  9.992457930332670E-01  9.992552762053689E-01
  9.992569943694726E-01  9.992662409951777E-01  9.992753058897298E-01
  9.992770610503675E-01  9.992859042549948E-01  9.992945799020267E-01
  9.992963654545883E-01  9.993048333411769E-01  9.993131467622990E-01
  9.993149568995688E-01  9.993230755641360E-01  9.993310518059201E-01
  9.993328814342617E-01  9.993406750093762E-01  9.993483371948665E-01
  9.993501818544055E-01  9.993576725698088E-01  9.993650419657072E-01
  9.993668977552962E-01  9.993741060130193E-01  9.993812021099905E-01
  9.993830656175593E-01  9.993900100789213E-01  9.993968506824372E-01
  9.993987189210898E-01  9.994054166029726E-01  9.994120179321534E-01
  9.994138882822704E-01  9.994203546601432E-01  9.994267314521548E-01
  9.994286016095428E-01  9.994348507248406E-01  9.994410163425638E-01
  9.994428842725834E-01  9.994489288422249E-01  9.994548953831042E-01
  9.994567592805842E-01  9.994626108066316E-01  9.994683892108390E-01
  9.994702474654695E-01  9.994759163431717E-01  9.994815164994648E-01
  9.994833676662916E-01  9.994888632890139E-01  9.994942941369256E-01
  9.994961369115162E-01  9.995014677713173E-01  9.995067373985731E-01
  9.995085705964137E-01  9.995137443792941E-01  9.995188601136025E-01
  9.995206826531927E-01  9.995257063282829E-01  9.995306748228834E-01
  9.995324857120909E-01  9.995373656142825E-01  9.995421929268539E-01
  9.995439912520401E-01  9.995487331577723E-01  9.995534248225016E-01
  9.995552097399890E-01  9.995598189360860E-01  9.995643800288710E-01
  9.995661507582914E-01  9.995706321039109E-01  9.995750673008104E-01
  9.995768231200455E-01  9.995811811019260E-01  9.995854947310981E-01
  9.995872349724001E-01  9.995914737537026E-01  9.995956698411581E-01
  9.995973938882091E-01  9.996015173513314E-01  9.996055996609019E-01
  9.996073069465619E-01  9.996113187303569E-01  9.996152907983245E-01
  9.996169808028288E-01  9.996208843346989E-01  9.996247494995614E-01
  9.996264217490651E-01  9.996302202724197E-01  9.996339817002773E-01
  9.996356357655676E-01  9.996393323631355E-01  9.996429930691800E-01
  9.996446285644749E-01  9.996482261779509E-01  9.996517890445246E-01
  9.996534056262837E-01  9.996569070727711E-01  9.996603748644404E-01
  9.996619722301405E-01  9.996653802158225E-01  9.996687555918817E-01
  9.996703334787119E-01  9.996736506101506E-01  9.996769361349345E-01
  9.996784943184358E-01  9.996817231118641E-01  9.996849212632142E-01
  9.996864595558321E-01  9.996896024447647E-01  9.996927156209573E-01
  9.996942338704871E-01  9.996972932119393E-01  9.997003237373447E-01
  9.997018218253404E-01  9.997047999049079E-01  9.997077500346154E-01
  9.997092278747177E-01  9.997121269107317E-01  9.997149988343420E-01
  9.997164563705822E-01  9.997192785175297E-01  9.997220743622846E-01
  9.997235115673554E-01  9.997262589187162E-01  9.997289807521091E-01
  9.997303976256430E-01  9.997330722162737E-01  9.997357220482578E-01
  9.997371186150991E-01  9.997397224232707E-01  9.997423022081610E-01
  9.997436785166882E-01  9.997462134658611E-01  9.997487251040065E-01
  9.997500812244652E-01  9.997525491848697E-01  9.997549945241563E-01
  9.997563305470430E-01  9.997587333371184E-01  9.997611141743512E-01
  9.997624302088568E-01  9.997647695965898E-01  9.997670876787879E-01
  9.997683838513084E-01  9.997706615555010E-01  9.997729185811333E-01
  9.997741950338340E-01  9.997764127253239E-01  9.997786103455057E-01
  9.997798672349514E-01  9.997820265377990E-01  9.997841663574604E-01
  9.997854038533213E-01  9.997875063459764E-01  9.997895899250137E-01
  9.997908082088349E-01  9.997928554252877E-01  9.997948842797021E-01
  9.997960835437499E-01  9.997980769746714E-01  9.998000525776973E-01
  9.998012330238596E-01  9.998031741177325E-01  9.998050979009584E-01
  9.998062597397269E-01  9.998081499039675E-01  9.998100232584466E-01
  9.998111667079325E-01  9.998130073100034E-01  9.998148315873551E-01
  9.998159568723989E-01  9.998177492409099E-01  9.998195257544096E-01
  9.998206331057229E-01  9.998223785315192E-01  9.998241085571746E-01
  9.998251982105407E-01  9.998268979477757E-01  9.998285827253872E-01
  9.998296549209085E-01  9.998313101881006E-01  9.998329509223056E-01
  9.998340059037116E-01  9.998356178847830E-01  9.998372157460816E-01
  9.998382537600811E-01  9.998398236053762E-01  9.998413797311360E-01
  9.998424010267719E-01  9.998439298540549E-01  9.998454453494953E-01
  9.998464501775846E-01  9.998479390730148E-01  9.998494150121686E-01
  9.998504036247293E-01  9.998518536438143E-01  9.998532910704671E-01
  9.998542637201767E-01  9.998556758887016E-01  9.998570758173073E-01
  9.998580327570132E-01  9.998594080719461E-01  9.998607714885196E-01
  9.998617129707383E-01  9.998630524011122E-01  9.998643802640974E-01
  9.998653065405623E-01  9.998666110283332E-01  9.998679042694484E-01
  9.998688155906597E-01  9.998700860515403E-01  9.998713455765984E-01
  9.998722421913667E-01  9.998734795156378E-01  9.998747062053458E-01
  9.998755883601850E-01  9.998767934134846E-01  9.998779881242205E-01
  9.998788560625685E-01  9.998800296866627E-01  9.998811932512340E-01
  9.998820472122408E-01  9.998831902257790E-01  9.998843234541666E-01
  9.897432778333471E-01  9.898520416920900E-01  9.899607771665763E-01
  9.897380928274364E-01  9.898468667015463E-01  9.899556125274432E-01
  9.897354998828909E-01  9.898442787563450E-01  9.899530297494756E-01
  9.897354998828909E-01  9.898442787563450E-01  9.899530297494756E-01
  9.897380928274364E-01  9.898468667015463E-01  9.899556125274432E-01
  9.897432778333471E-01  9.898520416920900E-01  9.899607771665763E-01
  9.897510531326972E-01  9.898598019267202E-01  9.899685218317624E-01
  9.897614160697231E-01  9.898701446997431E-01  9.899788437665902E-01
  9.897743630962568E-01  9.898830663965232E-01  9.899917392889119E-01
  9.897898897657464E-01  9.898985624875785E-01  9.900072037850124E-01
  9.898079907259003E-01  9.899166275212999E-01  9.900252317024045E-01
  9.898286597099735E-01  9.899372551153199E-01  9.900458165412764E-01
  9.898518895267070E-01  9.899604379465374E-01  9.900689508446020E-01
  9.898776720489266E-01  9.899861677398111E-01  9.900946261869311E-01
  9.899059982008264E-01  9.900144352553476E-01  9.901228331618858E-01
  9.899368579439789E-01  9.900452302748255E-01  9.901535613684047E-01
  9.899702402621294E-01  9.900785415863150E-01  9.901867993958001E-01
  9.900061331448480E-01  9.901143569680665E-01  9.902225348076938E-01
  9.900445235701090E-01  9.901526631712398E-01  9.902607541249124E-01
  9.900853974858613E-01  9.901934459016416E-01  9.903014428074074E-01
  9.901287397906546E-01  9.902366898005367E-01  9.903445852352728E-01
  9.901745343134112E-01  9.902823784246282E-01  9.903901646889560E-01
  9.902227637924231E-01  9.903304942252863E-01  9.904381633287418E-01
  9.902734098536732E-01  9.903810185271277E-01  9.904885621736165E-01
  9.903264529885810E-01  9.904339315060506E-01  9.905413410796189E-01
  9.903818725312912E-01  9.904892121668447E-01  9.905964787177950E-01
  9.904396466356178E-01  9.905468383204903E-01  9.906539525518763E-01
  9.904997522517666E-01  9.906067865612681E-01  9.907137388157974E-01
  9.905621651029678E-01  9.906690322438125E-01  9.907758124911858E-01
  9.906268596621433E-01  9.907335494602246E-01  9.908401472849336E-01
  9.906938091287411E-01  9.908003110173769E-01  9.909067156069786E-01
  9.907629854058684E-01  9.908692884145313E-01  9.909754885484102E-01
  9.908343590778428E-01  9.909404518213851E-01  9.910464358600057E-01
  9.909078993882761E-01  9.910137700566514E-01  9.911195259312989E-01
  9.909835742187899E-01  9.910892105672621E-01  9.911947257702610E-01
  9.910613500684559E-01  9.911667394082826E-01  9.912720009836755E-01
  9.911411920340294E-01  9.912463212235967E-01  9.913513157582617E-01
  9.912230637910459E-01  9.913279192274267E-01  9.914326328426092E-01
  9.913069275758214E-01  9.914114951867299E-01  9.915159135299636E-01
  9.913927441683976E-01  9.914970094045128E-01  9.916011176419098E-01
  9.914804728764469E-01  9.915844207040828E-01  9.916882035129804E-01
  9.915700715201573E-01  9.916736864142661E-01  9.917771279762235E-01
  9.916614964181101E-01  9.917647623556124E-01  9.918678463497643E-01
  9.917547023741961E-01  9.918576028276396E-01  9.919603124244201E-01
  9.918496426656424E-01  9.919521605972031E-01  9.920544784524616E-01
  9.919462690322240E-01  9.920483868880836E-01  9.921502951376363E-01
  9.920445316666967E-01  9.921462313718538E-01  9.922477116265316E-01
  9.921443792064419E-01  9.922456421600425E-01  9.923466755013252E-01
  9.922457587262877E-01  9.923465657975655E-01  9.924471327738980E-01
  9.923486157325715E-01  9.924489472574654E-01  9.925490278813353E-01
  9.924528941587401E-01  9.925527299372143E-01  9.926523036830238E-01
  9.925585363630209E-01  9.926578556570751E-01  9.927569014597978E-01
  9.926654831287380E-01  9.927642646611162E-01  9.928627609157351E-01
  9.927736736675049E-01  9.928718956212212E-01  9.929698201830350E-01
  9.928830456248084E-01  9.929806856437718E-01  9.930780158298179E-01
  9.929935350866852E-01  9.930905702778446E-01  9.931872828698436E-01
  9.931050765859051E-01  9.932014835233351E-01  9.932975547725987E-01
  9.932176031066796E-01  9.933133578378294E-01  9.934087634724189E-01
  9.933310460884378E-01  9.934261241424166E-01  9.935208393765115E-01
  9.934453354310706E-01  9.935397118285124E-01  9.936337113735986E-01
  9.935603995052591E-01  9.936540487691873E-01  9.937473068464989E-01
  9.936761651712664E-01  9.937690613385811E-01  9.938615516923675E-01
  9.937925578078478E-01  9.938846744415313E-01  9.939763703531496E-01
  9.939095013504696E-01  9.940008115531241E-01  9.940916858564910E-01
  9.940269183360249E-01  9.941173947656911E-01  9.942074198650110E-01
  9.941447299507489E-01  9.942343448399383E-01  9.943234927306847E-01
  9.942628560791898E-01  9.943515812577564E-01  9.944398235516110E-01
  9.943812153541758E-01  9.944690222762407E-01  9.945563302302916E-01
  9.944997252095944E-01  9.945865849844527E-01  9.946729295346158E-01
  9.946183019386192E-01  9.947041853655099E-01  9.947895371640471E-01
  9.947368607596121E-01  9.948217383664065E-01  9.949060678235434E-01
  9.948553158908559E-01  9.949391579769540E-01  9.950224353068362E-01
  9.949735806342567E-01  9.950563573181492E-01  9.951385525895642E-01
  9.950915674677695E-01  9.951732487397462E-01  9.952543319320809E-01
  9.952091881465409E-01  9.952897439269374E-01  9.953696849917716E-01
  9.953263538132754E-01  9.954057540165395E-01  9.954845229451530E-01
  9.954429751187296E-01  9.955211897235150E-01  9.955987566204977E-01
  9.955589623533341E-01  9.956359614788023E-01  9.957122966419201E-01
  9.956742255907726E-01  9.957499795792949E-01  9.958250535857568E-01
  9.957886748441278E-01  9.958631543505670E-01  9.959369381498339E-01
  9.959022202350306E-01  9.959753963227405E-01  9.960478613359679E-01
  9.960147721762033E-01  9.960866164198064E-01  9.961577346459402E-01
  9.961262415677902E-01  9.961967261627074E-01  9.962664702911485E-01
  9.962365400078032E-01  9.963056378864067E-01  9.963739814160648E-01
  9.963455800168853E-01  9.964132649710528E-01  9.964801823354978E-01
  9.964532752774101E-01  9.965195220871501E-01  9.965849887854638E-01
  9.965595408867183E-01  9.966243254544189E-01  9.966883181872245E-01
  9.966642936240639E-01  9.967275931137815E-01  9.967900899237959E-01
  9.967674522306087E-01  9.968292452116677E-01  9.968902256279703E-01
  9.968689377015446E-01  9.969292042955686E-01  9.969886494806262E-01
  9.969686735891164E-01  9.970273956194469E-01  9.970852885177799E-01
  9.970665863150120E-01  9.971237474573119E-01  9.971800729445223E-01
  9.971626054902284E-01  9.972181914229072E-01  9.972729364536344E-01
  9.972566642401804E-01  9.973106627931122E-01  9.973638165463282E-01
  9.973486995324433E-01  9.974011008322990E-01  9.974526548522111E-01
  9.974386525041680E-01  9.974894491145392E-01  9.975393974452332E-01
  9.975264687858469E-01  9.975756558402119E-01  9.976239951520637E-01
  9.976120988177727E-01  9.976596741432535E-01  9.977064038490443E-01
  9.976954981552212E-01  9.977414623850046E-01  9.977865847436230E-01
  9.977766277581388E-01  9.978209844303875E-01  9.978645046359756E-01
  9.978554542608672E-01  9.978982099019489E-01  9.979401361563742E-01
  9.979319502173332E-01  9.979731144072306E-01  9.980134579738256E-01
  9.980060943170285E-01  9.980456797348828E-01  9.980844549715111E-01
  9.980778715671533E-01  9.981158940150346E-01  9.981531183847088E-01
  9.981472734364079E-01  9.981837518396004E-01  9.982194458970967E-01
  9.982142979561727E-01  9.982492543385129E-01  9.982834416917052E-01
  9.982789497751628E-01  9.983124092082758E-01  9.983451164532372E-01
  9.983412401641268E-01  9.983732306897621E-01  9.984044873190608E-01
  9.984011869677505E-01  9.984317394928275E-01  9.984615777768666E-01
  9.984588145016585E-01  9.984879626660789E-01  9.985164175077857E-01
  9.985141533932348E-01  9.985419334109987E-01  9.985690421746537E-01
  9.985672403658830E-01  9.985936908405506E-01  9.986194931560469E-01
  9.986181179673679E-01  9.986432796834176E-01  9.986678172277438E-01
  9.986668342439174E-01  9.986907499360612E-01  9.987140661942875E-01
  9.987134423628430E-01  9.987361564658445E-01  9.987582964743579E-01
  9.987580001875151E-01  9.987795585695096E-01  9.988005686446600E-01
  9.988005698095680E-01  9.988210194922804E-01  9.988409469479618E-01
  9.988412170441536E-01  9.988606059137488E-01  9.988794987717305E-01
  9.988800108949547E-01  9.988983874075058E-01  9.989162941045361E-01
  9.989170229963759E-01  9.989344358821035E-01  9.989514049779187E-01
  9.989523270409003E-01  9.989688250113989E-01  9.989849049017880E-01
  9.989859981999678E-01  9.990016296625996E-01  9.990168683015838E-01
  9.990181125469044E-01  9.990329253303963E-01  9.990473699653913E-01
  9.990487464903850E-01  9.990627875854194E-01  9.990764845089611E-01
  9.990779762266453E-01  9.990912915448933E-01  9.991042858661258E-01
  9.991058772181791E-01  9.991185113727976E-01  9.991308468114699E-01
  9.991325237059797E-01  9.991445198160948E-01  9.991562385212877E-01
  9.991579882615397E-01  9.991693877826827E-01  9.991805301779264E-01
  9.991823413838130E-01  9.991931839656842E-01  9.992037886215301E-01
  9.992056511452473E-01  9.992159745175714E-01  9.992260780520822E-01
  9.992279828897886E-01  9.992378227764189E-01  9.992474597834514E-01
  9.992493989845564E-01  9.992587890454008E-01  9.992679920499964E-01
  9.992699586256666E-01  9.992789304254591E-01  9.992877298651426E-01
  9.992897176975211E-01  9.992983006999757E-01  9.993067249303116E-01
  9.993087286837973E-01  9.993169502692537E-01  9.993250255916273E-01
  9.993270406273923E-01  9.993349261317236E-01  9.993426768410132E-01
  9.993446991357576E-01  9.993522719080435E-01  9.993597203576310E-01
  9.993617464273826E-01  9.993690279036783E-01  9.993761945851103E-01
  9.993782214146696E-01  9.993852312051086E-01  9.993921348396694E-01
  9.993941598181098E-01  9.994009158045658E-01  9.994075734440435E-01
  9.994095943064916E-01  9.994161127480909E-01  9.994225398821137E-01
  9.994245546578651E-01  9.994308503017642E-01  9.994370609692290E-01
  9.994390679361048E-01  9.994451541311290E-01  9.994511610334470E-01
  9.994531586781663E-01  9.994590474891278E-01  9.994648621032418E-01
  9.994668490874820E-01  9.994725514082504E-01  9.994781840976411E-01
  9.994801592293775E-01  9.994856848930446E-01  9.994911450152132E-01
  9.994931072248766E-01  9.994984651096400E-01  9.995037611188323E-01
  9.995057094397739E-01  9.995109075694418E-01  9.995160471136487E-01
  9.995179806664016E-01  9.995230263046879E-01  9.995280163162162E-01
  9.995299342960412E-01  9.995348340340747E-01  9.995396808132212E-01
  9.995415824804331E-01  9.995463423171310E-01  9.995510516087055E-01
  9.995529362813093E-01  9.995575616964701E-01  9.995621387591062E-01
  9.995640058073189E-01  9.995685018274668E-01  9.995729514958158E-01
  9.995748003380737E-01  9.995791715952291E-01  9.995834983352671E-01
  9.995853284353806E-01  9.995895792190540E-01  9.995937871768341E-01
  9.995955980419914E-01  9.995997323447838E-01  9.996038253890479E-01
  9.996056165684125E-01  9.996096381256758E-01  9.996136198847876E-01
  9.996153909684933E-01  9.996193032925388E-01  9.996231771862396E-01
  9.996249278046133E-01  9.996287342139860E-01  9.996325034804828E-01
  9.996342333033658E-01  9.996379369477005E-01  9.996416046665979E-01
  9.996433134026739E-01  9.996469172836452E-01  9.996504863952175E-01
  9.996521737912798E-01  9.996556807801330E-01  9.996591541014090E-01
  9.996608199415244E-01  9.996642327936500E-01  9.996676130317530E-01
  9.996692571363023E-01  9.996725785032790E-01  9.996758682664256E-01
  9.996774904910128E-01  9.996807229305077E-01  9.996839247370363E-01
  9.996855249712620E-01  9.996886709551365E-01  9.996917872408893E-01
  9.996933654070062E-01  9.996964273279356E-01  9.996994604522880E-01
  9.997010165037529E-01  9.997039966806294E-01  9.997069489314111E-01
  9.997084828513553E-01  9.997113835337050E-01  9.997142571312336E-01
  9.997157689308688E-01  9.997185923024824E-01  9.997213894028875E-01
  9.997228791198745E-01  9.997256273018165E-01  9.997283499998092E-01
  9.997298176966054E-01  9.997324927497389E-01  9.997351430809511E-01
  9.997365888431603E-01  9.997391927703008E-01  9.997417727132957E-01
  9.997431966480300E-01  9.997457313958187E-01  9.997482428738550E-01
  9.997496451081255E-01  9.997521125686941E-01  9.997545574513105E-01
  9.997559381304613E-01  9.997583401429457E-01  9.997607202474126E-01
  9.997620795336074E-01  9.997644178855518E-01  9.997667349782307E-01
  9.997680730489966E-01  9.997703494776815E-01  9.997726052753190E-01
  9.997739223221511E-01  9.997761385158690E-01  9.997783346868473E-01
  9.997796309138806E-01  9.997817885131762E-01  9.997839266787335E-01
  9.997852023014837E-01  9.997873029003698E-01  9.997893846358005E-01
  9.997906398799740E-01  9.997926850271305E-01  9.997947118629709E-01
  9.997959469633408E-01  9.997979381633003E-01  9.997999115865017E-01
  9.998011267858524E-01  9.998030655001752E-01  9.998049869552684E-01
  9.998061825033996E-01  9.998080701518387E-01  9.998099410420873E-01
  9.998111171948839E-01  9.998129551565389E-01  9.998147768450812E-01
  9.998159338636392E-01  9.998177234780964E-01  9.998194972890744E-01
  9.998206354388820E-01  9.998223780073405E-01  9.998241052270131E-01
  9.998252247771863E-01  9.998269215635682E-01  9.998286034414092E-01
  9.998297046639797E-01  9.998313568960224E-01  9.998329946457994E-01
  9.998340778150455E-01  9.998356866853746E-01  9.998372814862081E-01
  9.998383468780186E-01  9.998399135451981E-01  9.998414665425985E-01
  9.998425144338778E-01  9.998440400234399E-01  9.998455523303227E-01
  9.998465829984181E-01  9.998480686038679E-01  9.998495413015447E-01
  9.998505550237006E-01  9.998520017074984E-01  9.998534358466451E-01
  9.998544328994889E-01  9.998558416940070E-01  9.998572382956061E-01
  9.998582189546571E-01  9.998595908631116E-01  9.998609509193711E-01
  9.998619154585747E-01  9.998632514559328E-01  9.998645759311789E-01
  9.998655246224502E-01  9.998668256563118E-01  9.998681154878578E-01
  9.998690486006038E-01  9.998703155920601E-01  9.998715716910508E-01
  9.998724894916173E-01  9.998737233360852E-01  9.998749465883197E-01
  9.998758493393228E-01  9.998770509073576E-01  9.998782421740885E-01
  9.998791301333624E-01  9.998803002714540E-01  9.998814603901713E-01
