  7.521579784072915E+00  7.511054667653142E+00  7.500519467651962E+00

  9.778323667144851E-01  9.778626992843646E-01  9.778933402437715E-01
  9.778206586208625E-01  9.778509974596814E-01  9.778816450864316E-01
  9.778148027643365E-01  9.778451447317660E-01  9.778757956866455E-01
  9.778148027643365E-01  9.778451447317660E-01  9.778757956866455E-01
  9.778206586208625E-01  9.778509974596814E-01  9.778816450864316E-01
  9.778323667144851E-01  9.778626992843646E-01  9.778933402437715E-01
  9.778499198082936E-01  9.778802429455598E-01  9.779108738763242E-01
  9.778733070542545E-01  9.779036175604303E-01  9.779342350683372E-01
  9.779025140017173E-01  9.779328086323213E-01  9.779634092796522E-01
  9.779375226085560E-01  9.779677980622291E-01  9.779983783574947E-01
  9.779783112556035E-01  9.780085641636385E-01  9.780391205517004E-01
  9.780248547632067E-01  9.780550816795511E-01  9.780856105321996E-01
  9.780771244119371E-01  9.781073218037316E-01  9.781378194107845E-01
  9.781350879651629E-01  9.781652522038897E-01  9.781957147648761E-01
  9.781987096958275E-01  9.782288370491238E-01  9.782592606656146E-01
  9.782679504149444E-01  9.782980370391432E-01  9.783284177077808E-01
  9.783427675047084E-01  9.783728094381552E-01  9.784031430444360E-01
  9.784231149534609E-01  9.784531081106589E-01  9.784833904235144E-01
  9.785089433950566E-01  9.785388835616761E-01  9.785691102288885E-01
  9.786002001503346E-01  9.786300829791235E-01  9.786602495236104E-01
  9.786968292735935E-01  9.787266502812186E-01  9.787567520982192E-01
  9.787987716004243E-01  9.788285261652687E-01  9.788585585204496E-01
  9.789059648006374E-01  9.789356481615684E-01  9.789656061900687E-01
  9.790183434342136E-01  9.790479506903376E-01  9.790778293967647E-01
  9.791358390103538E-01  9.791653651217591E-01  9.791951593811411E-01
  9.792583800502855E-01  9.792878198397768E-01  9.793175243994705E-01
  9.793858921538164E-01  9.794152403096342E-01  9.794448497921835E-01
  9.795182980697221E-01  9.795475491492394E-01  9.795770580561756E-01
  9.796555177683294E-01  9.796846662027096E-01  9.797140689192800E-01
  9.797974685188066E-01  9.798265086186011E-01  9.798557994194039E-01
  9.799440649697038E-01  9.799729909313597E-01  9.800021639868532E-01
  9.800952192326939E-01  9.801240251459293E-01  9.801530745297775E-01
  9.802508409695008E-01  9.802795208255158E-01  9.803084405227317E-01
  9.804108374832958E-01  9.804393851837936E-01  9.804681690996520E-01
  9.805751138115669E-01  9.806035231785584E-01  9.806321651482537E-01
  9.807435728228184E-01  9.807718376091510E-01  9.808003314081454E-01
  9.809161153162612E-01  9.809442292167693E-01  9.809725685717389E-01
  9.810926401243212E-01  9.811205967874473E-01  9.811487753876768E-01
  9.812730442181766E-01  9.813008372579607E-01  9.813288487670658E-01
  9.814572228170254E-01  9.814848458254982E-01  9.815126838934775E-01
  9.816450694985207E-01  9.816725160586857E-01  9.817001743344624E-01
  9.818364763092828E-01  9.818637400088234E-01  9.818912121534541E-01
  9.820313338750948E-01  9.820584083205592E-01  9.820856880209612E-01
  9.822295315130720E-01  9.822564103437263E-01  9.822834913262253E-01
  9.824309573506477E-01  9.824576342509505E-01  9.824845102935883E-01
  9.826354984534099E-01  9.826619671637679E-01  9.826886321068007E-01
  9.828430409576705E-01  9.828692952848073E-01  9.828957430403467E-01
  9.830534701976684E-01  9.830795040275458E-01  9.831057285910609E-01
  9.832666708085362E-01  9.832924781244887E-01  9.833184735911297E-01
  9.834825268012495E-01  9.835081017065334E-01  9.835338622924287E-01
  9.837009216310864E-01  9.837262583694001E-01  9.837517784326356E-01
  9.839217383017899E-01  9.839468312653509E-01  9.839721053166098E-01
  9.841448595541876E-01  9.841697032716663E-01  9.841947259655495E-01
  9.843701681455486E-01  9.843947572538361E-01  9.844195233618755E-01
  9.845975471490217E-01  9.846218763695610E-01  9.846463807523559E-01
  9.848268801286013E-01  9.848509442807553E-01  9.848751818903962E-01
  9.850580510332674E-01  9.850818451128314E-01  9.851058110562976E-01
  9.852909437298019E-01  9.853144630561638E-01  9.853381527295295E-01
  9.855254412680614E-01  9.855486816670084E-01  9.855720909348230E-01
  9.857614251374129E-01  9.857843830969564E-01  9.858075084583956E-01
  9.859987748529269E-01  9.860214475860165E-01  9.860442862595779E-01
  9.862373681293913E-01  9.862597535070746E-01  9.862823033890500E-01
  9.864770816772521E-01  9.864991780470976E-01  9.865214375478764E-01
  9.867177923950382E-01  9.867395983470506E-01  9.867615661598158E-01
  9.869593785747205E-01  9.869808927357326E-01  9.870025676179899E-01
  9.872017207527690E-01  9.872229416710602E-01  9.872443223074046E-01
  9.874447020241428E-01  9.874656281605828E-01  9.874867131330015E-01
  9.876882078818428E-01  9.877088376774376E-01  9.877296255209704E-01
  9.879321258182142E-01  9.879524577837954E-01  9.879729470755546E-01
  9.881763449548548E-01  9.881963777349260E-01  9.882165671650125E-01
  9.884207558698387E-01  9.884404882596662E-01  9.884603766569171E-01
  9.886652506336731E-01  9.886846815576958E-01  9.887042678733634E-01
  9.889097229632586E-01  9.889288514382663E-01  9.889481347095451E-01
  9.891540683748273E-01  9.891728934791713E-01  9.891918727954719E-01
  9.893981842628723E-01  9.894167051202025E-01  9.894353796035077E-01
  9.896419699041069E-01  9.896601856776323E-01  9.896785544749378E-01
  9.898853264259783E-01  9.899032363141087E-01  9.899212985931302E-01
  9.901281567815388E-01  9.901457600082324E-01  9.901635149487978E-01
  9.903703657507320E-01  9.903876615494822E-01  9.904051083284590E-01
  9.906118599559618E-01  9.906288475503586E-01  9.906459853225433E-01
  9.908525478814932E-01  9.908692264658563E-01  9.908860543444808E-01
  9.910923398803039E-01  9.911087086020526E-01  9.911252256410191E-01
  9.913311481676437E-01  9.913472061110974E-01  9.913634112889559E-01
  9.915688868098320E-01  9.915846329803928E-01  9.916005251850503E-01
  9.918054717119463E-01  9.918209050200726E-01  9.918364830335091E-01
  9.920408206062797E-01  9.920559398514712E-01  9.920712023345393E-01
  9.922748530413508E-01  9.922896568967997E-01  9.923046023747267E-01
  9.925074903700527E-01  9.925219773685583E-01  9.925366042177980E-01
  9.927386557361257E-01  9.927528242575796E-01  9.927671306943708E-01
  9.929682740587280E-01  9.929821223192958E-01  9.929961063900757E-01
  9.931962720184718E-01  9.932097980615843E-01  9.932234576353542E-01
  9.934225780437413E-01  9.934357797331177E-01  9.934491124959529E-01
  9.936471223002362E-01  9.936599973152104E-01  9.936730007671717E-01
  9.938698366813181E-01  9.938823825147394E-01  9.938950539694459E-01
  9.940906548014754E-01  9.941028687604004E-01  9.941152053474744E-01
  9.943095119926454E-01  9.943213912019815E-01  9.943333898725100E-01
  9.945263453044655E-01  9.945378867137028E-01  9.945495442488294E-01
  9.947410935082434E-01  9.947522939013759E-01  9.947636069241020E-01
  9.949536971059622E-01  9.949645531146742E-01  9.949755181049162E-01
  9.951640983419235E-01  9.951746064620649E-01  9.951852197749638E-01
  9.953722412230187E-01  9.953823978343367E-01  9.953926557217624E-01
  9.955780715399103E-01  9.955878729289505E-01  9.955977715640761E-01
  9.957815368956693E-01  9.957909792816938E-01  9.958005147864708E-01
  9.959825867384826E-01  9.959916663022054E-01  9.960008347774914E-01
  9.961811723983388E-01  9.961898853132020E-01  9.961986828712527E-01
  9.963772471294652E-01  9.963855895951347E-01  9.963940123941007E-01
  9.965707661543562E-01  9.965787344320532E-01  9.965867787120781E-01
  9.967616867120087E-01  9.967692771612394E-01  9.967769392817014E-01
  9.969499681079144E-01  9.969571772241176E-01  9.969644537015158E-01
  9.971355717658212E-01  9.971423962184164E-01  9.971492837643789E-01
  9.973184612793395E-01  9.973248979496334E-01  9.973313935084934E-01
  9.974986024628467E-01  9.975046484812347E-01  9.975107492666191E-01
  9.976759634010584E-01  9.976816161829641E-01  9.976873197128378E-01
  9.978505144960176E-01  9.978557717760093E-01  9.978610759056359E-01
  9.980222285082700E-01  9.980270883718273E-01  9.980319913241356E-01
  9.981910805954826E-01  9.981955415079177E-01  9.982000419008067E-01
  9.983570483426636E-01  9.983611091747525E-01  9.983652060449171E-01
  9.985201117866440E-01  9.985237718365808E-01  9.985274646595169E-01
  9.986802534326060E-01  9.986835124439648E-01  9.986868011498651E-01
  9.988374582608907E-01  9.988403164363612E-01  9.988432014217222E-01
  9.989917137260311E-01  9.989941717367710E-01  9.989966538715869E-01
  9.991430097455005E-01  9.991450687360417E-01  9.991471493665708E-01
  9.992913386783259E-01  9.992930002670574E-01  9.992946812142202E-01
  9.994366952950610E-01  9.994379615703939E-01  9.994392451239524E-01
  9.995790767370935E-01  9.995799502495013E-01  9.995808391582403E-01
  9.997184824672614E-01  9.997189662174546E-01  9.997194636756577E-01
  9.998549142120585E-01  9.998550116356268E-01  9.998551212662017E-01
  9.999883758948188E-01  9.999880908437137E-01  9.999878166783637E-01
  1.000118873562959E+00  1.000118210284250E+00  1.000117556741126E+00
  1.000246415307605E+00  1.000245378419951E+00  1.000244350279244E+00
  1.000371011178588E+00  1.000369605646898E+00  1.000368208024836E+00
  1.000492673095316E+00  1.000490904204069E+00  1.000489142525782E+00
  1.000611414753671E+00  1.000609288079348E+00  1.000607168051056E+00
  1.000727251531066E+00  1.000724772914141E+00  1.000722300495082E+00
  1.000840200390804E+00  1.000837375907700E+00  1.000834557282197E+00
  1.000950279784592E+00  1.000947115719981E+00  1.000943957269990E+00
  1.001057509557240E+00  1.001054012377006E+00  1.001050520655467E+00
  1.001161910851891E+00  1.001158087177049E+00  1.001154268882287E+00
  1.001263506017429E+00  1.001259362599226E+00  1.001255224550615E+00
  1.001362318519468E+00  1.001357862215850E+00  1.001353411330905E+00
  1.001458372852684E+00  1.001453610606270E+00  1.001448853879280E+00
  1.001551694458783E+00  1.001546633276425E+00  1.001541577758694E+00
  1.001642309646117E+00  1.001636956580111E+00  1.001631609361843E+00
  1.001730245515586E+00  1.001724607646518E+00  1.001718975840341E+00
  1.001815529888602E+00  1.001809614309835E+00  1.001803705035926E+00
  1.001898191240757E+00  1.001892005044487E+00  1.001885825417250E+00
  1.001978258638035E+00  1.001971808902865E+00  1.001965366019063E+00
  1.002055761678567E+00  1.002049055458487E+00  1.002042356386764E+00
  1.002130730436380E+00  1.002123774751077E+00  1.002116826522741E+00
  1.002203195410942E+00  1.002195997237316E+00  1.002188806838290E+00
  1.002273187477926E+00  1.002265753742715E+00  1.002258328106544E+00
  1.002340737844025E+00  1.002333075417412E+00  1.002325421419214E+00
  1.002405878005835E+00  1.002397993695950E+00  1.002390118147208E+00
  1.002468639708928E+00  1.002460540257128E+00  1.002452449901221E+00
  1.002529054912183E+00  1.002520746989015E+00  1.002512448497403E+00
  1.002587155752281E+00  1.002578645954047E+00  1.002570145923015E+00
  1.002642974511471E+00  1.002634269357312E+00  1.002625574305206E+00
  1.002696543586565E+00  1.002687649515984E+00  1.002678765880866E+00
  1.002747895460210E+00  1.002738818830986E+00  1.002729752968645E+00
  1.002797062673097E+00  1.002787809759524E+00  1.002778567941807E+00
  1.002844077797938E+00  1.002834654789343E+00  1.002825243202741E+00
  1.002888973415238E+00  1.002879386414748E+00  1.002869811159217E+00
  1.002931782089059E+00  1.002922037112571E+00  1.002912304200546E+00
  1.002972536345236E+00  1.002962639320565E+00  1.002952754676151E+00
  1.003011268649078E+00  1.003001225415272E+00  1.002991194873584E+00
  1.003048011385709E+00  1.003037827692497E+00  1.003027656999132E+00
  1.003082796839863E+00  1.003072478347229E+00  1.003062173157864E+00
  1.003115657177489E+00  1.003105209455366E+00  1.003094775335462E+00
  1.003146624427644E+00  1.003136052955706E+00  1.003125495380321E+00
  1.003175730464916E+00  1.003165040632478E+00  1.003154364986174E+00
  1.003203006992350E+00  1.003192204098361E+00  1.003181415675209E+00
  1.003228485524889E+00  1.003217574778015E+00  1.003206678781689E+00
  1.003252197373628E+00  1.003241183892426E+00  1.003230185436385E+00
  1.003274173631188E+00  1.003263062444364E+00  1.003251966552115E+00
  1.003294445157296E+00  1.003283241204051E+00  1.003272052809506E+00
  1.003313042565348E+00  1.003301750695816E+00  1.003290474643732E+00
  1.003329996207940E+00  1.003318621183730E+00  1.003307262230262E+00
  1.003345336159301E+00  1.003333882654150E+00  1.003322445467502E+00
  1.003359092197435E+00  1.003347564797960E+00  1.003336053959151E+00
  1.003371293785095E+00  1.003359696991650E+00  1.003348116995364E+00
  1.003381970057126E+00  1.003370308284745E+00  1.003358663540286E+00
  1.003391149812574E+00  1.003379427392023E+00  1.003367722224363E+00
  1.003398861510231E+00  1.003387082689193E+00  1.003375321340158E+00
  1.003405133258910E+00  1.003393302203368E+00  1.003381488833022E+00
  1.003409992789071E+00  1.003398113584961E+00  1.003386252273253E+00
  1.003413467395998E+00  1.003401544051161E+00  1.003389638799876E+00
  1.003415583864138E+00  1.003403620310574E+00  1.003391675045579E+00
  1.003416368393554E+00  1.003404368489940E+00  1.003392387063691E+00
  1.003415846567162E+00  1.003403814101613E+00  1.003391800295904E+00
  1.003414043386569E+00  1.003401982079718E+00  1.003389939608744E+00
  1.003410983354833E+00  1.003398896863540E+00  1.003386829377578E+00
  1.003406690549900E+00  1.003394582471902E+00  1.003382493561933E+00
  1.003401188515017E+00  1.003389062395471E+00  1.003376955599672E+00
  1.003394499953834E+00  1.003382359293573E+00  1.003370238105518E+00
  1.003386645832316E+00  1.003374494100899E+00  1.003362361982512E+00
  1.003377644810274E+00  1.003365485459020E+00  1.003353345853521E+00
  1.003367510866225E+00  1.003355347359055E+00  1.003343203721542E+00
  1.003356255239972E+00  1.003344091066160E+00  1.003331946876269E+00
  1.003343876608636E+00  1.003331715395704E+00  1.003319574269523E+00
  1.003330378439748E+00  1.003318223920385E+00  1.003306089577658E+00
  1.003315701044448E+00  1.003303557678402E+00  1.003291434559024E+00
  1.003299815960107E+00  1.003287688675499E+00  1.003275581683108E+00
  1.003282137167582E+00  1.003270036579358E+00  1.003257956253972E+00
  9.775291085593891E-01  9.775581830670098E-01  9.775876092474639E-01
  9.775172024301649E-01  9.775462809885317E-01  9.775757117078288E-01
  9.775112475489245E-01  9.775403281250858E-01  9.775697611065879E-01
  9.775112475489245E-01  9.775403281250858E-01  9.775697611065879E-01
  9.775172024301649E-01  9.775462809885317E-01  9.775757117078288E-01
  9.775291085593891E-01  9.775581830670098E-01  9.775876092474639E-01
  9.775469586720416E-01  9.775760270657541E-01  9.776054464019640E-01
  9.775707418776037E-01  9.775998020491862E-01  9.776292121928568E-01
  9.776004436671099E-01  9.776294934487294E-01  9.776588919948316E-01
  9.776360459230894E-01  9.776650830731406E-01  9.776944675464511E-01
  9.776775269322528E-01  9.777065491216724E-01  9.777359169637745E-01
  9.777248614004379E-01  9.777538661995769E-01  9.777832147564034E-01
  9.777780204709904E-01  9.778070053371269E-01  9.778363318471224E-01
  9.778369717452202E-01  9.778659340107900E-01  9.778952355937700E-01
  9.779016793062855E-01  9.779306161679089E-01  9.779598898146883E-01
  9.779721037453105E-01  9.780010122536786E-01  9.780302548165364E-01
  9.780482021911989E-01  9.780770792418896E-01  9.781062874259298E-01
  9.781299283427470E-01  9.781587706680225E-01  9.781879410234906E-01
  9.782172325045907E-01  9.782460366662311E-01  9.782751655818294E-01
  9.783100616256937E-01  9.783388240089090E-01  9.783679077061548E-01
  9.784083593419999E-01  9.784370761504558E-01  9.784661106791180E-01
  9.785120660213817E-01  9.785407332733741E-01  9.785697145080189E-01
  9.786211188129224E-01  9.786497323387172E-01  9.786786559763793E-01
  9.787354516995149E-01  9.787640071398717E-01  9.787928686988725E-01
  9.788549955537265E-01  9.788834883596121E-01  9.789122831795258E-01
  9.789796781974379E-01  9.790081036309332E-01  9.790368268737045E-01
  9.791094244653844E-01  9.791377776017773E-01  9.791664242539904E-01
  9.792441562723764E-01  9.792724320034389E-01  9.793009968797227E-01
  9.793837926835277E-01  9.794119857219530E-01  9.794404634695155E-01
  9.795282499888005E-01  9.795563548737771E-01  9.795847399780355E-01
  9.796774417813541E-01  9.797054528852367E-01  9.797337396765096E-01
  9.798312790392496E-01  9.798591905752908E-01  9.798873732365125E-01
  9.799896702108721E-01  9.800174762419923E-01  9.800455488174229E-01
  9.801525213044657E-01  9.801802157530484E-01  9.802081721579657E-01
  9.803197359799578E-01  9.803473126386367E-01  9.803751466699829E-01
  9.804912156446276E-01  9.805186681879621E-01  9.805463735358541E-01
  9.806668595524366E-01  9.806941815493057E-01  9.807217518092514E-01
  9.808465649070958E-01  9.808737498336570E-01  9.809011785193049E-01
  9.810302269687805E-01  9.810572682219980E-01  9.810845487783781E-01
  9.812177391641019E-01  9.812446300760796E-01  9.812717558935324E-01
  9.814089931960872E-01  9.814357270495028E-01  9.814626914786039E-01
  9.816038791535352E-01  9.816304491980720E-01  9.816572455655748E-01
  9.818022856215544E-01  9.818286850904588E-01  9.818553067155431E-01
  9.820040997990670E-01  9.820303219243851E-01  9.820567621338181E-01
  9.822092076289919E-01  9.822352456545685E-01  9.822614977956321E-01
  9.824174939388982E-01  9.824433411322525E-01  9.824693985840478E-01
  9.826288425779408E-01  9.826544922446354E-01  9.826803484309569E-01
  9.828431365294192E-01  9.828685820341527E-01  9.828942304423355E-01
  9.830602579836659E-01  9.830854927787198E-01  9.831109269861986E-01
  9.832800883892352E-01  9.833051060435108E-01  9.833303197469472E-01
  9.835025085380787E-01  9.835273027532010E-01  9.835522897875945E-01
  9.837273987519248E-01  9.837519633528320E-01  9.837767176868997E-01
  9.839546391992585E-01  9.839789680999471E-01  9.840034838048121E-01
  9.841841102739285E-01  9.842081974412300E-01  9.842324686506958E-01
  9.844156928592905E-01  9.844395323161447E-01  9.844635532174981E-01
  9.846492682602338E-01  9.846728541688249E-01  9.846966190670238E-01
  9.848847176753449E-01  9.849080445114168E-01  9.849315479858946E-01
  9.851219212890993E-01  9.851449840703774E-01  9.851682211974607E-01
  9.853607573092402E-01  9.853835517979805E-01  9.854065183654154E-01
  9.856011013979246E-01  9.856236241881924E-01  9.856463168104221E-01
  9.858428268566615E-01  9.858650752938540E-01  9.858874913646954E-01
  9.860858056318604E-01  9.861077775814614E-01  9.861299150663501E-01
  9.863299098459927E-01  9.863516033953355E-01  9.863734605360229E-01
  9.865750133258824E-01  9.865964265302011E-01  9.866180015722847E-01
  9.868209926237715E-01  9.868421233808305E-01  9.868634144179175E-01
  9.870677272885446E-01  9.870885733606725E-01  9.871095783283926E-01
  9.873150994974244E-01  9.873356586330080E-01  9.873563754162051E-01
  9.875629934084885E-01  9.875832634818615E-01  9.876036900565782E-01
  9.878112946246471E-01  9.878312737260145E-01  9.878514082620282E-01
  9.880598899933628E-01  9.880795764436493E-01  9.880994173328405E-01
  9.883086677335269E-01  9.883280600431690E-01  9.883476058654086E-01
  9.885575177152742E-01  9.885766145270326E-01  9.885958639919952E-01
  9.888063317029882E-01  9.888251317517263E-01  9.888440836528667E-01
  9.890550034591136E-01  9.890735055587007E-01  9.890921587543881E-01
  9.893034287216459E-01  9.893216317687924E-01  9.893399851835002E-01
  9.895515051354212E-01  9.895694081134966E-01  9.895874607421975E-01
  9.897991322090794E-01  9.898167341810099E-01  9.898344850840226E-01
  9.900462113225283E-01  9.900635114123368E-01  9.900809596982495E-01
  9.902926457658291E-01  9.903096431350062E-01  9.903267879371198E-01
  9.905383407736613E-01  9.905550345986179E-01  9.905718750516145E-01
  9.907832035392118E-01  9.907995929921517E-01  9.908161282122109E-01
  9.910271432055059E-01  9.910432274373803E-01  9.910594565049544E-01
  9.912700708471072E-01  9.912858489702591E-01  9.913017709131096E-01
  9.915118994543840E-01  9.915273705236841E-01  9.915429842986614E-01
  9.917525439212829E-01  9.917677069141970E-01  9.917830113879404E-01
  9.919919210333203E-01  9.920067748301069E-01  9.920217687598198E-01
  9.922299494523527E-01  9.922444928173132E-01  9.922591748326551E-01
  9.924665496973002E-01  9.924807812613879E-01  9.924951498479031E-01
  9.927016441221090E-01  9.927155623668449E-01  9.927296158509169E-01
  9.929351568926540E-01  9.929487601353663E-01  9.929624966706810E-01
  9.931670139650721E-01  9.931803003457149E-01  9.931937179014390E-01
  9.933971430647532E-01  9.934101105347093E-01  9.934232068857695E-01
  9.936254736673165E-01  9.936381199805737E-01  9.936508927004349E-01
  9.938519369803819E-01  9.938642596873833E-01  9.938767061436267E-01
  9.940764659281293E-01  9.940884623725259E-01  9.941005797254504E-01
  9.942989951390896E-01  9.943106624576038E-01  9.943224476620413E-01
  9.945194609380016E-01  9.945307960636203E-01  9.945422458741486E-01
  9.947378013420495E-01  9.947488010107330E-01  9.947599119904591E-01
  9.949539560621820E-01  9.949646168232440E-01  9.949753853562789E-01
  9.951678665090958E-01  9.951781847393451E-01  9.951886070470347E-01
  9.953794758067612E-01  9.953894477284320E-01  9.953995198893423E-01
  9.955887288097343E-01  9.955983505121748E-01  9.956080684857610E-01
  9.957955721283172E-01  9.958048395933421E-01  9.958141992471744E-01
  9.959999541591211E-01  9.960088632898600E-01  9.960178604302037E-01
  9.962018251217050E-01  9.962103717747133E-01  9.962190021801869E-01
  9.964011371015207E-01  9.964093171218337E-01  9.964175765798017E-01
  9.965978440970420E-01  9.966056533557944E-01  9.966135377010742E-01
  9.967919020722366E-01  9.967993365063835E-01  9.968068416617859E-01
  9.969832690126814E-01  9.969903246663101E-01  9.969974466844688E-01
  9.971719049848046E-01  9.971785780514643E-01  9.971853131573697E-01
  9.973577721965460E-01  9.973640590619813E-01  9.973704036955873E-01
  9.975408350589569E-01  9.975467323435953E-01  9.975526832018530E-01
  9.977210602473247E-01  9.977265648478570E-01  9.977321189255065E-01
  9.978984167604370E-01  9.979035258898162E-01  9.979086805182831E-01
  9.980728759757285E-01  9.980775872009364E-01  9.980823400846947E-01
  9.982444117011148E-01  9.982487229780740E-01  9.982530722278813E-01
  9.984130002195317E-01  9.984169099245865E-01  9.984208540870496E-01
  9.985786203272902E-01  9.985821272847428E-01  9.985856653677375E-01
  9.987412533635851E-01  9.987443568688492E-01  9.987474883624038E-01
  9.989008832304773E-01  9.989035830685034E-01  9.989063079608460E-01
  9.990574964032457E-01  9.990597928619653E-01  9.990621116505360E-01
  9.992110819294814E-01  9.992129758081298E-01  9.992148895054647E-01
  9.993616314168796E-01  9.993631240291552E-01  9.993646341636542E-01
  9.995091390100987E-01  9.995102321822318E-01  9.995113407939284E-01
  9.996536013557361E-01  9.996542974196387E-01  9.996550070511914E-01
  9.997950175565099E-01  9.997953193382808E-01  9.997956330214891E-01
  9.999333891149603E-01  9.999332999190963E-01  9.999332211573363E-01
  1.000068719866700E+00  1.000068243456444E+00  1.000067776203471E+00
  1.000201015905410E+00  1.000200156479725E+00  1.000199305115352E+00
  1.000330285498989E+00  1.000329047666693E+00  1.000327816969885E+00
  1.000456538999432E+00  1.000454927751047E+00  1.000453322870999E+00
  1.000579788746982E+00  1.000577809424867E+00  1.000575835850612E+00
  1.000700048969611E+00  1.000697707236939E+00  1.000695370766048E+00
  1.000817335679665E+00  1.000814637488789E+00  1.000811944195684E+00
  1.000931666568648E+00  1.000928618129361E+00  1.000925574333728E+00
  1.001043060900705E+00  1.001039668648860E+00  1.001036280884592E+00
  1.001151539407215E+00  1.001147809974109E+00  1.001144084959179E+00
  1.001257124182479E+00  1.001253064365366E+00  1.001249008972938E+00
  1.001359838581775E+00  1.001355455315788E+00  1.001351076546837E+00
  1.001459707122706E+00  1.001455007454424E+00  1.001450312412064E+00
  1.001556755389475E+00  1.001551746452301E+00  1.001546742317971E+00
  1.001651009942294E+00  1.001645698933751E+00  1.001640392945323E+00
  1.001742498230177E+00  1.001736892391180E+00  1.001731291823054E+00
  1.001831248509847E+00  1.001825355105954E+00  1.001819467251104E+00
  1.001917289768129E+00  1.001911116072747E+00  1.001904948226680E+00
  1.002000651650249E+00  1.001994204929712E+00  1.001987764376266E+00
  1.002081364392062E+00  1.002074651892499E+00  1.002067945891366E+00
  1.002159458757734E+00  1.002152487693598E+00  1.002145523469454E+00
  1.002234965981029E+00  1.002227743525162E+00  1.002220528258268E+00
  1.002307917711903E+00  1.002300450987000E+00  1.002292991805139E+00
  1.002378345965568E+00  1.002370642036890E+00  1.002362946008493E+00
  1.002446283076244E+00  1.002438348945446E+00  1.002430423073774E+00
  1.002511761654305E+00  1.002503604254235E+00  1.002495455472483E+00
  1.002574814545366E+00  1.002566440735717E+00  1.002558075902912E+00
  1.002635474793594E+00  1.002626891357277E+00  1.002618317254860E+00
  1.002693775606295E+00  1.002684989246441E+00  1.002676212575432E+00
  1.002749750321342E+00  1.002740767658814E+00  1.002731795037464E+00
  1.002803432376352E+00  1.002794259947708E+00  1.002785097909559E+00
  1.002854855279873E+00  1.002845499535685E+00  1.002836154527976E+00
  1.002904052583775E+00  1.002894519887256E+00  1.002884998269605E+00
  1.002951057857472E+00  1.002941354483349E+00  1.002931662526676E+00
  1.002995904663449E+00  1.002986036797053E+00  1.002976180682696E+00
  1.003038626533461E+00  1.003028600269980E+00  1.003018586088979E+00
  1.003079256946441E+00  1.003069078290328E+00  1.003058912042842E+00
  1.003117829306623E+00  1.003107504171125E+00  1.003097191765977E+00
  1.003154376923555E+00  1.003143911130355E+00  1.003133458384679E+00
  1.003188932992029E+00  1.003178332270986E+00  1.003167744909971E+00
  1.003221530573354E+00  1.003210800562332E+00  1.003200084219060E+00
  1.003252202576847E+00  1.003241348821635E+00  1.003230509036997E+00
  1.003280981741944E+00  1.003270009696257E+00  1.003259051918961E+00
  1.003307900620775E+00  1.003296815646334E+00  1.003285745232989E+00
  1.003332991561745E+00  1.003321798928441E+00  1.003310621143721E+00
  1.003356286693779E+00  1.003344991579915E+00  1.003333711596808E+00
  1.003377817911352E+00  1.003366425403973E+00  1.003355048304111E+00
  1.003397616859066E+00  1.003386131954377E+00  1.003374662728462E+00
  1.003415714916034E+00  1.003404142519920E+00  1.003392586068247E+00
  1.003432143178455E+00  1.003420488107106E+00  1.003408849240188E+00
  1.003446932441093E+00  1.003435199421733E+00  1.003423482861041E+00
  1.003460113180291E+00  1.003448306852010E+00  1.003436517230801E+00
  1.003471715539600E+00  1.003459840454288E+00  1.003447982318546E+00
  1.003481769320473E+00  1.003469829943874E+00  1.003457907753364E+00
  1.003490303972606E+00  1.003478304685522E+00  1.003466322814996E+00
  1.003497348577761E+00  1.003485293677458E+00  1.003473256418060E+00
  1.003502931818711E+00  1.003490825520575E+00  1.003478737081493E+00
  1.003507081928482E+00  1.003494928367957E+00  1.003482792878356E+00
  1.003509826627373E+00  1.003497629862169E+00  1.003485451373399E+00
  1.003511193068269E+00  1.003498957080858E+00  1.003486739568933E+00
  1.003511207811740E+00  1.003498936512138E+00  1.003486683880511E+00
  1.003509896844176E+00  1.003497594073138E+00  1.003485310155873E+00
  1.003507285618318E+00  1.003494955151172E+00  1.003482643716758E+00
  1.003503399053924E+00  1.003491044605428E+00  1.003478709361599E+00
  1.003498261410541E+00  1.003485886641210E+00  1.003473531241237E+00
  1.003491895941876E+00  1.003479504466389E+00  1.003467132517418E+00
  1.003484324311376E+00  1.003471919709645E+00  1.003459534783691E+00
  1.003475565791961E+00  1.003463151624105E+00  1.003450757272914E+00
  1.003465636454844E+00  1.003453216281268E+00  1.003440816056230E+00
  1.003454548208406E+00  1.003442125620027E+00  1.003429723102154E+00
  1.003442308098942E+00  1.003429886760694E+00  1.003417485603751E+00
  1.003428915489053E+00  1.003416499221953E+00  1.003404103233817E+00
  1.003414358923503E+00  1.003401951828765E+00  1.003389565094456E+00
  1.003398597504938E+00  1.003386204263332E+00  1.003373831441785E+00
  1.003381545571322E+00  1.003369171847396E+00  1.003356818572136E+00
  1.003362978748572E+00  1.003350632354155E+00  1.003338306386538E+00
  9.772291274162109E-01  9.772566671633391E-01  9.772846131478913E-01
  9.772170314533054E-01  9.772445724508182E-01  9.772725202764188E-01
  9.772109816584152E-01  9.772385232715016E-01  9.772664720084168E-01
  9.772109816584152E-01  9.772385232715016E-01  9.772664720084168E-01
  9.772170314533054E-01  9.772445724508182E-01  9.772725202764188E-01
  9.772291274162109E-01  9.772566671633391E-01  9.772846131478913E-01
  9.772472622952254E-01  9.772748001188052E-01  9.773027432958550E-01
  9.772714252175939E-01  9.772989603872282E-01  9.773268997355374E-01
  9.773016016959075E-01  9.773291334054334E-01  9.773570678312550E-01
  9.773377736364256E-01  9.773653009858343E-01  9.773932293056319E-01
  9.773799193496294E-01  9.774074413275393E-01  9.774353622512442E-01
  9.774280135629891E-01  9.774555290297683E-01  9.774834411446723E-01
  9.774820274363071E-01  9.775095351079438E-01  9.775374368633167E-01
  9.775419285793250E-01  9.775694270121381E-01  9.775973167046655E-01
  9.776076810719667E-01  9.776351686482495E-01  9.776630444083740E-01
  9.776792454870520E-01  9.777067204017271E-01  9.777345801809785E-01
  9.777565789158748E-01  9.777840391642428E-01  9.778118807236309E-01
  9.778396349964571E-01  9.778670783631088E-01  9.778948992626449E-01
  9.779283639449097E-01  9.779557879938641E-01  9.779835855832745E-01
  9.780227125897342E-01  9.780501146558596E-01  9.780778860665409E-01
  9.781226244095104E-01  9.781500015912745E-01  9.781777437295396E-01
  9.782280395736151E-01  9.782553887272085E-01  9.782830982688584E-01
  9.783388949866065E-01  9.783662127214624E-01  9.783938861077138E-01
  9.784551243360938E-01  9.784824070118301E-01  9.785100404466163E-01
  9.785766581441208E-01  9.786039018689112E-01  9.786314913175664E-01
  9.787034238223221E-01  9.787306244527043E-01  9.787581656420364E-01
  9.788353457309804E-01  9.788624988730963E-01  9.788899872928442E-01
  9.789723452418424E-01  9.789994462541067E-01  9.790268771597755E-01
  9.791143408046341E-01  9.791413848018050E-01  9.791687532188597E-01
  9.792612480176631E-01  9.792882298762811E-01  9.793155306056655E-01
  9.794129797025297E-01  9.794398940676793E-01  9.794671216926131E-01
  9.795694459827357E-01  9.795962872760867E-01  9.796234361700991E-01
  9.797305543663044E-01  9.797573167954250E-01  9.797843811316064E-01
  9.798962098322755E-01  9.799228874012091E-01  9.799498611626783E-01
  9.800663149204247E-01  9.800929014414885E-01  9.801197784330450E-01
  9.802407698248002E-01  9.802672589314545E-01  9.802940327922880E-01
  9.804194724915506E-01  9.804458576521057E-01  9.804725218693395E-01
  9.806023187215817E-01  9.806285932535730E-01  9.806551411764346E-01
  9.807892022776030E-01  9.808153593629434E-01  9.808417842176059E-01
  9.809800149937400E-01  9.810060476950955E-01  9.810323426005760E-01
  9.811746468843878E-01  9.812005481631821E-01  9.812267061487655E-01
  9.813729862515346E-01  9.813987489872735E-01  9.814247630113476E-01
  9.815749197948039E-01  9.816005368042200E-01  9.816263997732575E-01
  9.817803327334002E-01  9.818057967873141E-01  9.818315015728979E-01
  9.819891089467746E-01  9.820144127838470E-01  9.820399522364583E-01
  9.822011311279463E-01  9.822262674678369E-01  9.822516344291584E-01
  9.824162809250845E-01  9.824412424869584E-01  9.824664298061271E-01
  9.826344390397452E-01  9.826592185717486E-01  9.826842191317431E-01
  9.828554852695411E-01  9.828800755880223E-01  9.829048823428651E-01
  9.830792985339458E-01  9.831036925597538E-01  9.831282985721890E-01
  9.833057569736943E-01  9.833299477447968E-01  9.833543462044643E-01
  9.835347382174442E-01  9.835587188627086E-01  9.835829030670264E-01
  9.837661198278330E-01  9.837898835105306E-01  9.838138468108707E-01
  9.839997797848090E-01  9.840233196574746E-01  9.840470554059224E-01
  9.842355967231398E-01  9.842589059564305E-01  9.842824075139048E-01
  9.844734496294459E-01  9.844965215642941E-01  9.845197824255170E-01
  9.847132168939833E-01  9.847360453126622E-01  9.847590593569043E-01
  9.849547749534138E-01  9.849773543922976E-01  9.850001161966729E-01
  9.851979970826182E-01  9.852203230589106E-01  9.852428281523298E-01
  9.854427529811637E-01  9.854648220156180E-01  9.854870669474343E-01
  9.856889095460788E-01  9.857107189408935E-01  9.857327011037224E-01
  9.859363327136469E-01  9.859578801549811E-01  9.859795974095518E-01
  9.861848897465634E-01  9.862061728851347E-01  9.862276231292596E-01
  9.864344511260892E-01  9.864554672983455E-01  9.864766481481592E-01
  9.866848914117790E-01  9.867056375916968E-01  9.867265462848451E-01
  9.869360889411901E-01  9.869565619000114E-01  9.869771954205108E-01
  9.871879247708569E-01  9.872081213322011E-01  9.872284766573244E-01
  9.874402815234280E-01  9.874601987799941E-01  9.874802731130029E-01
  9.876930426961842E-01  9.877126781034897E-01  9.877324689935976E-01
  9.879460926213860E-01  9.879654439650812E-01  9.879849492952042E-01
  9.881993168946061E-01  9.882183821904406E-01  9.882376000830413E-01
  9.884526029074793E-01  9.884713803071116E-01  9.884903090228305E-01
  9.887058401890847E-01  9.887243279354251E-01  9.887429658163446E-01
  9.889589204661875E-01  9.889771168979744E-01  9.889954623634123E-01
  9.892117375398778E-01  9.892296411164980E-01  9.892476926858088E-01
  9.894641871417865E-01  9.894817964578588E-01  9.894995527680123E-01
  9.897161668777249E-01  9.897334806542650E-01  9.897509404549438E-01
  9.899675762675031E-01  9.899845933252808E-01  9.900017554540701E-01
  9.902183168234816E-01  9.902350360521686E-01  9.902518994029678E-01
  9.904682921064227E-01  9.904847124393560E-01  9.905012759352601E-01
  9.907174077357126E-01  9.907335281316145E-01  9.907497907052421E-01
  9.909655713667339E-01  9.909813907940408E-01  9.909973513716445E-01
  9.912126926616693E-01  9.912282100808990E-01  9.912438675653605E-01
  9.914586832700952E-01  9.914738976128090E-01  9.914892508633911E-01
  9.917034568184306E-01  9.917183669642419E-01  9.917334147741453E-01
  9.919469288991608E-01  9.919615336529863E-01  9.919762747269547E-01
  9.921890170531199E-01  9.922033151238990E-01  9.922177480573621E-01
  9.924296407444276E-01  9.924436307253210E-01  9.924577539852899E-01
  9.926687213316436E-01  9.926824016812866E-01  9.926962135885949E-01
  9.929061820386654E-01  9.929195510633566E-01  9.929330497760387E-01
  9.931419479270340E-01  9.931550037642292E-01  9.931681872623260E-01
  9.933759458691762E-01  9.933886864728659E-01  9.934015525452279E-01
  9.936081045223502E-01  9.936205276508159E-01  9.936330738844159E-01
  9.938383543034458E-01  9.938504575097037E-01  9.938626812817997E-01
  9.940666273659597E-01  9.940784079911165E-01  9.940903064644729E-01
  9.942928575803326E-01  9.943043127500875E-01  9.943158828714724E-01
  9.945169805184301E-01  9.945281071429986E-01  9.945393456451931E-01
  9.947389334426903E-01  9.947497282204119E-01  9.947606316279762E-01
  9.949586553005009E-01  9.949691147253430E-01  9.949796793643280E-01
  9.951760867242732E-01  9.951862070973765E-01  9.951964291090950E-01
  9.953911700382327E-01  9.954009474835743E-01  9.954108228424802E-01
  9.956038492714356E-01  9.956132797556301E-01  9.956228042912854E-01
  9.958140701782003E-01  9.958231495343931E-01  9.958323189574394E-01
  9.960217802655130E-01  9.960305042212457E-01  9.960393141532202E-01
  9.962269288275727E-01  9.962352930364201E-01  9.962437390431748E-01
  9.964294669873027E-01  9.964374670639943E-01  9.964455446924000E-01
  9.966293477441047E-01  9.966369793027664E-01  9.966446841202904E-01
  9.968265260276967E-01  9.968337847227570E-01  9.968411123594341E-01
  9.970209587571607E-01  9.970278403264019E-01  9.970347865186455E-01
  9.972126049042752E-01  9.972191052134428E-01  9.972256658490845E-01
  9.974014255598813E-01  9.974075406482000E-01  9.974137118120923E-01
  9.975873840022433E-01  9.975931101281514E-01  9.975988881476325E-01
  9.977704457660501E-01  9.977757794524229E-01  9.977811609419133E-01
  9.979505787104538E-01  9.979555167885757E-01  9.979604986925746E-01
  9.981277530845180E-01  9.981322927360722E-01  9.981368723698351E-01
  9.983019415889814E-01  9.983060803853432E-01  9.983102554725524E-01
  9.984731194322283E-01  9.984768553703929E-01  9.984806240771840E-01
  9.986412643795054E-01  9.986445959140351E-01  9.986479568788044E-01
  9.988063567936430E-01  9.988092828640992E-01  9.988122352226022E-01
  9.989683796661066E-01  9.989708997195216E-01  9.989734431248707E-01
  9.991273186375218E-01  9.991294326455733E-01  9.991315672828486E-01
  9.992831620064990E-01  9.992848704771574E-01  9.992865970724611E-01
  9.994359007262704E-01  9.994372047098141E-01  9.994385245337166E-01
  9.995855283888966E-01  9.995864294783080E-01  9.995873443437531E-01
  9.997320411966714E-01  9.997325415225481E-01  9.997330537774021E-01
  9.998754379211013E-01  9.998755401413284E-01  9.998756526558661E-01
  1.000015719849780E+00  1.000015427134313E+00  1.000015143284025E+00
  1.000152890721684E+00  1.000152206732880E+00  1.000151530377070E+00
  1.000286956652074E+00  1.000285885521087E+00  1.000284820977808E+00
  1.000417926047667E+00  1.000416472347484E+00  1.000415024365384E+00
  1.000545809513668E+00  1.000543978229397E+00  1.000542151957112E+00
  1.000670619753822E+00  1.000668416250863E+00  1.000666217204566E+00
  1.000792371464854E+00  1.000789801455580E+00  1.000787235485320E+00
  1.000911081226828E+00  1.000908150736405E+00  1.000905223991836E+00
  1.001026767390799E+00  1.001023482722724E+00  1.001020201618784E+00
  1.001139449964957E+00  1.001135817666857E+00  1.001132188849911E+00
  1.001249150500956E+00  1.001245177331132E+00  1.001241207646033E+00
  1.001355891981370E+00  1.001351584876503E+00  1.001347281334961E+00
  1.001459698709411E+00  1.001455064753785E+00  1.001450434504360E+00
  1.001560596201811E+00  1.001555642598329E+00  1.001550692898298E+00
  1.001658611085461E+00  1.001653345128670E+00  1.001648083317945E+00
  1.001753770998780E+00  1.001748200050038E+00  1.001742633527249E+00
  1.001846104497843E+00  1.001840235962697E+00  1.001834372163492E+00
  1.001935640968118E+00  1.001929482275933E+00  1.001923328653487E+00
  1.002022410541325E+00  1.002015969127109E+00  1.002009533134804E+00
  1.002106444017982E+00  1.002099727306343E+00  1.002093016382522E+00
  1.002187772795211E+00  1.002180788186346E+00  1.002173809741029E+00
  1.002266428799996E+00  1.002259183657559E+00  1.002251945060972E+00
  1.002342444427293E+00  1.002334946068001E+00  1.002327454640773E+00
  1.002415852483165E+00  1.002408108167982E+00  1.002400371172843E+00
  1.002486686131945E+00  1.002478703058667E+00  1.002470727693478E+00
  1.002554978847818E+00  1.002546764144904E+00  1.002538557536858E+00
  1.002620764370140E+00  1.002612325091612E+00  1.002603894292456E+00
  1.002684076661883E+00  1.002675419783166E+00  1.002666771765283E+00
  1.002744949871476E+00  1.002736082286012E+00  1.002727223939252E+00
  1.002803418297096E+00  1.002794346813629E+00  1.002785284942740E+00
  1.002859516353484E+00  1.002850247693886E+00  1.002840989016467E+00
  1.002913278540880E+00  1.002903819338422E+00  1.002894370483284E+00
  1.002964739415907E+00  1.002955096213901E+00  1.002945463719771E+00
  1.003013933564018E+00  1.003004112814748E+00  1.002994303129236E+00
  1.003060895573540E+00  1.003050903637429E+00  1.003040923116225E+00
  1.003105660011048E+00  1.003095503156007E+00  1.003085358062246E+00
  1.003148261397749E+00  1.003137945798688E+00  1.003127642302455E+00
  1.003188734187125E+00  1.003178265925568E+00  1.003167810103528E+00
  1.003227112743348E+00  1.003216497807170E+00  1.003205895642282E+00
  1.003263431320836E+00  1.003252675604071E+00  1.003241932985398E+00
  1.003297724044315E+00  1.003286833347045E+00  1.003275956069636E+00
  1.003330024889659E+00  1.003319004917980E+00  1.003307998682825E+00
  1.003360367665199E+00  1.003349224031250E+00  1.003338094445300E+00
  1.003388785993619E+00  1.003377524215679E+00  1.003366276791945E+00
  1.003415313294528E+00  1.003403938797188E+00  1.003392578954901E+00
  1.003439982767921E+00  1.003428500882317E+00  1.003417033947166E+00
  1.003462827378153E+00  1.003451243342286E+00  1.003439674546730E+00
  1.003483879838053E+00  1.003472198797185E+00  1.003460533280856E+00
  1.003503172592330E+00  1.003491399599479E+00  1.003479642409669E+00
  1.003520737800202E+00  1.003508877816730E+00  1.003497033908990E+00
  1.003536607317281E+00  1.003524665213589E+00  1.003512739452421E+00
  1.003550812678180E+00  1.003538793234500E+00  1.003526790394153E+00
  1.003563385081560E+00  1.003551292988859E+00  1.003539217754234E+00
  1.003574355377754E+00  1.003562195238754E+00  1.003550052206426E+00
  1.003583754056765E+00  1.003571530387119E+00  1.003559324066516E+00
  1.003591611230601E+00  1.003579328460262E+00  1.003567063275030E+00
  1.003597956604181E+00  1.003585619078992E+00  1.003573299368588E+00
  1.003602819432722E+00  1.003590431416266E+00  1.003578061437800E+00
  1.003606228471094E+00  1.003593794146786E+00  1.003581378077114E+00
  1.003608211929189E+00  1.003595735402636E+00  1.003583277340705E+00
  1.003608797448825E+00  1.003596282750478E+00  1.003583786719967E+00
  1.003608012106022E+00  1.003595463194231E+00  1.003582933146601E+00
  1.003605882420209E+00  1.003593303184903E+00  1.003580743003043E+00
  1.003602434324564E+00  1.003589828591812E+00  1.003577242094579E+00
  1.003597693037049E+00  1.003585064574844E+00  1.003572455522804E+00
  1.003591682785084E+00  1.003579035310686E+00  1.003566407413414E+00
  1.003584426379838E+00  1.003571763569095E+00  1.003559120494429E+00
  1.003575944696630E+00  1.003563270195895E+00  1.003550615581760E+00
  1.003566256155671E+00  1.003553573597399E+00  1.003540911067279E+00
  1.003555376276437E+00  1.003542689300376E+00  1.003530022484335E+00
  1.003543317230749E+00  1.003530629514201E+00  1.003517962078877E+00
  1.003530087105331E+00  1.003517402407874E+00  1.003504738100832E+00
  1.003515688112883E+00  1.003503010345058E+00  1.003490353062878E+00
  1.003500112990007E+00  1.003487446316332E+00  1.003474800206743E+00
  1.003483338522528E+00  1.003470687509190E+00  1.003458057117482E+00
  1.003465321125816E+00  1.003452690879920E+00  1.003440081286966E+00
  1.003446004905864E+00  1.003433401033632E+00  1.003420817814390E+00
