  7.521579784072915E+00  7.511054667653142E+00  7.500519467651962E+00

  3.462627071487264E+00  3.466651689838512E+00  3.471545613368281E+00
  3.603134931552287E+00  3.605508051509099E+00  3.609083297531030E+00
  3.672562214782314E+00  3.673966194807901E+00  3.676831533495908E+00
  3.672562214782314E+00  3.673966194807901E+00  3.676831533495908E+00
  3.603134931552287E+00  3.605508051509099E+00  3.609083297531030E+00
  3.462627071487264E+00  3.466651689838512E+00  3.471545613368281E+00
  3.264310511229618E+00  3.270015700188732E+00  3.276353373106488E+00
  3.042795139733449E+00  3.049658485394886E+00  3.057032153187809E+00
  2.838115019846233E+00  2.845672887818937E+00  2.853669252912458E+00
  2.676725216825378E+00  2.684883738840705E+00  2.693421552483545E+00
  2.567909819069548E+00  2.576743103423085E+00  2.585907092804547E+00
  2.510130189135801E+00  2.519683033622244E+00  2.529529404182838E+00
  2.496095546123323E+00  2.506377456928043E+00  2.516923235242724E+00
  2.515014573638241E+00  2.526024150031704E+00  2.537271912085233E+00
  2.554182894186008E+00  2.565891374788135E+00  2.577813987060892E+00
  2.600606558884891E+00  2.612930453802614E+00  2.625444009238688E+00
  2.642572145594961E+00  2.655358712858624E+00  2.668308445686248E+00
  2.670893691717241E+00  2.683923117506951E+00  2.697086539600906E+00
  2.679516462412154E+00  2.692518925377328E+00  2.705623982641795E+00
  2.665431886262887E+00  2.678115842346179E+00  2.690869990328971E+00
  2.628189559751529E+00  2.640274658019628E+00  2.652398079891045E+00
  2.569329692743468E+00  2.580575998730342E+00  2.591830737915346E+00
  2.491863366717255E+00  2.502090859020389E+00  2.512300107903207E+00
  2.399768620215282E+00  2.408865653085703E+00  2.417922094537773E+00
  2.297470842160439E+00  2.305393554528149E+00  2.313258665861933E+00
  2.189352917606494E+00  2.196118215393119E+00  2.202814939151191E+00
  2.079372634858811E+00  2.085046864031495E+00  2.090647695871259E+00
  1.970830232457774E+00  1.975515387467538E+00  1.980127908994263E+00
  1.866278370315394E+00  1.870097806659285E+00  1.873849884846990E+00
  1.767537785111864E+00  1.770623350474400E+00  1.773650050395682E+00
  1.675777252487473E+00  1.678259195127158E+00  1.680692751577055E+00
  1.591624935997132E+00  1.593625190512919E+00  1.595588559469466E+00
  1.515289379064029E+00  1.516918247226079E+00  1.518522168007908E+00
  1.446677147508351E+00  1.448033009096656E+00  1.449376122016404E+00
  1.385499423483646E+00  1.386670774918968E+00  1.387841992307297E+00
  1.331362551750901E+00  1.332431346967615E+00  1.333513359932437E+00
  1.283839099894215E+00  1.284884180181428E+00  1.285956836901710E+00
  1.242517536826380E+00  1.243617005678064E+00  1.244759428981171E+00
  1.207030464337831E+00  1.208262189652716E+00  1.209552883137782E+00
  1.177063145354948E+00  1.178503031797213E+00  1.180017707449672E+00
  1.152345427691115E+00  1.154063534171056E+00  1.155870815139700E+00
  1.132630869139936E+00  1.134685753680273E+00  1.136841190423208E+00
  1.117667126315277E+00  1.120099018526166E+00  1.122638072412042E+00
  1.107162004308497E+00  1.109985664540035E+00  1.112916599522252E+00
  1.100750457154393E+00  1.103948956023235E+00  1.107246977473732E+00
  1.097969105412168E+00  1.101490110660766E+00  1.105094406654394E+00
  1.098245359701094E+00  1.102001507787085E+00  1.105816713643515E+00
  1.100906479517534E+00  1.104780734994104E+00  1.108683502185307E+00
  1.105209284445000E+00  1.109064917915541E+00  1.112914898007338E+00
  1.110385255326070E+00  1.114078750229206E+00  1.117732042022040E+00
  1.115691561540466E+00  1.119086125620363E+00  1.122408796687642E+00
  1.120458803870679E+00  1.123436563710977E+00  1.126316461780673E+00
  1.124130723368655E+00  1.126602706994254E+00  1.128958853917510E+00
  1.126296111300805E+00  1.128209838473875E+00  1.129999285281871E+00
  1.126714167495185E+00  1.128058429619406E+00  1.129280061375144E+00
  1.125330478768786E+00  1.126136072721831E+00  1.126830067871923E+00
  1.122275731801165E+00  1.122610680400900E+00  1.122852344368680E+00
  1.117839299532385E+00  1.117798247848213E+00  1.117686332654089E+00
  1.112417035524817E+00  1.112106570285486E+00  1.111748224053896E+00
  1.106442738369002E+00  1.105965963990389E+00  1.105461748885505E+00
  1.100319201569259E+00  1.099763043111164E+00  1.099195268955358E+00
  1.094364280463108E+00  1.093791809658730E+00  1.093218101734105E+00
  1.088781605492113E+00  1.088230036003222E+00  1.087682447412996E+00
  1.083658111710159E+00  1.083141707840019E+00  1.082630416882438E+00
  1.078984097884699E+00  1.078500356607064E+00  1.078020230957060E+00
  1.074687128609825E+00  1.074224217138295E+00  1.073762241929506E+00
  1.070669156426799E+00  1.070212679104547E+00  1.069754410553667E+00
  1.066837126649618E+00  1.066374834659228E+00  1.065908637613144E+00
  1.063120950658680E+00  1.062644875879935E+00  1.062163593755949E+00
  1.059477940303401E+00  1.058984342464224E+00  1.058484923455344E+00
  1.055887495116357E+00  1.055375604022318E+00  1.054857719725009E+00
  1.052342064158084E+00  1.051812664553584E+00  1.051277332922923E+00
  1.048839558788893E+00  1.048294078036078E+00  1.047742861318930E+00
  1.045379571292257E+00  1.044819792544913E+00  1.044254606530098E+00
  1.041962918011268E+00  1.041391070895002E+00  1.040814314715977E+00
  1.038592636005159E+00  1.038011542679188E+00  1.037426230615735E+00
  1.035274777913432E+00  1.034687861715994E+00  1.034097588872315E+00
  1.032018301134673E+00  1.031429413825878E+00  1.030838131429604E+00
  1.028834071777838E+00  1.028247152970131E+00  1.027658774548511E+00
  1.025733167534934E+00  1.025151737864702E+00  1.024569583482246E+00
  1.022724562653529E+00  1.022151057566808E+00  1.021577157730067E+00
  1.019812332296536E+00  1.019247355495085E+00  1.018681717083006E+00
  1.016992834366017E+00  1.016434518930799E+00  1.015874561091084E+00
  1.014252695809810E+00  1.013696432085404E+00  1.013136853168326E+00
  1.011568554318012E+00  1.011007315612564E+00  1.010440597124133E+00
  1.008909229217554E+00  1.008334581495854E+00  1.007752162663575E+00
  1.006240327054880E+00  1.005643970944651E+00  1.005037871509810E+00
  1.003530350667376E+00  1.002905771149843E+00  1.002270169402166E+00
  1.000756407774566E+00  1.000099989337990E+00  9.994320770895107E-01
  9.979069727554142E-01  9.972178872772033E-01  9.965173355986083E-01
  9.949792764508576E-01  9.942576620127007E-01  9.935243208866026E-01
  9.919700824584591E-01  9.912135266240549E-01  9.904435443070192E-01
  9.888608049305893E-01  9.880598443215253E-01  9.872411187966783E-01
  9.856006678697063E-01  9.847347405145951E-01  9.838433088479283E-01
  9.820941154838693E-01  9.811299098113099E-01  9.801292830220708E-01
  9.781999663371712E-01  9.770941063591796E-01  9.759393624215472E-01
  9.737487295453051E-01  9.724559137436705E-01  9.711032815236589E-01
  9.685800837342085E-01  9.670660124883610E-01  9.654866697143214E-01
  9.625948177320722E-01  9.608508627178738E-01  9.590452850365436E-01
  9.558069066080074E-01  9.538615932266306E-01  9.518692939093265E-01
  9.483766492965341E-01  9.462990764379718E-01  9.441993215628479E-01
  9.406095687656381E-01  9.385025215213350E-01  9.364048194149645E-01
  9.329181830285794E-01  9.309027977409019E-01  9.289300755468424E-01
  9.257585440413307E-01  9.239555939184763E-01  9.222255686680138E-01
  9.195619814679046E-01  9.180753597224235E-01  9.166853325521184E-01
  9.146805704739518E-01  9.135865060244511E-01  9.126043375952287E-01
  9.113555104500970E-01  9.106981534472929E-01  9.101593711982195E-01
  9.097076119915570E-01  9.094995632644949E-01  9.094088675281462E-01
  9.097434037270995E-01  9.099691517291277E-01  9.103043297579936E-01
  9.113697644740250E-01  9.119904515264451E-01  9.127073301768392E-01
  9.144123595426257E-01  9.153710984663617E-01  9.164089518023240E-01
  9.186359509852525E-01  9.198635071233691E-01  9.211508269336666E-01
  9.237662874850776E-01  9.251871241384753E-01  9.266477376343514E-01
  9.295134005052869E-01  9.310519214812554E-01  9.326112142650222E-01
  9.355952098108431E-01  9.371817226945076E-01  9.387724142327888E-01
  9.417591991419930E-01  9.433348915817009E-01  9.449016295592857E-01
  9.477993432044073E-01  9.493195698009322E-01  9.508216878986535E-01
  9.535658845757431E-01  9.550013366962445E-01  9.564134539360928E-01
  9.589669033272913E-01  9.603026797418328E-01  9.616132824325648E-01
  9.639623828807382E-01  9.651954211605777E-01  9.664039809654994E-01
  9.685529787166920E-01  9.696885863131238E-01  9.708019881599393E-01
  9.727664412676724E-01  9.738147090553751E-01  9.748437464850100E-01
  9.766445059681708E-01  9.776172268798341E-01  9.785737233278586E-01
  9.802322694528596E-01  9.811407167295647E-01  9.820355527542061E-01
  9.835710159206819E-01  9.844246635410878E-01  9.852667305122617E-01
  9.866945008226502E-01  9.875005640657042E-01  9.882964838949021E-01
  9.896280487689417E-01  9.903916122074102E-01  9.911459763335485E-01
  9.923895266438745E-01  9.931140020124642E-01  9.938298766191277E-01
  9.949912504096474E-01  9.956789419542679E-01  9.963584324274818E-01
  9.974420684581198E-01  9.980946893190045E-01  9.987394266798729E-01
  9.997491292699082E-01  1.000368184611900E+00  1.000979667381305E+00
  1.001919103661073E+00  1.002506117882793E+00  1.003085899961101E+00
  1.003958839960422E+00  1.004515447726642E+00  1.005065199705947E+00
  1.005875561473044E+00  1.006403503783249E+00  1.006924991441169E+00
  1.007676770695949E+00  1.008177840974935E+00  1.008672864721595E+00
  1.009370020802333E+00  1.009845998017359E+00  1.010316327062455E+00
  1.010962675710393E+00  1.011415268222850E+00  1.011862589469574E+00
  1.012461728697194E+00  1.012892539223731E+00  1.013318428179813E+00
  1.013873703227447E+00  1.014284215177055E+00  1.014690127189479E+00
  1.015204627721860E+00  1.015596207467529E+00  1.015983483026331E+00
  1.016460060379947E+00  1.016833968299079E+00  1.017203845295090E+00
  1.017645137892156E+00  1.018002541987974E+00  1.018356169258472E+00
  1.018764627680365E+00  1.019106615817005E+00  1.019445064651455E+00
  1.019822972008636E+00  1.020150561083122E+00  1.020474833536202E+00
  1.020824320168675E+00  1.021138462222347E+00  1.021449496547169E+00
  1.021772550106332E+00  1.022074136240326E+00  1.022372810410455E+00
  1.022671283062333E+00  1.022961146191343E+00  1.023248280508753E+00
  1.023523894782865E+00  1.023802812014157E+00  1.024079171490262E+00
  1.024333525680808E+00  1.024602220718755E+00  1.024868517528082E+00
  1.025103090931386E+00  1.025362236574760E+00  1.025619132580593E+00
  1.025835290441363E+00  1.026085511047798E+00  1.026333620246529E+00
  1.026532618135312E+00  1.026774491875730E+00  1.027014382586241E+00
  1.027197369982575E+00  1.027431430752656E+00  1.027663627437249E+00
  1.027831650448185E+00  1.028058389388407E+00  1.028283374078986E+00
  1.028437377393255E+00  1.028657244050570E+00  1.028875457430078E+00
  1.029016285742012E+00  1.029229688962540E+00  1.029441531200350E+00
  1.029569930415763E+00  1.029777239084779E+00  1.029983070545113E+00
  1.030099689106537E+00  1.030301232856020E+00  1.030501374798262E+00
  1.030606765450055E+00  1.030802835443980E+00  1.030997570821879E+00
  1.031092193090427E+00  1.031283042980964E+00  1.031472617430078E+00
  1.031556841031035E+00  1.031742688158420E+00  1.031927311240725E+00
  1.032001420551307E+00  1.032182447438007E+00  1.032362294190277E+00
  1.032426493843732E+00  1.032602850010273E+00  1.032778062819326E+00
  1.032832484395197E+00  1.033004288501328E+00  1.033174979305356E+00
  1.033219689009091E+00  1.033387031301022E+00  1.033553284093393E+00
  1.033588291249671E+00  1.033751236273463E+00  1.033913109865195E+00
  1.033938375996321E+00  1.034096965520922E+00  1.034254496502154E+00
  1.034269944728420E+00  1.034424200810480E+00  1.034577406640865E+00
  1.034582931124531E+00  1.034732859241404E+00  1.034881741394619E+00
  1.034877216552399E+00  1.035022808729204E+00  1.035167355817191E+00
  1.035152645044950E+00  1.035293882905463E+00  1.035434073712792E+00
  1.035409037395538E+00  1.035545895074229E+00  1.035681701441122E+00
  1.035646204057137E+00  1.035778650919777E+00  1.035910040423000E+00
  1.035863956590931E+00  1.035991959722875E+00  1.036118898115714E+00
  1.036062117480446E+00  1.036185643913707E+00  1.036308097298563E+00
  1.036240528206896E+00  1.036359546868711E+00  1.036477483587501E+00
  1.036399055565752E+00  1.036513538941766E+00  1.036626931179778E+00
  1.036537596283157E+00  1.036647521796994E+00  1.036756346904433E+00
  1.036656080050968E+00  1.036761431168067E+00  1.036865672709601E+00
  1.036754471133680E+00  1.036855238199942E+00  1.036954886745308E+00
  1.036832768716530E+00  1.036928949541052E+00  1.037024003208545E+00
  1.036891006186728E+00  1.036982606372475E+00  1.037073071131763E+00
  1.036929249599537E+00  1.037016282617290E+00  1.037102172349047E+00
  1.036947595690165E+00  1.037030082681665E+00  1.037111418981113E+00
  1.036946169917070E+00  1.037024139206390E+00  1.037100950909123E+00
  1.036925125076930E+00  1.036998611368051E+00  1.037070933772934E+00
  1.036884640915182E+00  1.036953684159859E+00  1.037021557927267E+00
  1.036824924820077E+00  1.036889568752790E+00  1.036953038466501E+00
  1.036746213199731E+00  1.036806503555205E+00  1.036865615952415E+00
  1.036648772676825E+00  1.036704755132991E+00  1.036759557031436E+00
  1.036532900002389E+00  1.036584617931025E+00  1.036635153919438E+00
  1.036398919743987E+00  1.036446411896454E+00  1.036492721900777E+00
  1.036247179396901E+00  1.036290477680131E+00  1.036332594552878E+00
  1.036078042445142E+00  1.036117169924419E+00  1.036155117199922E+00
  1.035891880558910E+00  1.035926849746480E+00  1.035960639644836E+00
  1.035689065877388E+00  1.035719877239986E+00  1.035749508891724E+00
  1.035469963001706E+00  1.035496603476243E+00  1.035522061201896E+00
  1.035234918521231E+00  1.035257359740632E+00  1.035278611124716E+00
  1.034984244139813E+00  1.035002440155843E+00  1.035019433726479E+00
  1.034718187625237E+00  1.034732072198416E+00  1.034744734805817E+00
  1.034436884818403E+00  1.034446368653144E+00  1.034454602961120E+00
  1.034140288388215E+00  1.034145256851504E+00  1.034148939515989E+00
  1.033828074731350E+00  1.033828386714689E+00  1.033827367923795E+00
  3.566999241793341E+00  3.571140048523937E+00  3.576181282705641E+00
  3.711404649906826E+00  3.713890591347541E+00  3.717625525587311E+00
  3.782301325505892E+00  3.783823869571115E+00  3.786867727174959E+00
  3.782301325505892E+00  3.783823869571115E+00  3.786867727174959E+00
  3.711404649906826E+00  3.713890591347541E+00  3.717625525587311E+00
  3.566999241793341E+00  3.571140048523937E+00  3.576181282705641E+00
  3.361920539841256E+00  3.367754548087840E+00  3.374242732699048E+00
  3.131833618498002E+00  3.138836593904678E+00  3.146368382220138E+00
  2.918549877361178E+00  2.926258417260283E+00  2.934422592099199E+00
  2.749764788063891E+00  2.758093364972789E+00  2.766816801734936E+00
  2.635147358964204E+00  2.644176623144541E+00  2.653550611495922E+00
  2.573034463542830E+00  2.582809587908550E+00  2.592890960423392E+00
  2.555804676731653E+00  2.566333168226967E+00  2.577137012143594E+00
  2.572267088370474E+00  2.583545413783328E+00  2.595072060026845E+00
  2.609329322045776E+00  2.621325448511013E+00  2.633544355187117E+00
  2.653684603502089E+00  2.666309527801825E+00  2.679131189614522E+00
  2.693415029579738E+00  2.706508495518357E+00  2.719770626813199E+00
  2.719231925433276E+00  2.732565654982431E+00  2.746037381461582E+00
  2.725049730630903E+00  2.738345574842219E+00  2.751746657010863E+00
  2.707874874864326E+00  2.720833935985138E+00  2.733864648722563E+00
  2.667307148966392E+00  2.679643270184301E+00  2.692018167319135E+00
  2.604968690587116E+00  2.616437979067542E+00  2.627915313440180E+00
  2.523975606403398E+00  2.534395961992393E+00  2.544797006050280E+00
  2.428416979969409E+00  2.437676391534879E+00  2.446893618018965E+00
  2.322816002556026E+00  2.330871675142032E+00  2.338867783084802E+00
  2.211626948110503E+00  2.218497942904285E+00  2.225298183001387E+00
  2.098849050110250E+00  2.104604589195349E+00  2.110284473925856E+00
  1.987798069330746E+00  1.992543386850716E+00  1.997213856368972E+00
  1.881023444018009E+00  1.884885199455172E+00  1.888677517251568E+00
  1.780330829702610E+00  1.783444032533515E+00  1.786496492254717E+00
  1.686867210749817E+00  1.689365012505825E+00  1.691812795132943E+00
  1.601235670970609E+00  1.603242591531783E+00  1.605211258285179E+00
  1.523618603886216E+00  1.525247177326372E+00  1.526849697972001E+00
  1.453896850489027E+00  1.455247315497006E+00  1.456584169235707E+00
  1.391757348083059E+00  1.392919688561870E+00  1.394081243770693E+00
  1.336784412535664E+00  1.337841731067384E+00  1.338911792921140E+00
  1.288531255306719E+00  1.289563264166778E+00  1.290622521608623E+00
  1.246569866551556E+00  1.247655341104064E+00  1.248783568106075E+00
  1.210519247111386E+00  1.211736610129158E+00  1.213012856263520E+00
  1.180053798238037E+00  1.181479466870493E+00  1.182979959460182E+00
  1.154895028417272E+00  1.156599592026729E+00  1.158393497414722E+00
  1.134790422098171E+00  1.136833029255400E+00  1.138976507601746E+00
  1.119483544646617E+00  1.121905095352362E+00  1.124434298591555E+00
  1.108679769779554E+00  1.111495766586454E+00  1.114419714826312E+00
  1.102012901600130E+00  1.105207190295025E+00  1.108501864260159E+00
  1.099019259259192E+00  1.102540252055381E+00  1.106145565962211E+00
  1.099126354332800E+00  1.102887330258210E+00  1.106708525758316E+00
  1.101661550815389E+00  1.105545954278577E+00  1.109460112967536E+00
  1.105881427557718E+00  1.109752791740615E+00  1.113619765587951E+00
  1.111016437284147E+00  1.114731200693175E+00  1.118406958330912E+00
  1.116321128394626E+00  1.119741962666635E+00  1.123091906431716E+00
  1.121120560522561E+00  1.124128286470024E+00  1.127038774334025E+00
  1.124848506577305E+00  1.127351837255907E+00  1.129739367419745E+00
  1.127078711726695E+00  1.129021899904578E+00  1.130840108056199E+00
  1.127551749304072E+00  1.128919938192136E+00  1.130164080334439E+00
  1.126195139363743E+00  1.127016123326161E+00  1.127723619352913E+00
  1.123127639327177E+00  1.123468151780930E+00  1.123713435777995E+00
  1.118637213291617E+00  1.118592868134411E+00  1.118476104111827E+00
  1.113129523941413E+00  1.112809822724686E+00  1.112441372579886E+00
  1.107055769498188E+00  1.106567633470078E+00  1.106051931477456E+00
  1.100837449486394E+00  1.100271244310437E+00  1.099693865718717E+00
  1.094806389179477E+00  1.094227297580993E+00  1.093647677022884E+00
  1.089172096176854E+00  1.088617811892386E+00  1.088068187396565E+00
  1.084019466085878E+00  1.083503435830854E+00  1.082992979050449E+00
  1.079331712872946E+00  1.078850005125076E+00  1.078372105037318E+00
  1.075028067013803E+00  1.074567491919955E+00  1.074107835283006E+00
  1.071003927520830E+00  1.070549224459699E+00  1.070092608239331E+00
  1.067162837330311E+00  1.066701472463250E+00  1.066236071590594E+00
  1.063434225846292E+00  1.062958370220037E+00  1.062477220981534E+00
  1.059776689088807E+00  1.059282922326057E+00  1.058783303502646E+00
  1.056171389139656E+00  1.055659239778853E+00  1.055141105209382E+00
  1.052612122336781E+00  1.052082549941223E+00  1.051547067578893E+00
  1.049097388997595E+00  1.048551861337178E+00  1.048000613702112E+00
  1.045626702754178E+00  1.045066952419391E+00  1.044501794614568E+00
  1.042200433937635E+00  1.041628606976350E+00  1.041051854309861E+00
  1.038821115784058E+00  1.038239964945389E+00  1.037654569276477E+00
  1.035494445569551E+00  1.034907366150604E+00  1.034316905608624E+00
  1.032229255778658E+00  1.031640121784875E+00  1.031048582033585E+00
  1.029036510971796E+00  1.028449330476893E+00  1.027860703970224E+00
  1.025927558185806E+00  1.025345952806829E+00  1.024763666312081E+00
  1.022911735275276E+00  1.022338251039094E+00  1.021764443681855E+00
  1.019993474512814E+00  1.019428803912731E+00  1.018863559899536E+00
  1.017169361756076E+00  1.016611670337162E+00  1.016052421079563E+00
  1.014426002874154E+00  1.013870630521556E+00  1.013311999354327E+00
  1.011739694912398E+00  1.011179476610588E+00  1.010613785606832E+00
  1.009078624792641E+00  1.008504927541894E+00  1.007923408771982E+00
  1.006407627649513E+00  1.005811953361361E+00  1.005206440616086E+00
  1.003694559462166E+00  1.003070278054951E+00  1.002434871230935E+00
  1.000916318428942E+00  1.000259865117920E+00  9.995918621853890E-01
  9.980618674811533E-01  9.973726798693949E-01  9.966720776930389E-01
  9.951297160974472E-01  9.944083990176212E-01  9.936755580865675E-01
  9.921185254123560E-01  9.913632394258676E-01  9.905948857429027E-01
  9.890117585583763E-01  9.882135480991971E-01  9.873980356627283E-01
  9.857601312210351E-01  9.848986591877554E-01  9.840121365952643E-01
  9.822682230761665E-01  9.813099119635283E-01  9.803154636555398E-01
  9.783929811406391E-01  9.772935770488562E-01  9.761452325017058E-01
  9.739608260618970E-01  9.726735845922750E-01  9.713260063674439E-01
  9.688056267841558E-01  9.672945072775101E-01  9.657171164680276E-01
  9.628219286837898E-01  9.610767231239099E-01  9.592685434693276E-01
  9.560188513488808E-01  9.540671827792920E-01  9.520670790175327E-01
  9.485549523037824E-01  9.464660568710285E-01  9.443537374790930E-01
  9.407379980962887E-01  9.386158710982050E-01  9.365023095309951E-01
  9.329862996492725E-01  9.309540389590055E-01  9.289642498483555E-01
  9.257636775107358E-01  9.239442379861001E-01  9.221980958166155E-01
  9.195091870720440E-01  9.180083458559435E-01  9.166048963696546E-01
  9.145809074971694E-01  9.134761457283852E-01  9.124843095327182E-01
  9.112234432264559E-01  9.105594315849654E-01  9.100150687870660E-01
  9.095583559205824E-01  9.093475679906972E-01  9.092551036797337E-01
  9.095907732434312E-01  9.098171024430245E-01  9.101536335966067E-01
  9.112247584224451E-01  9.118484857394742E-01  9.125689334636705E-01
  9.142824852615413E-01  9.152457759256972E-01  9.162884643569158E-01
  9.185251696675027E-01  9.197578966856722E-01  9.210504542492487E-01
  9.236754233427269E-01  9.251013120187610E-01  9.265668772117776E-01
  9.294408508974955E-01  9.309837785194671E-01  9.325472693151955E-01
  9.355377992626923E-01  9.371277758366754E-01  9.387216727601130E-01
  9.417130336113120E-01  9.432911608534580E-01  9.448600759357051E-01
  9.477605462372769E-01  9.492822609538419E-01  9.507856466008650E-01
  9.535311353905409E-01  9.549673210855357E-01  9.563800090533077E-01
  9.589337432215602E-01  9.602697401915508E-01  9.615804639178249E-01
  9.639293013537701E-01  9.651622858274712E-01  9.663707494912508E-01
  9.685193252092098E-01  9.696548033593879E-01  9.707680771725105E-01
  9.727322269143801E-01  9.737804289728231E-01  9.748094296074861E-01
  9.766101616108486E-01  9.775829571795779E-01  9.785395694133392E-01
  9.801984148919016E-01  9.811070997774523E-01  9.820022146962082E-01
  9.835382767427266E-01  9.843923086091063E-01  9.852347935416105E-01
  9.866633890330974E-01  9.874699448826176E-01  9.882663799301662E-01
  9.895989064247139E-01  9.903630254921781E-01  9.911179565477826E-01
  9.923625202406124E-01  9.930875726349427E-01  9.938040261768942E-01
  9.949663984787613E-01  9.956546565853853E-01  9.963347090111017E-01
  9.974192847597471E-01  9.980724415032315E-01  9.987177065139704E-01
  9.997282674149724E-01  1.000347818287923E+00  1.000959787073924E+00
  1.001899994064950E+00  1.002487461624440E+00  1.003067687794369E+00
  1.003941315107312E+00  1.004498336878275E+00  1.005048494666912E+00
  1.005859469476733E+00  1.006387791301477E+00  1.006909651523539E+00
  1.007661979603158E+00  1.008163399834755E+00  1.008658767666727E+00
  1.009356417033573E+00  1.009832718639925E+00  1.010303366984476E+00
  1.010950159835869E+00  1.011403053956936E+00  1.011850672191187E+00
  1.012450210898709E+00  1.012881301968606E+00  1.013307467094299E+00
  1.013863099763697E+00  1.014273872206638E+00  1.014680040463303E+00
  1.015194858821308E+00  1.015586679689327E+00  1.015974192206871E+00
  1.016451049394476E+00  1.016825179676714E+00  1.017195274969661E+00
  1.017636811274565E+00  1.017994419661426E+00  1.018348247285959E+00
  1.018756915327446E+00  1.019099090482684E+00  1.019437722557533E+00
  1.019815807631797E+00  1.020143567337196E+00  1.020468006819002E+00
  1.020817641516883E+00  1.021131938733103E+00  1.021443124797859E+00
  1.021766299004800E+00  1.022068025741742E+00  1.022366837265712E+00
  1.022665405315123E+00  1.022955395359625E+00  1.023242653506788E+00
  1.023518340017940E+00  1.023797371307167E+00  1.024073841909298E+00
  1.024328247208096E+00  1.024597044243342E+00  1.024863440265727E+00
  1.025098045658150E+00  1.025357282018745E+00  1.025614266103350E+00
  1.025830438860937E+00  1.026080739686290E+00  1.026328926613362E+00
  1.026527924383991E+00  1.026769868642680E+00  1.027009827533833E+00
  1.027192801947582E+00  1.027426924358954E+00  1.027659180507184E+00
  1.027827179905475E+00  1.028053972465181E+00  1.028279008765604E+00
  1.028432980153969E+00  1.028652893296970E+00  1.028871151328828E+00
  1.029011941788129E+00  1.029225385279056E+00  1.029437266138115E+00
  1.029565624007113E+00  1.029772967674587E+00  1.029978832675252E+00
  1.030095408842848E+00  1.030296983278204E+00  1.030497154644397E+00
  1.030602504273321E+00  1.030798601604191E+00  1.030993363256250E+00
  1.031087948215406E+00  1.031278823047759E+00  1.031468421575217E+00
  1.031552613795272E+00  1.031738484397398E+00  1.031923130287339E+00
  1.031997216180701E+00  1.032178265960690E+00  1.032358135129258E+00
  1.032422321135001E+00  1.032598700440116E+00  1.032773936091332E+00
  1.032828355321811E+00  1.033000183564463E+00  1.033170898376589E+00
  1.033215618262098E+00  1.033382986354058E+00  1.033549264970763E+00
  1.033584295728522E+00  1.033747268784159E+00  1.033909170567351E+00
  1.033934474267339E+00  1.034093094519817E+00  1.034250656504894E+00
  1.034266156469718E+00  1.034420446332517E+00  1.034573686316101E+00
  1.034579276576004E+00  1.034729241776132E+00  1.034878161461430E+00
  1.034873715988156E+00  1.035019348696701E+00  1.035163936821838E+00
  1.035149318283325E+00  1.035290600172732E+00  1.035430835552029E+00
  1.035405903359034E+00  1.035542808523919E+00  1.035678662940128E+00
  1.035643280391358E+00  1.035775778079709E+00  1.035907218975836E+00
  1.035861259348308E+00  1.035989316461577E+00  1.036116309392905E+00
  1.036059660871242E+00  1.036183244203884E+00  1.036305755023148E+00
  1.036238324417087E+00  1.036357402617690E+00  1.036475399378085E+00
  1.036397114638929E+00  1.036511659885602E+00  1.036625114456804E+00
  1.036535926061579E+00  1.036645915452989E+00  1.036754804854059E+00
  1.036654686169642E+00  1.036760102839239E+00  1.036864410298426E+00
  1.036753357060528E+00  1.036854191024279E+00  1.036953906778552E+00
  1.036831935831646E+00  1.036928184578334E+00  1.037023306424309E+00
  1.036890453894071E+00  1.036982122721892E+00  1.037072656324438E+00
  1.036928975465338E+00  1.037016077559999E+00  1.037102036515957E+00
  1.036947595603474E+00  1.037030151843697E+00  1.037111557487758E+00
  1.036946438269101E+00  1.037024476738634E+00  1.037101357669802E+00
  1.036925654956997E+00  1.036999210141291E+00  1.037071601444921E+00
  1.036885424321653E+00  1.036954535973646E+00  1.037022478117622E+00
  1.036825952884981E+00  1.036890664557294E+00  1.036954201951153E+00
  1.036747476424990E+00  1.036807833684712E+00  1.036867012906829E+00
  1.036650261178461E+00  1.036706309548286E+00  1.036761177270963E+00
  1.036534603756299E+00  1.036586386465339E+00  1.036636987145073E+00
  1.036400828823814E+00  1.036448384496519E+00  1.036494757942916E+00
  1.036249284192680E+00  1.036292644631660E+00  1.036334823603112E+00
  1.036080333852590E+00  1.036119522051661E+00  1.036157530020493E+00
  1.035894350133271E+00  1.035929378578506E+00  1.035963227747277E+00
  1.035691705950390E+00  1.035722575140079E+00  1.035752264678965E+00
  1.035472766764154E+00  1.035499463734359E+00  1.035524978071067E+00
  1.035237880079729E+00  1.035260376635150E+00  1.035281683534266E+00
  1.034987358570011E+00  1.035005609005374E+00  1.035022657246353E+00
  1.034721451060971E+00  1.034735389441960E+00  1.034748106187585E+00
  1.034440294588693E+00  1.034449831969992E+00  1.034458120238785E+00
  1.034143843011613E+00  1.034148865129949E+00  1.034152601946281E+00
  1.033831773045890E+00  1.033832139145246E+00  1.033831175039798E+00
  3.620803190013417E+00  3.625000373646021E+00  3.630114026837467E+00
  3.767219722924516E+00  3.769759899442549E+00  3.773573178791574E+00
  3.838869233462757E+00  3.840448511410426E+00  3.843579938224162E+00
  3.838869233462757E+00  3.840448511410426E+00  3.843579938224162E+00
  3.767219722924516E+00  3.769759899442549E+00  3.773573178791574E+00
  3.620803190013417E+00  3.625000373646021E+00  3.630114026837467E+00
  3.412223697887425E+00  3.418120752817225E+00  3.424683217155057E+00
  3.177696090716399E+00  3.184767978812081E+00  3.192378282150777E+00
  2.959956950366107E+00  2.967740771447225E+00  2.975989121078058E+00
  2.787346428714863E+00  2.795761083056652E+00  2.804578664360859E+00
  2.669733579448821E+00  2.678862916054227E+00  2.688344232372562E+00
  2.605389191793869E+00  2.615278347538951E+00  2.625480327494060E+00
  2.586516897191123E+00  2.597172174306671E+00  2.608108730892813E+00
  2.601715126674697E+00  2.613131764352613E+00  2.624801942715471E+00
  2.637688660317387E+00  2.649832840547312E+00  2.662204244849228E+00
  2.680969199678630E+00  2.693749007767608E+00  2.706729180613468E+00
  2.719535153503387E+00  2.732786423209455E+00  2.746209169171298E+00
  2.744047339481708E+00  2.757537423714797E+00  2.771167542199510E+00
  2.748406417334719E+00  2.761852891655393E+00  2.775405942815146E+00
  2.729627895644865E+00  2.742728103056247E+00  2.755900692888542E+00
  2.687338054761272E+00  2.699802882273993E+00  2.712306699884419E+00
  2.623201385705621E+00  2.634784933603455E+00  2.646376311220194E+00
  2.540388015888972E+00  2.550907137673034E+00  2.561406382673549E+00
  2.443044080033131E+00  2.452386591940247E+00  2.461686083910483E+00
  2.335742966785244E+00  2.343866631547678E+00  2.351929707122753E+00
  2.222975470321821E+00  2.229900463102814E+00  2.236753565651374E+00
  2.108761811474623E+00  2.114558835944942E+00  2.120279031943276E+00
  1.996425293313233E+00  2.001201248686411E+00  2.005901204426024E+00
  1.888513214354076E+00  1.892396454714591E+00  1.896209175824837E+00
  1.786823026910451E+00  1.789950181079986E+00  1.793015615046639E+00
  1.692490146139807E+00  1.694995852475395E+00  1.697450689615556E+00
  1.606104493400017E+00  1.608114598011695E+00  1.610085736699343E+00
  1.527834836997424E+00  1.529463022972878E+00  1.531064581726349E+00
  1.457548681108561E+00  1.458896148340345E+00  1.460229557803774E+00
  1.394920440595134E+00  1.396077946150400E+00  1.397234331933787E+00
  1.339523087710242E+00  1.340574334210336E+00  1.341638083605843E+00
  1.290899890826015E+00  1.291925046950382E+00  1.292977289249005E+00
  1.248614389496512E+00  1.249692582022554E+00  1.250813431120443E+00
  1.212278614266144E+00  1.213488553304397E+00  1.214757340483117E+00
  1.181561395117578E+00  1.182979758637962E+00  1.184472972339671E+00
  1.156179949969663E+00  1.157877592321580E+00  1.159664669225871E+00
  1.135878617912070E+00  1.137914978466057E+00  1.140052378199844E+00
  1.120398816920176E+00  1.122815122674873E+00  1.125339333427894E+00
  1.109444606331963E+00  1.112256719426781E+00  1.115177127081150E+00
  1.102649117509037E+00  1.105841256968783E+00  1.109134214854903E+00
  1.099548423263515E+00  1.103069357476056E+00  1.106675126352708E+00
  1.099570000187588E+00  1.103333314424664E+00  1.107157424316607E+00
  1.102041208213892E+00  1.105930578162177E+00  1.109850318726088E+00
  1.106218509759306E+00  1.110097605559935E+00  1.113972938204732E+00
  1.111331942497461E+00  1.115057207794134E+00  1.118744068739722E+00
  1.116634953749047E+00  1.120068842608738E+00  1.123432356564308E+00
  1.121450115173639E+00  1.124472855976486E+00  1.127398697018329E+00
  1.125206461967556E+00  1.127725652600504E+00  1.130129093196300E+00
  1.127470271349302E+00  1.129428522977581E+00  1.131261470799427E+00
  1.127972551277304E+00  1.129353109458390E+00  1.130608919644234E+00
  1.126631253051377E+00  1.127460291696416E+00  1.128174879961354E+00
  1.123558548953406E+00  1.123902043072807E+00  1.124149299961591E+00
  1.119041278600843E+00  1.118995273220485E+00  1.118876030460366E+00
  1.113489996413667E+00  1.113165482829890E+00  1.112791757771647E+00
  1.107364993634916E+00  1.106870899852200E+00  1.106349170293879E+00
  1.101097714986180E+00  1.100526240260436E+00  1.099943825816300E+00
  1.095027476550532E+00  1.094444935636188E+00  1.093862242269808E+00
  1.089366941195232E+00  1.088811282452626E+00  1.088260643473825E+00
  1.084199884427081E+00  1.083684107891742E+00  1.083174146112429E+00
  1.079505687952111E+00  1.079025089391025E+00  1.078548394989405E+00
  1.075199118886872E+00  1.074739783418954E+00  1.074281351561664E+00
  1.071172127782559E+00  1.070718344096104E+00  1.070262579342629E+00
  1.067326536674323E+00  1.066865635204897E+00  1.066400627869054E+00
  1.063591610087843E+00  1.063115848911737E+00  1.062634749822229E+00
  1.059926678462914E+00  1.059432811827664E+00  1.058933078487530E+00
  1.056313842558152E+00  1.055801554712521E+00  1.055283286889334E+00
  1.052747587149071E+00  1.052217924830355E+00  1.051682364418590E+00
  1.049226697974219E+00  1.048681146663874E+00  1.048129883755356E+00
  1.045750636595307E+00  1.045190901688101E+00  1.044625759335532E+00
  1.042319542434905E+00  1.041747727255263E+00  1.041170978028359E+00
  1.038935692524579E+00  1.038354514430912E+00  1.037769078257571E+00
  1.035604602546675E+00  1.035017441952307E+00  1.034426887578681E+00
  1.032335038450558E+00  1.031745779699440E+00  1.031154109308066E+00
  1.029138011480945E+00  1.028550696669353E+00  1.027961942161453E+00
  1.026025003875406E+00  1.025443305727777E+00  1.024860948051342E+00
  1.023005538935754E+00  1.022432060084490E+00  1.021858294135917E+00
  1.020084233067268E+00  1.019519712037052E+00  1.018954662348992E+00
  1.017257791931633E+00  1.016700411968545E+00  1.016141517435902E+00
  1.014512815138095E+00  1.013957891686218E+00  1.013399738664750E+00
  1.011825430428779E+00  1.011265728974169E+00  1.010700559123044E+00
  1.009163505033672E+00  1.008590291413438E+00  1.008009231173180E+00
  1.006491480216561E+00  1.005896154135510E+00  1.005290941222502E+00
  1.003776877108071E+00  1.003152747588363E+00  1.002517439335490E+00
  1.000996477504527E+00  1.000340002282076E+00  9.996719472180240E-01
  9.981394807781714E-01  9.974502291634799E-01  9.967495865269725E-01
  9.952050356015371E-01  9.944838472735213E-01  9.937512351044272E-01
  9.921927619648439E-01  9.914380884542967E-01  9.906705269213992E-01
  9.890871678331263E-01  9.882903145215485E-01  9.874763932411585E-01
  9.858397422963220E-01  9.849804927869283E-01  9.840964244435527E-01
  9.823551613011164E-01  9.813998124015459E-01  9.804084747390084E-01
  9.784894566724315E-01  9.773933190335342E-01  9.762482192958887E-01
  9.740670076165605E-01  9.727826125822477E-01  9.714376253267630E-01
  9.689187561573688E-01  9.674091824096824E-01  9.658328383590384E-01
  9.629360795593187E-01  9.611903136052830E-01  9.593808940105141E-01
  9.561256103888741E-01  9.541708077410611E-01  9.521668374342378E-01
  9.486449831086166E-01  9.465504373518465E-01  9.444318369883137E-01
  9.408030599882601E-01  9.386733694960355E-01  9.365518457584657E-01
  9.330210573113786E-01  9.309803078950327E-01  9.289819284131646E-01
  9.257667177076168E-01  9.239389678713510E-01  9.221846994926862E-01
  9.194830100197672E-01  9.179749925113747E-01  9.165647665271774E-01
  9.145310619947186E-01  9.134208947787829E-01  9.124241713980498E-01
  9.111572126108840E-01  9.104898328049820E-01  9.099426434164914E-01
  9.094834137364574E-01  9.092712331180042E-01  9.091778659913814E-01
  9.095140925299942E-01  9.097407055642113E-01  9.100779104240136E-01
  9.111518944775315E-01  9.117771480887134E-01  9.124993894037603E-01
  9.142172324564634E-01  9.151828138262998E-01  9.162279364036140E-01
  9.184695326542091E-01  9.197048643527458E-01  9.210000607398552E-01
  9.236298228763720E-01  9.250582575112655E-01  9.265263183481074E-01
  9.294044819165809E-01  9.309496307461491E-01  9.325152376854112E-01
  9.355090618309300E-01  9.371007843682418E-01  9.386962970368032E-01
  9.416899641187650E-01  9.432693184267003E-01  9.448393305859349E-01
  9.477411890508776E-01  9.492636531790914E-01  9.507676769225041E-01
  9.535138145702499E-01  9.549503687979261E-01  9.563633430684585E-01
  9.589172173432381E-01  9.602533237293179E-01  9.615641065736097E-01
  9.639128071889671E-01  9.651457623429543E-01  9.663541752400475E-01
  9.685025334081877E-01  9.696379437912139E-01  9.707511504755698E-01
  9.727151421571677E-01  9.737633083781956E-01  9.747922877209294E-01
  9.765930006278963E-01  9.775658310579828E-01  9.785224988750372E-01
  9.801814900849216E-01  9.810902920035753E-01  9.819855447783469E-01
  9.835219037491690E-01  9.843761266647177E-01  9.852188196673309E-01
  9.866478264433175E-01  9.874546281027109E-01  9.882513203907991E-01
  9.895843272690301E-01  9.903487240689977E-01  9.911039385875686E-01
  9.923490090862120E-01  9.930743501534114E-01  9.937910933636042E-01
  9.949539652953511E-01  9.956425069473529E-01  9.963228406251785E-01
  9.974078866707659E-01  9.980613116315900E-01  9.987068407374385E-01
  9.997178311855208E-01  1.000337630062577E+00  1.000949842082363E+00
  1.001890434732825E+00  1.002478129147199E+00  1.003058577535479E+00
  1.003932548724333E+00  1.004489777636913E+00  1.005040138459365E+00
  1.005851419949570E+00  1.006379931639284E+00  1.006901978245431E+00
  1.007654580865325E+00  1.008156176165419E+00  1.008651716130341E+00
  1.009349612260002E+00  1.009826076150838E+00  1.010296884234477E+00
  1.010943899312739E+00  1.011396944330318E+00  1.011844711152142E+00
  1.012444449734621E+00  1.012875681173824E+00  1.013301984483589E+00
  1.013857796107044E+00  1.014268698898644E+00  1.014674995380550E+00
  1.015189972798054E+00  1.015581914331197E+00  1.015969545432525E+00
  1.016446542682264E+00  1.016820784249487E+00  1.017190988794246E+00
  1.017632647092668E+00  1.017990357726137E+00  1.018344285628343E+00
  1.018753058611227E+00  1.019095327373495E+00  1.019434051165702E+00
  1.019812225220956E+00  1.020140070335842E+00  1.020464593425466E+00
  1.020814302268989E+00  1.021128677156845E+00  1.021439939181407E+00
  1.021763173815544E+00  1.022064970940786E+00  1.022363851228026E+00
  1.022662467069605E+00  1.022952520655181E+00  1.023239840800084E+00
  1.023515563512629E+00  1.023794651910513E+00  1.024071178154843E+00
  1.024325609079092E+00  1.024594457188706E+00  1.024860902892752E+00
  1.025095524338170E+00  1.025354806128636E+00  1.025611834323189E+00
  1.025828014573178E+00  1.026078355574202E+00  1.026326581430822E+00
  1.026525579170283E+00  1.026767558748623E+00  1.027007551789633E+00
  1.027190519722315E+00  1.027424673008492E+00  1.027656958941570E+00
  1.027824946524624E+00  1.028051765941236E+00  1.028276828092469E+00
  1.028430783488629E+00  1.028650719914060E+00  1.028869000310265E+00
  1.029009771792803E+00  1.029223235450446E+00  1.029435135650110E+00
  1.029563472773873E+00  1.029770833963652E+00  1.029976715755922E+00
  1.030093270633125E+00  1.030294860425836E+00  1.030495046516718E+00
  1.030600375520000E+00  1.030796486525065E+00  1.030991261318185E+00
  1.031085827489048E+00  1.031276714789492E+00  1.031466325351566E+00
  1.031550501730109E+00  1.031736384058607E+00  1.031921041339669E+00
  1.031995115358374E+00  1.032176176566377E+00  1.032356056922846E+00
  1.032420235926642E+00  1.032596626775505E+00  1.032771873820764E+00
  1.032826291691703E+00  1.032998131971038E+00  1.033168858754284E+00
  1.033213583538589E+00  1.033380964493933E+00  1.033547255984991E+00
  1.033582298349747E+00  1.033745285380674E+00  1.033907201217972E+00
  1.033932523510526E+00  1.034091159083399E+00  1.034248736526058E+00
  1.034264262173529E+00  1.034418568881321E+00  1.034571825895532E+00
  1.034577448865213E+00  1.034727432560796E+00  1.034876370965563E+00
  1.034871965009400E+00  1.035017617937810E+00  1.035162226535305E+00
  1.035147653959511E+00  1.035288957818398E+00  1.035429215438669E+00
  1.035404335168627E+00  1.035541264033435E+00  1.035677142431238E+00
  1.035641817177141E+00  1.035774340237596E+00  1.035905806789665E+00
  1.035859909158490E+00  1.035987993224598E+00  1.036115013387696E+00
  1.036058430834256E+00  1.036182042582071E+00  1.036304582084457E+00
  1.036237220649855E+00  1.036356328588898E+00  1.036474355339643E+00
  1.036396142187202E+00  1.036510718341965E+00  1.036624204053068E+00
  1.036535088869935E+00  1.036645110176659E+00  1.036754031701641E+00
  1.036653987078076E+00  1.036759436504184E+00  1.036863776903038E+00
  1.036752797824177E+00  1.036853665220567E+00  1.036953414563763E+00
  1.036831517160137E+00  1.036927799855280E+00  1.037022955778424E+00
  1.036890175507190E+00  1.036981878646692E+00  1.037072446662042E+00
  1.036928836162115E+00  1.037015972788908E+00  1.037101966351146E+00
  1.036947593342429E+00  1.037030184203461E+00  1.037111624516742E+00
  1.036946570257946E+00  1.037024643316517E+00  1.037101558861262E+00
  1.036925917750701E+00  1.036999507382691E+00  1.037071933137199E+00
  1.036885813928059E+00  1.036954959786682E+00  1.037022936122271E+00
  1.036826464877305E+00  1.036891210423920E+00  1.036954781662680E+00
  1.036748106060147E+00  1.036808496777683E+00  1.036867709418237E+00
  1.036651003519367E+00  1.036707084852557E+00  1.036761985494147E+00
  1.036535453794893E+00  1.036587268901174E+00  1.036637901933836E+00
  1.036401781600012E+00  1.036449369040056E+00  1.036495774214897E+00
  1.036250334903707E+00  1.036293726427673E+00  1.036335936455724E+00
  1.036081477947997E+00  1.036120696513712E+00  1.036158734836028E+00
  1.035895583393200E+00  1.035930641473425E+00  1.035964520283557E+00
  1.035693024546468E+00  1.035723922655053E+00  1.035753641142773E+00
  1.035474167302581E+00  1.035500892524992E+00  1.035526435171410E+00
  1.035239359627389E+00  1.035261883854185E+00  1.035283218513890E+00
  1.034988914674623E+00  1.035007192322186E+00  1.035024267900477E+00
  1.034723081797302E+00  1.034737047084141E+00  1.034749790900344E+00
  1.034441998658506E+00  1.034451562814902E+00  1.034459878065365E+00
  1.034145619778004E+00  1.034150668727468E+00  1.034154432622681E+00
  1.033833621899525E+00  1.033834015061802E+00  1.033833078303309E+00
