  7.521579784072915E+00  7.511054667653142E+00  7.500519467651962E+00

  9.407389331425561E-01  9.407221755687637E-01  9.407054238304188E-01
  9.407364423940666E-01  9.407196829512680E-01  9.407029292719242E-01
  9.407351968812996E-01  9.407184365053822E-01  9.407016818569400E-01
  9.407351968812996E-01  9.407184365053822E-01  9.407016818569400E-01
  9.407364423940666E-01  9.407196829512680E-01  9.407029292719242E-01
  9.407389331425561E-01  9.407221755687637E-01  9.407054238304188E-01
  9.407426685718943E-01  9.407259138085293E-01  9.407091649886827E-01
  9.407476478516484E-01  9.407308968484228E-01  9.407141519329630E-01
  9.407538698772036E-01  9.407371235948663E-01  9.407203835808493E-01
  9.407613332718039E-01  9.407445926848765E-01  9.407278585832923E-01
  9.407700363895048E-01  9.407533024890031E-01  9.407365753275277E-01
  9.407799773172937E-01  9.407632511134347E-01  9.407465319391669E-01
  9.407911538801038E-01  9.407744364049963E-01  9.407577262871758E-01
  9.408035636437956E-01  9.407868559541114E-01  9.407701559868170E-01
  9.408172039210184E-01  9.408005071006412E-01  9.407838184054639E-01
  9.408320717751641E-01  9.408153869378120E-01  9.407987106665004E-01
  9.408481640272649E-01  9.408314923190830E-01  9.408148296561574E-01
  9.408654772607892E-01  9.408488198629104E-01  9.408321720282409E-01
  9.408840078293046E-01  9.408673659603726E-01  9.408507342117195E-01
  9.409037518622606E-01  9.408871267809130E-01  9.408705124164236E-01
  9.409247052736935E-01  9.409080982810007E-01  9.408915026416601E-01
  9.409468637684194E-01  9.409302762102754E-01  9.409137006823073E-01
  9.409702228508745E-01  9.409536561203354E-01  9.409371021375496E-01
  9.409947778338231E-01  9.409782333733906E-01  9.409617024194720E-01
  9.410205238464786E-01  9.410040031503242E-01  9.409874967610635E-01
  9.410474558433897E-01  9.410309604595182E-01  9.410144802249794E-01
  9.410755686141585E-01  9.410591001465065E-01  9.410426477131288E-01
  9.411048567932886E-01  9.410884169037580E-01  9.410719939763933E-01
  9.411353148689068E-01  9.411189052793307E-01  9.411025136232125E-01
  9.411669371928958E-01  9.411505596869373E-01  9.411342011295826E-01
  9.411997179917108E-01  9.411833744166931E-01  9.411670508497361E-01
  9.412336513758428E-01  9.412173436445130E-01  9.412010570254715E-01
  9.412687313498963E-01  9.412524614421219E-01  9.412362137960965E-01
  9.413049518244423E-01  9.412887217888417E-01  9.412725152101479E-01
  9.413423066250333E-01  9.413261185805418E-01  9.413099552342757E-01
  9.413807895033415E-01  9.413646456407120E-01  9.413485277642486E-01
  9.414203941479763E-01  9.414042967312147E-01  9.413882266356375E-01
  9.414611141952087E-01  9.414450655629437E-01  9.414290456344037E-01
  9.415029432386254E-01  9.414869458054094E-01  9.414709785064103E-01
  9.415458748410422E-01  9.415299310985801E-01  9.415140189691851E-01
  9.415899025445642E-01  9.415740150628656E-01  9.415581607218194E-01
  9.416350198813417E-01  9.416191913097904E-01  9.416033974555506E-01
  9.416812203837196E-01  9.416654534520511E-01  9.416497228637182E-01
  9.417284975944215E-01  9.417127951136016E-01  9.416971306517418E-01
  9.417768450772070E-01  9.417612099402024E-01  9.417456145475503E-01
  9.418262564270744E-01  9.418106916095033E-01  9.417951683115371E-01
  9.418767252788016E-01  9.418612338394560E-01  9.418457857448321E-01
  9.419282453185116E-01  9.419128303997364E-01  9.418974607005725E-01
  9.419808102921357E-01  9.419654751200512E-01  9.419501870920428E-01
  9.420344140136759E-01  9.420191618982322E-01  9.420039589005903E-01
  9.420890503755224E-01  9.420738847103716E-01  9.420587701855688E-01
  9.421447133557698E-01  9.421296376179535E-01  9.421146150912716E-01
  9.422013970269342E-01  9.421864147763783E-01  9.421714878552501E-01
  9.422590955631172E-01  9.422442104419254E-01  9.422293828150641E-01
  9.423178032477967E-01  9.423030189793229E-01  9.422882944156185E-01
  9.423775144789568E-01  9.423628348666175E-01  9.423482172137642E-01
  9.424382237775284E-01  9.424236527033034E-01  9.424091458861070E-01
  9.424999257912728E-01  9.424854672138432E-01  9.424710752321540E-01
  9.425626153016123E-01  9.425482732540981E-01  9.425340001803251E-01
  9.426262872293171E-01  9.426120658166069E-01  9.425979157927985E-01
  9.426909366385181E-01  9.426768400342123E-01  9.426628172687167E-01
  9.427565587414162E-01  9.427425911844124E-01  9.427286999481493E-01
  9.428231489012797E-01  9.428093146920222E-01  9.427955593143863E-01
  9.428907026329336E-01  9.428770061293041E-01  9.428633909936897E-01
  9.429592156030996E-01  9.429456612158881E-01  9.429321907547806E-01
  9.430286836290749E-01  9.430152758169369E-01  9.430019545064832E-01
  9.430991026755096E-01  9.430858459393113E-01  9.430726782932674E-01
  9.431704688507793E-01  9.431573677272491E-01  9.431443582902233E-01
  9.432427784026907E-01  9.432298374573279E-01  9.432169907972626E-01
  9.433160277116246E-01  9.433032515308427E-01  9.432905722307113E-01
  9.433902132857610E-01  9.433776064682531E-01  9.433650991169605E-01
  9.434653317500821E-01  9.434528988973935E-01  9.434405680798695E-01
  9.435413798368736E-01  9.435291255431550E-01  9.435169758296209E-01
  9.436183543746094E-01  9.436062832155157E-01  9.435943191498933E-01
  9.436962522728288E-01  9.436843687935260E-01  9.436725948809596E-01
  9.437750705073069E-01  9.437633792095627E-01  9.437517999030276E-01
  9.438548061018686E-01  9.438433114302061E-01  9.438319311161951E-01
  9.439354561084875E-01  9.439241624354020E-01  9.439129854186896E-01
  9.440170175873405E-01  9.440059291975835E-01  9.439949596850820E-01
  9.440994875796145E-01  9.440886086535619E-01  9.440778507372942E-01
  9.441828630845515E-01  9.441721976806831E-01  9.441616553199078E-01
  9.442671410304853E-01  9.442566930670162E-01  9.442463700695543E-01
  9.443523182430646E-01  9.443420914787837E-01  9.443319914816117E-01
  9.444383914144048E-01  9.444283894287955E-01  9.444185158779906E-01
  9.445253570682511E-01  9.445155832409871E-01  9.445059393711258E-01
  9.446132115231618E-01  9.446036690130901E-01  9.445942578262241E-01
  9.447019508541434E-01  9.446926425778889E-01  9.446834668222422E-01
  9.447915708534086E-01  9.447824994637529E-01  9.447735616123044E-01
  9.448820669896235E-01  9.448732348538362E-01  9.448645370829718E-01
  9.449734343646460E-01  9.449648435429630E-01  9.449563877114050E-01
  9.450656676713615E-01  9.450573198958306E-01  9.450491075240700E-01
  9.451587611493221E-01  9.451506578032545E-01  9.451426900537298E-01
  9.452527085427869E-01  9.452448506410690E-01  9.452371282993541E-01
  9.453475030566209E-01  9.453398912271602E-01  9.453324146844342E-01
  9.454431373149099E-01  9.454357717814988E-01  9.454285410185833E-01
  9.455396033203773E-01  9.455324838872673E-01  9.455254984605217E-01
  9.456368924166723E-01  9.456300184551567E-01  9.456232774845228E-01
  9.457349952525670E-01  9.457283656898686E-01  9.457218678493524E-01
  9.458339017503483E-01  9.458275150610999E-01  9.458212585719672E-01
  9.459336010759414E-01  9.459274552765348E-01  9.459214379034813E-01
  9.460340816187693E-01  9.460281742648301E-01  9.460223933153609E-01
  9.461353309700319E-01  9.461296591572439E-01  9.461241114844674E-01
  9.462373359126134E-01  9.462318962810882E-01  9.462265782900925E-01
  9.463400824141933E-01  9.463348711565330E-01  9.463297788144642E-01
  9.464435556276681E-01  9.464385685008236E-01  9.464336973507371E-01
  9.465477399006235E-01  9.465429722415932E-01  9.465383174200904E-01
  9.466526187891044E-01  9.466480655344585E-01  9.466436217930597E-01
  9.467581750816823E-01  9.467538307908319E-01  9.467495925209701E-01
  9.468643908300940E-01  9.468602497121584E-01  9.468562109736125E-01
  9.469712473882355E-01  9.469673033322890E-01  9.469634578848061E-01
  9.470787254576106E-01  9.470749720660241E-01  9.470713134038163E-01
  9.471868051406230E-01  9.471832357651487E-01  9.471797571538844E-01
  9.472954660004295E-01  9.472920737806168E-01  9.472887682964732E-01
  9.474046871273142E-01  9.474014650307887E-01  9.473983256010815E-01
  9.475144472076003E-01  9.475113880716938E-01  9.475084075165573E-01
  9.476247246011273E-01  9.476218211753096E-01  9.476189922498770E-01
  9.477354974177596E-01  9.477327424062997E-01  9.477300578428112E-01
  9.478467435994433E-01  9.478441297037177E-01  9.478415822529835E-01
  9.479584410016613E-01  9.479559609615285E-01  9.479535434331827E-01
  9.480705674747137E-01  9.480682141083923E-01  9.480659194093968E-01
  9.481831009452998E-01  9.481808671872173E-01  9.481786883581119E-01
  9.482960194943315E-01  9.482938984304566E-01  9.482918286789015E-01
  9.484093014314910E-01  9.484072863317149E-01  9.484053190629294E-01
  9.485229253665415E-01  9.485210097137413E-01  9.485191385575136E-01
  9.486368702738917E-01  9.486350477893839E-01  9.486332666233998E-01
  9.487511155520757E-01  9.487493802172439E-01  9.487476831865651E-01
  9.488656410768413E-01  9.488639871508072E-01  9.488623686834089E-01
  9.489804272454823E-01  9.489788492787727E-01  9.489773040971323E-01
  9.490954550162087E-01  9.490939478604512E-01  9.490924709892591E-01
  9.492107059374176E-01  9.492092647511725E-01  9.492078515213059E-01
  9.493261621713498E-01  9.493247824222614E-01  9.493234284712293E-01
  9.494418065098185E-01  9.494404839733245E-01  9.494391852424467E-01
  9.495576223823999E-01  9.495563531372924E-01  9.495551058659215E-01
  9.496735938587164E-01  9.496723742798875E-01  9.496711749970176E-01
  9.497897056448096E-01  9.497885323935458E-01  9.497873779071755E-01
  9.499059430724391E-01  9.499048130846435E-01  9.499037004692726E-01
  9.500222920855587E-01  9.500212025582889E-01  9.500201291409299E-01
  9.501387392217768E-01  9.501376875984829E-01  9.501366509435604E-01
  9.502552715904664E-01  9.502542555452983E-01  9.502532534387933E-01
  9.503718768491083E-01  9.503708942706428E-01  9.503699247038155E-01
  9.504885431755110E-01  9.504875921502207E-01  9.504866533032134E-01
  9.506052592418717E-01  9.506043380376257E-01  9.506034282632173E-01
  9.507220141843371E-01  9.507211212341857E-01  9.507202390419296E-01
  9.508387975770761E-01  9.508379314635365E-01  9.508370755044777E-01
  9.509555994018515E-01  9.509547588418705E-01  9.509539278940006E-01
  9.510724100222850E-01  9.510715938530192E-01  9.510707868075873E-01
  9.511892201561741E-01  9.511884273216888E-01  9.511876431704587E-01
  9.513060208517374E-01  9.513052503906950E-01  9.513044882141997E-01
  9.514228034626453E-01  9.514220544970214E-01  9.514213134538433E-01
  9.515395596283465E-01  9.515388313531863E-01  9.515381106702632E-01
  9.516562812515942E-01  9.516555729257969E-01  9.516548718897347E-01
  9.517729604811630E-01  9.517722714192663E-01  9.517715893686219E-01
  9.518895896962900E-01  9.518889192612069E-01  9.518882555796898E-01
  9.520061614894174E-01  9.520055090860705E-01  9.520048631966052E-01
  9.521226686553668E-01  9.521220337251540E-01  9.521214050847343E-01
  9.522391041780986E-01  9.522384861941205E-01  9.522378742893866E-01
  9.523554612208470E-01  9.523548596838223E-01  9.523542640272873E-01
  9.524717331168923E-01  9.524711475516897E-01  9.524705676785459E-01
  9.525879133621525E-01  9.525873433148675E-01  9.525867787803001E-01
  9.527039956075180E-01  9.527034406430246E-01  9.527028910199700E-01
  9.528199736533779E-01  9.528194333532938E-01  9.528188982305795E-01
  9.529358414449407E-01  9.529353154059439E-01  9.529347943867542E-01
  9.530515930665853E-01  9.530510808990299E-01  9.530505735996451E-01
  9.531672227393176E-01  9.531667240661005E-01  9.531662301148661E-01
  9.532827248157776E-01  9.532822392714111E-01  9.532817583078955E-01
  9.533980937789197E-01  9.533976210087752E-01  9.533971526830812E-01
  9.535133242379432E-01  9.535128638976320E-01  9.535124078698323E-01
  9.536284109267540E-01  9.536279626816179E-01  9.536275186212898E-01
  9.537433487012895E-01  9.537429122259785E-01  9.537424798118156E-01
  9.538581325377159E-01  9.538577075158331E-01  9.538572864353169E-01
  9.539727575300995E-01  9.539723436538985E-01  9.539719336030161E-01
  9.540872188891152E-01  9.540868158592360E-01  9.540864165422316E-01
  9.542015119400089E-01  9.542011194652427E-01  9.542007305943938E-01
  9.543156321212273E-01  9.543152499183025E-01  9.543148712137154E-01
  9.544295749817280E-01  9.544292027751112E-01  9.544288339645275E-01
  9.545433361805062E-01  9.545429737022134E-01  9.545426145208267E-01
  9.546569114846580E-01  9.546565584740726E-01  9.546562086643499E-01
  9.547702967672831E-01  9.547699529709787E-01  9.547696122824859E-01
  9.548834880066291E-01  9.548831531781954E-01  9.548828213674256E-01
  9.549964812830872E-01  9.549961551829573E-01  9.549958320131601E-01
  9.551092727795816E-01  9.551089551748614E-01  9.551086404158735E-01
  9.552218587787030E-01  9.552215494430014E-01  9.552212428710790E-01
  9.553342356608200E-01  9.553339343740801E-01  9.553336357717314E-01
  9.554463999036159E-01  9.554461064519476E-01  9.554458156077669E-01
  9.555583480796579E-01  9.555580622551719E-01  9.555577789636757E-01
  9.556700768540507E-01  9.556697984546942E-01  9.556695225161584E-01
  9.557815829850764E-01  9.557813118144711E-01  9.557810430347708E-01
  9.558928633205175E-01  9.558925991877995E-01  9.558923373782511E-01
  9.560039147970169E-01  9.560036575166792E-01  9.560034024938848E-01
  9.561147344387255E-01  9.561144838304642E-01  9.561142354161594E-01
  9.562253193547260E-01  9.562250752432880E-01  9.562248332641923E-01
  9.563356667383094E-01  9.563354289533449E-01  9.563351932410157E-01
  9.564457738658380E-01  9.564455422417553E-01  9.564453126324450E-01
  9.565556380936276E-01  9.565554124694516E-01  9.565551888039686E-01
  9.566652568583391E-01  9.566650370775736E-01  9.566648192011457E-01
  9.567746276740017E-01  9.567744135844947E-01  9.567742013466375E-01
  9.568837481318735E-01  9.568835395856867E-01  9.568833328400743E-01
  9.569926158973497E-01  9.569924127506313E-01  9.569922113549713E-01
  9.571012287100138E-01  9.571010308228741E-01  9.571008346387853E-01
  9.572095843814630E-01  9.572093916178550E-01  9.572092005107496E-01
  9.573176807942541E-01  9.573174930218559E-01  9.573173068608239E-01
  9.574255159004387E-01  9.574253329905394E-01  9.574251516482365E-01
  9.575330877201780E-01  9.575329095475661E-01  9.575327329001031E-01
  9.405107245194709E-01  9.404938236391074E-01  9.404769272630880E-01
  9.405082000896414E-01  9.404912975311513E-01  9.404743994144056E-01
  9.405069377276754E-01  9.404900343314743E-01  9.404731353457370E-01
  9.405069377276754E-01  9.404900343314743E-01  9.404731353457370E-01
  9.405082000896414E-01  9.404912975311513E-01  9.404743994144056E-01
  9.405107245194709E-01  9.404938236391074E-01  9.404769272630880E-01
  9.405145104292720E-01  9.404976120728560E-01  9.404807183147804E-01
  9.405195569387020E-01  9.405026619601531E-01  9.404857717054531E-01
  9.405258628766570E-01  9.405089721406774E-01  9.404920862857205E-01
  9.405334267834845E-01  9.405165411682329E-01  9.404996606230325E-01
  9.405422469137550E-01  9.405253673135074E-01  9.405084930044217E-01
  9.405523212393950E-01  9.405354485671952E-01  9.405185814396122E-01
  9.405636474537135E-01  9.405467826440075E-01  9.405299236650156E-01
  9.405762229756178E-01  9.405593669868746E-01  9.405425171479165E-01
  9.405900449546449E-01  9.405731987719574E-01  9.405563590914636E-01
  9.406051102761882E-01  9.405882749138539E-01  9.405714464398539E-01
  9.406214155675431E-01  9.406045920716209E-01  9.405877758843286E-01
  9.406389572040672E-01  9.406221466549075E-01  9.406053438692765E-01
  9.406577313161397E-01  9.406409348308844E-01  9.406241465991318E-01
  9.406777337962431E-01  9.406609525312919E-01  9.406441800453850E-01
  9.406989603068245E-01  9.406821954602643E-01  9.406654399543674E-01
  9.407214062880982E-01  9.407046591020901E-01  9.406879218549663E-01
  9.407450669666274E-01  9.407283387297486E-01  9.407116210671138E-01
  9.407699373641840E-01  9.407532294137190E-01  9.407365327105419E-01
  9.407960123067637E-01  9.407793260309414E-01  9.407626517136872E-01
  9.408232864340006E-01  9.408066232741726E-01  9.407899728229864E-01
  9.408517542089914E-01  9.408351156617486E-01  9.408184906125737E-01
  9.408814099283215E-01  9.408647975475443E-01  9.408481994941751E-01
  9.409122477320440E-01  9.408956631308844E-01  9.408790937269492E-01
  9.409442616141365E-01  9.409277064669300E-01  9.409111674278043E-01
  9.409774454331463E-01  9.409609214772531E-01  9.409444145819011E-01
  9.410117929228288E-01  9.409953019604026E-01  9.409788290531490E-01
  9.410472977028969E-01  9.410308416025841E-01  9.410144045948150E-01
  9.410839532902067E-01  9.410675339887763E-01  9.410511348605731E-01
  9.411217531095144E-01  9.411053726134203E-01  9.410890134151264E-01
  9.411606905045867E-01  9.411443508914658E-01  9.411280337451885E-01
  9.412007587493760E-01  9.411844621694836E-01  9.411681892705338E-01
  9.412419510590881E-01  9.412256997366736E-01  9.412094733549430E-01
  9.412842606011511E-01  9.412680568357747E-01  9.412518793170521E-01
  9.413276805065272E-01  9.413115266743183E-01  9.412954004415434E-01
  9.413722038807253E-01  9.413561024355811E-01  9.413400299900335E-01
  9.414178238148181E-01  9.414017772895401E-01  9.413857612119594E-01
  9.414645333962951E-01  9.414485444036588E-01  9.414325873552899E-01
  9.415123257198612E-01  9.414963969536134E-01  9.414805016771711E-01
  9.415611938982603E-01  9.415453281340378E-01  9.415294974545817E-01
  9.416111310728538E-01  9.415953311690131E-01  9.415795679947244E-01
  9.416621304238312E-01  9.416463993221793E-01  9.416307066450280E-01
  9.417141851807523E-01  9.416985259071649E-01  9.416829068034529E-01
  9.417672886323984E-01  9.417517042973091E-01  9.417361619280756E-01
  9.418214341363809E-01  9.418059279351326E-01  9.417904655464087E-01
  9.418766151288678E-01  9.418611903419170E-01  9.418458112648215E-01
  9.419328251335969E-01  9.419174851265689E-01  9.419021927772426E-01
  9.419900577706787E-01  9.419748059942719E-01  9.419596038736476E-01
  9.420483067648437E-01  9.420331467545683E-01  9.420180384479668E-01
  9.421075659533068E-01  9.420925013290263E-01  9.420774905055478E-01
  9.421678292930623E-01  9.421528637582884E-01  9.421379541699527E-01
  9.422290908684934E-01  9.422142282093753E-01  9.421994236899511E-01
  9.422913448983092E-01  9.422765889822775E-01  9.422618934457524E-01
  9.423545857428691E-01  9.423399405169254E-01  9.423253579555982E-01
  9.424188079110827E-01  9.424042773997660E-01  9.423898118819841E-01
  9.424840060664033E-01  9.424695943694849E-01  9.424552500370739E-01
  9.425501750319387E-01  9.425358863218883E-01  9.425216673873195E-01
  9.426173097940377E-01  9.426031483132589E-01  9.425890590565618E-01
  9.426854055042083E-01  9.426713755619839E-01  9.426574203273561E-01
  9.427544574799497E-01  9.427405634489925E-01  9.427267466410056E-01
  9.428244612045477E-01  9.428107075170379E-01  9.427970335963228E-01
  9.428954123260030E-01  9.428818034690144E-01  9.428682769473197E-01
  9.429673066553491E-01  9.429538471656059E-01  9.429404726001642E-01
  9.430401401642784E-01  9.430268346222217E-01  9.430136166093971E-01
  9.431139089815082E-01  9.431007620046662E-01  9.430877051728769E-01
  9.431886093882721E-01  9.431756256239214E-01  9.431627346258294E-01
  9.432642378115355E-01  9.432514219286199E-01  9.432387014325604E-01
  9.433407908160889E-01  9.433281474963470E-01  9.433156021769533E-01
  9.434182650950287E-01  9.434057990232726E-01  9.433934335512439E-01
  9.434966574582030E-01  9.434843733116993E-01  9.434721923426622E-01
  9.435759648191427E-01  9.435638672560576E-01  9.435518754184873E-01
  9.436561841799622E-01  9.436442778268438E-01  9.436324797090220E-01
  9.437373126143135E-01  9.437256020525944E-01  9.437140021885901E-01
  9.438193472484827E-01  9.438078369999872E-01  9.437964398546552E-01
  9.439022852395900E-01  9.438909797510392E-01  9.438797897040344E-01
  9.439861237524945E-01  9.439750273790115E-01  9.439640487078296E-01
  9.440708599339052E-01  9.440599769215328E-01  9.440492137835991E-01
  9.441564908839680E-01  9.441458253512297E-01  9.441352817650753E-01
  9.442430136260862E-01  9.442325695446366E-01  9.442222493702177E-01
  9.443304250741873E-01  9.443202062486163E-01  9.443101131668509E-01
  9.444187219976210E-01  9.444087320444938E-01  9.443988695361102E-01
  9.445079009840188E-01  9.444981433102553E-01  9.444885146340664E-01
  9.445979584002864E-01  9.445884361810045E-01  9.445790443517433E-01
  9.446888903516698E-01  9.446796065076407E-01  9.446704542735170E-01
  9.447806926389491E-01  9.447716498138348E-01  9.447627396339938E-01
  9.448733607144699E-01  9.448645612520393E-01  9.448558952741295E-01
  9.449668896369410E-01  9.449583355584832E-01  9.449499155965592E-01
  9.450612740258320E-01  9.450529670080070E-01  9.450447945210194E-01
  9.451565080151076E-01  9.451484493684985E-01  9.451405254396382E-01
  9.452525852073300E-01  9.452447758559772E-01  9.452371011731604E-01
  9.453494986284814E-01  9.453419390906980E-01  9.453345139284938E-01
  9.454472406840821E-01  9.454399310548610E-01  9.454327552581701E-01
  9.455458031171367E-01  9.455387430524671E-01  9.455318160222670E-01
  9.456451769686054E-01  9.456383656720214E-01  9.456316863534943E-01
  9.457453525408469E-01  9.457387887525257E-01  9.457323556258740E-01
  9.458463193656559E-01  9.458400013543734E-01  9.458338124286191E-01
  9.459480661758823E-01  9.459419917341171E-01  9.459360445441550E-01
  9.460505808830767E-01  9.460447473255270E-01  9.460390389326782E-01
  9.461538505606506E-01  9.461482547263973E-01  9.461427817226651E-01
  9.462578614336118E-01  9.462524996921169E-01  9.462472582083117E-01
  9.463625988755698E-01  9.463574671366525E-01  9.463524528544904E-01
  9.464680474127762E-01  9.464631411406511E-01  9.464583493088803E-01
  9.465741907364397E-01  9.465695049678402E-01  9.465649304223782E-01
  9.466810117230270E-01  9.466765410893661E-01  9.466721782773664E-01
  9.467884924629500E-01  9.467842312164004E-01  9.467800742240914E-01
  9.468966142973041E-01  9.468925563406048E-01  9.468885989246713E-01
  9.470053578628643E-01  9.470014967825846E-01  9.469977324047910E-01
  9.471147031449095E-01  9.471110322478298E-01  9.471074541125107E-01
  9.472246295373433E-01  9.472211418895411E-01  9.472177429835232E-01
  9.473351159091804E-01  9.473318043773487E-01  9.473285775118081E-01
  9.474461406775254E-01  9.474429979719953E-01  9.474399358257078E-01
  9.475576818849981E-01  9.475547006038936E-01  9.475517957672959E-01
  9.476697172816272E-01  9.476668899555479E-01  9.476641349750059E-01
  9.477822244093068E-01  9.477795435459189E-01  9.477769309675870E-01
  9.478951806879393E-01  9.478926388158470E-01  9.478901612285082E-01
  9.480085635022234E-01  9.480061532135108E-01  9.480038032898050E-01
  9.481223502874080E-01  9.481200642782651E-01  9.481178348137488E-01
  9.482365186129665E-01  9.482343497218556E-01  9.482322336713827E-01
  9.483510462632472E-01  9.483489875061210E-01  9.483469780170964E-01
  9.484659113135609E-01  9.484639559157125E-01  9.484620463578399E-01
  9.485810922010598E-01  9.485792336252598E-01  9.485774176164828E-01
  9.486965677894201E-01  9.486947997600799E-01  9.486930711885047E-01
  9.488123174264109E-01  9.488106339496010E-01  9.488089869912725E-01
  9.489283209942817E-01  9.489267163735224E-01  9.489251455060167E-01
  9.490445589519722E-01  9.490430277998041E-01  9.490415278116836E-01
  9.491610123695486E-01  9.491595496149723E-01  9.491581156112321E-01
  9.492776629545523E-01  9.492762638465079E-01  9.492748912502127E-01
  9.493944930702680E-01  9.493931531773923E-01  9.493918377277690E-01
  9.495114857465820E-01  9.495102009535400E-01  9.495089387008417E-01
  9.496286246835767E-01  9.496273911843131E-01  9.496261784818117E-01
  9.497458942482858E-01  9.497447085365737E-01  9.497435420300682E-01
  9.498632794657487E-01  9.498621383234404E-01  9.498610149386819E-01
  9.499807660047156E-01  9.499796664881049E-01  9.499785834165473E-01
  9.500983401588348E-01  9.500972795835432E-01  9.500962342668183E-01
  9.502159888241682E-01  9.502149647489534E-01  9.502139548624585E-01
  9.503336994734560E-01  9.503327096833215E-01  9.503317331192780E-01
  9.504514601285893E-01  9.504505026175450E-01  9.504495574678608E-01
  9.505692593311110E-01  9.505683322849017E-01  9.505674168241316E-01
  9.506870861125186E-01  9.506861878915970E-01  9.506853005602587E-01
  9.508049299636504E-01  9.508040590866347E-01  9.508031984750956E-01
  9.509227808048692E-01  9.509219359326797E-01  9.509211007657906E-01
  9.510406289566010E-01  9.510398088774319E-01  9.510389980000427E-01
  9.511584651113257E-01  9.511576687265684E-01  9.511568810900253E-01
  9.512762803065959E-01  9.512755066177935E-01  9.512747412674805E-01
  9.513940659001613E-01  9.513933139970401E-01  9.513925700609968E-01
  9.515118135461674E-01  9.515110825957636E-01  9.515103592743855E-01
  9.516295151737671E-01  9.516288044106389E-01  9.516281009674427E-01
  9.517471629675884E-01  9.517464716850856E-01  9.517457874385002E-01
  9.518647493496006E-01  9.518640768921446E-01  9.518634112082803E-01
  9.519822669634906E-01  9.519816127198061E-01  9.519809650061359E-01
  9.520997086602120E-01  9.520990720574430E-01  9.520984417573278E-01
  9.522170674854394E-01  9.522164479840742E-01  9.522158345720561E-01
  9.523343366684779E-01  9.523337337580072E-01  9.523331367357954E-01
  9.524515096126202E-01  9.524509228078505E-01  9.524503417009235E-01
  9.525685798865841E-01  9.525680087245311E-01  9.525674430792808E-01
  9.526855412172780E-01  9.526849852545662E-01  9.526844346359149E-01
  9.528023874835071E-01  9.528018462942091E-01  9.528013102836327E-01
  9.529191127103216E-01  9.529185858841710E-01  9.529180640780696E-01
  9.530357110643919E-01  9.530351982053160E-01  9.530346902136759E-01
  9.531521768496934E-01  9.531516775746106E-01  9.531511830199108E-01
  9.532685045040912E-01  9.532680184419291E-01  9.532675369582478E-01
  9.533846885959860E-01  9.533842153868808E-01  9.533837466191668E-01
  9.535007238215807E-01  9.535002631162216E-01  9.534998067196966E-01
  9.536166050022754E-01  9.536161564613669E-01  9.536157121010329E-01
  9.537323270823583E-01  9.537318903761738E-01  9.537314577264034E-01
  9.538478851268063E-01  9.538474599348136E-01  9.538470386790036E-01
  9.539632743193764E-01  9.539628603299189E-01  9.539624501601921E-01
  9.540784899606664E-01  9.540780868706847E-01  9.540776874876283E-01
  9.541935274663088E-01  9.541931349810944E-01  9.541927460935254E-01
  9.543083823650313E-01  9.543080001980008E-01  9.543076215227504E-01
  9.544230502971376E-01  9.544226781696246E-01  9.544223094313360E-01
  9.545375270127792E-01  9.545371646538363E-01  9.545368055847719E-01
  9.546518083701671E-01  9.546514555163760E-01  9.546511058562311E-01
  9.547658903339805E-01  9.547655467292663E-01  9.547652062249868E-01
  9.548797689735375E-01  9.548794343689870E-01  9.548791027745900E-01
  9.549934404614508E-01  9.549931146151329E-01  9.549927916915283E-01
  9.551069010717808E-01  9.551065837485684E-01  9.551062692633837E-01
  9.552201471783028E-01  9.552198381496964E-01  9.552195318771011E-01
  9.553331752530427E-01  9.553328742969948E-01  9.553325760175270E-01
  9.554459818644654E-01  9.554456887652067E-01  9.554453982656008E-01
  9.555585636757487E-01  9.555582782236161E-01  9.555579952966324E-01
  9.556709174434737E-01  9.556706394347398E-01  9.556703638789965E-01
  9.557830400157383E-01  9.557827692524439E-01  9.557825008722504E-01
  9.558949283306183E-01  9.558946646204061E-01  9.558944032256000E-01
  9.560065794145989E-01  9.560063225705518E-01  9.560060679763385E-01
  9.561179903807944E-01  9.561177402212756E-01  9.561174922480701E-01
  9.562291584275295E-01  9.562289147760259E-01  9.562286732492993E-01
  9.563400808367816E-01  9.563398435217511E-01  9.563396082718795E-01
  9.564507549724161E-01  9.564505238271385E-01  9.564502946892559E-01
  9.565611782788903E-01  9.565609531413212E-01  9.565607299551759E-01
  9.566713482795653E-01  9.566711289921942E-01  9.566709116020089E-01
  9.567812625753298E-01  9.567810489850416E-01  9.567808372393770E-01
  9.568909188428735E-01  9.568907108008143E-01  9.568905045524367E-01
  9.570003148334449E-01  9.570001121948910E-01  9.569999113006434E-01
  9.571094483713163E-01  9.571092509955464E-01  9.571090553162234E-01
  9.572183173524270E-01  9.572181251025992E-01  9.572179345028244E-01
  9.573269197429791E-01  9.573267324860090E-01  9.573265468341168E-01
  9.574352535781516E-01  9.574350711845941E-01  9.574348903525122E-01
  9.402804909002396E-01  9.402634471951419E-01  9.402464082276873E-01
  9.402779312848620E-01  9.402608860576482E-01  9.402438455154501E-01
  9.402766513216639E-01  9.402596053347052E-01  9.402425640064692E-01
  9.402766513216639E-01  9.402596053347052E-01  9.402425640064692E-01
  9.402779312848620E-01  9.402608860576482E-01  9.402438455154501E-01
  9.402804909002396E-01  9.402634471951419E-01  9.402464082276873E-01
  9.402843295462984E-01  9.402672881309362E-01  9.402502515322619E-01
  9.402894462923003E-01  9.402724079421554E-01  9.402553745142843E-01
  9.402958399000233E-01  9.402788054010442E-01  9.402617759566302E-01
  9.403035088260957E-01  9.402864789772905E-01  9.402694543422514E-01
  9.403124512248716E-01  9.402954268408887E-01  9.402784078570289E-01
  9.403226649518321E-01  9.403056468655295E-01  9.402886343931486E-01
  9.403341475676069E-01  9.403171366326071E-01  9.403001315530969E-01
  9.403468963424882E-01  9.403298934357190E-01  9.403128966541451E-01
  9.403609082615265E-01  9.403439142857462E-01  9.403269267334126E-01
  9.403761800301141E-01  9.403591959164185E-01  9.403422185534147E-01
  9.403927080800997E-01  9.403757347904104E-01  9.403587686081364E-01
  9.404104885763881E-01  9.403935271059197E-01  9.403765731295889E-01
  9.404295174240165E-01  9.404125688037208E-01  9.403956280948372E-01
  9.404497902756832E-01  9.404328555746674E-01  9.404159292334748E-01
  9.404713025397493E-01  9.404543828676661E-01  9.404374720355656E-01
  9.404940493885978E-01  9.404771458980037E-01  9.404602517599348E-01
  9.405180257674688E-01  9.405011396561457E-01  9.404842634429293E-01
  9.405432264036616E-01  9.405263589168995E-01  9.405095019075361E-01
  9.405696458160479E-01  9.405527982488825E-01  9.405359617728016E-01
  9.405972783249397E-01  9.405804520243403E-01  9.405636374635964E-01
  9.406261180623036E-01  9.406093144293060E-01  9.405925232207162E-01
  9.406561589821911E-01  9.406393794739706E-01  9.406226131111887E-01
  9.406873948714037E-01  9.406706410032826E-01  9.406539010388052E-01
  9.407198193603743E-01  9.407030927077605E-01  9.406863807548628E-01
  9.407534259342996E-01  9.407367281345527E-01  9.407200458691493E-01
  9.407882079443332E-01  9.407715406985540E-01  9.407548898609850E-01
  9.408241586189537E-01  9.408075236936981E-01  9.407909060904384E-01
  9.408612710754524E-01  9.408446703043676E-01  9.408280878096602E-01
  9.408995383314148E-01  9.408829736168001E-01  9.408664281742162E-01
  9.409389533162977E-01  9.409224266305912E-01  9.409059202545182E-01
  9.409795088830042E-01  9.409630222702003E-01  9.409465570472616E-01
  9.410211978194849E-01  9.410047533964856E-01  9.409883314868969E-01
  9.410640128602732E-01  9.410476128181776E-01  9.410312364570422E-01
  9.411079466980536E-01  9.410915933033914E-01  9.410752648019390E-01
  9.411529919951566E-01  9.411366875910667E-01  9.411204093378367E-01
  9.411991413949812E-01  9.411828884023401E-01  9.411666628643104E-01
  9.412463875332955E-01  9.412301884517941E-01  9.412140181754557E-01
  9.412947230495078E-01  9.412785804586778E-01  9.412624680710512E-01
  9.413441405978002E-01  9.413280571579881E-01  9.413120053675789E-01
  9.413946328581434E-01  9.413786113114246E-01  9.413626229091123E-01
  9.414461925471141E-01  9.414302357181420E-01  9.414143135779908E-01
  9.414988124286416E-01  9.414829232254135E-01  9.414670703053923E-01
  9.415524853244932E-01  9.415366667390231E-01  9.415208860816192E-01
  9.416072041245630E-01  9.415914592334480E-01  9.415757539661618E-01
  9.416629617969957E-01  9.416472937618727E-01  9.416316670975885E-01
  9.417197513978925E-01  9.417041634657877E-01  9.416886187030218E-01
  9.417775660806453E-01  9.417620615842140E-01  9.417466021072410E-01
  9.418363991047392E-01  9.418209814623789E-01  9.418056107412224E-01
  9.418962438441789E-01  9.418809165599697E-01  9.418656381502176E-01
  9.419570937956500E-01  9.419418604590568E-01  9.419266780014389E-01
  9.420189425867532E-01  9.420038068720243E-01  9.419887240916820E-01
  9.420817839843454E-01  9.420667496495712E-01  9.420517703549733E-01
  9.421456119029845E-01  9.421306827888368E-01  9.421158108703499E-01
  9.422104204130941E-01  9.421956004413174E-01  9.421808398694891E-01
  9.422762037481346E-01  9.422614969198807E-01  9.422468517435265E-01
  9.423429563104684E-01  9.423283667045329E-01  9.423138410486940E-01
  9.424106726754564E-01  9.423962044464020E-01  9.423818025101718E-01
  9.424793475940120E-01  9.424650049700829E-01  9.424507310242209E-01
  9.425489759940069E-01  9.425347632746847E-01  9.425206216588723E-01
  9.426195529810626E-01  9.426054745341164E-01  9.425914696537008E-01
  9.426910738390299E-01  9.426771340969633E-01  9.426632704190788E-01
  9.427635340301587E-01  9.427497374860184E-01  9.427360195350382E-01
  9.428369291947184E-01  9.428232803972771E-01  9.428097127495996E-01
  9.429112551496024E-01  9.428977586979318E-01  9.428843459761217E-01
  9.429865078856235E-01  9.429731684230505E-01  9.429599152893338E-01
  9.430626835631608E-01  9.430495057705605E-01  9.430364169196351E-01
  9.431397785063081E-01  9.431267670946605E-01  9.431138472457558E-01
  9.432177891955087E-01  9.432049488976443E-01  9.431922027857537E-01
  9.432967122585999E-01  9.432840478200710E-01  9.432714801862961E-01
  9.433765444602771E-01  9.433640606293109E-01  9.433516762102714E-01
  9.434572826897449E-01  9.434449842062442E-01  9.434327877225239E-01
  9.435389239464885E-01  9.435268155300520E-01  9.435148116736563E-01
  9.436214653239652E-01  9.436095516608959E-01  9.435977450816967E-01
  9.437049039910897E-01  9.436931897203630E-01  9.436815850115093E-01
  9.437892371715874E-01  9.437777268697553E-01  9.437663285520328E-01
  9.438744621209914E-01  9.438631602860139E-01  9.438519727911509E-01
  9.439605761012553E-01  9.439494871352622E-01  9.439385147881936E-01
  9.440475763529931E-01  9.440367045439938E-01  9.440259515441118E-01
  9.441354600652780E-01  9.441248095678565E-01  9.441142799692916E-01
  9.442242243429391E-01  9.442137991579821E-01  9.442034968489768E-01
  9.443138661714563E-01  9.443036701249871E-01  9.442935988064434E-01
  9.444043823795374E-01  9.443944191007436E-01  9.443845822640479E-01
  9.444957695994325E-01  9.444860424980038E-01  9.444764434022532E-01
  9.445880242250850E-01  9.445785364679981E-01  9.445691781167805E-01
  9.446811423683706E-01  9.446718968562839E-01  9.446627819741862E-01
  9.447751198136966E-01  9.447661191571456E-01  9.447572501661895E-01
  9.448699519711958E-01  9.448611984668014E-01  9.448525774630355E-01
  9.449656338288944E-01  9.449571294358250E-01  9.449487581663201E-01
  9.450621599042360E-01  9.450539062211887E-01  9.450457860617096E-01
  9.451595241954998E-01  9.451515224384862E-01  9.451436543721358E-01
  9.452577201335944E-01  9.452499711148400E-01  9.452423557119841E-01
  9.453567405347689E-01  9.453492446430473E-01  9.453418820428486E-01
  9.454565775549001E-01  9.454493347376403E-01  9.454422246315337E-01
  9.455572226460317E-01  9.455502323935403E-01  9.455433740109892E-01
  9.456586665159170E-01  9.456519278480594E-01  9.456453199449283E-01
  9.457608990911496E-01  9.457544105468284E-01  9.457480513966969E-01
  9.458639094847962E-01  9.458576691145509E-01  9.458515565032782E-01
  9.459676859691347E-01  9.459616913311664E-01  9.459558225549869E-01
  9.460722159543072E-01  9.460664641141981E-01  9.460608359815963E-01
  9.461774859735206E-01  9.461719735078850E-01  9.461665823454536E-01
  9.462834816753953E-01  9.462782046796430E-01  9.462730463420782E-01
  9.463901878240619E-01  9.463851419244063E-01  9.463802118087312E-01
  9.464975883074562E-01  9.464927686772294E-01  9.464880617412755E-01
  9.466056661541520E-01  9.466010675344227E-01  9.465965783195217E-01
  9.467144035588991E-01  9.467100202833107E-01  9.467057429410778E-01
  9.468237819170119E-01  9.468196079406807E-01  9.468155362636869E-01
  9.469337818674957E-01  9.469298107997274E-01  9.469259382557830E-01
  9.470443833445998E-01  9.470406084851024E-01  9.470369282547926E-01
  9.471555656374108E-01  9.471519800156042E-01  9.471484850326484E-01
  9.472673074569389E-01  9.472639038738924E-01  9.472605868678295E-01
  9.473795870098555E-01  9.473763580823169E-01  9.473732116229630E-01
  9.474923820780653E-01  9.474893202839964E-01  9.474863368270724E-01
  9.476056701029794E-01  9.476027678279680E-01  9.475999397612668E-01
  9.477194282733394E-01  9.477166778572349E-01  9.477139975466722E-01
  9.478336336154261E-01  9.478310273985311E-01  9.478284872334278E-01
  9.479482630842014E-01  9.479457934523613E-01  9.479433858893143E-01
  9.480632936541187E-01  9.480609530820694E-01  9.480586706867992E-01
  9.481787024082854E-01  9.481764835006601E-01  9.481743189872686E-01
  9.482944666246222E-01  9.482923621540705E-01  9.482903084212017E-01
  9.484105638578543E-01  9.484085667997937E-01  9.484066169632603E-01
  9.485269720161731E-01  9.485250755797727E-01  9.485232230012963E-01
  9.486436694315868E-01  9.486418670866686E-01  9.486401053984665E-01
  9.487606349231813E-01  9.487589204228197E-01  9.487572435478687E-01
  9.488778478525592E-01  9.488762152512537E-01  9.488746174191529E-01
  9.489952881710947E-01  9.489937318384878E-01  9.489922075969381E-01
  9.491129364586632E-01  9.491114510888689E-01  9.491099953108728E-01
  9.492307739537825E-01  9.492293545704741E-01  9.492279624574441E-01
  9.493487825752713E-01  9.493474245327594E-01  9.493460916137908E-01
  9.494669449356815E-01  9.494656439162760E-01  9.494643660439045E-01
  9.495852443469113E-01  9.495839963549180E-01  9.495827696977283E-01
  9.497036648186392E-01  9.497024661713848E-01  9.497012872038708E-01
  9.498221910502131E-01  9.498210383665167E-01  9.498199038566177E-01
  9.499408084167237E-01  9.499396986032514E-01  9.499386055979956E-01
  9.500595029500539E-01  9.500584331859947E-01  9.500573789956782E-01
  9.501782613157430E-01  9.501772290362309E-01  9.501762112175484E-01
  9.502970707865481E-01  9.502960736652419E-01  9.502950900037576E-01
  9.504159192134318E-01  9.504149551446311E-01  9.504140036369528E-01
  9.505347949948939E-01  9.505338620755365E-01  9.505329409115145E-01
  9.506536870451878E-01  9.506527835570338E-01  9.506518911022676E-01
  9.507725847622095E-01  9.507717091544753E-01  9.507708439333679E-01
  9.508914779955838E-01  9.508906288682440E-01  9.508897895478005E-01
  9.510103570154678E-01  9.510095331033991E-01  9.510087184779217E-01
  9.511292124824268E-01  9.511284126405268E-01  9.511276216173209E-01
  9.512480354188356E-01  9.512472586082080E-01  9.512464901943714E-01
  9.513668171818461E-01  9.513660624571091E-01  9.513653157474479E-01
  9.514855494383055E-01  9.514848159360466E-01  9.514840901021272E-01
  9.516042241416401E-01  9.516035110700136E-01  9.516028053503364E-01
  9.517228335106983E-01  9.517221401401386E-01  9.517214538313981E-01
  9.518413700106583E-01  9.518406956656620E-01  9.518400281150416E-01
  9.519598263358606E-01  9.519591703877783E-01  9.519585209862144E-01
  9.520781953945001E-01  9.520775572552661E-01  9.520769254316086E-01
  9.521964702950831E-01  9.521958494118066E-01  9.521952346277986E-01
  9.523146443345573E-01  9.523140401848930E-01  9.523134419308873E-01
  9.524327109878770E-01  9.524321230760949E-01  9.524315408674280E-01
  9.525506638989637E-01  9.525500917526363E-01  9.525495251265805E-01
  9.526684968728700E-01  9.526679400400996E-01  9.526673885533207E-01
  9.527862038689372E-01  9.527856619160520E-01  9.527851251425000E-01
  9.529037789949555E-01  9.529032515046061E-01  9.529027290337772E-01
  9.530212165020527E-01  9.530207030716475E-01  9.530201945071575E-01
  9.531385107803040E-01  9.531380110207286E-01  9.531375159791469E-01
  9.532556563548575E-01  9.532551698894300E-01  9.532546879993289E-01
  9.533726478825704E-01  9.533721743461889E-01  9.533717052473669E-01
  9.534894801489990E-01  9.534890191874456E-01  9.534885625302922E-01
  9.536061480657165E-01  9.536056993350852E-01  9.536052547800583E-01
  9.537226466678452E-01  9.537222098340693E-01  9.537217770512593E-01
  9.538389711118495E-01  9.538385458503049E-01  9.538381245190680E-01
  9.539551166734173E-01  9.539547026685848E-01  9.539542924772281E-01
  9.540710787454709E-01  9.540706756906431E-01  9.540702763361483E-01
  9.541868528362492E-01  9.541864604332696E-01  9.541860716210456E-01
  9.543024345675106E-01  9.543020525265381E-01  9.543016739701945E-01
  9.544178196727295E-01  9.544174477120184E-01  9.544170791331530E-01
  9.545330039953333E-01  9.545326418410265E-01  9.545322829690236E-01
  9.546479834869520E-01  9.546476308728821E-01  9.546472814447178E-01
  9.547627542056932E-01  9.547624108731889E-01  9.547620706332405E-01
  9.548773123144672E-01  9.548769780121635E-01  9.548766467120222E-01
  9.549916540792641E-01  9.549913285629157E-01  9.549910059612017E-01
  9.551057758674319E-01  9.551054588997274E-01  9.551051447619067E-01
  9.552196741459854E-01  9.552193654963641E-01  9.552190595945664E-01
  9.553333454798867E-01  9.553330449243564E-01  9.553327470371953E-01
  9.554467865303695E-01  9.554464938513266E-01  9.554462037637206E-01
  9.555599940532853E-01  9.555597090393358E-01  9.555594265423319E-01
  9.556729648974052E-01  9.556726873431890E-01  9.556724122337885E-01
  9.557856960027641E-01  9.557854257087809E-01  9.557851577897677E-01
  9.558981843990074E-01  9.558979211714458E-01  9.558976602512171E-01
  9.560104272037125E-01  9.560101708542820E-01  9.560099167466829E-01
  9.561224216207737E-01  9.561221719665399E-01  9.561219244907005E-01
  9.562341649388100E-01  9.562339218020337E-01  9.562336807822100E-01
  9.563456545295201E-01  9.563454177374995E-01  9.563451830029185E-01
  9.564568878461327E-01  9.564566572310492E-01  9.564564286157566E-01
  9.565678624218203E-01  9.565676378205890E-01  9.565674151633017E-01
  9.566785758681697E-01  9.566783571222925E-01  9.566781402662546E-01
  9.567890258736037E-01  9.567888128290276E-01  9.567886016218698E-01
  9.568992102019069E-01  9.568990027088855E-01  9.568987970024895E-01
  9.570091266907454E-01  9.570089246037040E-01  9.570087242540692E-01
  9.571187732502116E-01  9.571185764276161E-01  9.571183812947314E-01
  9.572281478613938E-01  9.572279561656237E-01  9.572277661133410E-01
  9.573372485750384E-01  9.573370618722612E-01  9.573368767681730E-01
