  7.521579784072915E+00  7.511054667653142E+00  7.500519467651962E+00

  6.319832493033055E-03  6.304848713751661E-03  6.289690593296574E-03
  6.321434628330676E-03  6.306466967497701E-03  6.291325698409727E-03
  6.322235504598212E-03  6.307275900707753E-03  6.292143055293637E-03
  6.322235504598212E-03  6.307275900707753E-03  6.292143055293637E-03
  6.321434628330676E-03  6.306466967497701E-03  6.291325698409727E-03
  6.319832493033055E-03  6.304848713751661E-03  6.289690593296574E-03
  6.317428334481831E-03  6.302420366149926E-03  6.287236958627685E-03
  6.314221009514576E-03  6.299180767950002E-03  6.283963625703739E-03
  6.310208999429717E-03  6.295128382496086E-03  6.279869042018066E-03
  6.305390413804930E-03  6.290261297144452E-03  6.274951275366015E-03
  6.299762994841199E-03  6.284577227817391E-03  6.269208018560382E-03
  6.293324122225804E-03  6.278073524066850E-03  6.262636594743411E-03
  6.286070818716152E-03  6.270747174938764E-03  6.255233963535601E-03
  6.277999756574107E-03  6.262594815711273E-03  6.246996728118650E-03
  6.269107265081666E-03  6.253612735794398E-03  6.237921143490457E-03
  6.259389339040684E-03  6.243796887631546E-03  6.228003125739525E-03
  6.248841648158212E-03  6.233142896569239E-03  6.217238262398884E-03
  6.237459547513651E-03  6.221646071760779E-03  6.205621823730668E-03
  6.225238088931316E-03  6.209301418013853E-03  6.193148775016489E-03
  6.212172033327977E-03  6.196103648624805E-03  6.179813789801136E-03
  6.198255864117809E-03  6.182047199184360E-03  6.165611264047499E-03
  6.183483801543126E-03  6.167126242295794E-03  6.150535331176136E-03
  6.167849818001003E-03  6.151334703282200E-03  6.134579878039120E-03
  6.151347654296480E-03  6.134666276627730E-03  6.117738561518274E-03
  6.133970836474091E-03  6.117114443012404E-03  6.100004825672842E-03
  6.115712693329800E-03  6.098672486917253E-03  6.081371919365336E-03
  6.096566374304505E-03  6.079333514498332E-03  6.061832914109408E-03
  6.076524867610743E-03  6.059090471579663E-03  6.041380721880121E-03
  6.055581018233905E-03  6.037936161491795E-03  6.020008112854774E-03
  6.033727545997952E-03  6.015863262910177E-03  5.997707732994271E-03
  6.010957063148587E-03  5.992864347206004E-03  5.974472121313880E-03
  5.987262091505228E-03  5.968931895389440E-03  5.950293726707602E-03
  5.962635078955441E-03  5.944058314491950E-03  5.925164924332941E-03
  5.937068415213963E-03  5.918235953279299E-03  5.899078031515174E-03
  5.910554446807158E-03  5.891457117432048E-03  5.872025323273132E-03
  5.883085491385308E-03  5.863714084215634E-03  5.843999047583531E-03
  5.854653851574508E-03  5.834999116973457E-03  5.814991440697023E-03
  5.825251828533846E-03  5.805304479585680E-03  5.784994742731221E-03
  5.794871735557724E-03  5.774622451239095E-03  5.754001213765940E-03
  5.763505911933324E-03  5.742945341823854E-03  5.722003150939412E-03
  5.731146737503453E-03  5.710265508164730E-03  5.688992906457527E-03
  5.697786648032276E-03  5.676575371409101E-03  5.654962907093366E-03
  5.663418151852374E-03  5.641867435864139E-03  5.619905675220272E-03
  5.628033848295658E-03  5.606134309676270E-03  5.583813851773455E-03
  5.591626448167129E-03  5.569368727708732E-03  5.546680221459244E-03
  5.554188796445715E-03  5.531563576634109E-03  5.508497740226413E-03
  5.515713897490890E-03  5.492711922526526E-03  5.469259565145718E-03
  5.476194942725201E-03  5.452807040979658E-03  5.428959086884002E-03
  5.435625340451760E-03  5.411842449387787E-03  5.387589964398745E-03
  5.393998747581221E-03  5.369811941217451E-03  5.345146161686138E-03
  5.351309103445927E-03  5.326709622391868E-03  5.301621986760999E-03
  5.307550665807682E-03  5.282529949855755E-03  5.257012132850238E-03
  5.262718050008288E-03  5.237267773234283E-03  5.211311722666580E-03
  5.216806272350907E-03  5.190918380662682E-03  5.164516356844027E-03
  5.169810798605714E-03  5.143477549931200E-03  5.116622167863463E-03
  5.121727598185704E-03  5.094941605591547E-03  5.067625880179573E-03
  5.072553203313397E-03  5.045307481645105E-03  5.017524876485476E-03
  5.022284771961166E-03  4.994572788693292E-03  4.966317269080849E-03
  4.970920153985583E-03  4.942735884830548E-03  4.914001975547405E-03
  4.918457960375651E-03  4.889795950045502E-03  4.860578798297020E-03
  4.864897637045963E-03  4.835753065054856E-03  4.806048508485803E-03
  4.810239545516229E-03  4.780608296854429E-03  4.750412936434539E-03
  4.754485052739317E-03  4.724363793106610E-03  4.693675070509408E-03
  4.697636631854582E-03  4.667022887181862E-03  4.635839166304733E-03
  4.639697973909397E-03  4.608590214191955E-03  4.576910866716421E-03
  4.580674109372095E-03  4.549071836878129E-03  4.516897331875121E-03
  4.520571538245417E-03  4.488475380088246E-03  4.455807377611107E-03
  4.459398367610687E-03  4.426810172520865E-03  4.393651620976074E-03
  4.397164456487255E-03  4.364087395330125E-03  4.330442632180772E-03
  4.333881568350454E-03  4.300320237764474E-03  4.266195092861438E-03
  4.269563531877603E-03  4.235524060236162E-03  4.200925961018349E-03
  4.204226410339065E-03  4.169716565260335E-03  4.134654642799132E-03
  4.137888678725909E-03  4.102917975288297E-03  4.067403170453290E-03
  4.070571407702273E-03  4.035151216519400E-03  3.999196385156794E-03
  4.002298452605729E-03  3.966442106686835E-03  3.930062122783221E-03
  3.933096645834128E-03  3.896819545018760E-03  3.860031400537134E-03
  3.862995990742842E-03  3.826315702377574E-03  3.789138602316659E-03
  3.792029855029609E-03  3.754966209208210E-03  3.717421660251750E-03
  3.720235161420043E-03  3.682810339083691E-03  3.644922229989295E-03
  3.647652572930172E-03  3.609891184940199E-03  3.571685856749321E-03
  3.574326669620134E-03  3.536255824801923E-03  3.497762128873076E-03
  3.500306113235715E-03  3.461955473265126E-03  3.423204814941736E-03
  3.425643795877098E-03  3.387045614797981E-03  3.348071980510002E-03
  3.350396968754483E-03  3.311586114851016E-03  3.272426080414541E-03
  3.274627346563132E-03  3.235641304230989E-03  3.196334022006927E-03
  3.198401182935563E-03  3.159280032200981E-03  3.119867194872653E-03
  3.121789312300661E-03  3.082575683728848E-03  3.043101462498601E-03
  3.044867153291677E-03  3.005606156081223E-03  2.966117111253921E-03
  2.967714668714429E-03  2.928453789906874E-03  2.888998751947933E-03
  2.890416277349256E-03  2.851205250421712E-03  2.811835169941751E-03
  2.813060713143727E-03  2.773951354400698E-03  2.734719119753486E-03
  2.735740827674821E-03  2.696786839254240E-03  2.657747060830711E-03
  2.658553332076274E-03  2.619810070920321E-03  2.581018831800264E-03
  2.581598475360348E-03  2.543122687927205E-03  2.504637260979822E-03
  2.504979657172922E-03  2.466829180184182E-03  2.428707712358456E-03
  2.428802973515648E-03  2.391036401916445E-03  2.353337567173918E-03
  2.353176695437096E-03  2.315853019179490E-03  2.278635642200758E-03
  2.278210681636273E-03  2.241388893889172E-03  2.204711547476091E-03
  2.204015727813396E-03  2.167754407852811E-03  2.131674987719491E-03
  2.130702857017238E-03  2.095059731905787E-03  2.059635013355742E-03
  2.058382556611846E-03  2.023414046583394E-03  1.988699228299817E-03
  1.987163969193731E-03  1.952924722412597E-03  1.918972963387432E-03
  1.917154047009781E-03  1.883696470027333E-03  1.850558426137390E-03
  1.848456680031203E-03  1.815830471041633E-03  1.783553838570163E-03
  1.781171810346600E-03  1.749423502575045E-03  1.718052576135991E-03
  1.715394546247074E-03  1.684567069437414E-03  1.654142322161637E-03
  1.651214290572805E-03  1.621346558543006E-03  1.591904252458310E-03
  1.588713899119023E-03  1.559840431362344E-03  1.531412265667403E-03
  1.527968884649362E-03  1.500119469830679E-03  1.472732274586576E-03
  1.469046682654746E-03  1.442246091226648E-03  1.415921573208957E-03
  1.412005994426106E-03  1.386273747123303E-03  1.361028294035223E-03
  1.356896222230321E-03  1.332246420065373E-03  1.308090968096794E-03
  1.303757009787562E-03  1.280198230240601E-03  1.257138198867325E-03
  1.252617899752716E-03  1.230153162456261E-03  1.208188459018769E-03
  1.203498117694463E-03  1.182124921446835E-03  1.161250016522159E-03
  1.156406489304107E-03  1.136116920756400E-03  1.116320993734222E-03
  1.111341494751923E-03  1.092122407345322E-03  1.073389560055343E-03
  1.068291460907191E-03  1.050124721152110E-03  1.032434255754761E-03
  1.027234888819069E-03  1.010097685260132E-03  9.934244411216717E-04
  9.881409107592291E-04  9.720061196307168E-04  9.563208624886534E-04
  9.509698678680401E-04  9.358064679317095E-04  9.210763234154455E-04
  9.156739962841111E-04  9.014475244081748E-04  8.876364471044251E-04
  8.821982074492458E-04  8.688712454687911E-04  8.559405138907371E-04
  8.504809459056775E-04  8.380136288130042E-04  8.259223562528357E-04
  8.204551060559445E-04  8.088056412438116E-04  7.975112924001751E-04
  7.920489885740556E-04  7.811741758940390E-04  7.706330792922647E-04
  7.651872765916912E-04  7.550430193421601E-04  7.452108660545168E-04
  7.397920116717491E-04  7.303338092937626E-04  7.211661293088870E-04
  7.157835510464343E-04  7.069669650211936E-04  6.984195733454464E-04
  6.930814880651809E-04  6.848625738953752E-04  6.768919799768246E-04
  6.716055202194444E-04  6.639412192981028E-04  6.565049943112078E-04
  6.512762510428689E-04  6.441247378463177E-04  6.371818360059965E-04
  6.320159146330324E-04  6.253368960094645E-04  6.188479274324497E-04
  6.137490144862549E-04  6.075039791334009E-04  6.014314330158820E-04
  5.964028708552492E-04  5.905552886463258E-04  5.848637070269990E-04
  5.799080737313692E-04  5.744235457073651E-04  5.690796491903933E-04
  5.641988413487590E-04  5.590452022471663E-04  5.540179700635335E-04
  5.492132860354425E-04  5.443606624357296E-04  5.396213701594384E-04
  5.348935916339578E-04  5.303144193289513E-04  5.258366382378523E-04
  5.211861085091118E-04  5.168551135200326E-04  5.126146760735357E-04
  5.080413735155657E-04  5.039355213761820E-04  4.999104576076730E-04
  4.954140634991127E-04  4.915124818328525E-04  4.876829315461447E-04
  4.832628914177012E-04  4.795467707360362E-04  4.758948764194522E-04
  4.715504543837997E-04  4.680029319596562E-04  4.645127171102294E-04
  4.602430430284008E-04  4.568490745174612E-04  4.535063118151388E-04
  4.493104214851962E-04  4.460566445425641E-04  4.428487179236685E-04
  4.387255865133000E-04  4.356001802652730E-04  4.325159445008369E-04
  4.284645136784673E-04  4.254570574726846E-04  4.224866983978470E-04
  4.185058975594847E-04  4.156072318328703E-04  4.127421298163790E-04
  4.088308921891895E-04  4.060329839074027E-04  4.032655827798819E-04
  3.994228569554114E-04  3.967186714561511E-04  3.940423544637337E-04
  3.902671122881026E-04  3.876504929378599E-04  3.850594669643212E-04
  3.813507081144906E-04  3.788162648799086E-04  3.763054537972960E-04
  3.726622078405196E-04  3.702052152147887E-04  3.677701627011581E-04
  3.641914891109453E-04  3.618077938007260E-04  3.594445758535545E-04
  3.559295625909429E-04  3.536155008735911E-04  3.513206478390093E-04
  3.478684088141590E-04  3.456207333791060E-04  3.433911612295009E-04
  3.400008332074683E-04  3.378166489696661E-04  3.356495992645437E-04
  3.323203384611130E-04  3.301970469121041E-04  3.280900349468480E-04
  3.248210135958267E-04  3.227562649513212E-04  3.207070353290168E-04
  3.174974384848381E-04  3.154890909023862E-04  3.134955798629300E-04
  3.103446024009387E-04  3.083906876585108E-04  3.064509914464445E-04
  3.033578350547744E-04  3.014565298499428E-04  2.995688783883575E-04
  2.965327487535362E-04  2.946823509592890E-04  2.928450861625698E-04
  2.898651906583990E-04  2.880640998553489E-04  2.862756578828545E-04
  2.833512040211811E-04  2.815979057082332E-04  2.798568026381619E-04
  2.769869977364928E-04  2.752800505684000E-04  2.735848708862157E-04
  2.707689229495534E-04  2.691069486274296E-04  2.674563360783205E-04
  2.646934544453203E-04  2.630751296673562E-04  2.614677800590787E-04
  2.587571741770876E-04  2.571812243864492E-04  2.556158799709357E-04
  2.529567554392937E-04  2.514219499482059E-04  2.498973950877809E-04
  2.472889490039325E-04  2.457940972393020E-04  2.443091550391973E-04
  2.417505752580513E-04  2.402945238040692E-04  2.388480534932288E-04
  2.363385263991811E-04  2.349201566957804E-04  2.335110515327657E-04
  2.310497780709627E-04  2.296680045467098E-04  2.282951901527855E-04
  2.258814007144395E-04  2.245351693619788E-04  2.231976024232206E-04
  2.208305550184328E-04  2.195188423341645E-04  2.182155096356842E-04
  2.158944599323454E-04  2.146162721993922E-04  2.133461899549545E-04
  2.110703407138843E-04  2.098247134283310E-04  2.085869267670016E-04
  2.063553905449452E-04  2.051413877247303E-04  2.039349700207388E-04
  2.017467923915335E-04  2.005635056490746E-04  1.993875576069870E-04
  1.972418276359530E-04  1.960883749528349E-04  1.949420234121727E-04
  1.928380386300985E-04  1.917135631268259E-04  1.905959598031139E-04
  1.885333385432754E-04  1.874370077337947E-04  1.863473284913515E-04
  1.843259314802192E-04  1.832569373506633E-04  1.821943822842152E-04
  1.802139693510056E-04  1.791715291910119E-04  1.781353234338855E-04
  1.761950403620427E-04  1.751783976004657E-04  1.741677921819896E-04
  1.722657860988293E-04  1.712742100678961E-04  1.702884816695322E-04
  1.684220431197004E-04  1.674548268943367E-04  1.664932757112827E-04
  1.646597655255283E-04  1.637162220048989E-04  1.627781678115127E-04
  1.609765732155255E-04  1.600560306593259E-04  1.591408083523211E-04
  1.573732267688045E-04  1.564750259022518E-04  1.555819826023786E-04
  1.538539562948319E-04  1.529774510979019E-04  1.521059469595685E-04
  1.504247055817311E-04  1.495692686158706E-04  1.487186821243165E-04
  1.470891746662315E-04  1.462542058495709E-04  1.454239426197558E-04
  1.438439068917092E-04  1.430288422630244E-04  1.422183437393125E-04
  1.406750328882562E-04  1.398793469021050E-04  1.390880926512888E-04
  1.375598330312235E-04  1.367830265692125E-04  1.360105223510777E-04
  1.344752548471200E-04  1.337168265131662E-04  1.329625758046404E-04
  1.314127387700096E-04  1.306721575910021E-04  1.299356344423020E-04
  1.283954424368388E-04  1.276721758720258E-04  1.269528525098732E-04
  1.254927043299631E-04  1.247863871755009E-04  1.240839010809569E-04
  1.228305246376552E-04  1.221413351290229E-04  1.214558614593649E-04
  6.438055024694494E-03  6.423281131054271E-03  6.408458805134969E-03
  6.439634967276900E-03  6.424874437039022E-03  6.410066262549541E-03
  6.440424758239459E-03  6.425670906694716E-03  6.410869805086822E-03
  6.440424758239459E-03  6.425670906694716E-03  6.410869805086822E-03
  6.439634967276900E-03  6.424874437039022E-03  6.410066262549541E-03
  6.438055024694494E-03  6.423281131054271E-03  6.408458805134969E-03
  6.435684210468326E-03  6.420890256676569E-03  6.406046689433636E-03
  6.432521447587543E-03  6.417700718833435E-03  6.402828803342839E-03
  6.428565305147509E-03  6.413711062558170E-03  6.398803669220150E-03
  6.423814002040085E-03  6.408919476696010E-03  6.393969447619277E-03
  6.418265410901360E-03  6.403323797916198E-03  6.388323941423575E-03
  6.411917062501662E-03  6.396921515214892E-03  6.381864600510263E-03
  6.404766150687630E-03  6.389709774999853E-03  6.374588527045116E-03
  6.396809538059324E-03  6.381685386976219E-03  6.366492481617457E-03
  6.388043762380956E-03  6.372844830845055E-03  6.357572890278673E-03
  6.378465043757110E-03  6.363184263858492E-03  6.347825852507497E-03
  6.368069292725877E-03  6.352699529327331E-03  6.337247150148681E-03
  6.356852119112225E-03  6.341386166007150E-03  6.325832257333515E-03
  6.344808841750621E-03  6.329239418382289E-03  6.313576351316133E-03
  6.331934499016697E-03  6.316254247804493E-03  6.300474324198972E-03
  6.318223860476068E-03  6.302425344795241E-03  6.286520795834311E-03
  6.303671439491267E-03  6.287747142300236E-03  6.271710127648743E-03
  6.288271506899044E-03  6.272213830004324E-03  6.256036437528406E-03
  6.272018105745575E-03  6.255819369699419E-03  6.239493615683960E-03
  6.254905067109753E-03  6.238557511632432E-03  6.222075341410464E-03
  6.236926026781151E-03  6.220421811616101E-03  6.203775100513467E-03
  6.218074442750454E-03  6.201405648817091E-03  6.184586203268501E-03
  6.198343613404716E-03  6.181502244125702E-03  6.164501802842232E-03
  6.177726696194418E-03  6.160704678798212E-03  6.143514913816127E-03
  6.156216726519430E-03  6.139005913219447E-03  6.121618430758548E-03
  6.133806636603532E-03  6.116398805449279E-03  6.098805146401601E-03
  6.110489273979630E-03  6.092876129304151E-03  6.075067769332771E-03
  6.086257419347302E-03  6.068430591718845E-03  6.050398940925798E-03
  6.061103803567745E-03  6.043054849217326E-03  6.024791251380418E-03
  6.035021123477882E-03  6.016741523244020E-03  5.998237254740822E-03
  6.008002056496588E-03  5.989483214379782E-03  5.970729482919281E-03
  5.980039273953649E-03  5.961272515459730E-03  5.942260458843755E-03
  5.951125453134678E-03  5.932102023646167E-03  5.912822708820279E-03
  5.921253288226291E-03  5.901964351718979E-03  5.882408774437808E-03
  5.890415500292250E-03  5.870852138697447E-03  5.851011224119932E-03
  5.858604846605958E-03  5.838758060258368E-03  5.818622664859447E-03
  5.825814129670993E-03  5.805674839145107E-03  5.785235754250107E-03
  5.792036206555360E-03  5.771595256217752E-03  5.750843213442412E-03
  5.757263999345026E-03  5.736512162929023E-03  5.715437841752343E-03
  5.721490506998207E-03  5.700418495437380E-03  5.679012533110914E-03
  5.684708818933871E-03  5.663307290707532E-03  5.641560294667529E-03
  5.646912130207945E-03  5.625171704437704E-03  5.603074267419930E-03
  5.608093758151128E-03  5.586005030542874E-03  5.563547748477237E-03
  5.568247160700671E-03  5.545800722271077E-03  5.522974214902578E-03
  5.527365957639491E-03  5.504552415946844E-03  5.481347349927963E-03
  5.485443956057516E-03  5.462253958655277E-03  5.438661072826819E-03
  5.442475180840019E-03  5.418899440892608E-03  5.394909573658281E-03
  5.398453909041067E-03  5.374483233497976E-03  5.350087352651660E-03
  5.353374705097881E-03  5.329000026222242E-03  5.304189262008130E-03
  5.307232453188451E-03  5.282444864177298E-03  5.257210546451219E-03
  5.260022385212736E-03  5.234813180130874E-03  5.209146880040342E-03
  5.211740107640401E-03  5.186100824923566E-03  5.159994400575018E-03
  5.162381635381856E-03  5.136304103455305E-03  5.109749748211455E-03
  5.111943442158711E-03  5.085419825949628E-03  5.058410117992002E-03
  5.060422533277031E-03  5.033445381615827E-03  5.005973334451033E-03
  5.007816538418130E-03  4.980378834113650E-03  4.952437949403404E-03
  4.954123813832482E-03  4.926219029457390E-03  4.897803355023607E-03
  4.899343540302102E-03  4.870965702659494E-03  4.842069898730224E-03
  4.843475807339186E-03  4.814619572064845E-03  4.785238987547691E-03
  4.786521684222948E-03  4.757182419619648E-03  4.727313177888266E-03
  4.728483288475365E-03  4.698657165912610E-03  4.668296257604384E-03
  4.669363866917007E-03  4.639047954830167E-03  4.608193334539293E-03
  4.609167901253436E-03  4.578360260892577E-03  4.547010945515343E-03
  4.547901241480275E-03  4.516601024414881E-03  4.484757192716540E-03
  4.485571261505670E-03  4.453778810222260E-03  4.421441904710286E-03
  4.422187027202294E-03  4.389903980355626E-03  4.357076813007556E-03
  4.357759468729939E-03  4.324988871784765E-03  4.291675734547672E-03
  4.292301554730162E-03  4.259047975321015E-03  4.225254754829405E-03
  4.225828470399484E-03  4.192098116905944E-03  4.157832411993301E-03
  4.158357803493591E-03  4.124158645084149E-03  4.089429885185667E-03
  4.089909740577232E-03  4.055251627264597E-03  4.020071190065581E-03
  4.020507272766182E-03  3.985402054393743E-03  3.949783381485473E-03
  3.950176408122991E-03  3.914638051337996E-03  3.878596760795073E-03
  3.878946386910464E-03  3.842991088933262E-03  3.806545083598211E-03
  3.806849896552552E-03  3.770496194112473E-03  3.733665763919415E-03
  3.733923283876776E-03  3.697192155320830E-03  3.660000071624905E-03
  3.660206762317706E-03  3.623121720720353E-03  3.585593320399947E-03
  3.585744611221611E-03  3.548331786193597E-03  3.510495043153656E-03
  3.510585363671491E-03  3.472873569536382E-03  3.434759151252763E-03
  3.434781978142113E-03  3.396802766084933E-03  3.358444072771229E-03
  3.358391989361307E-03  3.320179681027580E-03  3.281612864929010E-03
  3.281477633503381E-03  3.243069333421117E-03  3.204333295662193E-03
  3.204105942520111E-03  3.165541526709270E-03  3.126677889127420E-03
  3.126348802383369E-03  3.087670880560303E-03  3.048723930028730E-03
  3.048282969815364E-03  3.009536818678141E-03  2.970553421574211E-03
  2.969990042110461E-03  2.931223507405369E-03  2.892252992072217E-03
  2.891556374652784E-03  2.852819739959317E-03  2.813913745326035E-03
  2.813072940888842E-03  2.774418761322906E-03  2.735631050163422E-03
  2.734635130122597E-03  2.696118029609460E-03  2.657504265391092E-03
  2.656342478970461E-03  2.618018910225925E-03  2.579636397005250E-03
  2.578298332930533E-03  2.540226299807975E-03  2.502133685254703E-03
  2.500609435540953E-03  2.462848178144690E-03  2.425105120456788E-03
  2.423385443745415E-03  2.385995087362580E-03  2.348661887596529E-03
  2.346738369429991E-03  2.309779539188098E-03  2.272916741342152E-03
  2.270781948363603E-03  2.234315352362762E-03  2.197983314420201E-03
  2.195630939596730E-03  2.159716924146607E-03  2.123975364157935E-03
  2.121400359952691E-03  2.086098441446436E-03  2.051005963606124E-03
  2.048204660304823E-03  2.013573039218745E-03  1.979186645811694E-03
  1.976156852037679E-03  1.942251915269004E-03  1.908626511052705E-03
  1.905367594009353E-03  1.872243412692614E-03  1.839431309089526E-03
  1.835944252097659E-03  1.803652082636216E-03  1.771702509693647E-03
  1.767989945301600E-03  1.736577741898197E-03  1.705536376364831E-03
  1.701602593421436E-03  1.671114540799330E-03  1.641023058986866E-03
  1.636873982943900E-03  1.607350058079557E-03  1.578245722194734E-03
  1.573888868455220E-03  1.545364440125187E-03  1.517279726583353E-03
  1.512724127050753E-03  1.485229601662963E-03  1.458191879480803E-03
  1.453447983469710E-03  1.427008505157336E-03  1.401039771846383E-03
  1.396119323126106E-03  1.370754535198951E-03  1.345871216632451E-03
  1.340787108799874E-03  1.316510982619249E-03  1.292723802185639E-03
  1.287489915476915E-03  1.264310651557111E-03  1.241624572561273E-03
  1.236255595587669E-03  1.214175600177651E-03  1.192589843869064E-03
  1.187101084121235E-03  1.166117022918861E-03  1.145625162846177E-03
  1.140032350209297E-03  1.120135279052244E-03  1.100725410679209E-03
  1.095044498343441E-03  1.076220068922133E-03  1.057875051626446E-03
  1.052122018880734E-03  1.034350755701791E-03  1.017048522568072E-03
  1.011239183759205E-03  9.944968268773694E-04  9.782107560193703E-04
  9.723605798128673E-04  9.566184861971812E-04  9.413178258708146E-04
  9.354417685620127E-04  9.206673636120692E-04  9.063177021338834E-04
  9.004300582271382E-04  8.865873278120121E-04  8.731510983382156E-04
  8.672653710028179E-04  8.543153835235582E-04  8.417523930277232E-04
  8.358811864200208E-04  8.237826338915846E-04  8.120506053647792E-04
  8.062055400010422E-04  7.949152870056647E-04  7.839704039276883E-04
  7.781620556808809E-04  7.676356851506320E-04  7.574331275536428E-04
  7.516709901657770E-04  7.418633355765820E-04  7.323577977591014E-04
  7.266502678755611E-04  7.175159221117708E-04  7.086621029202265E-04
  7.030164864132874E-04  6.945102787548291E-04  6.862633365579747E-04
  6.806858739762127E-04  6.727633078827402E-04  6.650792737124018E-04
  6.595751825932988E-04  6.521928284199517E-04  6.450289722110000E-04
  6.396025035964126E-04  6.327183419465185E-04  6.260334883620897E-04
  6.206879946107419E-04  6.142617075442350E-04  6.080164994026554E-04
  6.027545105748231E-04  5.967477194378873E-04  5.909048282105490E-04
  5.857281341448923E-04  5.801045842795009E-04  5.746288685286660E-04
  5.695386038209849E-04  5.642642976743615E-04  5.591229115354918E-04
  5.541196411273609E-04  5.491629224605489E-04  5.443253772689492E-04
  5.394091802178852E-04  5.347407730465670E-04  5.301789560956136E-04
  5.253495059121485E-04  5.209425125749731E-04  5.166306675894807E-04
  5.118873075490604E-04  5.077171707924569E-04  5.036318451602708E-04
  4.989736573943602E-04  4.950180917295471E-04  4.911380557386122E-04
  4.865639234164864E-04  4.828028210880337E-04  4.791089644419082E-04
  4.746176264825588E-04  4.710329433209849E-04  4.675081540852549E-04
  4.630982523278150E-04  4.596738785889449E-04  4.563029094676472E-04
  4.519730282967492E-04  4.486946492234092E-04  4.454639756670247E-04
  4.412126744611414E-04  4.380676249022099E-04  4.349652991238325E-04
  4.307911380184202E-04  4.277682549277820E-04  4.247837593665843E-04
  4.206853189016931E-04  4.177747949952118E-04  4.148988982383648E-04
  4.108747936700836E-04  4.080680350103574E-04  4.052926526661303E-04
  4.013415435056675E-04  3.986310332076066E-04  3.959490956523945E-04
  3.920696912065795E-04  3.894488609273878E-04  3.868541893958526E-04
  3.830452511039671E-04  3.805083615776503E-04  3.779955535969887E-04
  3.742558947474383E-04  3.717979260689352E-04  3.693622508009894E-04
  3.656907344749017E-04  3.633072865847116E-04  3.609445903557364E-04
  3.573401260521435E-04  3.550273294408679E-04  3.527339513701878E-04
  3.491954907585475E-04  3.469499272596630E-04  3.447226247346269E-04
  3.412491566604400E-04  3.390677898715055E-04  3.369036733754139E-04
  3.334942183542292E-04  3.313743331726436E-04  3.292708098777684E-04
  3.259244144638894E-04  3.238635650475950E-04  3.218182904475992E-04
  3.185340222234110E-04  3.165299876284167E-04  3.145408244896589E-04
  3.113177685943504E-04  3.093685153283256E-04  3.074334991599437E-04
  3.042707563025705E-04  3.023744070049389E-04  3.004917172870838E-04
  2.973884019710210E-04  2.955432094948164E-04  2.937111459674499E-04
  2.906663828115348E-04  2.888707089756977E-04  2.870876722745917E-04
  2.841005892843416E-04  2.823528876471649E-04  2.806173636480196E-04
  2.776870841868390E-04  2.759858861667381E-04  2.742964334450263E-04
  2.714220727507059E-04  2.697659765364385E-04  2.681212163570718E-04
  2.653018889708231E-04  2.636895506792363E-04  2.620881590462426E-04
  2.593229973640061E-04  2.577531240398859E-04  2.561938254032648E-04
  2.534819977720822E-04  2.519533419795072E-04  2.504349043999693E-04
  2.477756119381802E-04  2.462869677369112E-04  2.448081992975397E-04
  2.422006356995451E-04  2.407508357274567E-04  2.393105819691136E-04
  2.367538669411465E-04  2.353417802883205E-04  2.339389223334371E-04
  2.314320562027016E-04  2.300565865614737E-04  2.286900394632605E-04
  2.262319446266882E-04  2.248920283563275E-04  2.235607393037010E-04
  2.211504209861909E-04  2.198450250169526E-04  2.185479713464216E-04
  2.161847380551045E-04  2.149128580588264E-04  2.136490454901844E-04
  2.113326231074996E-04  2.100932826814286E-04  2.088617445409484E-04
  2.065920879671601E-04  2.053843392877206E-04  2.041841371891847E-04
  2.019608731355988E-04  2.007837987060251E-04  1.996140243159174E-04
  1.974357453457929E-04  1.962884594307564E-04  1.951482359253593E-04
  1.930121660852343E-04  1.918938138108490E-04  1.907822949835548E-04
  1.886849090776656E-04  1.875946620457455E-04  1.865110279283501E-04
  1.844498188540483E-04  1.833868681909824E-04  1.823303181056104E-04
  1.803060914085424E-04  1.792696416094515E-04  1.782393879959850E-04
  1.762575997196230E-04  1.752468677247414E-04  1.742421351984335E-04
  1.723115161121979E-04  1.713257383718618E-04  1.703457707671862E-04
  1.684733567659060E-04  1.675118027540226E-04  1.665558766566234E-04
  1.647396189658451E-04  1.638016047274718E-04  1.628690430513560E-04
  1.610916177733085E-04  1.601765106720950E-04  1.592666874345469E-04
  1.574955142515507E-04  1.566027225471307E-04  1.557150524674757E-04
  1.539124123402084E-04  1.530413606239332E-04  1.521752745610986E-04
  1.503182291097516E-04  1.494683293359201E-04  1.486232452632900E-04
  1.467268001170851E-04  1.458974330077864E-04  1.450727373794401E-04
  1.432038206521814E-04  1.423943396494213E-04  1.415893913219445E-04
  1.398566844377322E-04  1.390664442589003E-04  1.382806030693038E-04
  1.367879937078953E-04  1.360163930800030E-04  1.352490626357387E-04
  1.340081395342916E-04  1.332546604771718E-04  1.325053274569568E-04
  1.313120533266137E-04  1.305762821966292E-04  1.298445372114379E-04
  1.281327415337127E-04  1.274143669639751E-04  1.266999020076295E-04
  1.233858660710343E-04  1.226846562670148E-04  1.219872410745700E-04
  6.552417344753401E-03  6.537422126782514E-03  6.522506250222126E-03
  6.553982996144356E-03  6.538998222456612E-03  6.524093610185596E-03
  6.554765653873126E-03  6.539786099028393E-03  6.524887115629544E-03
  6.554765653873126E-03  6.539786099028393E-03  6.524887115629544E-03
  6.553982996144356E-03  6.538998222456612E-03  6.524093610185596E-03
  6.552417344753401E-03  6.537422126782514E-03  6.522506250222126E-03
  6.550068029191514E-03  6.535057128248880E-03  6.520124338837975E-03
  6.546934046922289E-03  6.531902204314853E-03  6.516946833649264E-03
  6.543014066738692E-03  6.527955996882898E-03  6.512972349905816E-03
  6.538306432648290E-03  6.523216816033225E-03  6.508199164118591E-03
  6.532809168111118E-03  6.517682644108264E-03  6.502625218057807E-03
  6.526519980593264E-03  6.511351140113553E-03  6.496248123092050E-03
  6.519436266533020E-03  6.504219644571905E-03  6.489065165026485E-03
  6.511555116811473E-03  6.496285184931807E-03  6.481073309548490E-03
  6.502873322756532E-03  6.487544481585218E-03  6.472269208356952E-03
  6.493387382682105E-03  6.477993954519761E-03  6.462649206017979E-03
  6.483093508910137E-03  6.467629730560202E-03  6.452209347515697E-03
  6.471987635255323E-03  6.456447651198303E-03  6.440945386503160E-03
  6.460065424991528E-03  6.444443281021692E-03  6.428852794261918E-03
  6.447322279390779E-03  6.431611916845549E-03  6.415926769474405E-03
  6.433753346947070E-03  6.417948597646289E-03  6.402162248885630E-03
  6.419353533410683E-03  6.403448115430038E-03  6.387553918998293E-03
  6.404117512781023E-03  6.388105027149654E-03  6.372096228861674E-03
  6.388039739323272E-03  6.371913667704471E-03  6.355783403978371E-03
  6.371114460733563E-03  6.354868164117289E-03  6.338609461369597E-03
  6.353335732497595E-03  6.336962450870163E-03  6.320568225740423E-03
  6.334697433491810E-03  6.318190286405361E-03  6.301653346700611E-03
  6.315193282788970E-03  6.298545270693775E-03  6.281858316895701E-03
  6.294816857597959E-03  6.278020863763794E-03  6.261176490912994E-03
  6.273561612170012E-03  6.256610404964609E-03  6.239601104687497E-03
  6.251420897368140E-03  6.234307132657277E-03  6.217125295128355E-03
  6.228387980612872E-03  6.211104204004799E-03  6.193742119584659E-03
  6.204456065797543E-03  6.186994714468057E-03  6.169444574807927E-03
  6.179618312749638E-03  6.161971716613671E-03  6.144225615045969E-03
  6.153867855779569E-03  6.136028237812521E-03  6.118078168904196E-03
  6.127197820946399E-03  6.109157296531464E-03  6.090995154745296E-03
  6.099601341679403E-03  6.081351916945040E-03  6.062969494454044E-03
  6.071071572485464E-03  6.052605141695318E-03  6.033994125478834E-03
  6.041601700552240E-03  6.022910042723617E-03  6.004062011183775E-03
  6.011184955104391E-03  5.992259730157110E-03  5.973166149600860E-03
  5.979814614573944E-03  5.960647359366175E-03  5.941299580748536E-03
  5.947484011931571E-03  5.928066136598567E-03  5.908455392949014E-03
  5.914186538824393E-03  5.894509323843883E-03  5.874626728789899E-03
  5.879915649378962E-03  5.859970243796878E-03  5.839806791577763E-03
  5.844664864332300E-03  5.824442285662606E-03  5.803988853066913E-03
  5.808427775650593E-03  5.787918912026195E-03  5.767166262733976E-03
  5.771198051347150E-03  5.750393666462395E-03  5.729332458260863E-03
  5.732969440326136E-03  5.711860181536261E-03  5.690480976732581E-03
  5.693735778201848E-03  5.672312187713533E-03  5.650605466683414E-03
  5.653490996575852E-03  5.631743525274987E-03  5.609699702681966E-03
  5.612229138894803E-03  5.590148162280244E-03  5.567757605367737E-03
  5.569944384339118E-03  5.547520220497615E-03  5.524773269232370E-03
  5.526631077083509E-03  5.503854007530483E-03  5.480740997243190E-03
  5.482283753745670E-03  5.459144048673698E-03  5.435655336704371E-03
  5.436897160634586E-03  5.413385109985055E-03  5.389511107928760E-03
  5.390466257144395E-03  5.366572207526305E-03  5.342303419539238E-03
  5.342986211673900E-03  5.318700607043531E-03  5.294027672606299E-03
  5.294452406791874E-03  5.269765829289387E-03  5.244679567061867E-03
  5.244860473662581E-03  5.219763681374215E-03  5.194255130684400E-03
  5.194206367658598E-03  5.168690328758574E-03  5.142750787518890E-03
  5.142486479799748E-03  5.116542406367208E-03  5.090163467970609E-03
  5.089697761035119E-03  5.063317148776835E-03  5.036490743816208E-03
  5.035837829369995E-03  5.009012509562602E-03  4.981730958924204E-03
  4.980905038697578E-03  4.953627245559879E-03  4.925883328876867E-03
  4.924898509136333E-03  4.897160961134310E-03  4.868947999969544E-03
  4.867818140381603E-03  4.839614130211967E-03  4.810926081165357E-03
  4.809664639784811E-03  4.780988127029386E-03  4.751819678530723E-03
  4.750439590684706E-03  4.721285293526042E-03  4.691631961942482E-03
  4.690145568585771E-03  4.660509054840412E-03  4.630367279299744E-03
  4.628786294225438E-03  4.598664074976623E-03  4.568031313697646E-03
  4.566366803529072E-03  4.535756433286688E-03  4.504631265361966E-03
  4.502893617908592E-03  4.471793803532306E-03  4.440176038786656E-03
  4.438374909408227E-03  4.406785627489473E-03  4.374676424529802E-03
  4.372820665935477E-03  4.340743286511261E-03  4.308145276990268E-03
  4.306242866038547E-03  4.273680280127410E-03  4.240597696569183E-03
  4.238655669917751E-03  4.205612419167121E-03  4.172051224323171E-03
  4.170075627412739E-03  4.136558035125081E-03  4.102526051845800E-03
  4.100521899055236E-03  4.066538202307355E-03  4.032045243487477E-03
  4.030016485040650E-03  3.995576967323005E-03  3.960634965309225E-03
  3.958584458439915E-03  3.923701581556019E-03  3.888324715767446E-03
  3.886254200995876E-03  3.850942734351620E-03  3.815147555203694E-03
  3.813057640559348E-03  3.777334785675592E-03  3.741140332537502E-03
  3.739030488448963E-03  3.702915996472296E-03  3.666343907318171E-03
  3.664212473608682E-03  3.627728753590839E-03  3.590803364012424E-03
  3.588647569302754E-03  3.551819784907417E-03  3.514568214083881E-03
  3.512384207578267E-03  3.475240359683901E-03  3.437692580749615E-03
  3.435475476601682E-03  3.398046469042252E-03  3.360235361096621E-03
  3.357979295920740E-03  3.320298981438929E-03  3.282260360289599E-03
  3.279958564346497E-03  3.242063767795457E-03  3.203836392500526E-03
  3.201481274770299E-03  3.163411790578043E-03  3.125037342874819E-03
  3.122620589866288E-03  3.084419150844715E-03  3.045942184656616E-03
  3.043454872456967E-03  3.005167087141003E-03  2.966634945498697E-03
  2.964067664261738E-03  2.925741920136703E-03  2.887204617076309E-03
  2.884547606976765E-03  2.846234937199643E-03  2.807745002490134E-03
  2.804988299895011E-03  2.766742211486966E-03  2.728354496452345E-03
  2.725488088686196E-03  2.687364350626029E-03  2.649135793832806E-03
  2.646149780615579E-03  2.608206170802155E-03  2.570195522967686E-03
  2.567080282304901E-03  2.529376293043834E-03  2.491643801240246E-03
  2.488390157251627E-03  2.450986659630809E-03  2.413593711620423E-03
  2.410193101599496E-03  2.373151969982690E-03  2.336160700395808E-03
  2.332605338127366E-03  2.295989036892488E-03  2.259461897877411E-03
  2.255744930117125E-03  2.219616065742770E-03  2.183615365718495E-03
  2.179731018726878E-03  2.144151861342983E-03  2.108739276448523E-03
  2.104682989353354E-03  2.069714968896465E-03  2.034951032769301E-03
  2.030719574668041E-03  1.996422757780074E-03  1.962366336228628E-03
  1.957957904146318E-03  1.924390458919894E-03  1.891098216962884E-03
  1.886512512019310E-03  1.853730168556329E-03  1.821256038085235E-03
  1.816494317584576E-03  1.784549833075035E-03  1.752944490038672E-03
  1.748009593668952E-03  1.716952231264741E-03  1.686262591728978E-03
  1.681158940615479E-03  1.651033971753040E-03  1.621302716438476E-03
  1.616036284353290E-03  1.586884524317188E-03  1.558149661217747E-03
  1.552727917994759E-03  1.524585304383359E-03  1.496879778799304E-03
  1.491311606643159E-03  1.464208829996886E-03  1.437560190758125E-03
  1.431855774872704E-03  1.405817970025482E-03  1.380248099855763E-03
  1.374418795553913E-03  1.349465301271136E-03  1.324990218114676E-03
  1.319048397251228E-03  1.295192590465121E-03  1.271822325226363E-03
  1.265781205338149E-03  1.243030414752307E-03  1.220768969276931E-03
  1.214642429349857E-03  1.192997931473258E-03  1.171843318833311E-03
  1.165645705983185E-03  1.145102804748426E-03  1.125047171952662E-03
  1.118793103586163E-03  1.099341292711859E-03  1.080371123982313E-03
  1.074075290132137E-03  1.055698495358169E-03  1.037794892124980E-03
  1.031471862547193E-03  1.014148758897296E-03  9.972877907719192E-04
  9.909518312248157E-04  9.746562285668103E-04  9.588093477861156E-04
  9.524742495669297E-04  9.371755380550471E-04  9.223100483442631E-04
  9.159889746178216E-04  9.016526201772037E-04  8.877321897284927E-04
  8.814375416225781E-04  8.680256205132828E-04  8.550108278365923E-04
  8.487541325453159E-04  8.362258932695425E-04  8.240747940986431E-04
  8.178666165322302E-04  8.061790569623129E-04  7.948477601942295E-04
  7.886976389069460E-04  7.778060865051630E-04  7.672493273521780E-04
  7.611657347420176E-04  7.510244181349041E-04  7.411961172097526E-04
  7.351864432275001E-04  7.257490441198752E-04  7.166028420522168E-04
  7.106734000026037E-04  7.018935754863697E-04  6.933833338587447E-04
  6.875393863043407E-04  6.793712529357529E-04  6.714515137188724E-04
  6.656973160742320E-04  6.580958885952253E-04  6.507222858276742E-04
  6.450611448638427E-04  6.379827241253619E-04  6.311123432644458E-04
  6.255466875658424E-04  6.189491939032741E-04  6.125408759527035E-04
  6.070723352824195E-04  6.009155853003446E-04  5.949301744781613E-04
  5.895596650381322E-04  5.838055914111510E-04  5.782061266907636E-04
  5.729339393944056E-04  5.675467547740996E-04  5.622986070190386E-04
  5.571244961564205E-04  5.520708036268553E-04  5.471417612808921E-04
  5.420650312265487E-04  5.373138848538409E-04  5.326741921432664E-04
  5.276937801620382E-04  5.232167001066795E-04  5.188390524929846E-04
  5.139536060236900E-04  5.097245533184919E-04  5.055840554809949E-04
  5.007920027052200E-04  4.967873192338508E-04  4.928614111703116E-04
  4.881610240292626E-04  4.843593434419277E-04  4.806277003840950E-04
  4.760171495781165E-04  4.723992848824848E-04  4.688436966441876E-04
  4.643210984594317E-04  4.608699118402723E-04  4.574741469648407E-04
  4.530376020617308E-04  4.497378621617825E-04  4.464875218607850E-04
  4.421351464272648E-04  4.389733778769273E-04  4.358557442706275E-04
  4.315856940569216E-04  4.285500235403233E-04  4.255539062014113E-04
  4.213643941390788E-04  4.184443966860944E-04  4.155599808720118E-04
  4.114492890001714E-04  4.086358376212189E-04  4.058545370192124E-04
  4.018210235234423E-04  3.991061447057277E-04  3.964204609305054E-04
  3.924625630855559E-04  3.898393000955032E-04  3.872426906256751E-04
  3.833589245028441E-04  3.808212099164663E-04  3.783079656642567E-04
  3.744969233944659E-04  3.720394617845301E-04  3.696045950209843E-04
  3.658649403068756E-04  3.634831016074104E-04  3.611222445967485E-04
  3.574527069557140E-04  3.551424306525723E-04  3.528517450105380E-04
  3.492511130589112E-04  3.470088230626134E-04  3.447849195810023E-04
  3.412520336211871E-04  3.390745634304927E-04  3.369144318943800E-04
  3.334481762909184E-04  3.313327038892858E-04  3.292336522800701E-04
  3.258329485206140E-04  3.237769403001305E-04  3.217365426410180E-04
  3.184003439456651E-04  3.164015068802743E-04  3.144175589268910E-04
  3.111448465039754E-04  3.092010877614837E-04  3.072715697326198E-04
  3.040613494338686E-04  3.021707426088004E-04  3.002937881443419E-04
  2.971450852574655E-04  2.953058424321676E-04  2.934797130122081E-04
  2.903915638737624E-04  2.886020127248111E-04  2.868250767884800E-04
  2.837965192469420E-04  2.820550844541901E-04  2.803258005052555E-04
  2.773558692389484E-04  2.756610574859701E-04  2.739779605112762E-04
  2.710656939059543E-04  2.694160818485130E-04  2.677777724527948E-04
  2.649222313157642E-04  2.633164560119706E-04  2.617215917982873E-04
  2.589218778395929E-04  2.573586292878439E-04  2.558059181608545E-04
  2.530611702636921E-04  2.515391857635031E-04  2.500273808955160E-04
  2.473367326343280E-04  2.458547926529547E-04  2.443826888219898E-04
  2.417451982020867E-04  2.403021232912334E-04  2.388685541689508E-04
  2.362831553814230E-04  2.348778036184069E-04  2.334816394916100E-04
  2.309471858110899E-04  2.295784502982526E-04  2.282185957763946E-04
  2.257340278412301E-04  2.244008341744672E-04  2.230762258098840E-04
  2.206408030018943E-04  2.193421071220166E-04  2.180517113662085E-04
  2.156651322508228E-04  2.143999194174783E-04  2.131427316657492E-04
  2.108049373632828E-04  2.095722227542824E-04  2.083472679904068E-04
  2.060578580490675E-04  2.048566885761718E-04  2.036630232222757E-04
  2.014205144007046E-04  2.002499701955465E-04  1.990866836218768E-04
  1.968881570218309E-04  1.957473504951714E-04  1.946135641009595E-04
  1.924553121363683E-04  1.913433833587903E-04  1.902382459666953E-04
  1.881176242062387E-04  1.870337335798519E-04  1.859564141055512E-04
  1.838742482431770E-04  1.828175700068160E-04  1.817672509473914E-04
  1.797292428220006E-04  1.786989640742805E-04  1.776748405089871E-04
  1.756901299845688E-04  1.746854581881167E-04  1.736867452704936E-04
  1.717627036474058E-04  1.707828810239489E-04  1.698088283863476E-04
  1.679433136354989E-04  1.669876316505170E-04  1.660375379132876E-04
  1.642124078892923E-04  1.632802123896986E-04  1.623534303360933E-04
  1.605345671581801E-04  1.596252473399956E-04  1.587211729043480E-04
  1.568690917891003E-04  1.559820538647030E-04  1.551000997882149E-04
  1.531908134019785E-04  1.523254491978472E-04  1.514650135926017E-04
  1.495142487041999E-04  1.486699152132254E-04  1.478303610693751E-04
  1.459080834884809E-04  1.450841072589765E-04  1.442647668031138E-04
  1.424843997198264E-04  1.416801093786155E-04  1.408803165983665E-04
  1.393500980306217E-04  1.385648732832927E-04  1.377840129456235E-04
  1.365162214391072E-04  1.357495341637316E-04  1.349870829387421E-04
  1.337711652299679E-04  1.330225839992208E-04  1.322781150109372E-04
  1.305312654732265E-04  1.298004011874100E-04  1.290735296690692E-04
  1.256831042961871E-04  1.249694875292878E-04  1.242597481861336E-04
