  7.521579784072915E+00  7.511054667653142E+00  7.500519467651962E+00

  8.449761631547361E-03  8.367430518620484E-03  8.283727360070051E-03
  8.827032510780207E-03  8.748858859691741E-03  8.669486959804896E-03
  9.189980720054398E-03  9.115374616429594E-03  9.039747710063642E-03
  8.453772481594219E-03  8.371489510364824E-03  8.287836345535456E-03
  8.830923168675528E-03  8.752790725597601E-03  8.673462147262929E-03
  9.193774830464716E-03  9.119202625735304E-03  9.043611788469916E-03
  8.455777246324594E-03  8.373518318908067E-03  8.289890125832457E-03
  8.832867991188818E-03  8.754756119480591E-03  8.675449170025168E-03
  9.195671519573588E-03  9.121116229708038E-03  9.045543392216483E-03
  8.455777246324594E-03  8.373518318908067E-03  8.289890125832457E-03
  8.832867991188818E-03  8.754756119480591E-03  8.675449170025168E-03
  9.195671519573588E-03  9.121116229708038E-03  9.045543392216483E-03
  8.453772481594219E-03  8.371489510364824E-03  8.287836345535456E-03
  8.830923168675528E-03  8.752790725597601E-03  8.673462147262929E-03
  9.193774830464716E-03  9.119202625735304E-03  9.043611788469916E-03
  8.449761631547361E-03  8.367430518620484E-03  8.283727360070051E-03
  8.827032510780207E-03  8.748858859691741E-03  8.669486959804896E-03
  9.189980720054398E-03  9.115374616429594E-03  9.039747710063642E-03
  8.443742186263691E-03  8.361338726551069E-03  8.277560452789129E-03
  8.821194016242330E-03  8.742958390820194E-03  8.663521350017385E-03
  9.184287713957623E-03  9.109630589620188E-03  9.033949406284589E-03
  8.435710551188330E-03  8.353210380421574E-03  8.269331722330632E-03
  8.813404739397840E-03  8.735086180625587E-03  8.655561991391168E-03
  9.176693594591372E-03  9.101968122223037E-03  9.026214247432300E-03
  8.425662053027109E-03  8.343040597180149E-03  8.259036091446379E-03
  8.803660807053861E-03  8.725238101296565E-03  8.645604507667494E-03
  9.167195399861968E-03  9.092383979568134E-03  9.016538724843565E-03
  8.413590874444432E-03  8.330823301178817E-03  8.246667245981191E-03
  8.791957386472619E-03  8.713409004320679E-03  8.633643442562631E-03
  9.155789403641168E-03  9.080874096046729E-03  9.004918431846011E-03
  8.399489977846007E-03  8.316551150587491E-03  8.232217564308657E-03
  8.778288624114778E-03  8.699592660172919E-03  8.619672200721009E-03
  9.142471074693546E-03  9.067433533968237E-03  8.991348022793140E-03
  8.383351053898367E-03  8.300215489039980E-03  8.215678072534371E-03
  8.762647585104368E-03  8.683781699222683E-03  8.603682990493739E-03
  9.127235024046339E-03  9.052056430946635E-03  8.975821160808400E-03
  8.365164494478329E-03  8.281806322171667E-03  8.197038425206742E-03
  8.745026206225201E-03  8.665967566619026E-03  8.585666781203271E-03
  9.110074950485431E-03  9.034735945646974E-03  8.958330464199577E-03
  8.344919373353282E-03  8.261312302574403E-03  8.176286895094942E-03
  8.725415256511855E-03  8.646140485187730E-03  8.565613268914914E-03
  9.090983586078204E-03  9.015464203825702E-03  8.938867453475396E-03
  8.322603421263204E-03  8.238720709967942E-03  8.153410359168053E-03
  8.703804293924691E-03  8.624289414971672E-03  8.543510839453466E-03
  9.069952638010675E-03  8.994232241037911E-03  8.917422495447589E-03
  8.298202992038969E-03  8.214017423515593E-03  8.128394277769299E-03
  8.680181612791549E-03  8.600402004252024E-03  8.519346523703224E-03
  9.046972723149331E-03  8.971029938511144E-03  8.893984740997009E-03
  8.271703023725588E-03  8.187186890209050E-03  8.101222671129031E-03
  8.654534183214213E-03  8.574464533374123E-03  8.493105946615072E-03
  9.022033294528924E-03  8.945845951488035E-03  8.868542055936892E-03
  8.243087000322162E-03  8.158212095070191E-03  8.071878098833666E-03
  8.626847586453847E-03  8.546461855489041E-03  8.464773274170886E-03
  8.995122561147798E-03  8.918667631479039E-03  8.841080946480350E-03
  8.212336917639210E-03  8.127074536712969E-03  8.040341646014412E-03
  8.597105949725448E-03  8.516377337653055E-03  8.434331161745010E-03
  8.966227402948656E-03  8.889480944378334E-03  8.811586481346150E-03
  8.179433255110969E-03  8.093754210095732E-03  8.006592918068779E-03
  8.565291882134741E-03  8.484192804167597E-03  8.401760705865345E-03
  8.935333282386729E-03  8.858270385947211E-03  8.780042212114236E-03
  8.144354954706456E-03  8.058229597904774E-03  7.970610045495374E-03
  8.531386412413560E-03  8.449888482971278E-03  8.367041400390535E-03
  8.902424153414771E-03  8.825018895677283E-03  8.746430093024534E-03
  8.107079408205603E-03  8.020477671920594E-03  7.932369700423460E-03
  8.495368929562748E-03  8.413442956365570E-03  8.330151098522065E-03
  8.867482368714281E-03  8.789707770047618E-03  8.710730401423162E-03
  8.067582455027443E-03  7.980473906666025E-03  7.891847127152740E-03
  8.457217128169731E-03  8.374833118048730E-03  8.291065982817725E-03
  8.830488586314170E-03  8.752316576489783E-03  8.672921660351572E-03
  8.025838393517440E-03  7.938192308405468E-03  7.849016189932048E-03
  8.416906960333438E-03  8.334034138566631E-03  8.249760545515050E-03
  8.791421677111838E-03  8.712823069809583E-03  8.632980565255176E-03
  7.981820008645937E-03  7.893605462548149E-03  7.803849441152345E-03
  8.374412597145317E-03  8.291019442257212E-03  8.206207582337172E-03
  8.750258635256837E-03  8.671203113198585E-03  8.590881917127842E-03
  7.935498619711363E-03  7.846684603129031E-03  7.756318213580539E-03
  8.329706402591114E-03  8.245760698757385E-03  8.160378203060543E-03
  8.706974493710516E-03  8.627430606361359E-03  8.546598564817157E-03
  7.886844151753341E-03  7.797399708063559E-03  7.706392740410118E-03
  8.282758923157375E-03  8.198227832535057E-03  8.112241862422960E-03
  8.661542247671175E-03  8.581477423688233E-03  8.500101359658244E-03
  7.835825234375381E-03  7.745719624086988E-03  7.654042307128225E-03
  8.233538896825073E-03  8.148389054221787E-03  8.061766415262191E-03
  8.613932788944866E-03  8.533313365794114E-03  8.451359125978166E-03
  7.782409332424267E-03  7.691612225638551E-03  7.599235439254812E-03
  8.182013285471411E-03  8.096210918035814E-03  8.008918200374141E-03
  8.564114854733735E-03  8.482906128143378E-03  8.400338651417450E-03
  7.726562912712372E-03  7.635044612000093E-03  7.541940130340492E-03
  8.128147335031555E-03  8.041658409666112E-03  7.953662157461369E-03
  8.512054994800216E-03  8.430221290950300E-03  8.347004701479139E-03
  7.668251651428907E-03  7.575983347121839E-03  7.482124114406372E-03
  8.071904668310752E-03  7.984695069607719E-03  7.895961982211142E-03
  8.457717561453196E-03  8.375222335048674E-03  8.291320063206636E-03
  7.607440687286476E-03  7.514394747067554E-03  7.419755187539337E-03
  8.013247415675879E-03  7.925283157234595E-03  7.835780324811180E-03
  8.401064727429268E-03  8.317870688968472E-03  8.233245623354818E-03
  7.544094925207871E-03  7.450245219533521E-03  7.354801582748410E-03
  7.952136389261750E-03  7.863383861202049E-03  7.773079037345213E-03
  8.342056537236882E-03  8.258125812969107E-03  8.172740486938293E-03
  7.478179395403978E-03  7.383501660054672E-03  7.287232402316626E-03
  7.888531306566440E-03  7.798957561903064E-03  7.707819475632272E-03
  8.280650998063922E-03  8.195945326255503E-03  8.109762142452424E-03
  7.409659672660848E-03  7.314131909147476E-03  7.217018111330910E-03
  7.822391069535611E-03  7.731964151941084E-03  7.639962861207928E-03
  8.216804216866767E-03  8.131285184036011E-03  8.044266680392445E-03
  7.338502360187829E-03  7.242105274223785E-03  7.144131095583096E-03
  7.753674105344868E-03  7.662363420485440E-03  7.569470708912141E-03
  8.150470590729918E-03  8.064099911499622E-03  7.976209072067602E-03
  7.264675641890326E-03  7.167393119440511E-03  7.068546286247989E-03
  7.682338775049880E-03  7.590115507238983E-03  7.496305325289701E-03
  8.081603058005845E-03  7.994342902096611E-03  7.905543515862279E-03
  7.188149906438637E-03  7.089969525919801E-03  6.990241852787720E-03
  7.608343856179670E-03  7.515181431570990E-03  7.420430382715207E-03
  8.010153417964894E-03  7.921966787616811E-03  7.832223858111248E-03
  7.108898445272606E-03  7.009812023596415E-03  6.909199964395409E-03
  7.531649104707488E-03  7.437523701466141E-03  7.341811573037924E-03
  7.936072726743950E-03  7.846923887471494E-03  7.756204095496288E-03
  7.026898225730877E-03  6.926902394651772E-03  6.825407618648748E-03
  7.452215901493710E-03  7.357107006511569E-03  7.260417343987981E-03
  7.859311777299528E-03  7.769166744335233E-03  7.677438965465939E-03
  6.942130738873942E-03  6.841227546879324E-03  6.738857534443893E-03
  7.370007987083603E-03  7.273898997685286E-03  7.176219719904692E-03
  7.779821670850345E-03  7.688648752853352E-03  7.595884630477418E-03
  6.854582919904536E-03  6.752780453472212E-03  6.649549104337964E-03
  7.284992287656614E-03  7.187871155468648E-03  7.089195206966334E-03
  7.697554486967338E-03  7.605324887553399E-03  7.511499461054919E-03
  6.764248136660878E-03  6.661561153203830E-03  6.557489398652409E-03
  7.197139833481275E-03  7.098999746123462E-03  6.999325781179191E-03
  7.612464058768195E-03  7.519152535194938E-03  7.424244921551722E-03
  6.671127239378490E-03  6.567577802515338E-03  6.462694211421440E-03
  7.106426769501839E-03  7.007266864105133E-03  6.906599955363106E-03
  7.524506858374200E-03  7.430092435316247E-03  7.334086560826378E-03
  6.575229662778684E-03  6.470847768944310E-03  6.365189135826617E-03
  7.012835454544672E-03  6.912661555385743E-03  6.811013918207064E-03
  7.433642995513753E-03  7.338109730321085E-03  7.240995107531414E-03
  6.476574567975610E-03  6.371398751686452E-03  6.265010653553375E-03
  6.916355642943271E-03  6.815181013534005E-03  6.712572735278732E-03
  7.339837329053074E-03  7.243175123136355E-03  7.144947666205976E-03
  6.375192009064188E-03  6.269269912549004E-03  6.162207219680670E-03
  6.816985738543072E-03  6.714831836534334E-03  6.611291598099482E-03
  7.243060688077641E-03  7.145266136875919E-03  7.045929006426596E-03
  6.271124104894182E-03  6.164512996435658E-03  6.056840321248755E-03
  6.714734107957357E-03  6.611631328858287E-03  6.507197103552270E-03
  7.143291196669389E-03  7.044368467970867E-03  6.943932933845262E-03
  6.164426193517731E-03  6.057193417549173E-03  5.948985484511039E-03
  6.609620437016182E-03  6.505608830460456E-03  6.400328543219901E-03
  7.040515695046492E-03  6.940477422319307E-03  6.838963729613002E-03
  6.055167942778995E-03  5.947391283819582E-03  5.838733202863312E-03
  6.501677111576613E-03  6.396807051567701E-03  6.290739179392867E-03
  6.934731247945383E-03  6.833599422288856E-03  6.731037642998186E-03
  5.943434388534439E-03  5.835202330266971E-03  5.726189755590173E-03
  6.390950599488156E-03  6.285283388433843E-03  6.178497481528070E-03
  6.825946726742718E-03  6.723753568609682E-03  6.620184418761266E-03
  5.829326869132382E-03  5.720738729690973E-03  5.611477886164114E-03
  6.277502805006919E-03  6.171111190224952E-03  6.063688292447339E-03
  6.714184442792277E-03  6.610973233147219E-03  6.506448833878101E-03
  5.712963823927488E-03  5.604129748670846E-03  5.494737308562734E-03
  6.161412359255326E-03  6.054380940333285E-03  5.946413887698777E-03
  6.599481796895075E-03  6.495307646598150E-03  6.389892207082329E-03
  5.594481422112199E-03  5.485522216192046E-03  5.376125010448576E-03
  6.042775803553529E-03  5.935201308811559E-03  5.826794885198193E-03
  6.481892897746914E-03  6.376823432752491E-03  6.270593832322374E-03
  5.474033986486949E-03  5.365080771625993E-03  5.255815322332412E-03
  5.921708618730133E-03  5.813700028715667E-03  5.704970958386818E-03
  6.361490096956500E-03  6.255606034369453E-03  6.148652279551278E-03
  5.351794175736629E-03  5.242987858330312E-03  5.133999722243154E-03
  5.798346056151772E-03  5.690024551676653E-03  5.581101308444769E-03
  6.238365393570311E-03  6.131760979628591E-03  6.024186508747818E-03
  5.227952888607511E-03  5.119443430139555E-03  5.010886347282711E-03
  5.672843732691733E-03  5.564342444848568E-03  5.455364858247961E-03
  6.112631674459463E-03  6.005414951477011E-03  5.897336756053909E-03
  5.102718856818881E-03  4.994664341527514E-03  4.886699187240100E-03
  5.545377959496437E-03  5.436841500877134E-03  5.327960141707413E-03
  5.984423768969406E-03  5.876716636752811E-03  5.768265167535141E-03
  4.976317899214891E-03  4.868883398918418E-03  4.761676942899349E-03
  5.416145777370937E-03  5.307729537989514E-03  5.199104870047000E-03
  5.853899296005479E-03  5.745837336408988E-03  5.637156164883897E-03
  4.848991819469993E-03  4.742348060389688E-03  4.636071541484262E-03
  5.285364667324163E-03  5.177233866074132E-03  5.069035158276308E-03
  5.721239263859784E-03  5.612971305281304E-03  5.504216519718330E-03
  4.720996939919530E-03  4.615318782337803E-03  4.510146313495377E-03
  5.153271896228057E-03  5.045600387596093E-03  4.938004389998439E-03
  5.586648354313764E-03  5.478335763831836E-03  5.369675090467291E-03
  4.592602274891343E-03  4.488067022747969E-03  4.384173846997858E-03
  5.020123452340562E-03  4.913092296894927E-03  4.806281693416199E-03
  5.450354799168896E-03  5.342170499958720E-03  5.233782151238056E-03
  4.464087356363534E-03  4.360872920938614E-03  4.258433545548780E-03
  4.886192530826029E-03  4.779988345082076E-03  4.674150003511109E-03
  5.312609756509424E-03  5.204736974264284E-03  5.096808233768387E-03
  4.335739732610155E-03  4.234022681244745E-03  4.133208923696488E-03
  4.751767549438920E-03  4.646580655756468E-03  4.541903700878740E-03
  5.173686122114993E-03  5.066316866274036E-03  4.959042423195845E-03
  4.207852170252290E-03  4.107805697450071E-03  4.008784682541706E-03
  4.617149704637535E-03  4.513172106089894E-03  4.409845845735096E-03
  5.033876759639427E-03  4.927210046180643E-03  4.820790093313993E-03
  4.080719600675297E-03  3.982511464206993E-03  3.885443616003148E-03
  4.482650108558235E-03  4.380073318916412E-03  4.278285056947014E-03
  4.893492181355614E-03  4.787732007765063E-03  4.682370119865433E-03
  3.954635864432773E-03  3.858426332755479E-03  3.763463407961344E-03
  4.348586569244859E-03  4.247599335420881E-03  4.147532111442337E-03
  4.752857740523910E-03  4.648210833064719E-03  4.544111650332104E-03
  3.829890320724633E-03  3.735830180401536E-03  3.643113390922813E-03
  4.215280085350649E-03  4.116066048443929E-03  4.017896351427864E-03
  4.612310400194105E-03  4.508983768119154E-03  4.406350522532521E-03
  3.706764400578007E-03  3.614993073154357E-03  3.524651345292673E-03
  4.083051126907824E-03  3.985786476493408E-03  3.889681986745554E-03
  4.472195130754777E-03  4.370393478138233E-03  4.269425415342073E-03
  3.585528190103591E-03  3.496172007048398E-03  3.408320422755088E-03
  3.952215773054563E-03  3.857066955378374E-03  3.763184374317498E-03
  4.332860977697178E-03  4.232784036609042E-03  4.133673798557543E-03
  3.466437132858992E-03  3.379607814860654E-03  3.294346277078423E-03
  3.823081782387313E-03  3.730203325073730E-03  3.638686353328860E-03
  4.194656846448890E-03  4.096496702507256E-03  3.999427742830171E-03
  3.349728939565337E-03  3.265522321929438E-03  3.182934480670323E-03
  3.695944682890839E-03  3.605477196817931E-03  3.516454718093494E-03
  4.057927075011910E-03  3.961865557806700E-03  3.867009662342739E-03
  3.235620788063979E-03  3.154115827876612E-03  3.074268296818937E-03
  3.571083981814065E-03  3.483152395604214E-03  3.396736917343284E-03
  3.923006897658222E-03  3.829213106307424E-03  3.736728087341346E-03
  3.124306889453492E-03  3.045564981833333E-03  2.968506866534849E-03
  3.448759604536160E-03  3.363471680270217E-03  3.279758073933093E-03
  3.790217929636387E-03  3.698845960040790E-03  3.608873587012463E-03
  3.015956486729198E-03  2.940021107923669E-03  2.865783856953570E-03
  3.329208670299435E-03  3.246653841101849E-03  3.165718415800640E-03
  3.659863813997379E-03  3.571050750213437E-03  3.483714973445563E-03
  2.910712339964516E-03  2.837609024532622E-03  2.766206604346390E-03
  3.212642702413676E-03  3.132891263449440E-03  3.054791196864846E-03
  3.532226166423658E-03  3.446090393323642E-03  3.361495910460707E-03
  2.808689736975871E-03  2.738426385428924E-03  2.669855769395645E-03
  3.099245353103729E-03  3.022348027021142E-03  2.947121166797461E-03
  3.407560938728675E-03  3.324200825356992E-03  3.242432031450904E-03
  2.709976050608625E-03  2.642543553133639E-03  2.576785505060706E-03
  2.989170703733820E-03  2.915158589544286E-03  2.842823626531571E-03
  3.286095303590163E-03  3.205588295505173E-03  3.126708646126801E-03
  2.614630845607058E-03  2.550003997603376E-03  2.487024121105225E-03
  2.882542180875028E-03  2.811427082217294E-03  2.741984084534907E-03
  3.168025145717323E-03  3.090427290476814E-03  3.014479093054402E-03
  2.522686518794752E-03  2.460825195015150E-03  2.400575212303992E-03
  2.779452108770794E-03  2.711227224381799E-03  2.644658508996924E-03
  3.053513227165085E-03  2.978859141179175E-03  2.905863774070960E-03
  2.434149438383636E-03  2.374999985147766E-03  2.317419202802414E-03
  2.679961898057562E-03  2.614602845043268E-03  2.550874152445102E-03
  2.942688073964984E-03  2.870991342797480E-03  2.800949886062321E-03
  2.349001532968738E-03  2.292498332456058E-03  2.237515247542856E-03
  2.584102849058150E-03  2.521568979126832E-03  2.460630907589833E-03
  2.835643606540316E-03  2.766897595482268E-03  2.699791843019131E-03
  2.267202267229700E-03  2.213269424534380E-03  2.160803422443772E-03
  2.491877526924702E-03  2.432113487371763E-03  2.373903136403761E-03
  2.732439508278662E-03  2.666618546445000E-03  2.602412356988291E-03
  2.188690931801290E-03  2.137244034318441E-03  2.087207129708090E-03
  2.403261646607175E-03  2.346199131931164E-03  2.290641900200744E-03
  2.633102298506077E-03  2.570163188084306E-03  2.508804122617174E-03
  2.113389168383078E-03  2.064337067971224E-03  2.016635642163173E-03
  2.318206390146822E-03  2.263766026813565E-03  2.210777507972206E-03
  2.537627050555743E-03  2.477510843601917E-03  2.418932029414241E-03
  2.041203648128132E-03  1.994450219593452E-03  1.948986711567436E-03
  2.236641068011489E-03  2.184734373928126E-03  2.134222294224361E-03
  2.445979674726259E-03  2.388613653435466E-03  2.332735810468790E-03
  1.972028822728467E-03  1.927474656529644E-03  1.884149169642349E-03
  2.158476029932397E-03  2.109007391858066E-03  2.060873536206892E-03
  2.358099670107071E-03  2.303399463114995E-03  2.250133026634444E-03
  1.905749671364315E-03  1.863293664480594E-03  1.822005457259490E-03
  2.083605728953727E-03  2.036474344877871E-03  1.990616422784147E-03
  2.273903238540166E-03  2.221775005670146E-03  2.171022280718989E-03
  1.842244373595328E-03  1.801785188866095E-03  1.762434024802728E-03
  2.011911845005343E-03  1.967013584306323E-03  1.923326993307426E-03
  2.193286648444931E-03  2.143629269173031E-03  2.095286556380594E-03
  1.781386847449675E-03  1.742824218964654E-03  1.705311557062359E-03
  1.943266379727283E-03  1.900495521049908E-03  1.858874972824052E-03
  2.116129735778819E-03  2.068836942144872E-03  2.022796580831248E-03
  1.723049101934075E-03  1.686284970998894E-03  1.650514985714569E-03
  1.877534643930674E-03  1.836785458682051E-03  1.797126440837337E-03
  2.042299433896860E-03  1.997261836030468E-03  1.953414118579770E-03
  1.667103364587260E-03  1.632042837603009E-03  1.597923262896537E-03
  1.814578069854573E-03  1.775746227564155E-03  1.737946282250348E-03
  1.971653233056240E-03  1.928760194295828E-03  1.886995114755531E-03
  1.613423955449739E-03  1.579976081306790E-03  1.547418879378903E-03
  1.754256793605563E-03  1.717240573526388E-03  1.681200381678649E-03
  1.904042482544859E-03  1.863183810704984E-03  1.823392620032940E-03
  1.561888890306640E-03  1.529967260138676E-03  1.498889119995071E-03
  1.696431966250917E-03  1.661133267415376E-03  1.626757534658521E-03
  1.839315463101465E-03  1.800382894188906E-03  1.762459443890255E-03
  1.512381204942629E-03  1.481904381825509E-03  1.452227056982901E-03
  1.640967765249696E-03  1.607292914033412E-03  1.574491060464591E-03
  1.777320172871156E-03  1.740208632981640E-03  1.704050497707819E-03
  1.464790001704565E-03  1.435681791433462E-03  1.407332289096621E-03
  1.587733090509622E-03  1.555593450820307E-03  1.524280112254976E-03
  1.717906786128094E-03  1.682515425917146E-03  1.648024803503260E-03
  1.419011226698963E-03  1.391200803556641E-03  1.364111439856012E-03
  1.536602940224469E-03  1.505915336341009E-03  1.476010688830222E-03
  1.660929759095118E-03  1.627162762827322E-03  1.594247157074514E-03
  1.374948192204738E-03  1.348370095574323E-03  1.322478432967454E-03
  1.487459471584970E-03  1.458146437532388E-03  1.429576360210219E-03
  1.606249571278471E-03  1.574016748871962E-03  1.542589445965073E-03
  1.332511863629125E-03  1.307105882447914E-03  1.282354566227990E-03
  1.440192759441544E-03  1.412182631626094E-03  1.384878725229716E-03
  1.553734103052427E-03  1.522951278635662E-03  1.492931632449577E-03
  1.291620933839306E-03  1.267331896557392E-03  1.243668407688166E-03
  1.394701272720964E-03  1.367928144382583E-03  1.341827624187844E-03
  1.503259660663872E-03  1.473848875017064E-03  1.445162419725973E-03
  1.252201710510529E-03  1.228979197997194E-03  1.206355539169568E-03
  1.350892093096717E-03  1.325295650269382E-03  1.300341132874770E-03
  1.454711668303319E-03  1.426601215220749E-03  1.399179625706552E-03
  1.214187842728700E-03  1.191985841331038E-03  1.170358172650791E-03
  1.308680903977728E-03  1.284206162871750E-03  1.260345366244492E-03
  1.407985053281587E-03  1.381109371537375E-03  1.354890293252415E-03
  1.177519914560590E-03  1.156296425559377E-03  1.135624665221049E-03
  1.267991779958102E-03  1.244588745508771E-03  1.221774121278255E-03
  1.362984355109903E-03  1.337283798447195E-03  1.312210568736516E-03
  1.142144932222780E-03  1.121861552866568E-03  1.102108957042811E-03
  1.228756808075403E-03  1.206380072604351E-03  1.184568388623362E-03
  1.319623592273013E-03  1.295044099813437E-03  1.271065382374210E-03
  1.108015731192765E-03  1.088637221195634E-03  1.069769955994201E-03
  1.190915572007762E-03  1.169523871862883E-03  1.148675761879713E-03
  1.277825922105034E-03  1.254318610968082E-03  1.231387964302638E-03
  1.075090327714300E-03  1.056584173604054E-03  1.038570890507528E-03
  1.154414529768512E-03  1.133970276403972E-03  1.114049772194729E-03
  1.237523129638733E-03  1.215043830434937E-03  1.193119229868227E-03
  1.043331237743881E-03  1.025667225926713E-03  1.008478650494194E-03
  1.119206313977069E-03  1.099675114348383E-03  1.080649174064943E-03
  1.198654980638438E-03  1.177163735065390E-03  1.156207066366273E-03
  1.012704784027711E-03  9.958545918743243E-04  9.794631341398809E-04
  1.085248981775758E-03  1.066599161177392E-03  1.048437205913376E-03
  1.161168472655369E-03  1.140629010701405E-03  1.120605551578496E-03
  9.831804099950997E-04  9.671172225567574E-04  9.514966157563073E-04
  1.052505239442618E-03  1.034707378217125E-03  1.017380847109562E-03
  1.125017015894857E-03  1.105396228272619E-03  1.086274132123755E-03
  9.547300164600021E-04  9.394281750706206E-04  9.245531480816740E-04
  1.020941663779471E-03  1.003968157451933E-03  9.874500898524009E-04
  1.090159573151643E-03  1.071426992610271E-03  1.053176786944779E-03
  9.273273347193352E-04  9.127620220741566E-04  8.986080094307338E-04
  9.905279399460233E-04  9.743525906523465E-04  9.586172422238978E-04
  1.056559785245053E-03  1.038687088405552E-03  1.021281198409292E-03
  9.009473473283398E-04  8.870943124129436E-04  8.736372044926232E-04
  9.612361326157258E-04  9.458337779468564E-04  9.308562759269370E-04
  1.024185105330281E-03  1.007145644716892E-03  9.905579505225521E-04
  8.755657655131444E-04  8.624010902935400E-04  8.496170250210452E-04
  9.330400044500501E-04  9.183861883033962E-04  9.041422296664341E-04
  9.930059623539699E-04  9.767743363917095E-04  9.609797707859346E-04
  8.511585698748452E-04  8.386584786588572E-04  8.265236750051363E-04
  9.059143932266861E-04  8.919850817090374E-04  8.784506765557963E-04
  9.629949707815270E-04  9.475466377020595E-04  9.325208292523521E-04
  8.277016187100019E-04  8.158423298623297E-04  8.043329624087041E-04
  8.798346563503198E-04  8.666060004386949E-04  8.537572616280852E-04
  9.341262005918828E-04  9.194371404753378E-04  9.051561054543429E-04
  8.051703262570259E-04  7.939279451342154E-04  7.830200581528133E-04
  8.547761890343558E-04  8.422243344067638E-04  8.300373132779633E-04
  9.063745186591707E-04  8.924209462826934E-04  8.788608312777844E-04
  7.835394117839391E-04  7.728898628395803E-04  7.625593214734553E-04
  8.307140199675573E-04  8.188149633355691E-04  8.072655303668936E-04
  8.797150097591483E-04  8.664731394576479E-04  8.536100151879422E-04
  7.627827183727946E-04  7.527017136922591E-04  7.429241893177336E-04
  8.076224863879748E-04  7.963519766441104E-04  7.854157449269250E-04
  8.541224827934239E-04  8.415683452293740E-04  8.293780508767132E-04
  7.428730987021922E-04  7.333361396901822E-04  7.240871259366144E-04
  7.854749883138341E-04  7.748084699328440E-04  7.644607585912751E-04
  8.295710653491218E-04  8.176803749126483E-04  8.061384111818761E-04
  7.237823640320584E-04  7.147647724319575E-04  7.060196279936731E-04
  7.642438200408269E-04  7.541564154505458E-04  7.443722494583244E-04
  8.060338873951538E-04  7.947819579216268E-04  7.838634260987692E-04
  7.054812914042758E-04  6.969582655457442E-04  6.886922795942764E-04
  7.439000751161525E-04  7.343666021568551E-04  7.251207445052336E-04
  7.834828527722408E-04  7.728445583639520E-04  7.625241418321684E-04
  6.879396829484999E-04  6.798863749109216E-04  6.720748508440032E-04
  7.244136198737472E-04  7.154086399729797E-04  7.066756517275580E-04
  7.618884952939707E-04  7.518382722946545E-04  7.420902563136516E-04
  6.711264706773398E-04  6.635180798593949E-04  6.561364329640468E-04
  7.057531293386745E-04  6.972510217410816E-04  6.890053452891090E-04
  7.412199146029066E-04  7.317318001646571E-04  7.225301251930182E-04
  6.550098595225783E-04  6.478217382115136E-04  6.408456029482318E-04
  6.878861785217112E-04  6.798612356760498E-04  6.720772963224867E-04
  7.214447854588560E-04  7.124924876812352E-04  7.038108311455139E-04
  6.395575012622232E-04  6.327652678698666E-04  6.261706106544789E-04
  6.707793811642840E-04  6.632059202915654E-04  6.558582413370078E-04
  7.025294329576967E-04  6.940864272756587E-04  6.858983084654598E-04
  6.247366915003705E-04  6.183163473284198E-04  6.120795808721828E-04
  6.543985675605040E-04  6.472510535118197E-04  6.403143800816401E-04
  6.844389651912376E-04  6.764786115222212E-04  6.687575142012823E-04
  6.105145821016258E-04  6.044426278333808E-04  5.985407234851388E-04
  6.387089930629312E-04  6.319621677093965E-04  6.254115948003813E-04
  6.671374542582151E-04  6.596331293967374E-04  6.523526367636242E-04
  5.968584021063729E-04  5.911119504967065E-04  5.855225453765525E-04
  6.236755685157861E-04  6.173045822112270E-04  6.111156827387454E-04
  6.505881560468565E-04  6.435133959199722E-04  6.366473327317349E-04
  5.837356800060734E-04  5.782925618006523E-04  5.729940579726423E-04
  6.092631042377908E-04  6.032436452251289E-04  5.973925942446020E-04
  6.347537590816741E-04  6.280824057003663E-04  6.216049826568438E-04
  5.711144612095114E-04  5.659533216681502E-04  5.609249750985442E-04
  5.954365596076723E-04  5.897449777084113E-04  5.842086694481470E-04
  6.195966527925270E-04  6.133030011024619E-04  6.071889569977012E-04
  5.589635150809636E-04  5.540638990715899E-04  5.492858965488237E-04
  5.821612907128519E-04  5.767747121244904E-04  5.715308669857359E-04
  6.050792059574501E-04  5.991381462343327E-04  5.933628838446763E-04
  5.472525267377812E-04  5.425949508173561E-04  5.380484735705560E-04
  5.694032894531130E-04  5.642997200082527E-04  5.593269792059821E-04
  5.911640466098761E-04  5.855511985756633E-04  5.800909108165061E-04
  5.359522699079333E-04  5.315182802912855E-04  5.271855534881804E-04
  5.571294080901606E-04  5.522878229520837E-04  5.475658290732871E-04
  5.778143354046546E-04  5.725061708345095E-04  5.673379543165825E-04
  5.250347573908898E-04  5.208069733060245E-04  5.166713010928721E-04
  5.453075644186911E-04  5.407079826783166E-04  5.362174449495030E-04
  5.649940253898071E-04  5.599679766047161E-04  5.550699303360462E-04
  5.144733673473092E-04  5.104355096136947E-04  5.064812957690903E-04
  5.339069235434437E-04  5.295304668323374E-04  5.252532104679684E-04
  5.526681021800118E-04  5.479026544616206E-04  5.432539620750254E-04
  5.042429438580064E-04  5.003798489716490E-04  4.965926036967658E-04
  5.228980534729181E-04  5.187269881630841E-04  5.146459875972128E-04
  5.408027995498373E-04  5.362775661580864E-04  5.318585606778410E-04
  4.943198715901898E-04  4.906174920160273E-04  4.869838255462405E-04
  5.122530524343742E-04  5.082708155510776E-04  5.043702119258442E-04
  5.293657867616240E-04  5.250615658588821E-04  5.208537765825909E-04
  4.846821245835525E-04  4.811275161896747E-04  4.776351204197911E-04
  5.019456471168709E-04  4.981368564849279E-04  4.944019600591033E-04
  5.183263249815167E-04  5.142251383337106E-04  5.102113199632915E-04
  4.753092901455625E-04  4.718905879926924E-04  4.685282072909727E-04
  4.919512618248235E-04  4.883017113617417E-04  4.847189898911840E-04
  5.076553912981862E-04  5.037405051567616E-04  4.999046497966499E-04
  4.661825695653502E-04  4.628889534401503E-04  4.596463461321592E-04
  4.822470591174075E-04  4.787437004996721E-04  4.753007549210438E-04
  4.973257699506212E-04  4.935816989662038E-04  4.899090319997695E-04
  4.572847574648861E-04  4.541064086813981E-04  4.509743006823310E-04
  4.728119535159925E-04  4.694428656940680E-04  4.661283946350969E-04
  4.873121112720233E-04  4.837246066743774E-04  4.802015678851175E-04
  4.486002021758461E-04  4.455282531644076E-04  4.424982853195229E-04
  4.636266003959791E-04  4.603809485796531E-04  4.571847033241290E-04
  4.775909597965682E-04  4.741469833692967E-04  4.707611949098668E-04
  4.401147496629942E-04  4.371412280586107E-04  4.342058987726342E-04
  4.546733624106603E-04  4.515413482178055E-04  4.484540798507894E-04
  4.681407535496399E-04  4.648284391622746E-04  4.615686621791271E-04
  4.318156739490002E-04  4.289334425421625E-04  4.260860471184162E-04
  4.459362563127160E-04  4.429090609157220E-04  4.399224613877750E-04
  4.589417972457529E-04  4.557504018394818E-04  4.526064836447799E-04
  4.236915964951228E-04  4.208942906730048E-04  4.181288587720358E-04
  4.374008832397928E-04  4.344706052058596E-04  4.315772440018778E-04
  4.499762124349967E-04  4.468960584130727E-04  4.438588721261916E-04
  4.157323974700555E-04  4.130143614249245E-04  4.103255939360337E-04
  4.290543455610608E-04  4.262139350782191E-04  4.234071930708596E-04
  4.412278679573223E-04  4.382502789414207E-04  4.353116575083584E-04
  4.079291214031105E-04  4.052853443245682E-04  4.026685507517083E-04
  4.208851534047531E-04  4.181283444547044E-04  4.154023464221851E-04
  4.326822941776573E-04  4.297995260364600E-04  4.269521924457725E-04
  4.002738796874569E-04  3.976999330915273E-04  3.951509704839235E-04
  4.128831236696701E-04  4.102043655800528E-04  4.075539127379138E-04
  4.243265845075554E-04  4.215317534517752E-04  4.187692488477234E-04
  3.927597519468966E-04  3.902517289096279E-04  3.877669430437970E-04
  4.050392745492904E-04  4.024336641943756E-04  3.998541678692446E-04
  4.161492876091934E-04  4.134362969784584E-04  4.107529081891755E-04
  3.853806884028197E-04  3.829351455969650E-04  3.805113152007659E-04
  3.973457179229245E-04  3.948089336249181E-04  3.922963510632937E-04
  4.081402935122372E-04  4.055037607353893E-04  4.028944485821435E-04
  3.781314147831019E-04  3.757453177806088E-04  3.733796022014372E-04
  3.897955520365948E-04  3.873237901006229E-04  3.848745632081709E-04
  4.002907165741988E-04  3.977259015651609E-04  3.951862311059201E-04
  3.710073411439760E-04  3.686780134855762E-04  3.663679042074641E-04
  3.823827563800623E-04  3.799726709624654E-04  3.775836686076143E-04
  3.925927779553847E-04  3.900955140102766E-04  3.876215876634322E-04
  3.640044757335815E-04  3.617295520167662E-04  3.594728282125681E-04
  3.751020903470421E-04  3.727507371985973E-04  3.704192015240031E-04
  3.850396898516609E-04  3.826063179028675E-04  3.801947122059023E-04
  3.571193447037171E-04  3.548967278315764E-04  3.526914160683870E-04
  3.679489969653475E-04  3.656537814283799E-04  3.633772784680296E-04
  3.776255434092392E-04  3.752528502984276E-04  3.729005568673762E-04
  3.503489180486656E-04  3.481767407321578E-04  3.460210788355956E-04
  3.609195128297108E-04  3.586781422860635E-04  3.564545170356417E-04
  3.703452019496202E-04  3.680303631831652E-04  3.657347342443922E-04
  3.436905423571886E-04  3.415671327298585E-04  3.394595376628912E-04
  3.540101849128576E-04  3.518206258184867E-04  3.496479618209197E-04
  3.631942007891364E-04  3.609347280619313E-04  3.586934267702629E-04
  3.371418800904722E-04  3.350657313878349E-04  3.330047710469459E-04
  3.472179947424849E-04  3.450784341726060E-04  3.429550175135363E-04
  3.561686544882852E-04  3.539623481340606E-04  3.517733037697936E-04
  3.307008557575500E-04  3.286705998066687E-04  3.266549684574563E-04
  3.405402900538812E-04  3.384491016751217E-04  3.363733892718656E-04
  3.492651720159551E-04  3.471100783805185E-04  3.449714463691038E-04
  3.243656086075284E-04  3.223799928917195E-04  3.204084900403057E-04
  3.339747236840834E-04  3.319304379350977E-04  3.299010298576489E-04
  3.424807798747505E-04  3.403751535137550E-04  3.382852801335910E-04
  3.181344517802538E-04  3.161923198102211E-04  3.142638321681968E-04
  3.275191993501855E-04  3.255204775992475E-04  3.235360931995994E-04
  3.358128530707454E-04  3.337551235689715E-04  3.317125151093603E-04
  3.120058372705404E-04  3.101061119404189E-04  3.082195982165263E-04
  3.211718242488758E-04  3.192174366128706E-04  3.172768941201060E-04
  3.292590539495703E-04  3.272477971092917E-04  3.252510932082140E-04
  3.059783262480315E-04  3.041199958880540E-04  3.022744741173231E-04
  3.149308685810863E-04  3.130196750834074E-04  3.111218743489507E-04
  3.228172791783661E-04  3.208511922495451E-04  3.188991430721349E-04
  3.000505639213137E-04  2.982326707391590E-04  2.964272078094512E-04
  3.087947320887787E-04  3.069256668312860E-04  3.050695749033952E-04
  3.164856150925931E-04  3.145634956990456E-04  3.126549426100184E-04
  2.942212580786326E-04  2.924428887092192E-04  2.906765918432654E-04
  3.027619171589049E-04  3.009339751485290E-04  2.991186143268072E-04
  3.102623008726482E-04  3.083830292730326E-04  3.065168886418426E-04
  2.884891615654501E-04  2.867494393937214E-04  2.850214493024619E-04
  2.968310065645468E-04  2.950432329114714E-04  2.932676709910655E-04
  3.041456976053585E-04  3.023082219409065E-04  3.004834717371979E-04
  2.828530589180224E-04  2.811511379667531E-04  2.794606233848317E-04
  2.910006431537926E-04  2.892521243162957E-04  2.875154667353551E-04
  2.981342603220340E-04  2.963375845011999E-04  2.945532533446644E-04
  2.773117575354337E-04  2.756468176075557E-04  2.739929710050466E-04
  2.852695097570303E-04  2.835593665598631E-04  2.818607501711110E-04
  2.922265110714237E-04  2.904696849497911E-04  2.887248432795555E-04
  2.718640824507208E-04  2.702353253775317E-04  2.686173596657032E-04
  2.796363106584205E-04  2.779636927750086E-04  2.763022809586449E-04
  2.864210144191108E-04  2.847031259162553E-04  2.829968789459522E-04
  2.665088720801100E-04  2.649155188553087E-04  2.633326648879904E-04
  2.740997599421280E-04  2.724638415591777E-04  2.708388203992960E-04
  2.807163609305052E-04  2.790365297456117E-04  2.773680118765725E-04
  2.612449718071926E-04  2.596862604844692E-04  2.581377652504482E-04
  2.686585825235853E-04  2.670585589461136E-04  2.654691342545955E-04
  2.751111648704162E-04  2.734685374978847E-04  2.718369079120134E-04
  2.560712238334033E-04  2.545464080112053E-04  2.530315333596450E-04
  2.633115276817838E-04  2.617466127126885E-04  2.601920077448792E-04
  2.696040759577157E-04  2.679978218008528E-04  2.664022610349659E-04
  2.509864566267619E-04  2.494948043711073E-04  2.480128260923071E-04
  2.580573834053016E-04  2.565268074496871E-04  2.550062612724132E-04
  2.641937926134351E-04  2.626231010675634E-04  2.610628084686466E-04
  2.459894819693658E-04  2.445302750171239E-04  2.430804821864046E-04
  2.528949706389856E-04  2.513979794738925E-04  2.499107459351470E-04
  2.588790543044779E-04  2.573431327581162E-04  2.558173247753778E-04
  2.410791078762720E-04  2.396516409789352E-04  2.382333354230706E-04
  2.478231018504934E-04  2.463589559912919E-04  2.449043032320556E-04
  2.536585960428275E-04  2.521566686545887E-04  2.506645778467976E-04
  2.362541659138576E-04  2.348577463939279E-04  2.334702422779436E-04
  2.428405142461992E-04  2.414084886172442E-04  2.399856988719300E-04
  2.485310758094116E-04  2.470623827808371E-04  2.456032572573743E-04
  2.315135363694293E-04  2.301474838141636E-04  2.287901074151830E-04
  2.379458245655387E-04  2.365452081714287E-04  2.351535775101256E-04
  2.434950247864667E-04  2.420588216896931E-04  2.406319245727885E-04
  2.268561431830621E-04  2.255197894730831E-04  2.241918792284604E-04
  2.331375702324997E-04  2.317676654427521E-04  2.304065031178671E-04
  2.385488897934128E-04  2.371444466106971E-04  2.357490551676918E-04
  2.222808992674847E-04  2.209735888739885E-04  2.196744956904971E-04
  2.284143683482822E-04  2.270744898539490E-04  2.257431173011719E-04
  2.336912023677225E-04  2.323178022173185E-04  2.309532066521979E-04
  2.177866160749246E-04  2.165077064096244E-04  2.152367940318059E-04
  2.237751334298477E-04  2.224646073280363E-04  2.211623572648853E-04
  2.289208117365421E-04  2.275777497826987E-04  2.262432521846517E-04
  2.133719383736920E-04  2.121207998241093E-04  2.108774448764318E-04
  2.192191897220014E-04  2.179373534868914E-04  2.166635698870954E-04
  2.242370064085481E-04  2.229235897507914E-04  2.216185040097500E-04
  2.090353881582864E-04  2.078114036113244E-04  2.065949951083046E-04
  2.147460842457441E-04  2.134922880686928E-04  2.122463275156760E-04
  2.196393165954174E-04  2.183548657077706E-04  2.170785189590394E-04
  2.047755642434333E-04  2.035781279906777E-04  2.023880662568718E-04
  2.103550354343411E-04  2.091286446512258E-04  2.079098787564430E-04
  2.151269261349941E-04  2.138707774466283E-04  2.126225126626566E-04
  2.005914358500195E-04  1.994199525168530E-04  1.982556480987001E-04
  2.060442356561033E-04  2.048446327697473E-04  2.036524502007449E-04
  2.106979255390545E-04  2.094694336286129E-04  2.082486118205498E-04
  1.964825383228287E-04  1.953364226308645E-04  1.941972960471797E-04
  2.018105222997904E-04  2.006371066705804E-04  1.994709128487760E-04
  2.063489556968728E-04  2.051474929939858E-04  2.039534929191346E-04
  1.924488245721955E-04  1.913275025288776E-04  1.902129854548452E-04
  1.976499933429880E-04  1.965021773820684E-04  1.953613906752714E-04
  2.020758591371298E-04  2.009008118561279E-04  1.997330259568869E-04
  1.884900437192381E-04  1.873929550395101E-04  1.863024927254705E-04
  1.935597587095072E-04  1.924369615065794E-04  1.913210068462196E-04
  1.978755469587629E-04  1.967263082486734E-04  1.955841357916802E-04
  1.846048221590597E-04  1.835314226713541E-04  1.824644763423728E-04
  1.895402120233226E-04  1.884418537383726E-04  1.873501569952447E-04
  1.937484279011897E-04  1.926243918000289E-04  1.915072328095616E-04
  1.807899849143029E-04  1.797397470313677E-04  1.786957943742192E-04
  1.855963526686171E-04  1.845218541145307E-04  1.834538416524651E-04
  1.896998308478389E-04  1.886003918159807E-04  1.875076465824035E-04
  1.770408290186240E-04  1.760132389310762E-04  1.749917712782480E-04
  1.817364183269078E-04  1.806852084800522E-04  1.796403146595912E-04
  1.857385597867846E-04  1.846631208234258E-04  1.835941979996281E-04
  1.733528045982982E-04  1.723473563704597E-04  1.713478728078534E-04
  1.779669563935290E-04  1.769384863574221E-04  1.759161674966490E-04
  1.818716440555343E-04  1.808196318106560E-04  1.797739635301315E-04
  1.697243138389719E-04  1.687405028196731E-04  1.677625035785316E-04
  1.742854978725675E-04  1.732792548529269E-04  1.722790032297020E-04
  1.780965195675395E-04  1.770673995560123E-04  1.760444566686827E-04
  1.661593634341202E-04  1.651966827194764E-04  1.642396656227338E-04
  1.706744220868880E-04  1.696899345788445E-04  1.687112836545844E-04
  1.743944687418666E-04  1.733877511106682E-04  1.723870489841314E-04
  1.626681459626729E-04  1.617260890361623E-04  1.607895521687082E-04
  1.671009805034880E-04  1.661378084163186E-04  1.651803229672531E-04
  1.707306249627513E-04  1.697458538463210E-04  1.687669417382840E-04
  1.592638786514516E-04  1.583419491846833E-04  1.574254006468126E-04
  1.635273400997477E-04  1.625850507742626E-04  1.616483029044775E-04
  1.670646657818638E-04  1.661013930971754E-04  1.651438279368493E-04
  1.559556966894581E-04  1.550534227295695E-04  1.541563948539865E-04
  1.599303564195849E-04  1.590084962053408E-04  1.580920368737474E-04
  1.633718810715922E-04  1.624296351189617E-04  1.614929500672740E-04
  1.527397927638748E-04  1.518567391561765E-04  1.509788008883767E-04
  1.563245741164861E-04  1.554226502187464E-04  1.545259910375482E-04
  1.596676617858283E-04  1.587459268639437E-04  1.578296108793214E-04
  1.495933720090064E-04  1.487291424689584E-04  1.478699014106956E-04
  1.527761181130784E-04  1.518936028151882E-04  1.510162202430698E-04
  1.560222393776903E-04  1.551204604965684E-04  1.542239630148507E-04
  1.464770262858195E-04  1.456312469796186E-04  1.447903330519985E-04
  1.493926066028225E-04  1.485289659317790E-04  1.476703299520416E-04
  1.525498858171015E-04  1.516675019047671E-04  1.507902660415334E-04
  1.433497267081611E-04  1.425220111359266E-04  1.416990416423195E-04
  1.462769107333877E-04  1.454316472700620E-04  1.445912642606892E-04
  1.493598502732854E-04  1.484963440985392E-04  1.476378565907805E-04
  1.401966473707571E-04  1.393865640605865E-04  1.385811115435685E-04
  1.434401708704135E-04  1.426128632783462E-04  1.417903155444321E-04
  1.464646605057599E-04  1.456196007397894E-04  1.447794340341187E-04
  1.370652187283092E-04  1.362723181120614E-04  1.354839367901930E-04
  1.406791404414663E-04  1.398694649623791E-04  1.390644320566457E-04
  1.436518299689776E-04  1.428248765022263E-04  1.420026940929391E-04
  1.341023187420700E-04  1.333263043653663E-04  1.325546996040175E-04
  1.374304138629344E-04  1.366381428722147E-04  1.358503996549153E-04
  1.403326292367388E-04  1.395234793116646E-04  1.387189818896919E-04
  1.315891255900905E-04  1.308302336356526E-04  1.300756379712319E-04
  1.326157515073697E-04  1.318407313374457E-04  1.310701248721237E-04
  1.353824546197877E-04  1.345907203617005E-04  1.338035233592094E-04
