  7.521579784072915E+00  7.511054667653142E+00  7.500519467651962E+00

  3.392774914435706E-01  3.390007877517159E-01  3.387120515006276E-01
  2.192947521301029E-01  2.190866973993871E-01  2.188701290058370E-01
  7.578095778189595E-02  7.570081487007509E-02  7.561761196443287E-02
  3.291216093206214E-01  3.289059127964014E-01  3.286742091516117E-01
  2.126663625751984E-01  2.125159250429394E-01  2.123542233755630E-01
  7.347026334526124E-02  7.341454672958383E-02  7.335478138963972E-02
  3.239865174203528E-01  3.238009685169089E-01  3.235973838717647E-01
  2.093184562789306E-01  2.091973488452712E-01  2.090635927382945E-01
  7.230349199414479E-02  7.226036795872565E-02  7.221270223136955E-02
  3.239865174203528E-01  3.238009685169089E-01  3.235973838717647E-01
  2.093184562789306E-01  2.091973488452712E-01  2.090635927382945E-01
  7.230349199414479E-02  7.226036795872565E-02  7.221270223136955E-02
  3.291216093206214E-01  3.289059127964014E-01  3.286742091516117E-01
  2.126663625751984E-01  2.125159250429394E-01  2.123542233755630E-01
  7.347026334526124E-02  7.341454672958383E-02  7.335478138963972E-02
  3.392774914435706E-01  3.390007877517159E-01  3.387120515006276E-01
  2.192947521301029E-01  2.190866973993871E-01  2.188701290058370E-01
  7.578095778189595E-02  7.570081487007509E-02  7.561761196443287E-02
  3.543279084617688E-01  3.539574582345543E-01  3.535807303948784E-01
  2.291383402606820E-01  2.288458124254179E-01  2.285488318468824E-01
  7.921475667535403E-02  7.909955204581226E-02  7.898276686597587E-02
  3.742527419364209E-01  3.737525824146256E-01  3.732534232730575E-01
  2.422126678454647E-01  2.418099451210665E-01  2.414080108896885E-01
  8.378074922889264E-02  8.362109804439946E-02  8.346180280583761E-02
  3.991455768493094E-01  3.984756553429646E-01  3.978151791021375E-01
  2.586149597257527E-01  2.580769841623610E-01  2.575459744196112E-01
  8.951762471555558E-02  8.930525701632025E-02  8.909555498238121E-02
  4.290453834586269E-01  4.281608235191225E-01  4.272948595685130E-01
  2.784033761514625E-01  2.777053126090528E-01  2.770209357938739E-01
  9.644969667016474E-02  9.617731166639733E-02  9.591012318017347E-02
  4.636889165417732E-01  4.625380562453192E-01  4.614149792211765E-01
  3.014226639602154E-01  3.005392065514673E-01  2.996760665965021E-01
  1.045237165894861E-01  1.041848708526718E-01  1.038537162622313E-01
  5.024091387690914E-01  5.009315934919807E-01  4.994899206738881E-01
  3.272341057566424E-01  3.261397076003840E-01  3.250711409651819E-01
  1.135832011482301E-01  1.131726927503201E-01  1.127719237388637E-01
  5.442936248093675E-01  5.424258967570706E-01  5.405993997659893E-01
  3.552369694132286E-01  3.539113528209363E-01  3.526147211625062E-01
  1.234130147398715E-01  1.229290770411223E-01  1.224560253769492E-01
  5.883474544229739E-01  5.860444394030456E-01  5.837839931965428E-01
  3.848206396203974E-01  3.832636068029446E-01  3.817358784424482E-01
  1.338004473585524E-01  1.332497674337303E-01  1.327101655669043E-01
  6.331021294659435E-01  6.303709762547225E-01  6.276801484010329E-01
  4.151559011330260E-01  4.134086160934879E-01  4.116895243643132E-01
  1.444739630255998E-01  1.438785117233220E-01  1.432941439016371E-01
  6.752692202858894E-01  6.722000043306001E-01  6.691673619476914E-01
  4.442489174118692E-01  4.424134179501427E-01  4.406061224012919E-01
  1.547669407256110E-01  1.541703601907381E-01  1.535858281294262E-01
  7.077748230315521E-01  7.045571491366399E-01  7.013720582289404E-01
  4.673151857183388E-01  4.655672439406794E-01  4.638499376892513E-01
  1.629874861305674E-01  1.624600654170418E-01  1.619471011856898E-01
  7.189368580200450E-01  7.158536427216676E-01  7.127980840512514E-01
  4.758110478795137E-01  4.743950912132529E-01  4.730141844180351E-01
  1.659908610035151E-01  1.656282921388014E-01  1.652837709415541E-01
  6.962920778115903E-01  6.936456820327893E-01  6.910210998634188E-01
  4.603567965916472E-01  4.595136595570000E-01  4.587118338632651E-01
  1.602820732389289E-01  1.601763019859008E-01  1.600931483483345E-01
  6.366951799589350E-01  6.346228514368744E-01  6.325666583168559E-01
  4.192314515179327E-01  4.190240505657035E-01  4.188648705946860E-01
  1.453706933940339E-01  1.455379731316611E-01  1.457324852383775E-01
  5.536785070577348E-01  5.520158402319089E-01  5.503590105881020E-01
  3.643212397524143E-01  3.645233216552032E-01  3.647732104842616E-01
  1.260593313091263E-01  1.263960456729538E-01  1.267608707022309E-01
  4.654726088129720E-01  4.639946661266963E-01  4.624956818869798E-01
  3.099705955777904E-01  3.103135907014474E-01  3.106846842573718E-01
  1.078112793118036E-01  1.081994068062211E-01  1.086079579741497E-01
  3.689322402434073E-01  3.678599612065220E-01  3.667218101807164E-01
  2.507307469177304E-01  2.513435819008798E-01  2.519474898106226E-01
  8.792153706774770E-02  8.840519411468728E-02  8.889455975174630E-02
  2.363126927988800E-01  2.363087724651652E-01  2.362026542541364E-01
  1.611415921535061E-01  1.624575609573227E-01  1.637373096074560E-01
  5.598071496712644E-02  5.671033482391522E-02  5.743543697794872E-02
  5.207099078147202E-02  5.339826612409029E-02  5.463052576883731E-02
  2.928796164753347E-02  3.129527037052998E-02  3.327584789260726E-02
  7.637095158355922E-03  8.564285080806110E-03  9.491225092207751E-03
 -1.487090518355527E-01 -1.468260688112295E-01 -1.449914166065944E-01
 -1.135984155022383E-01 -1.116852867013524E-01 -1.097661349264931E-01
 -4.431332085847788E-02 -4.352397910525653E-02 -4.272349467135033E-02
 -2.938514542152941E-01 -2.925691143915670E-01 -2.912952017683431E-01
 -2.108274846724385E-01 -2.097950325653743E-01 -2.087411923149745E-01
 -7.818580380755741E-02 -7.780824686725288E-02 -7.741724134108210E-02
 -3.345149754937523E-01 -3.342489298444762E-01 -3.339861085870648E-01
 -2.305239285055054E-01 -2.303822800087875E-01 -2.302318135048949E-01
 -8.315386096869311E-02 -8.312744792558902E-02 -8.309577117281473E-02
 -2.828734754025497E-01 -2.832438873978593E-01 -2.836305536164775E-01
 -1.881240914803330E-01 -1.883899874350797E-01 -1.886653131249755E-01
 -6.633052671602868E-02 -6.643599192876998E-02 -6.654460621358202E-02
 -1.883005556185944E-01 -1.888498791619482E-01 -1.894237366807142E-01
 -1.214513334624488E-01 -1.217766877158036E-01 -1.221196621678962E-01
 -4.201184743539109E-02 -4.212070543748112E-02 -4.223605872177513E-02
 -9.507879166568696E-02 -9.562935067782241E-02 -9.620180574339728E-02
 -5.992598247274599E-02 -6.023998354960241E-02 -6.056946276441393E-02
 -2.042660424268468E-02 -2.052705927065591E-02 -2.063311748151846E-02
 -2.554290154807124E-02 -2.609146346747821E-02 -2.665377442366873E-02
 -1.627252240660277E-02 -1.660443393358877E-02 -1.694583067458628E-02
 -5.539858349349966E-03 -5.650283430212935E-03 -5.764090534035888E-03
  1.549800239128027E-02  1.495166044672058E-02  1.439928056610287E-02
  7.991817516146230E-03  7.645794433136396E-03  7.295637868641411E-03
  2.458509101509633E-03  2.339952140962478E-03  2.219926136256199E-03
  3.286257656821123E-02  3.234667016682291E-02  3.183023733919976E-02
  1.692639824256218E-02  1.659542130385694E-02  1.626402995397706E-02
  5.148210900069367E-03  5.033916052526545E-03  4.919464694641387E-03
  3.594911623363706E-02  3.549017846153700E-02  3.503408846751142E-02
  1.713592127958106E-02  1.684170812811321E-02  1.654929610054728E-02
  4.907986767236986E-03  4.806454258295016E-03  4.705538180946215E-03
  3.451231649163983E-02  3.412539386695650E-02  3.374285281637305E-02
  1.517085907449329E-02  1.492335907983738E-02  1.467864371753983E-02
  4.046409860266150E-03  3.961113449021952E-03  3.876772218512646E-03
  3.510934014592208E-02  3.479921121895922E-02  3.449352492576346E-02
  1.529677640706755E-02  1.509911954381056E-02  1.490429303650883E-02
  4.043169856601071E-03  3.975160975894834E-03  3.908123781359760E-03
  3.968884481832759E-02  3.944785400156074E-02  3.921039208653779E-02
  1.863576257889931E-02  1.848362553192196E-02  1.833375542198124E-02
  5.262690682308726E-03  5.210574022023216E-03  5.159238715206853E-03
  4.662894135480282E-02  4.643777242563091E-02  4.624877466500605E-02
  2.389435005176836E-02  2.377560019189408E-02  2.365826903235739E-02
  7.215502925256942E-03  7.175154127679762E-03  7.135298300692657E-03
  5.302327004260304E-02  5.285909950726869E-02  5.269574533606088E-02
  2.892001107088616E-02  2.881957012674082E-02  2.871969326509038E-02
  9.109222133012419E-03  9.075374683256953E-03  9.041728115891308E-03
  5.670208275887408E-02  5.654800117211608E-02  5.639366121201243E-02
  3.210062922806817E-02  3.200693560641599E-02  3.191312521664577E-02
  1.034880566864867E-02  1.031734437263852E-02  1.028585069630732E-02
  5.708398954670656E-02  5.693280522167654E-02  5.678065263067626E-02
  3.297179369282102E-02  3.287979177865771E-02  3.278722348731786E-02
  1.075736235132277E-02  1.072645841989312E-02  1.069536811172955E-02
  5.486685648632858E-02  5.471856111541675E-02  5.456890624281958E-02
  3.200503953354050E-02  3.191470679508050E-02  3.182355949427784E-02
  1.050144469755262E-02  1.047108305002313E-02  1.044045002575737E-02
  5.119645407629125E-02  5.105333462651206E-02  5.090869967019023E-02
  3.001108922697690E-02  2.992407948194056E-02  2.983615321374013E-02
  9.874198783922724E-03  9.844983152472670E-03  9.815460796953304E-03
  4.698744452258328E-02  4.685083533817733E-02  4.671272845999951E-02
  2.764157206377746E-02  2.755885598001603E-02  2.747522747689508E-02
  9.112182016351500E-03  9.084469879973210E-03  9.056451306485459E-03
  4.269276891511541E-02  4.256260795968117E-02  4.243110896737720E-02
  2.521278797020459E-02  2.513426331811721E-02  2.505491676367099E-02
  8.329288572051102E-03  8.303035507382511E-03  8.276505279044456E-03
  3.842649242707177E-02  3.830243244722708E-02  3.817731406941206E-02
  2.279116271884373E-02  2.271643310860185E-02  2.264104622181195E-02
  7.547297500753580E-03  7.522336615075808E-03  7.497152883648896E-03
  3.419002033103006E-02  3.407241670729611E-02  3.395412629551071E-02
  2.036001606020913E-02  2.028913897692911E-02  2.021782687661125E-02
  6.757285385966229E-03  6.733606137457724E-03  6.709777995770357E-03
  3.001922748082512E-02  2.990927542464879E-02  2.979906488360498E-02
  1.793103649923367E-02  1.786467419200205E-02  1.779813489229405E-02
  5.961201608076301E-03  5.939013781995827E-03  5.916763248802150E-03
  2.601144403361700E-02  2.591072541357275E-02  2.581019960314099E-02
  1.556652972086740E-02  1.550565294369165E-02  1.544487160743506E-02
  5.180470720216434E-03  5.160101589404682E-03  5.139760850364062E-03
  2.228326451180012E-02  2.219326235898098E-02  2.210390327579951E-02
  1.334833781152973E-02  1.329387806273038E-02  1.323978547330906E-02
  4.444560434055889E-03  4.426328252270773E-03  4.408215299965651E-03
  1.892301442524342E-02  1.884489893371680E-02  1.876786257108608E-02
  1.134117428242687E-02  1.129385856973021E-02  1.124717320701245E-02
  3.777218603456159E-03  3.761370406120486E-03  3.745729419822345E-03
  1.597035937784307E-02  1.590501385500071E-02  1.584116193548816E-02
  9.575817494362978E-03  9.536178989934909E-03  9.497421728157261E-03
  3.189999039645750E-03  3.176713096562949E-03  3.163718347758331E-03
  1.342278284971359E-02  1.337090123767846E-02  1.332089715092614E-02
  8.052861879969470E-03  8.021311565932892E-03  7.990876478374969E-03
  2.683480603790497E-03  2.672892694174678E-03  2.662674563069909E-03
  1.125397751766141E-02  1.121610704737051E-02  1.118045069532388E-02
  6.756002705988711E-03  6.732869486429385E-03  6.711059000053653E-03
  2.252117805015795E-03  2.244337308088077E-03  2.236996675048119E-03
  9.430386881208924E-03  9.406875236475820E-03  9.385839165434347E-03
  5.664269466551138E-03  5.649776051892120E-03  5.636769731271195E-03
  1.888753175044105E-03  1.883856476546702E-03  1.879455678844417E-03
  7.919662907916448E-03  7.910522058712335E-03  7.904005179312407E-03
  4.758250635939867E-03  4.752431470708690E-03  4.748197317335863E-03
  1.586908386969097E-03  1.584911496776021E-03  1.583444640874783E-03
  6.691594142504845E-03  6.696316821199716E-03  6.703656614913779E-03
  4.020622965724287E-03  4.023207912145256E-03  4.027382958679831E-03
  1.340955030270914E-03  1.341773725485628E-03  1.343125710176442E-03
  5.715403501385801E-03  5.732785756357803E-03  5.752586931741408E-03
  3.433937705025897E-03  3.444236590040858E-03  3.456014754398635E-03
  1.145264963919357E-03  1.148674727554594E-03  1.152582223575276E-03
  4.957318683166375E-03  4.985353069773857E-03  5.015399325052486E-03
  2.978633914454500E-03  2.995463837975632E-03  3.013534331893305E-03
  9.934485686926263E-04  9.990588584445344E-04  1.005088268318196E-03
  4.380380872426072E-03  4.416276154379519E-03  4.453578924828232E-03
  2.632754777907307E-03  2.654446186789100E-03  2.677017346208941E-03
  8.782284045295907E-04  8.854836856567787E-04  8.930381493826908E-04
  3.946316311688377E-03  3.986667876306253E-03  4.027670206498676E-03
  2.373207941996488E-03  2.397705068247510E-03  2.422625495094340E-03
  7.918850071822393E-04  8.000979250582159E-04  8.084574994395747E-04
  3.618185112282774E-03  3.659278713273413E-03  3.700188689939607E-03
  2.177582992914576E-03  2.202627881673207E-03  2.227589034858028E-03
  7.269053091843874E-04  7.353183366441186E-04  7.437079570456398E-04
  3.362652013751993E-03  3.400849659728041E-03  3.438044820281362E-03
  2.025660745841418E-03  2.049029050447248E-03  2.071812811395604E-03
  6.765129161337011E-04  6.843776683674817E-04  6.920504992209178E-04
  3.151464713601688E-03  3.183605584046806E-03  3.214036867171871E-03
  1.900326884960294E-03  1.920073974969241E-03  1.938800995364318E-03
  6.349771586746180E-04  6.416373572487371E-04  6.479585745182727E-04
  2.962308221905594E-03  2.986058946313582E-03  3.007588054042328E-03
  1.788049681496421E-03  1.802726734585334E-03  1.816064915972580E-03
  5.977652342484517E-04  6.027297270639116E-04  6.072470249502047E-04
  2.779301164577764E-03  2.793402418139264E-03  2.805022242820690E-03
  1.679152275954091E-03  1.687959830691397E-03  1.695262081565714E-03
  5.616276652947621E-04  5.646225504388100E-04  5.671129845676188E-04
  2.593182235367069E-03  2.597556331207006E-03  2.599463736535634E-03
  1.567936280668103E-03  1.570793500678095E-03  1.572145869944974E-03
  5.246412970674722E-04  5.256338076633409E-04  5.261205954967799E-04
  2.401038334858503E-03  2.396742321563815E-03  2.390253314113645E-03
  1.452552290349886E-03  1.450072201097179E-03  1.446246031826045E-03
  4.861721995477919E-04  4.853630256255281E-04  4.841001191379555E-04
  2.205431796227775E-03  2.194462067540928E-03  2.181781304625336E-03
  1.334503839253339E-03  1.327877838128930E-03  1.320192838480270E-03
  4.467154241097995E-04  4.445005179496228E-04  4.419271994917913E-04
  2.012949263881686E-03  1.997926596539773E-03  1.981806024525773E-03
  1.217783358733542E-03  1.208592204301034E-03  1.198711187286546E-03
  4.076083062446546E-04  4.045158819137285E-04  4.011882789999271E-04
  1.832377974143503E-03  1.816163415865685E-03  1.799505272734883E-03
  1.107765975270141E-03  1.097747546066621E-03  1.087436050731755E-03
  3.706596914775642E-04  3.672725223632941E-04  3.637831248276471E-04
  1.672814731331798E-03  1.658120703977226E-03  1.643591520028379E-03
  1.010054407193572E-03  1.000867110840398E-03  9.917582073123241E-04
  3.377613739522912E-04  3.346373922923417E-04  3.315360595505954E-04
  1.542008878757922E-03  1.531069749869435E-03  1.520788242696832E-03
  9.294636356655641E-04  9.224845208626381E-04  9.158871009491370E-04
  3.105460845485480E-04  3.081503828417738E-04  3.058797014237478E-04
  1.445163265912420E-03  1.439513723841153E-03  1.434856155861650E-03
  8.692825313040750E-04  8.654697601145927E-04  8.622471450938447E-04
  2.901382233712911E-04  2.887964516321515E-04  2.876505009577993E-04
  1.384306296753093E-03  1.384689389543464E-03  1.386227636577203E-03
  8.308803104384855E-04  8.307137606747681E-04  8.312424213256278E-04
  2.770199061173064E-04  2.768977635147671E-04  2.770076624516241E-04
  1.358234438713982E-03  1.364633327553447E-03  1.372193337593196E-03
  8.136576545723941E-04  8.171545997375498E-04  8.213560748052514E-04
  2.710122588451126E-04  2.721201490037684E-04  2.734641591494474E-04
  1.362929454251413E-03  1.374695631404990E-03  1.387504536389719E-03
  8.152863474602644E-04  8.220761966094580E-04  8.295034508823537E-04
  2.713534603227701E-04  2.735710277395808E-04  2.760030090762054E-04
  1.392293306610201E-03  1.408332682982794E-03  1.425214099451014E-03
  8.321447918349344E-04  8.415798896704353E-04  8.515339425786264E-04
  2.768429416709639E-04  2.799558505660057E-04  2.832440331364999E-04
  1.439024370685435E-03  1.458000957954128E-03  1.477578817898939E-03
  8.598444091305234E-04  8.711227182919430E-04  8.827756903394537E-04
  2.860169061352149E-04  2.897578023216838E-04  2.936259156500294E-04
  1.495478331526697E-03  1.516001271249706E-03  1.536880319350973E-03
  8.937525662661279E-04  9.060314859938924E-04  9.185367081300819E-04
  2.973236661537778E-04  3.014103759967692E-04  3.055746473901474E-04
  1.554401651670628E-03  1.575172535413033E-03  1.596075595168621E-03
  9.294433212026624E-04  9.419304354808103E-04  9.545072823052571E-04
  3.092756595129312E-04  3.134418296985180E-04  3.176396730010426E-04
  1.609476084811154E-03  1.629386689472572E-03  1.649241786342489E-03
  9.630369965890713E-04  9.750513467226955E-04  9.870401600212346E-04
  3.205648001550033E-04  3.245807634887781E-04  3.285895325809941E-04
  1.655655801302234E-03  1.673837971698989E-03  1.691819131848963E-03
  9.914152610283641E-04  1.002419714577025E-03  1.013308657031378E-03
  3.301363413885902E-04  3.338203199993042E-04  3.374666634403416E-04
  1.689309515269107E-03  1.705146247786137E-03  1.720677994584525E-03
  1.012317166708643E-03  1.021926971212536E-03  1.031356511469078E-03
  3.372227274416824E-04  3.404440099001550E-04  3.436056726500586E-04
  1.708199518092450E-03  1.721308729586353E-03  1.734045790782464E-03
  1.024333965613219E-03  1.032308211686032E-03  1.040060017777095E-03
  3.413431427063603E-04  3.440194466282963E-04  3.466217538042976E-04
  1.711339703307599E-03  1.721541184146142E-03  1.731333410076374E-03
  1.026827496859342E-03  1.033049791512102E-03  1.039026062422731E-03
  3.422769369744777E-04  3.443680561100119E-04  3.463770922694763E-04
  1.698776998010386E-03  1.706050842611591E-03  1.712901009470332E-03
  1.019799134535846E-03  1.024252580017500E-03  1.028450555500224E-03
  3.400199750600504E-04  3.415194286553728E-04  3.429335149031808E-04
  1.671337052353935E-03  1.675779880424361E-03  1.679800187414558E-03
  1.003734683193546E-03  1.006475128654850E-03  1.008960447655045E-03
  3.347325196207569E-04  3.356585566726021E-04  3.364992803103383E-04
  1.630368205140653E-03  1.632151965197942E-03  1.633523667111410E-03
  9.794467227756158E-04  9.805773552792132E-04  9.814591176988741E-04
  3.266860001415425E-04  3.270730133861458E-04  3.273767941095040E-04
  1.577509605411233E-03  1.576846267522740E-03  1.575785484276814E-03
  9.479309726697456E-04  9.475804010611487E-04  9.469899209875193E-04
  3.162143699972308E-04  3.161054665326525E-04  3.159163499263932E-04
  1.514500399191901E-03  1.511614114060971E-03  1.508345151635066E-03
  9.102476462610050E-04  9.085525491506391E-04  9.066267167008111E-04
  3.036738508853982E-04  3.031149580408484E-04  3.024789621764717E-04
  1.443037015396126E-03  1.438143560207351E-03  1.432879358103928E-03
  8.674325436326082E-04  8.645248432267031E-04  8.613939240955163E-04
  2.894127381434190E-04  2.884482439144441E-04  2.874092125408546E-04
  1.364675829481918E-03  1.357967935186842E-03  1.350896149689283E-03
  8.204364568800399E-04  8.164341891356169E-04  8.122131719538623E-04
  2.737508280350474E-04  2.724204821080819E-04  2.710171487775342E-04
  1.280771474570041E-03  1.272408446384779E-03  1.263681701127126E-03
  7.700869664785321E-04  7.650878624712215E-04  7.598704335510631E-04
  2.569664797423282E-04  2.553032214406665E-04  2.535671712377558E-04
  1.192439816653540E-03  1.182540866438558E-03  1.172270926225337E-03
  7.170657429705053E-04  7.111431133764735E-04  7.049980497035044E-04
  2.392889671285192E-04  2.373175342657567E-04  2.352719828533799E-04
  1.100540363846637E-03  1.089182914594047E-03  1.077440489954818E-03
  6.618978304653999E-04  6.550994473066399E-04  6.480703920711117E-04
  2.208948804909622E-04  2.186314199816193E-04  2.162911211350641E-04
  1.005683429511749E-03  9.929095072968698E-04  9.797331367478583E-04
  6.049557736090561E-04  5.973075792098049E-04  5.894182360722239E-04
  2.019094757708892E-04  1.993627591807664E-04  1.967357139466035E-04
  9.082769870071438E-04  8.941115780202388E-04  8.795293937134083E-04
  5.464874038145128E-04  5.380043767554476E-04  5.292714206580203E-04
  1.824158839711832E-04  1.795909048930832E-04  1.766826404691056E-04
  8.086296728083328E-04  7.931135201204829E-04  7.771796550818613E-04
  4.866772594069306E-04  4.773829747677191E-04  4.678377979128968E-04
  1.624755214267127E-04  1.593799957124425E-04  1.562007974152050E-04
  7.071147830447256E-04  6.903499564327184E-04  6.731925220649089E-04
  4.257448614547350E-04  4.156988344148438E-04  4.054163792789832E-04
  1.421608269983303E-04  1.388143070377613E-04  1.353888364561053E-04
  6.043758552141458E-04  5.865760219735739E-04  5.684467897550259E-04
  3.640685961737604E-04  3.533966568517658E-04  3.425255020657427E-04
  1.215966429124596E-04  1.180406772804437E-04  1.144180463519253E-04
  5.015248838985686E-04  4.830554567879062E-04  4.643649260193431E-04
  3.023061112660853E-04  2.912249596467951E-04  2.800088917023026E-04
  1.010005891389229E-04  9.730698473701869E-05  9.356803439216750E-05
  4.002619439817361E-04  3.816513936885821E-04  3.629702658776320E-04
  2.414684543053427E-04  2.302931152540902E-04  2.190727167592512E-04
  8.070816940268371E-05  7.698158770791082E-05  7.323953471988441E-05
  3.028435342454923E-04  2.847496253056534E-04  2.667621934495401E-04
  1.829038804531466E-04  1.720281469546078E-04  1.612135109222266E-04
  6.116784229456598E-05  5.753939810789206E-05  5.393085423138028E-05
  2.118554849131460E-04  1.949810911717210E-04  1.783891269348489E-04
  1.281639991105943E-04  1.180104063019141E-04  1.080238624455491E-04
  4.289680815644884E-05  3.950747647116759E-05  3.617342441085859E-05
  1.298047169922507E-04  1.147760966675570E-04  1.001713951909008E-04
  7.875985172464372E-05  6.970665834062859E-05  6.090617021274280E-05
  2.639987816499549E-05  2.337615905887690E-05  2.043639823601502E-05
  5.862023517195814E-05  4.586116873230286E-05  3.360499056062772E-05
  3.586139247672458E-05  2.816647127784603E-05  2.077255088107444E-05
  1.206912131611012E-05  9.497572720744098E-06  7.026233558417501E-06
 -7.764949883068446E-07 -1.112651565727945E-05 -2.096679485996432E-05
  3.630920615483792E-08 -6.213076414372231E-06 -1.215662547137018E-05
  9.624058792421040E-08 -1.993451915773177E-06 -3.981201276153241E-06
 -4.863867986039493E-05 -5.671339024826829E-05 -6.432406374738210E-05
 -2.885526765179531E-05 -3.373721214291635E-05 -3.834055613832841E-05
 -9.563360165328562E-06 -1.119686453721760E-05 -1.273747173241593E-05
 -8.613645459574489E-05 -9.220876986511650E-05 -9.786346277184580E-05
 -5.151126815899911E-05 -5.518996574957679E-05 -5.861848567253799E-05
 -1.714160751174199E-05 -1.837372290303630E-05 -1.952250959271588E-05
 -1.146165342804286E-04 -1.188481244649537E-04 -1.226331231841765E-04
 -6.874689893586738E-05 -7.132286471478413E-05 -7.363259824394321E-05
 -2.291140988739411E-05 -2.377622202383606E-05 -2.455257430333431E-05
 -1.344830209224746E-04 -1.366096526331336E-04 -1.381044634809790E-04
 -8.082321791980371E-05 -8.214396213084234E-05 -8.308913492792931E-05
 -2.696287297889721E-05 -2.741055908990425E-05 -2.773363900888777E-05
 -1.439752155018793E-04 -1.430191191844359E-04 -1.410309279894125E-04
 -8.670988464229300E-05 -8.619579585156953E-05 -8.506773568983578E-05
 -2.895689931324952E-05 -2.879543378312977E-05 -2.843019088147502E-05
 -1.382379619578101E-04 -1.323553069340241E-04 -1.248154587268633E-04
 -8.352002264228244E-05 -8.007065289681449E-05 -7.563337943504797E-05
 -2.793558550125555E-05 -2.679913429296886E-05 -2.533445152051914E-05
 -1.090927386365675E-04 -9.564945761208301E-05 -7.975705016173596E-05
 -6.636394152900587E-05 -5.840121258761519E-05 -4.897536366745426E-05
 -2.227196930763795E-05 -1.963490886814452E-05 -1.651120443705618E-05
 -4.580455768530593E-05 -2.172957986639756E-05  5.622785521798761E-06
 -2.880112418442260E-05 -1.447947606330848E-05  1.803847795737399E-06
 -9.819325492276726E-06 -5.065991667407878E-06  3.404357637199295E-07
  6.306964650981292E-05  1.006647906756061E-04  1.422097705355340E-04
  3.605610145136958E-05  5.847886374174451E-05  8.327003251094502E-05
  1.172184444495353E-05  1.917369493767158E-05  2.741475787711403E-05
  2.269067664727413E-04  2.799118032630224E-04  3.371539985094431E-04
  1.338796315371536E-04  1.655526187547227E-04  1.997712252238327E-04
  4.424977570791924E-05  5.478572017000680E-05  6.617074983267006E-05
  4.496839334793062E-04  5.180938515968280E-04  5.904118077957431E-04
  2.671234806767419E-04  3.080642650633295E-04  3.513592711695493E-04
  8.859374576450704E-05  1.022230672953416E-04  1.166386861594530E-04
  7.266098240733210E-04  8.077026227186280E-04  8.915696284179947E-04
  4.329976304746742E-04  4.815972835053674E-04  5.318776652055309E-04
  1.438378659214278E-04  1.600282972493131E-04  1.767816617066655E-04
  1.041374635312220E-03  1.129152925083787E-03  1.217677428794407E-03
  6.218100438463169E-04  6.744955114656415E-04  7.276515891397627E-04
  2.067670921100500E-04  2.243318444797137E-04  2.420572702629972E-04
  1.364805796278189E-03  1.449928301292646E-03  1.532947384813911E-03
  8.161478221462817E-04  8.673367948136331E-04  9.172918305746684E-04
  2.715922408782162E-04  2.886742923946610E-04  3.053497099248576E-04
  1.655815316735026E-03  1.726250622408458E-03  1.791200150994750E-03
  9.914274011598443E-04  1.033914834952153E-03  1.073140988226215E-03
  3.301303681050668E-04  3.443303540677122E-04  3.574482756874266E-04
  1.865427193967268E-03  1.907980788945270E-03  1.941652397202624E-03
  1.118287200204267E-03  1.144154832041412E-03  1.164720630613929E-03
  3.725983678180945E-04  3.812766367556255E-04  3.881921952413213E-04
  1.944148759914054E-03  1.946795724048894E-03  1.937835547557799E-03
  1.166986074786466E-03  1.168996479127945E-03  1.164061233628143E-03
  3.890750652522369E-04  3.898154357016437E-04  3.882437138182175E-04
  1.851895353054754E-03  1.806516840596240E-03  1.748172631270906E-03
  1.113343314114289E-03  1.086580467065014E-03  1.052042734742676E-03
  3.714787256364727E-04  3.626351102698309E-04  3.512006499140082E-04
  1.568349457183552E-03  1.473153493669848E-03  1.365492828045300E-03
  9.449603609426699E-04  8.882874895499633E-04  8.241232376107645E-04
  3.156419540155927E-04  2.968251906255343E-04  2.755092392931527E-04
  1.100679728037606E-03  9.614811725049929E-04  8.122774652758068E-04
  6.658855333188604E-04  5.827252191097109E-04  4.935329808662521E-04
  2.228720998462750E-04  1.952119944018726E-04  1.655364707260437E-04
  4.856682548279566E-04  3.154380387454295E-04  1.392439894419087E-04
  2.979456602798038E-04  1.960251991265334E-04  9.048622329804023E-05
  1.004043123220246E-04  6.646739016660322E-05  3.131761160818846E-05
 -2.152632904700932E-04 -3.986443520290975E-04 -5.831452750199276E-04
 -1.221770984842153E-04 -2.321590350554429E-04 -3.428566404603727E-04
 -3.956266428919512E-05 -7.621520307231301E-05 -1.131135881637992E-04
 -9.273671125389732E-04 -1.104614823097948E-03 -1.278308064725075E-03
 -5.496870978931416E-04 -6.561564605779487E-04 -7.605318001236674E-04
 -1.821060262395378E-04 -2.176156405413201E-04 -2.524337038816145E-04
 -1.577307086271514E-03 -1.731536307592546E-03 -1.878597898534048E-03
 -9.405032562267805E-04 -1.033293576099594E-03 -1.121809947715728E-03
 -3.125190865569516E-04 -3.434911102960388E-04 -3.730429476265462E-04
 -2.107216739792995E-03 -2.226971614878365E-03 -2.337571129159434E-03
 -1.259716976197530E-03 -1.331898110422690E-03 -1.398597322694395E-03
 -4.191343649637731E-04 -4.432493414399659E-04 -4.655389208792707E-04
 -2.484170466155098E-03 -2.564873609611109E-03 -2.636162645391878E-03
 -1.487328734882251E-03 -1.536092531558917E-03 -1.579204789125432E-03
 -4.952447129922802E-04 -5.115563013182523E-04 -5.259835539601324E-04
 -2.702710360141766E-03 -2.746268982240767E-03 -2.781554201952645E-03
 -1.619830241806781E-03 -1.646270167775668E-03 -1.667732969146980E-03
 -5.396417040974565E-04 -5.485058858171289E-04 -5.557088586355156E-04
 -2.780468252963235E-03 -2.793408112609891E-03 -2.800022069244884E-03
 -1.667632650041038E-03 -1.675634433533857E-03 -1.679823396039736E-03
 -5.557675752279949E-04 -5.584745946945227E-04 -5.599077961690557E-04
 -2.749211729328647E-03 -2.740152907767246E-03 -2.726895736469346E-03
 -1.649720470604646E-03 -1.644449491543291E-03 -1.636643229803736E-03
 -5.499376464350844E-04 -5.482081450014438E-04 -5.456308310611866E-04
 -2.644805670385622E-03 -2.622155831429433E-03 -2.597141519790219E-03
 -1.587622163656074E-03 -1.574134129170526E-03 -1.559215400429300E-03
 -5.293295208170517E-04 -5.248505599868676E-04 -5.198926892150073E-04
 -2.499191103828076E-03 -2.469640258769890E-03 -2.439028087267897E-03
 -1.500568221636912E-03 -1.482897227465647E-03 -1.464582698648368E-03
 -5.003642721410646E-04 -4.944838910931251E-04 -4.883878655738017E-04
 -2.335993535450235E-03 -2.303960691753527E-03 -2.271619627291437E-03
 -1.402820099926188E-03 -1.383638227178194E-03 -1.364269221913635E-03
 -4.678100764524213E-04 -4.614224221211474E-04 -4.549720169546305E-04
 -2.169714694583519E-03 -2.137548747305427E-03 -2.105397605682711E-03
 -1.303155939918756E-03 -1.283888234431559E-03 -1.264630109397850E-03
 -4.346058774809270E-04 -4.281885984996535E-04 -4.217746268312627E-04
 -2.007379670513792E-03 -1.975964621241711E-03 -1.944628092013967E-03
 -1.205842691119779E-03 -1.187028129386846E-03 -1.168262486938233E-03
 -4.021827062857873E-04 -3.959169075946174E-04 -3.896677182899959E-04
 -1.851218855283667E-03 -1.820656605594863E-03 -1.790132565506064E-03
 -1.112241888455805E-03 -1.093943540243692E-03 -1.075669597307048E-03
 -3.709983526077156E-04 -3.649053928561815E-04 -3.588208195759705E-04
 -1.701246272567042E-03 -1.671404850201539E-03 -1.641563118526440E-03
 -1.022361884935859E-03 -1.004497793669295E-03 -9.866337886768925E-04
 -3.410556343998783E-04 -3.351077411897670E-04 -3.291599284703175E-04
 -1.557103019127031E-03 -1.527944502451357E-03 -1.498798753107870E-03
 -9.359729656297950E-04 -9.185152513973566E-04 -9.010639411309527E-04
 -3.122756053955450E-04 -3.064626337720530E-04 -3.006515940117693E-04
 -1.418999515264899E-03 -1.390695685830920E-03 -1.362473494643511E-03
 -8.531818838593075E-04 -8.362282086692913E-04 -8.193208576946921E-04
 -2.846905989787029E-04 -2.790441993770784E-04 -2.734128036192388E-04
 -1.287894023364911E-03 -1.260788178608881E-03 -1.233864744248199E-03
 -7.745462180724983E-04 -7.582983532576865E-04 -7.421562903861606E-04
 -2.584835591530962E-04 -2.530702810748040E-04 -2.476916665240155E-04
 -1.165182048490130E-03 -1.139670667477777E-03 -1.114440270939644E-03
 -7.008925386904685E-04 -6.855861722812502E-04 -6.704443161740630E-04
 -2.339281901054286E-04 -2.288262208391196E-04 -2.237784094148077E-04
 -1.052188191337397E-03 -1.028589505781760E-03 -1.005338381173480E-03
 -6.330133437060068E-04 -6.188394137195954E-04 -6.048700479272649E-04
 -2.112882456203246E-04 -2.065612215458187E-04 -2.019017221157934E-04
 -9.497004408801278E-04 -9.281590893714853E-04 -9.069837021534151E-04
 -5.713871882496953E-04 -5.584343749427391E-04 -5.456977107944316E-04
 -1.907241713165534E-04 -1.864019602840527E-04 -1.821512239244975E-04
 -8.577035607245686E-04 -8.381579187199101E-04 -8.189493992341242E-04
 -5.160166572330220E-04 -5.042511630281999E-04 -4.926853233311861E-04
 -1.722387579234939E-04 -1.683106175313503E-04 -1.644485872247850E-04
 -7.753750318006882E-04 -7.575905957183833E-04 -7.400831127079443E-04
 -4.664230459456103E-04 -4.557078905087441E-04 -4.451571899157701E-04
 -1.556748908904423E-04 -1.520957783481309E-04 -1.485711923855091E-04
 -7.013191098151791E-04 -6.849711738067600E-04 -6.688331691832871E-04
 -4.217838961062439E-04 -4.119278625917318E-04 -4.021969234628790E-04
 -1.407609136882974E-04 -1.374676913236462E-04 -1.342160176509731E-04
 -6.339465506544683E-04 -6.187222726796379E-04 -6.036586094866731E-04
 -3.811585980613349E-04 -3.719770272224314E-04 -3.628916820483331E-04
 -1.271854549568893E-04 -1.241170801466327E-04 -1.210807521340067E-04
 -5.718732036052902E-04 -5.575600644964260E-04 -5.433928316792600E-04
 -3.437263580186811E-04 -3.350940405894476E-04 -3.265496907046363E-04
 -1.146765496599347E-04 -1.117916742530208E-04 -1.089361886465132E-04
 -5.142173986950835E-04 -5.007524713174139E-04 -4.874580249645228E-04
 -3.089644818239031E-04 -3.008452533165316E-04 -2.928291653098156E-04
 -1.030610384322578E-04 -1.003478782862425E-04 -9.766923833947017E-05
 -4.607194601551516E-04 -4.481888090853945E-04 -4.358847266745784E-04
 -2.767206459689746E-04 -2.691671701011318E-04 -2.617508022729148E-04
 -9.228874821515090E-05 -8.976503411393298E-05 -8.728721659617148E-05
 -4.116699626396529E-04 -4.002642371860931E-04 -3.891561698275194E-04
 -2.471706566766288E-04 -2.402979251998273E-04 -2.336051720278673E-04
 -8.241854349420633E-05 -8.012271113650377E-05 -7.788710276171240E-05
 -3.676932162334895E-04 -3.576380815453458E-04 -3.479473048840639E-04
 -2.206891974630129E-04 -2.146328683798249E-04 -2.087966540415707E-04
 -7.357534984202869E-05 -7.155266541411058E-05 -6.960360412395261E-05
 -3.294687316842109E-04 -3.209533704294478E-04 -3.128481586164542E-04
 -1.976830483977585E-04 -1.925565606387242E-04 -1.876776694747913E-04
 -6.589461607136076E-05 -6.418288315324798E-05 -6.255393572633582E-05
 -2.974771030793229E-04 -2.906003357687843E-04 -2.841487799684212E-04
 -1.784387072940061E-04 -1.743009458118212E-04 -1.704197139068453E-04
 -5.947153619808118E-05 -5.809031616328807E-05 -5.679484208324879E-05
 -2.718324912997541E-04 -2.665770068955900E-04 -2.617290771817025E-04
 -1.630219207687381E-04 -1.598617811332874E-04 -1.569473783008917E-04
 -5.432756679736458E-05 -5.327303810463194E-05 -5.230062447550556E-05
 -2.522259197549995E-04 -2.484610016790380E-04 -2.450578847187417E-04
 -1.512438326710538E-04 -1.489819446291392E-04 -1.469380841540969E-04
 -5.039917240352175E-05 -4.964472002242230E-05 -4.896310297637295E-05
 -2.379680616175038E-04 -2.354737152690146E-04 -2.332760164511457E-04
 -1.426870161171438E-04 -1.411903583720893E-04 -1.398723661081324E-04
 -4.754656414760336E-05 -4.704767461999037E-05 -4.660845412354873E-05
 -2.280982241409391E-04 -2.266004605316846E-04 -2.253248518589848E-04
 -1.367713330543824E-04 -1.358745508443989E-04 -1.351114967542839E-04
 -4.557573289534811E-05 -4.527712528181263E-05 -4.502316665466043E-05
 -2.215207419083208E-04 -2.207285305490065E-04 -2.200839779966736E-04
 -1.328361935779030E-04 -1.323638803250449E-04 -1.319804087139228E-04
 -4.426594144698561E-05 -4.410901336303330E-05 -4.398174013716516E-05
 -2.171369194619761E-04 -2.167742771905589E-04 -2.164922103183376E-04
 -1.302199613613190E-04 -1.300059558491409E-04 -1.298404108739554E-04
 -4.339623451416280E-05 -4.332550218894866E-05 -4.327094220596833E-05
 -2.139528701484113E-04 -2.137828279845999E-04 -2.136387533353601E-04
 -1.283246610717120E-04 -1.282264058825645E-04 -1.281437618110291E-04
 -4.276700936182474E-05 -4.273489031130356E-05 -4.270797958616634E-05
 -2.111548683139881E-04 -2.109944635707803E-04 -2.108206207810327E-04
 -1.266610063648865E-04 -1.265684809710655E-04 -1.264678665769086E-04
 -4.221499457750895E-05 -4.218477484896326E-05 -4.215185401384359E-05
 -2.081511361660213E-04 -2.078778432911662E-04 -2.075675080042392E-04
 -1.248732144116007E-04 -1.247127258940881E-04 -1.245299406980276E-04
 -4.162147793392280E-05 -4.156856413634610E-05 -4.150820599034443E-05
 -2.045824814182129E-04 -2.041330030904821E-04 -2.036374340494332E-04
 -1.227451755145866E-04 -1.224785883533495E-04 -1.221842342099499E-04
 -4.091432633197930E-05 -4.082598111518920E-05 -4.072836140008653E-05
 -2.003057322905191E-04 -1.996683670753467E-04 -1.989876976901589E-04
 -1.201904196319186E-04 -1.198105662951097E-04 -1.194045814349813E-04
 -4.006462446326087E-05 -3.993843478443380E-05 -3.980350980648664E-05
 -1.953552574115658E-04 -1.945574674144641E-04 -1.937272921019287E-04
 -1.172290596795239E-04 -1.167523002334124E-04 -1.162559359023084E-04
 -3.907899368860533E-05 -3.892039369659726E-05 -3.875522988916468E-05
 -1.898896652968603E-04 -1.889829695301065E-04 -1.880588736815074E-04
 -1.139559198039929E-04 -1.134131086287964E-04 -1.128596783886895E-04
 -3.798898590460047E-05 -3.780825093121428E-05 -3.762394651164956E-05
 -1.841325405703233E-04 -1.831772107280474E-04 -1.822197638885142E-04
 -1.105050894871530E-04 -1.099324157467205E-04 -1.093583104197705E-04
 -3.683928709686449E-05 -3.664848438745296E-05 -3.645717760430762E-05
 -1.783167644294285E-04 -1.773687381037243E-04 -1.764312766867824E-04
 -1.070165682081991E-04 -1.064477058932339E-04 -1.058850590970452E-04
 -3.567660802665066E-05 -3.548698056460143E-05 -3.529940432568507E-05
 -1.726408255871998E-04 -1.717426747533407E-04 -1.708634955221778E-04
 -1.036100140715111E-04 -1.030706814592284E-04 -1.025426584349534E-04
 -3.454092793888974E-05 -3.436107744802084E-05 -3.418498450150137E-05
 -1.672425389531142E-04 -1.664193502376394E-04 -1.656188820365059E-04
 -1.003688561589218E-04 -9.987430552065569E-05 -9.939336482683893E-05
 -3.346017925816920E-05 -3.329522310928005E-05 -3.313479978248399E-05
 -1.621914889587733E-04 -1.614513951530633E-04 -1.607338080152655E-04
 -9.733560029468740E-05 -9.689089418329141E-05 -9.645971122791426E-05
 -3.244865632652856E-05 -3.230031254766699E-05 -3.215647960498468E-05
 -1.574974478938882E-04 -1.568356062221493E-04 -1.561934563341526E-04
 -9.451672945043238E-05 -9.411909388450976E-05 -9.373331782783270E-05
 -3.150862373871842E-05 -3.137598975022510E-05 -3.124731630564478E-05
 -1.531290778199046E-04 -1.525333554511233E-04 -1.519534563448327E-04
 -9.189382672030739E-05 -9.153604632062122E-05 -9.118781179808297E-05
 -3.063400744844304E-05 -3.051468901941047E-05 -3.039856121583259E-05
 -1.490360717887362E-04 -1.484926667600365E-04 -1.479614742134267E-04
 -8.943683547833510E-05 -8.911062956894683E-05 -8.879179600992582E-05
 -2.981481048956581E-05 -2.970604763484994E-05 -2.959974975467747E-05
 -1.451685974531055E-04 -1.446662337318127E-04 -1.441735376333344E-04
 -8.711577003933192E-05 -8.681432865833252E-05 -8.651871741795386E-05
 -2.904102374086984E-05 -2.894053917722141E-05 -2.884200298415510E-05
 -1.414900037242670E-04 -1.410220165581321E-04 -1.405624493047142E-04
 -8.490842837502813E-05 -8.462768957026135E-05 -8.435201567098428E-05
 -2.830521151652885E-05 -2.821164076433846E-05 -2.811976053209660E-05
 -1.379814415498854E-04 -1.375457876188297E-04 -1.371183566091637E-04
 -8.280326357755206E-05 -8.254194371687737E-05 -8.228555802609671E-05
 -2.760348522162361E-05 -2.751639075756769E-05 -2.743094112830487E-05
 -1.346394938087196E-04 -1.342372761634522E-04 -1.338436185244869E-04
 -8.079804046809865E-05 -8.055676492912459E-05 -8.032061994401107E-05
 -2.693506875720372E-05 -2.685465289462290E-05 -2.677594633065754E-05
 -1.314694858831697E-04 -1.311028511656378E-04 -1.307450929167436E-04
 -7.889586220597454E-05 -7.867590835530469E-05 -7.846127549186026E-05
 -2.630098088733551E-05 -2.622766757703056E-05 -2.615612711964796E-05
 -1.284776112711998E-04 -1.281478361895731E-04 -1.278268235937505E-04
 -7.710044537122279E-05 -7.690258952905551E-05 -7.670999100164092E-05
 -2.570246032801885E-05 -2.563651001336323E-05 -2.557231210565567E-05
 -1.256644948185520E-04 -1.253708061503696E-04 -1.250851607823091E-04
 -7.541222813063227E-05 -7.523602729859159E-05 -7.506465817471655E-05
 -2.513966355968389E-05 -2.508093204979484E-05 -2.502381206129137E-05
 -1.230217306089562E-04 -1.227610314060714E-04 -1.225071037267120E-04
 -7.382625154653902E-05 -7.366986837633864E-05 -7.351755845344518E-05
 -2.461095169398473E-05 -2.455883002155820E-05 -2.450806782223022E-05
 -1.205317402221288E-04 -1.202990829061727E-04 -1.200715744116367E-04
 -7.233203842556352E-05 -7.219251759210228E-05 -7.205609839536437E-05
 -2.411284404991304E-05 -2.406634933379412E-05 -2.402089056219316E-05
 -1.181703550543780E-04 -1.179598070098044E-04 -1.177526798137691E-04
 -7.091512249275580E-05 -7.078890743685876E-05 -7.066475664490412E-05
 -2.364052444490723E-05 -2.359847169235771E-05 -2.355710899962165E-05
 -1.159109840252069E-04 -1.157165039393082E-04 -1.155238113421809E-04
 -6.955954697430954E-05 -6.944300740963628E-05 -6.932754980065942E-05
 -2.318867367798245E-05 -2.314985189297618E-05 -2.311139235096641E-05
 -1.137290509522556E-04 -1.135451015047673E-04 -1.133615065951762E-04
 -6.825053838766081E-05 -6.814034202190083E-05 -6.803036504830124E-05
 -2.275236266558278E-05 -2.271565943798208E-05 -2.267903046526717E-05
 -1.116054503632196E-04 -1.114272431424656E-04 -1.112481676240579E-04
 -6.697659671005163E-05 -6.686986050184122E-05 -6.676260766982934E-05
 -2.232775193901009E-05 -2.229220458485977E-05 -2.225648575827673E-05
 -1.095279732426908E-04 -1.093513983749341E-04 -1.091728876255088E-04
 -6.573036519478351E-05 -6.562461602270937E-05 -6.551770831510019E-05
 -2.191238400048663E-05 -2.187716693657101E-05 -2.184156419984078E-05
 -1.074899650233382E-04 -1.073113489344534E-04 -1.071298089756157E-04
 -6.450783269537066E-05 -6.440086291736955E-05 -6.429214137008858E-05
 -2.150491869908542E-05 -2.146929545428343E-05 -2.143308871533857E-05
 -1.054859080687627E-04 -1.053017546776196E-04 -1.051137089631058E-04
 -6.330568313962377E-05 -6.319539456911282E-05 -6.308277328341483E-05
 -2.110424973379363E-05 -2.106752081800168E-05 -2.103001477902274E-05
 -1.035041422037851E-04 -1.033109650919517E-04 -1.031129203827762E-04
 -6.211692248347527E-05 -6.200122415877530E-05 -6.188260822242277E-05
 -2.070804608874854E-05 -2.066951466177786E-05 -2.063001119007420E-05
 -1.015174370117359E-04 -1.013117168881535E-04 -1.011001539966021E-04
 -6.092521485296794E-05 -6.080199604742252E-05 -6.067527462423244E-05
 -2.031086286972872E-05 -2.026982549927202E-05 -2.022762109815940E-05
 -9.947241534782090E-05 -9.925065659080371E-05 -9.902210762352232E-05
 -5.969853040252787E-05 -5.956569367086667E-05 -5.942878565480511E-05
 -1.990202287867969E-05 -1.985778040693638E-05 -1.981218131526564E-05
 -9.727867521367445E-05 -9.703752513709147E-05 -9.678869576125282E-05
 -5.838261381975719E-05 -5.823814647777944E-05 -5.808907394488727E-05
 -1.946343866862535E-05 -1.941532002395436E-05 -1.936566671479414E-05
