  7.521579784072915E+00  7.511054667653142E+00  7.500519467651962E+00

 -1.022215892669503E-03  1.597761736924453E-03  3.992526854761157E-03
  7.643963498473942E-03  1.031335894996641E-02  1.280646472085605E-02
  4.587839972060518E-03  5.750343274033379E-03  6.843462673914683E-03
 -1.472427960476775E-03  1.055134379923789E-03  3.364310816173138E-03
  7.284910100714327E-03  9.904059084252403E-03  1.235294073055190E-02
  4.442613821503591E-03  5.591158717196390E-03  6.672716671054090E-03
 -1.735419503937444E-03  7.467586609749474E-04  3.014021195244789E-03
  7.077167808878026E-03  9.671846343283410E-03  1.209933761808831E-02
  4.359573534004120E-03  5.501407540701870E-03  6.577486692691365E-03
 -1.735419503937444E-03  7.467586609749474E-04  3.014021195244789E-03
  7.077167808878026E-03  9.671846343283410E-03  1.209933761808831E-02
  4.359573534004120E-03  5.501407540701870E-03  6.577486692691365E-03
 -1.472427960476775E-03  1.055134379923789E-03  3.364310816173138E-03
  7.284910100714327E-03  9.904059084252403E-03  1.235294073055190E-02
  4.442613821503591E-03  5.591158717196390E-03  6.672716671054090E-03
 -1.022215892669503E-03  1.597761736924453E-03  3.992526854761157E-03
  7.643963498473942E-03  1.031335894996641E-02  1.280646472085605E-02
  4.587839972060518E-03  5.750343274033379E-03  6.843462673914683E-03
 -5.242209940936824E-04  2.238595025400955E-03  4.766316371229940E-03
  8.047223672121689E-03  1.079503602458466E-02  1.335792596764749E-02
  4.754798710585433E-03  5.939409833210025E-03  7.051226317805808E-03
 -1.661637262980333E-04  2.794729072181905E-03  5.508241668496037E-03
  8.341903065674320E-03  1.119950630142802E-02  1.386160579141855E-02
  4.884179242543175E-03  6.100205697607193E-03  7.239300269223617E-03
 -1.885436879340501E-04  3.031618671467210E-03  5.990948299169078E-03
  8.320170636011134E-03  1.132272815634857E-02  1.411844101022624E-02
  4.893295980338888E-03  6.151378122904815E-03  7.328164866198856E-03
 -9.238937888470304E-04  2.623315284008390E-03  5.897159297914513E-03
  7.687152714172305E-03  1.087390834438909E-02  1.384365170718222E-02
  4.663853657414259E-03  5.976059746779326E-03  7.203175645055894E-03
 -2.855110127658403E-03  1.092995124303525E-03  4.759100247168128E-03
  6.020413155793409E-03  9.434317380247472E-03  1.262490114231465E-02
  4.027611447060170E-03  5.407332234358113E-03  6.699822542918064E-03
 -6.636154531652277E-03 -2.211996262223407E-03  1.928614191845807E-03
  2.765526849430258E-03  6.449844511397077E-03  9.911197509165682E-03
  2.766835641643981E-03  4.227588627192490E-03  5.601738436676565E-03
 -1.301683779260912E-02 -8.053803298612563E-03 -3.366297916350167E-03
 -2.688374936808830E-03  1.299495285830362E-03  5.073419020806345E-03
  6.458485780523977E-04  2.197380613664807E-03  3.666456371267350E-03
 -2.262002414913478E-02 -1.708909415971385E-02 -1.181512887373214E-02
 -1.081811401092636E-02 -6.521040939337180E-03 -2.419786476578505E-03
 -2.513917889503890E-03 -8.723257443890648E-04  6.945648557521176E-04
 -3.560292413278038E-02 -2.953968228745126E-02 -2.370592120258691E-02
 -2.168919592923896E-02 -1.712943871015497E-02 -1.274010585400602E-02
 -6.726862880337931E-03 -5.015929375172092E-03 -3.369158041320686E-03
 -5.147601353766405E-02 -4.501740839290382E-02 -3.875539021567626E-02
 -3.478819529798542E-02 -3.009073677956874E-02 -2.553438700038549E-02
 -1.177554161311892E-02 -1.004560508070162E-02 -8.367890402651389E-03
 -6.926992589438187E-02 -6.265774902066011E-02 -5.620677829834877E-02
 -4.908318727645943E-02 -4.444763929748108E-02 -3.992292113090780E-02
 -1.722008608890164E-02 -1.554851751562355E-02 -1.391707201152607E-02
 -8.824072922576480E-02 -8.175979543735153E-02 -7.540476872361411E-02
 -6.352140320507436E-02 -5.916880120505529E-02 -5.489858648283984E-02
 -2.257559373944625E-02 -2.104584210338106E-02 -1.954516612004994E-02
 -1.099915654109594E-01 -1.038725409301341E-01 -9.784760390956969E-02
 -7.889079635956173E-02 -7.499032785834055E-02 -7.114851804273964E-02
 -2.806302172936623E-02 -2.673746220608349E-02 -2.543210594204837E-02
 -1.409278510545989E-01 -1.352709022555899E-01 -1.296806281799396E-01
 -1.002324919582410E-01 -9.684684618688982E-02 -9.350033369480362E-02
 -3.563205321796042E-02 -3.453196774689720E-02 -3.344492563608385E-02
 -1.884099759834773E-01 -1.832278924486392E-01 -1.780844677435409E-01
 -1.335670963988351E-01 -1.306902866476512E-01 -1.278317115743563E-01
 -4.763888666630057E-02 -4.675963409719665E-02 -4.588554596222384E-02
 -2.478989813563325E-01 -2.434085783975065E-01 -2.389220208723222E-01
 -1.737692011031176E-01 -1.715704546236834E-01 -1.693639430327622E-01
 -6.174619743688660E-02 -6.115503826262961E-02 -6.055936380928820E-02
 -2.980755696367740E-01 -2.950432545033703E-01 -2.919753003463538E-01
 -1.996605252712957E-01 -1.987612915476860E-01 -1.978296388873882E-01
 -6.884978434343059E-02 -6.879477552584200E-02 -6.872727627354183E-02
 -3.238145550350305E-01 -3.232228804813929E-01 -3.225677721277937E-01
 -1.977574661303014E-01 -1.988481388741822E-01 -1.999001052814292E-01
 -6.358808258539399E-02 -6.431991050463355E-02 -6.504027388200098E-02
 -3.442896735466685E-01 -3.461458864196113E-01 -3.479455812052313E-01
 -1.924806320569108E-01 -1.951891325149954E-01 -1.978847389229243E-01
 -5.768972877729811E-02 -5.897740730025490E-02 -6.026775955011605E-02
 -3.919672900350115E-01 -3.950096230416454E-01 -3.980282226030853E-01
 -2.212001430963992E-01 -2.241667932398342E-01 -2.271528312234559E-01
 -6.786000326197046E-02 -6.910078387685326E-02 -7.035736695437139E-02
 -4.584031250337086E-01 -4.614724891822071E-01 -4.645395793009376E-01
 -2.766266012667517E-01 -2.790715592739065E-01 -2.815392951283781E-01
 -9.046728171441715E-02 -9.139883904705599E-02 -9.234406249990670E-02
 -4.948497941892394E-01 -4.975495235024867E-01 -5.002522720517031E-01
 -3.133671985686733E-01 -3.153416774032260E-01 -3.173278347069645E-01
 -1.064455587300566E-01 -1.071663397546687E-01 -1.078932888062257E-01
 -4.712841266762248E-01 -4.734199271997168E-01 -4.755612214506085E-01
 -3.045579302771836E-01 -3.060957183945434E-01 -3.076402695887533E-01
 -1.050741393406398E-01 -1.056332341386773E-01 -1.061953236300800E-01
 -4.041811824124131E-01 -4.056290538487737E-01 -4.070817454257078E-01
 -2.622902340613013E-01 -2.633222480471827E-01 -2.643587773301694E-01
 -9.088628295612505E-02 -9.126119475911833E-02 -9.163796648493969E-02
 -3.261823023194995E-01 -3.270833587828874E-01 -3.279855701610513E-01
 -2.114175247679595E-01 -2.120466488520585E-01 -2.126770674205341E-01
 -7.327535586314524E-02 -7.350217981749047E-02 -7.372959238850986E-02
 -2.549937762540497E-01 -2.555988250880603E-01 -2.562034291351295E-01
 -1.649446659756194E-01 -1.653590425514474E-01 -1.657732214995326E-01
 -5.713539452687823E-02 -5.728347217209496E-02 -5.743152386757091E-02
 -1.949259803833178E-01 -1.953724766739750E-01 -1.958199392041612E-01
 -1.257206700539002E-01 -1.260199533212926E-01 -1.263198373603164E-01
 -4.349293101350832E-02 -4.359872068366888E-02 -4.370472394631196E-02
 -1.470938592416506E-01 -1.474253886410517E-01 -1.477593578527273E-01
 -9.462072949804841E-02 -9.483591943927804E-02 -9.505262082687506E-02
 -3.269209309277006E-02 -3.276688676619634E-02 -3.284219169361229E-02
 -1.106688381308498E-01 -1.109229936563970E-01 -1.111797643404672E-01
 -7.110660693611905E-02 -7.126714627630480E-02 -7.142929452101315E-02
 -2.455438654808125E-02 -2.460938886601661E-02 -2.466493140443316E-02
 -8.310515910492730E-02 -8.331653707533705E-02 -8.353009542421388E-02
 -5.336182929360618E-02 -5.349370336454556E-02 -5.362693720954535E-02
 -1.842072619550100E-02 -1.846560667394202E-02 -1.851094840044290E-02
 -6.205784221445469E-02 -6.224199312598508E-02 -6.242786121563627E-02
 -3.981205766367082E-02 -3.992619643273338E-02 -4.004142496936861E-02
 -1.373625646500073E-02 -1.377495244909661E-02 -1.381402221328013E-02
 -4.594880567419127E-02 -4.611020705080821E-02 -4.627291450458572E-02
 -2.945218514633844E-02 -2.955172421893378E-02 -2.965209240028376E-02
 -1.015638143575995E-02 -1.019003207049207E-02 -1.022396710757961E-02
 -3.361814261851571E-02 -3.375970100813769E-02 -3.390223173434033E-02
 -2.153902028381836E-02 -2.162604437174493E-02 -2.171367865673210E-02
 -7.425020232632012E-03 -7.454391214267775E-03 -7.483970259969483E-03
 -2.417490237060169E-02 -2.429956895666093E-02 -2.442498762737995E-02
 -1.549480784257477E-02 -1.557126692543983E-02 -1.564819188314557E-02
 -5.341753723714908E-03 -5.367527974887441E-03 -5.393460065631559E-03
 -1.696469082934554E-02 -1.707510003914909E-02 -1.718614110612474E-02
 -1.089343974479417E-02 -1.096099639284043E-02 -1.102894009776991E-02
 -3.758367017826576E-03 -3.781112888771259E-03 -3.803989172324933E-03
 -1.150000543528537E-02 -1.159849680106016E-02 -1.169756326478674E-02
 -7.416086434356642E-03 -7.476209646377701E-03 -7.536681996959661E-03
 -2.563652102614495E-03 -2.583870925730384E-03 -2.604206857298307E-03
 -7.399116143478011E-03 -7.487745566332933E-03 -7.576929120641705E-03
 -4.813051604033384E-03 -4.867030295597780E-03 -4.921343111326800E-03
 -1.670532299993595E-03 -1.688663559851747E-03 -1.706906509318380E-03
 -4.355530082466883E-03 -4.436052710859247E-03 -4.517128680261121E-03
 -2.884611371232352E-03 -2.933539721677066E-03 -2.982800055458497E-03
 -1.009525351115039E-03 -1.025941025730321E-03 -1.042467391985415E-03
 -2.124566845121474E-03 -2.198487673438805E-03 -2.272972530776298E-03
 -1.472049591798318E-03 -1.516861102911519E-03 -1.562009823591708E-03
 -5.255571479353367E-04 -5.405737502540812E-04 -5.557025810244698E-04
 -5.154936153579973E-04 -5.841336568918983E-04 -6.533545210270185E-04
 -4.523171405552019E-04 -4.938295837708194E-04 -5.356884987774869E-04
 -1.760505576506989E-04 -1.899450338006462E-04 -2.039546828703545E-04
  6.166046488890057E-04  5.520769181334863E-04  4.869495146129354E-04
  2.673861841906109E-04  2.284487249057238E-04  1.891539728200342E-04
  7.098451710807493E-05  5.796685068077993E-05  4.483049235736044E-05
  1.380671650933093E-03  1.319242490258300E-03  1.257196454966817E-03
  7.562060794421893E-04  7.192137741458582E-04  6.818540420608663E-04
  2.392753914551020E-04  2.269208787880345E-04  2.144443332725340E-04
  1.859617443816310E-03  1.800443146243568E-03  1.740640156384412E-03
  1.066344567763944E-03  1.030771541086848E-03  9.948238829599174E-04
  3.466605039317444E-04  3.347904759144753E-04  3.227959998827275E-04
  2.118290445669657E-03  2.060710604321850E-03  2.002499535714040E-03
  1.238447126974826E-03  1.203879823637271E-03  1.168935942896815E-03
  4.069962349199540E-04  3.954698808936452E-04  3.838183642681422E-04
  2.208719989872712E-03  2.152264809000282E-03  2.095189185154128E-03
  1.305095043198704E-03  1.271236355044653E-03  1.237006828606206E-03
  4.313849358417856E-04  4.201006381899932E-04  4.086929731449535E-04
  2.173156718378807E-03  2.117550245959656E-03  2.061351328205626E-03
  1.292753902047843E-03  1.259424521939362E-03  1.225740108733489E-03
  4.288469586864810E-04  4.177426341434367E-04  4.065200478653803E-04
  2.045901445970166E-03  1.991061271427655E-03  1.935676999149684E-03
  1.222884916537100E-03  1.190022839077886E-03  1.156833580865979E-03
  4.066930169159079E-04  3.957458812025154E-04  3.846895764064729E-04
  1.854678886424945E-03  1.800708777221335E-03  1.746264762403856E-03
  1.112772278225612E-03  1.080428640947944E-03  1.047798769124088E-03
  3.707999105277958E-04  3.600251254544452E-04  3.491546247157069E-04
  1.621861081403838E-03  1.569030790558357E-03  1.515817550647360E-03
  9.762919555767152E-04  9.446196608594001E-04  9.127147026098322E-04
  3.258727890890840E-04  3.153197916181935E-04  3.046887662941353E-04
  1.365527438992997E-03  1.314235162959691E-03  1.262667345431917E-03
  8.246075915155264E-04  7.938396478581759E-04  7.629028211574976E-04
  2.756879571264033E-04  2.654333889844503E-04  2.551219393008940E-04
  1.100256351691125E-03  1.050973382793910E-03  1.001531131523165E-03
  6.667051150410705E-04  6.371220336988974E-04  6.074396244721096E-04
  2.232819784821698E-04  2.134189258760208E-04  2.035221397669074E-04
  8.376058761538852E-04  7.908083920399135E-04  7.439666328321786E-04
  5.097212347932441E-04  4.816101575710996E-04  4.534690595410972E-04
  1.710685018516239E-04  1.616928862160472E-04  1.523066866515132E-04
  5.863484478740171E-04  5.424464959010376E-04  4.986030418287533E-04
  3.591005429830523E-04  3.327120163437259E-04  3.063558699946288E-04
  1.208935923313308E-04  1.120896628101857E-04  1.032960706024812E-04
  3.525983599635424E-04  3.118752349986158E-04  2.712914624040259E-04
  2.186715763390683E-04  1.941819610693214E-04  1.697742386121210E-04
  7.406101607021762E-05  6.588861825893193E-05  5.774322839692522E-05
  1.399793275191710E-04  1.025542152386556E-04  6.532117206715529E-05
  9.074055019574156E-05  6.822803161400675E-05  4.583005724124164E-05
  3.136228961106339E-05  2.384860567405453E-05  1.637298550443025E-05
 -5.006940731539612E-05 -8.424705534577161E-05 -1.182093303906156E-04
 -2.373063313773979E-05 -4.429099660033224E-05 -6.472204136434045E-05
 -6.864948371039088E-06 -1.372731611916271E-05 -2.054655990144614E-05
 -2.178267398946837E-04 -2.489502626559296E-04 -2.798606000406821E-04
 -1.248459790808118E-04 -1.435672828426148E-04 -1.621602105171324E-04
 -4.064434414373241E-05 -4.689258660190417E-05 -5.309795366920799E-05
 -3.647133763418755E-04 -3.930671066176608E-04 -4.212273410624883E-04
 -2.134266392191262E-04 -2.304795661588821E-04 -2.474160654209361E-04
 -7.024404855754846E-05 -7.593505308334310E-05 -8.158718402012216E-05
 -4.927000149121426E-04 -5.185968221111671E-04 -5.443274312695836E-04
 -2.906494618384632E-04 -3.062245285893361E-04 -3.217001385922169E-04
 -9.605516052069259E-05 -1.012528859331983E-04 -1.064174915285905E-04
 -6.038021905651294E-04 -6.275264664282313E-04 -6.511101078606485E-04
 -3.577352810855809E-04 -3.720076874867301E-04 -3.861968711241149E-04
 -1.184863893716344E-04 -1.232499956752229E-04 -1.279860429650374E-04
 -6.997377483923228E-04 -7.215064528675189E-04 -7.431514646360994E-04
 -4.157338933598942E-04 -4.288388747141976E-04 -4.418717913918101E-04
 -1.378907942150801E-04 -1.422662140421538E-04 -1.466179619299260E-04
 -7.817741827114966E-04 -8.017210843850956E-04 -8.215489628331056E-04
 -4.654238237033463E-04 -4.774459940134774E-04 -4.893997968717456E-04
 -1.545309131498839E-04 -1.585470958780231E-04 -1.625409919922970E-04
 -8.507392662231446E-04 -8.689192233832656E-04 -8.869717634377896E-04
 -5.073127018906886E-04 -5.182878223020489E-04 -5.291902012986810E-04
 -1.685778512739762E-04 -1.722472138850633E-04 -1.758929465801800E-04
 -9.071290877316363E-04 -9.235336679718724E-04 -9.397903753181970E-04
 -5.416997106477269E-04 -5.516237880259300E-04 -5.614632185429676E-04
 -1.801316607653138E-04 -1.834530701480872E-04 -1.867469466132122E-04
 -9.512372694570187E-04 -9.658122944104784E-04 -9.802086607406516E-04
 -5.687540532754761E-04 -5.775940278984413E-04 -5.863309559675987E-04
 -1.892476245052457E-04 -1.922099835708901E-04 -1.951386919138121E-04
 -9.832495588405123E-04 -9.959088232704984E-04 -1.008350238887485E-03
 -5.885745195112444E-04 -5.962768663129668E-04 -6.038524552743636E-04
 -1.959565699054248E-04 -1.985417452695661E-04 -2.010853358486192E-04
 -1.003286497363527E-03 -1.013921287508707E-03 -1.024292833441043E-03
 -6.012180176608610E-04 -6.077148155821180E-04 -6.140571841554448E-04
 -2.002748734419699E-04 -2.024597788859590E-04 -2.045938049567110E-04
 -1.011412915865157E-03 -1.019900842716904E-03 -1.028076784910494E-03
 -6.067071443371775E-04 -6.119216138296836E-04 -6.169517666972893E-04
 -2.022073077791760E-04 -2.039657908975759E-04 -2.056633257780354E-04
 -1.007649692901134E-03 -1.013866897937831E-03 -1.019723792943924E-03
 -6.050378807718767E-04 -6.088918484589008E-04 -6.125316852219418E-04
 -2.017497240792661E-04 -2.030550790113356E-04 -2.042894109514483E-04
 -9.920160825065214E-04 -9.958544108159429E-04 -9.992889704130970E-04
 -5.962050280860625E-04 -5.986293766968318E-04 -6.008125737563775E-04
 -1.988975413951575E-04 -1.997260169481864E-04 -2.004743040635271E-04
 -9.646086027792236E-04 -9.659958559169145E-04 -9.669452463932618E-04
 -5.802498115917694E-04 -5.811968723570892E-04 -5.818813259826308E-04
 -1.936616602773915E-04 -1.939966310989906E-04 -1.942440932855177E-04
 -9.256997279465257E-04 -9.246187738487508E-04 -9.230789557277952E-04
 -5.573200801132046E-04 -5.567754507245988E-04 -5.559546489997503E-04
 -1.860886930592042E-04 -1.859246581747557E-04 -1.856684297683045E-04
 -8.758281248700191E-04 -8.723305169673419E-04 -8.683684351173230E-04
 -5.277260504057127E-04 -5.257171677594382E-04 -5.234279056899543E-04
 -1.762798149332380E-04 -1.756253233392174E-04 -1.748770929119825E-04
 -8.158550273344307E-04 -8.100664803032654E-04 -8.038238206705690E-04
 -4.919758402795007E-04 -4.885756162382241E-04 -4.849005818581681E-04
 -1.644028989928879E-04 -1.632818215741038E-04 -1.620687509942698E-04
 -7.469737074424194E-04 -7.390910607328444E-04 -7.307795937672230E-04
 -4.507823813901407E-04 -4.461075948706678E-04 -4.411727588411747E-04
 -1.506950330249281E-04 -1.491460639162439E-04 -1.475099504560806E-04
 -6.706729616648517E-04 -6.609540086079415E-04 -6.508441626267184E-04
 -4.050418985047067E-04 -3.992471336219769E-04 -3.932149004360624E-04
 -1.354554168903261E-04 -1.335300608893463E-04 -1.315250566440612E-04
 -5.886651705524032E-04 -5.774135178295186E-04 -5.658184492977661E-04
 -3.557902500524589E-04 -3.490586931663152E-04 -3.421181959414186E-04
 -1.190307298132703E-04 -1.167902154936038E-04 -1.144795681490292E-04
 -5.027932069011280E-04 -4.903404008232159E-04 -4.775977813356142E-04
 -3.041459009231606E-04 -2.966783840347479E-04 -2.890343044662516E-04
 -1.017959249635492E-04 -9.930751354866475E-05 -9.675979733319590E-05
 -4.149300127686996E-04 -4.016169897960387E-04 -3.880705007434596E-04
 -2.512481226751174E-04 -2.432517014021002E-04 -2.351128638897918E-04
 -8.413336772414825E-05 -8.146649628852225E-05 -7.875175874231727E-05
 -3.268826543985146E-04 -3.130424037885554E-04 -2.990247531085694E-04
 -1.981977873757479E-04 -1.898750335413876E-04 -1.814439082206015E-04
 -6.641282139979601E-05 -6.363548189803009E-05 -6.082169266534542E-05
 -2.403105418868701E-04 -2.262536485228350E-04 -2.120726991135209E-04
 -1.460067805700804E-04 -1.375468273280027E-04 -1.290109312267808E-04
 -4.897432587411863E-05 -4.615003238722896E-05 -4.330016991058300E-05
 -1.566651021899971E-04 -1.426693683055097E-04 -1.285984751705766E-04
 -9.556056117650284E-05 -8.713264844802435E-05 -7.865853003579376E-05
 -3.211550517864380E-05 -2.930110354377699E-05 -2.647111272287756E-05
 -7.715468478912234E-05 -6.345923225196815E-05 -4.973205935223723E-05
 -4.759624942609654E-05 -3.934603130559942E-05 -3.107601996042850E-05
 -1.608411701453151E-05 -1.332852757782160E-05 -1.056621212771915E-05
 -2.733676034726511E-06  1.046302290259546E-05  2.365389261267177E-05
 -2.695697231555182E-06  5.256009922352796E-06  1.320469376040427E-05
 -1.075673951431675E-06  1.580537948147522E-06  4.235821870067156E-06
  6.589016476973421E-05  7.842964346284398E-05  9.093170983407988E-05
  3.871005095525031E-05  4.626687362045046E-05  5.380149814281372E-05
  1.276506092389826E-05  1.528955213715648E-05  1.780668578407003E-05
  1.282392510665424E-04  1.400013531511562E-04  1.517003772259398E-04
  7.633045740365394E-05  8.341938094618669E-05  9.047053451352825E-05
  2.534056886959115E-05  2.770884597437744E-05  3.006454587446778E-05
  1.840493201175779E-04  1.949506299529228E-04  2.057690754337215E-04
  1.100047533577467E-04  1.165750871833428E-04  1.230956468931153E-04
  3.659689008729461E-05  3.879194868385444E-05  4.097040650539727E-05
  2.332569114086292E-04  2.432496426632950E-04  2.531455687943873E-04
  1.396938015325776E-04  1.457164263377673E-04  1.516808098220245E-04
  4.652080485525382E-05  4.853286396223518E-05  5.052548273319660E-05
  2.759899923696179E-04  2.850607519827535E-04  2.940264471081804E-04
  1.654740240392619E-04  1.709405957966017E-04  1.763438920542712E-04
  5.513773236798591E-05  5.696395962062922E-05  5.876905538933427E-05
  3.125555530417955E-04  3.207228422219142E-04  3.287820121010537E-04
  1.875297727165458E-04  1.924512078843221E-04  1.973074801953401E-04
  6.250915424363664E-05  6.415315807793686E-05  6.577539223277398E-05
  3.434163688114535E-04  3.507257566582576E-04  3.579282623925225E-04
  2.061394329887538E-04  2.105430262594886E-04  2.148821714991754E-04
  6.872798883360984E-05  7.019885982381177E-05  7.164819480710476E-05
  3.691517671006020E-04  3.756683587153383E-04  3.820822681848276E-04
  2.216520446328016E-04  2.255769709900810E-04  2.294399710994871E-04
  7.391082461719671E-05  7.522163967751941E-05  7.651175958470754E-05
  3.904030066518514E-04  3.962018323851520E-04  4.019035749037009E-04
  2.344546534643074E-04  2.379462079784021E-04  2.413792252969439E-04
  7.818705865703026E-05  7.935296211728246E-05  8.049930501527933E-05
  4.078102570111713E-04  4.129661038220139E-04  4.180303634362956E-04
  2.449344665087598E-04  2.480379400758968E-04  2.510862251454343E-04
  8.168627722774531E-05  8.272243571691509E-05  8.374015836934218E-05
  4.219524536346087E-04  4.265310759760500E-04  4.310223793632284E-04
  2.534425309365737E-04  2.561978831041137E-04  2.589006693811047E-04
  8.452611074578796E-05  8.544592864278780E-05  8.634819519614292E-05
  4.333018346792952E-04  4.373542649668056E-04  4.413218983263791E-04
  2.602660587153848E-04  2.627044305168171E-04  2.650918092338522E-04
  8.680294301849053E-05  8.761688788107232E-05  8.841381565241540E-05
  4.422016860267793E-04  4.457626066696308E-04  4.492396630605362E-04
  2.656146100769990E-04  2.677572719017824E-04  2.698495464700728E-04
  8.858722856495663E-05  8.930246784035033E-05  9.000089975180475E-05
  4.488700787344606E-04  4.519601898612792E-04  4.549664981061710E-04
  2.696219212545501E-04  2.714816342264848E-04  2.732910223968607E-04
  8.992403237386090E-05  9.054487723278184E-05  9.114893991145035E-05
  4.534261750753672E-04  4.560575210080589E-04  4.586052704811961E-04
  2.723614160958732E-04  2.739455973028261E-04  2.754795808850301E-04
  9.083815446703745E-05  9.136710966000155E-05  9.187932570614031E-05
  4.559308323157112E-04  4.581134090161259E-04  4.602137233535416E-04
  2.738704879494355E-04  2.751851768821161E-04  2.764504532102270E-04
  9.134220976898204E-05  9.178129599523938E-05  9.220390224200269E-05
  4.564308848624938E-04  4.581786987828725E-04  4.598473626372571E-04
  2.741771780141077E-04  2.752307018501867E-04  2.762366533484326E-04
  9.144553849211169E-05  9.179751908147992E-05  9.213362863424612E-05
  4.549969612087371E-04  4.563320733067687E-04  4.575930781786007E-04
  2.733231187110554E-04  2.741285655300459E-04  2.748894349168060E-04
  9.116189578519749E-05  9.143110887196407E-05  9.168544410289820E-05
  4.517476378515328E-04  4.527015041498259E-04  4.535879222311146E-04
  2.713783511120552E-04  2.719544236540802E-04  2.724898858637952E-04
  9.051444498428154E-05  9.070709634163456E-05  9.088618748322375E-05
  4.468573009010195E-04  4.474697024236376E-04  4.480223860011433E-04
  2.684463591174816E-04  2.688167715794520E-04  2.691511885332947E-04
  8.953748871835079E-05  8.966145720647387E-05  8.977339984291745E-05
  4.405500901217011E-04  4.408668434602228E-04  4.411322820932211E-04
  2.646606774328637E-04  2.648528015557355E-04  2.650139520747759E-04
  8.827537884952666E-05  8.833976846239823E-05  8.839380282736830E-05
  4.330863795855198E-04  4.331575331260345E-04  4.331865878672078E-04
  2.601769060006431E-04  2.602206880491948E-04  2.602390047096174E-04
  8.677987605766462E-05  8.679465484849605E-05  8.680091088550481E-05
  4.247501497391234E-04  4.246302755309876E-04  4.244792578087066E-04
  2.551651406045357E-04  2.550932610852836E-04  2.550024617088951E-04
  8.510762834490892E-05  8.508367914140038E-05  8.505338439982112E-05
  4.158445783903161E-04  4.155960167801824E-04  4.153306924074603E-04
  2.498072478158040E-04  2.496570490745119E-04  2.494965223852151E-04
  8.331924971445959E-05  8.326900947636279E-05  8.321528155790427E-05
  4.066993498591384E-04  4.063980325695757E-04  4.060998402805282E-04
  2.443011376067767E-04  2.441181065660608E-04  2.439366368531023E-04
  8.148072572159199E-05  8.141934460489517E-05  8.135843164387721E-05
  3.976876533891865E-04  3.974297888953817E-04  3.972022640761825E-04
  2.388708729460095E-04  2.387126579615352E-04  2.385722904201859E-04
  7.966676844753666E-05  7.961344968568364E-05  7.956602063792956E-05
  3.892453571459743E-04  3.891522345111675E-04  3.891247357563635E-04
  2.337781497089776E-04  2.337174681916913E-04  2.336957749425538E-04
  7.796463896176326E-05  7.794361227755682E-05  7.793551725998448E-05
  3.818811311170743E-04  3.820989046262611E-04  3.824245305491302E-04
  2.293284277139718E-04  2.294529791703572E-04  2.296418545796349E-04
  7.647620038341245E-05  7.651670002582256E-05  7.657857627573789E-05
  3.761654447354949E-04  3.768571253347544E-04  3.777022595356580E-04
  2.258644613148019E-04  2.262721748431005E-04  2.267716158517979E-04
  7.531578320631245E-05  7.545047252979584E-05  7.561568004663498E-05
  3.726886443902619E-04  3.740166093829219E-04  3.755407870502995E-04
  2.237413284876596E-04  2.245299230702070E-04  2.254360018602946E-04
  7.460189186934487E-05  7.486339248257561E-05  7.516401367241644E-05
  3.719834701209297E-04  3.740825389920933E-04  3.764092276672387E-04
  2.232801374315107E-04  2.245310132270933E-04  2.259183866084024E-04
  7.444180619891917E-05  7.485733600863905E-05  7.531835228442029E-05
  3.744151287254584E-04  3.773586096879797E-04  3.805400094493930E-04
  2.247022296182734E-04  2.264601185682786E-04  2.283609215741742E-04
  7.490967554335807E-05  7.549426941218158E-05  7.612652799176439E-05
  3.800521642641312E-04  3.838161412689905E-04  3.877980566923357E-04
  2.280517520934442E-04  2.303032702486451E-04  2.326860049491866E-04
  7.602071799279594E-05  7.677007526287876E-05  7.756324645501795E-05
  3.885428393774473E-04  3.929768257929129E-04  3.975723683771428E-04
  2.331213402311363E-04  2.357772972920329E-04  2.385309529895845E-04
  7.770642400002596E-05  7.859099801443545E-05  7.950826520494141E-05
  3.990314797499513E-04  4.038452319848445E-04  4.087272344999885E-04
  2.394015112459019E-04  2.422888438796187E-04  2.452181730700948E-04
  7.979761926959036E-05  8.075990281661590E-05  8.173635916220049E-05
  4.101517757695939E-04  4.149269595106186E-04  4.196469680324750E-04
  2.460759635120233E-04  2.489445238910360E-04  2.517812172051219E-04
  8.202278484081583E-05  8.297953791419776E-05  8.392587470593464E-05
  4.201237720352583E-04  4.243543249412966E-04  4.283902468026456E-04
  2.520789351172827E-04  2.546254881880324E-04  2.570565495572570E-04
  8.402703772923150E-05  8.487724990502089E-05  8.568917933575286E-05
  4.269569436247604E-04  4.301141700579566E-04  4.329404328911161E-04
  2.562162874423527E-04  2.581234051725266E-04  2.598331087569130E-04
  8.541236490497961E-05  8.605019286740966E-05  8.662241043329203E-05
  4.287298545947762E-04  4.303402867888594E-04  4.315068289711762E-04
  2.573328728628017E-04  2.583156058989910E-04  2.590328808114906E-04
  8.579334058154437E-05  8.612365759936713E-05  8.636563516235741E-05
  4.238899438068586E-04  4.236091849501784E-04  4.228119626311333E-04
  2.544924984429753E-04  2.543427808745505E-04  2.538836506008678E-04
  8.485712844646691E-05  8.481034217318465E-05  8.466049669642175E-05
  4.115065218189780E-04  4.091725797223336E-04  4.062998847941691E-04
  2.471303634601243E-04  2.457492391299456E-04  2.440448653035807E-04
  8.241439971153634E-05  8.195723174672610E-05  8.139231517834032E-05
  3.914197602073061E-04  3.870743114382646E-04  3.822190388733644E-04
  2.351435051749737E-04  2.325541882470337E-04  2.296585440919475E-04
  7.842965636306549E-05  7.756954600537590E-05  7.660725518172155E-05
  3.642533649622434E-04  3.581269621925429E-04  3.515629073936321E-04
  2.188996251578678E-04  2.152389332171732E-04  2.113148830296011E-04
  7.302437679895185E-05  7.180667688759408E-05  7.050106360361692E-05
  3.312903007816689E-04  3.237557365133506E-04  3.158841489098664E-04
  1.991636313436097E-04  1.946542464053322E-04  1.899416952473849E-04
  6.645271482494081E-05  6.495148604326906E-05  6.338237674535170E-05
  2.942420984242292E-04  2.857473884893157E-04  2.770268059683108E-04
  1.769599476670504E-04  1.718703231685366E-04  1.666441972778540E-04
  5.905572464532910E-05  5.736039094383961E-05  5.561939378607657E-05
  2.549667027317883E-04  2.459637534445189E-04  2.368398001477578E-04
  1.534033840802630E-04  1.480049086442793E-04  1.425329594956596E-04
  5.120501224141388E-05  4.940607630134102E-05  4.758250368532287E-05
  2.152005185386307E-04  2.060856873568721E-04  1.969363601670837E-04
  1.295379389280844E-04  1.240691033352395E-04  1.185788838052548E-04
  4.324893302206662E-05  4.142600388945621E-05  3.959583207942374E-05
  1.763617570983557E-04  1.674396017811778E-04  1.585455259464939E-04
  1.062179629437983E-04  1.008623717756316E-04  9.552314521378724E-05
  3.547283975002835E-05  3.368726380220776E-05  3.190706191741467E-05
  1.394558740323640E-04  1.309291847233061E-04  1.224697596988993E-04
  8.405045778426065E-05  7.893062319725651E-05  7.385083793900903E-05
  2.807968795002277E-05  2.637244248217086E-05  2.467849504544951E-05
  1.050803443329311E-04  9.706158747899382E-05  8.913054142359461E-05
  6.339715530575860E-05  5.858121224432497E-05  5.381770611647774E-05
  2.119059747425096E-05  1.958450373271507E-05  1.799585728109239E-05
  7.349932355056569E-05  6.603401695145991E-05  5.866435402933922E-05
  4.441888534655802E-05  3.993456187107113E-05  3.550749879783617E-05
  1.485956950607429E-05  1.336394016102633E-05  1.188737664008239E-05
  4.474803254631145E-05  3.784030292015172E-05  3.102933805091535E-05
  2.713814905798694E-05  2.298812697760182E-05  1.889605955015781E-05
  9.094334092218429E-06  7.710097667369129E-06  6.345162128969887E-06
  1.873192464368492E-05  1.236538786426047E-05  6.093947231296865E-06
  1.149882494389973E-05  7.673339195781984E-06  3.904806376620791E-06
  3.876286073166121E-06  2.600198559156694E-06  1.343077928854855E-06
 -4.700018600233500E-06 -1.054897544355797E-05 -1.630518166387442E-05
 -2.589536294164112E-06 -6.104648241093966E-06 -9.564218833072004E-06
 -8.246971440455850E-07 -1.997355779938493E-06 -3.151518806054133E-06
 -2.571333661172307E-05 -3.106952561818081E-05 -3.633539273873130E-05
 -1.522624054302339E-05 -1.844585678309986E-05 -2.161138423201275E-05
 -5.041714911616841E-06 -6.115902678352675E-06 -7.172078304096972E-06
 -4.447221912871074E-05 -4.936069694761423E-05 -5.416164704499233E-05
 -2.650971798305414E-05 -2.944882223936664E-05 -3.233549492842699E-05
 -8.807564006548036E-06 -9.788267317015654E-06 -1.075150774639455E-05
 -6.113964701665064E-05 -6.558719702772701E-05 -6.995092164162559E-05
 -3.653750993796260E-05 -3.921207072038727E-05 -4.183638787807976E-05
 -1.215471770506862E-05 -1.304724267223778E-05 -1.392302855002246E-05
 -7.588346622970872E-05 -7.992032637169084E-05 -8.387834001742712E-05
 -4.540991333560257E-05 -4.783793119503351E-05 -5.021864972664000E-05
 -1.511654039454397E-05 -1.592686362632743E-05 -1.672142205759861E-05
 -8.888103576237854E-05 -9.254153316434531E-05 -9.612942485051196E-05
 -5.323283529429736E-05 -5.543474618368573E-05 -5.759305617033801E-05
 -1.772824992693636E-05 -1.846315671536216E-05 -1.918352384059251E-05
 -1.003186989898095E-04 -1.036403410149910E-04 -1.068964761449046E-04
 -6.011757154722192E-05 -6.211572749960357E-05 -6.407449943734880E-05
 -2.002685964293372E-05 -2.069377519333677E-05 -2.134754961805778E-05
 -1.103856191896984E-04 -1.134069011493611E-04 -1.163699773070826E-04
 -6.617720139306679E-05 -6.799457768564578E-05 -6.977691705193309E-05
 -2.204999232663610E-05 -2.265655458358193E-05 -2.325141910326158E-05
 -1.192638670966886E-04 -1.220214907367250E-04 -1.247277104940820E-04
 -7.152070868530276E-05 -7.317924936581809E-05 -7.480681244972726E-05
 -2.383393204523444E-05 -2.438744263757464E-05 -2.493060490590801E-05
 -1.271178164460337E-04 -1.296441458882372E-04 -1.321248285871876E-04
 -7.624665011513934E-05 -7.776574611386016E-05 -7.925730919584131E-05
 -2.541151887595366E-05 -2.591843661653794E-05 -2.641615259613274E-05
 -1.340859144880875E-04 -1.364073584500536E-04 -1.386876151158608E-04
 -8.043820999229295E-05 -8.183372402475641E-05 -8.320438192231512E-05
 -2.681049939048191E-05 -2.727611454210507E-05 -2.773342032167482E-05
 -1.402769708737477E-04 -1.424136513992943E-04 -1.445123842271892E-04
 -8.416093618348560E-05 -8.544499349832037E-05 -8.670614763468274E-05
 -2.805276585628028E-05 -2.848112866082739E-05 -2.890183456670055E-05
 -1.457716415139368E-04 -1.477383073587186E-04 -1.496693918971395E-04
 -8.746357752077386E-05 -8.864510113591358E-05 -8.980515581777897E-05
 -2.915462663002755E-05 -2.954872360419408E-05 -2.993564413396025E-05
 -1.506282644696113E-04 -1.524360598520712E-04 -1.542102502586469E-04
 -9.038153194294718E-05 -9.146729212475894E-05 -9.253278635004030E-05
 -3.012794666410878E-05 -3.049004846773761E-05 -3.084537766948338E-05
 -1.548910972801600E-04 -1.565496054004707E-04 -1.581765604985852E-04
 -9.294174615700114E-05 -9.393757776646876E-05 -9.491439279831287E-05
 -3.098177358550909E-05 -3.131383933681872E-05 -3.163955198229674E-05
 -1.585986063831482E-04 -1.601175939206679E-04 -1.616074781384762E-04
 -9.516766200140644E-05 -9.607950581651808E-05 -9.697382100378151E-05
 -3.172398188784417E-05 -3.202800536268242E-05 -3.232617475004882E-05
 -1.617898061133871E-04 -1.631802710282064E-04 -1.645445938072025E-04
 -9.708300674464617E-05 -9.791753534737061E-05 -9.873632935157420E-05
 -3.236253411907898E-05 -3.264075189913958E-05 -3.291371650972223E-05
 -1.645075200408770E-04 -1.657819078348094E-04 -1.670335360164074E-04
 -9.871374615380473E-05 -9.947849225039999E-05 -1.002295491729529E-04
 -3.290613121893271E-05 -3.316106521010713E-05 -3.341143051739997E-05
 -1.667984766919225E-04 -1.679701808876613E-04 -1.691226936864261E-04
 -1.000881423369442E-04 -1.007911980361687E-04 -1.014827194227855E-04
 -3.336423181065474E-05 -3.359858881944992E-05 -3.382909777936232E-05
 -1.687109987720093E-04 -1.697934240292628E-04 -1.708601140434927E-04
 -1.012353685241718E-04 -1.018848223237606E-04 -1.025248269711306E-04
 -3.374659062030336E-05 -3.396307452279581E-05 -3.417640736379555E-05
 -1.702914823906367E-04 -1.712969945752021E-04 -1.722898350954278E-04
 -1.021833979310884E-04 -1.027867042290388E-04 -1.033824082521940E-04
 -3.406255494984992E-05 -3.426365643101674E-05 -3.446222394850849E-05
 -1.715808626848421E-04 -1.725198972146338E-04 -1.734487235943186E-04
 -1.029568854593424E-04 -1.035203297720672E-04 -1.040776559458229E-04
 -3.432035894402273E-05 -3.450817726712477E-05 -3.469395735327948E-05
 -1.726119497148556E-04 -1.734924430754883E-04 -1.743644830389242E-04
 -1.035755736731802E-04 -1.041039326788061E-04 -1.046272300579532E-04
 -3.452659298415886E-05 -3.470272286058793E-05 -3.487716728476874E-05
 -1.734080823994390E-04 -1.742352798151994E-04 -1.750550597890498E-04
 -1.040534918855627E-04 -1.045499198977801E-04 -1.050419096771182E-04
 -3.468593785011005E-05 -3.485143191341382E-05 -3.501544862437853E-05
 -1.739831520613568E-04 -1.747597590026369E-04 -1.755293374734815E-04
 -1.043989782708210E-04 -1.048651002800341E-04 -1.053270179738471E-04
 -3.480117344665001E-05 -3.495657362961211E-05 -3.511057451741526E-05
 -1.743427786920554E-04 -1.750693756662101E-04 -1.757888154939856E-04
 -1.046153931924178E-04 -1.050515556193118E-04 -1.054834362180426E-04
 -3.487341787168122E-05 -3.501883931228008E-05 -3.516283556359931E-05
 -1.744862925827437E-04 -1.751619156149760E-04 -1.758298964784317E-04
 -1.047023138805814E-04 -1.051079341458653E-04 -1.055089806901174E-04
 -3.490252662175202E-05 -3.503777440714488E-05 -3.517149955448000E-05
 -1.744091449072107E-04 -1.750319360414360E-04 -1.756464132826299E-04
 -1.046569840415405E-04 -1.050309415077290E-04 -1.053999208825366E-04
 -3.488757636006394E-05 -3.501227595205639E-05 -3.513531789032459E-05
 -1.741053972184103E-04 -1.746732400573600E-04 -1.752320682004559E-04
 -1.044758088322603E-04 -1.048168263473342E-04 -1.051524435370164E-04
 -3.482736346479226E-05 -3.494108791926393E-05 -3.505301368216138E-05
 -1.735699908598438E-04 -1.740810609114677E-04 -1.745825157628643E-04
 -1.041557169318458E-04 -1.044626911687480E-04 -1.047639026609746E-04
 -3.472085812316216E-05 -3.482323822414868E-05 -3.492369847455158E-05
 -1.728005624047229E-04 -1.732537404096408E-04 -1.736968931671982E-04
 -1.036952505774500E-04 -1.039675003559963E-04 -1.042337390031445E-04
 -3.456756779764128E-05 -3.465837488296060E-05 -3.474717892982104E-05
 -1.717986510407534E-04 -1.721937701172596E-04 -1.725786906999047E-04
 -1.030952918522470E-04 -1.033327070612651E-04 -1.035640047914304E-04
 -3.436777962002281E-05 -3.444697532494700E-05 -3.452413214298852E-05
 -1.705702377528738E-04 -1.709081609456484E-04 -1.712359539584739E-04
 -1.023593891616163E-04 -1.025624781591844E-04 -1.027594884663133E-04
 -3.412266970126228E-05 -3.419042190157042E-05 -3.425614777790904E-05
 -1.691256552130199E-04 -1.694082052190044E-04 -1.696809063882051E-04
 -1.014937066449441E-04 -1.016635549946033E-04 -1.018274916785315E-04
 -3.383428684254738E-05 -3.389095604906887E-05 -3.394565430909726E-05
 -1.674789947986467E-04 -1.677087773469346E-04 -1.679291559148507E-04
 -1.005066714733189E-04 -1.006448366638653E-04 -1.007773558799627E-04
 -3.350543548104756E-05 -3.355153986181324E-05 -3.359576165504784E-05
 -1.656471952975097E-04 -1.658273677494881E-04 -1.659986875605116E-04
 -9.940842894778850E-05 -9.951680186212026E-05 -9.961985897047612E-05
 -3.313949437161734E-05 -3.317566362733374E-05 -3.321006024462852E-05
 -1.636490151675174E-04 -1.637830507276202E-04 -1.639088386919995E-04
 -9.821022608827361E-05 -9.829088940353423E-05 -9.836659981276600E-05
 -3.274021115982575E-05 -3.276713930418201E-05 -3.279241575456131E-05
 -1.615040661907607E-04 -1.615955530805108E-04 -1.616794105391652E-04
 -9.692383048243337E-05 -9.697893768949192E-05 -9.702946311582092E-05
 -3.231150844571989E-05 -3.232991339876999E-05 -3.234679040341839E-05
 -1.592320313389256E-04 -1.592845292402625E-04 -1.593300037970831E-04
 -9.556105857882192E-05 -9.559274717076626E-05 -9.562021803449570E-05
 -3.185732614686876E-05 -3.186792068544678E-05 -3.187710869305927E-05
 -1.568521209439660E-04 -1.568690788986482E-04 -1.568795965452118E-04
 -9.413344659961840E-05 -9.414378813422705E-05 -9.415026218027049E-05
 -3.138151133825854E-05 -3.138498633717467E-05 -3.138717162150666E-05
 -1.543827572924721E-04 -1.543674825461343E-04 -1.543463265728491E-04
 -9.265205883829705E-05 -9.264303972559066E-05 -9.263048890693242E-05
 -3.088775394043211E-05 -3.088477188130337E-05 -3.088061209116513E-05
 -1.518414328109444E-04 -1.517970916877148E-04 -1.517474083027560E-04
 -9.112740091516165E-05 -9.110092266398726E-05 -9.107123630085559E-05
 -3.037955752620135E-05 -3.037075253258822E-05 -3.036087770883582E-05
 -1.492446678549322E-04 -1.491742983631436E-04 -1.490991092767446E-04
 -8.956939375174074E-05 -8.952728049280250E-05 -8.948227283810349E-05
 -2.986023052634695E-05 -2.984621086409679E-05 -2.983122596336999E-05
 -1.466079994126509E-04 -1.465145196400505E-04 -1.464167273969441E-04
 -8.798736690650836E-05 -8.793137055738464E-05 -8.787278415526652E-05
 -2.933288402539250E-05 -2.931423384528087E-05 -2.929471988577241E-05
 -1.439459541755999E-04 -1.438321580616791E-04 -1.437145378356041E-04
 -8.639004300842280E-05 -8.632184093299006E-05 -8.625134189588515E-05
 -2.880042667052767E-05 -2.877770526068840E-05 -2.875421778123760E-05
 -1.412719879049272E-04 -1.411405277704167E-04 -1.410057068120704E-04
 -8.478550206600780E-05 -8.470668676369975E-05 -8.462585259633306E-05
 -2.826555288971682E-05 -2.823929126749458E-05 -2.821235629501281E-05
 -1.385983980826126E-04 -1.384517590134515E-04 -1.383021898806116E-04
 -8.318112954812067E-05 -8.309319337357316E-05 -8.300349697456941E-05
 -2.773072566786035E-05 -2.770142150150834E-05 -2.767153022904852E-05
 -1.359362321843745E-04 -1.357767058245751E-04 -1.356146410786879E-04
 -8.158356149683920E-05 -8.148788092898727E-05 -8.139067537839593E-05
 -2.719815827695551E-05 -2.716627064114722E-05 -2.713387435223902E-05
 -1.332952177574459E-04 -1.331248823544634E-04 -1.329523569844620E-04
 -7.999864239926321E-05 -7.989646598922767E-05 -7.979297390914543E-05
 -2.666980020504752E-05 -2.663574555042670E-05 -2.660125205711888E-05
 -1.306837349125074E-04 -1.305044456435636E-04 -1.303232703214638E-04
 -7.843140830913660E-05 -7.832385076595155E-05 -7.821516016114910E-05
 -2.614733146811520E-05 -2.611148163155009E-05 -2.607525386915759E-05
 -1.281088410309463E-04 -1.279222311921555E-04 -1.277339960684585E-04
 -7.688610126030893E-05 -7.677414406472943E-05 -7.666121050673916E-05
 -2.563216734591983E-05 -2.559484973842423E-05 -2.555720647794391E-05
 -1.255763457398950E-04 -1.253838366046529E-04 -1.251899229004433E-04
 -7.536621393542981E-05 -7.525071119194442E-05 -7.513436472202576E-05
 -2.512547321866395E-05 -2.508697276545729E-05 -2.504819090573251E-05
 -1.230909245232457E-04 -1.228937403095026E-04 -1.226953360109090E-04
 -7.387455767504875E-05 -7.375624507251833E-05 -7.363719960858091E-05
 -2.462818720974162E-05 -2.458874933375191E-05 -2.454906703540430E-05
 -1.206562530471253E-04 -1.204554375344092E-04 -1.202535539358007E-04
 -7.241334306813184E-05 -7.229284786417994E-05 -7.217171114696575E-05
 -2.414104704846124E-05 -2.410088100076600E-05 -2.406050100492700E-05
 -1.182751415194970E-04 -1.180715739560299E-04 -1.178670610666665E-04
 -7.098426066245975E-05 -7.086211125869066E-05 -7.073939412822055E-05
 -2.366461698912599E-05 -2.362389904584559E-05 -2.358299177172072E-05
 -1.159496488234105E-04 -1.157440581658438E-04 -1.155376183887150E-04
 -6.958854957130205E-05 -6.946518408846260E-05 -6.934130872082032E-05
 -2.319931070069751E-05 -2.315818702663430E-05 -2.311689332204638E-05
 -1.136811593849139E-04 -1.134741370167650E-04 -1.132663374851652E-04
 -6.822704370183483E-05 -6.810281763228172E-05 -6.797812495986764E-05
 -2.274540669478275E-05 -2.270399589784339E-05 -2.266242951573950E-05
 -1.114704111838123E-04 -1.112624227767111E-04 -1.110537070859849E-04
 -6.690018862541704E-05 -6.677538195877727E-05 -6.665013871565593E-05
 -2.230305395974010E-05 -2.226144946766018E-05 -2.221969941562690E-05
 -1.093174728271853E-04 -1.091088700113050E-04 -1.088995699342868E-04
 -6.560802784181643E-05 -6.548285206775291E-05 -6.535725781807150E-05
 -2.187226738524852E-05 -2.183053977993782E-05 -2.178867266286583E-05
 -1.072217031055865E-04 -1.070127345770956E-04 -1.068030811990688E-04
 -6.435017852384071E-05 -6.422478329619245E-05 -6.409897711428921E-05
 -2.145291967833263E-05 -2.141111891719239E-05 -2.136918116382495E-05
