  7.521579784072915E+00  7.511054667653142E+00  7.500519467651962E+00

 -1.072217031055865E-04 -1.070127345770956E-04 -1.068030811990688E-04
 -6.435017852384071E-05 -6.422478329619245E-05 -6.409897711428921E-05
 -2.145291967833263E-05 -2.141111891719239E-05 -2.136918116382495E-05
  2.145291967833263E-05  2.141111891719239E-05  2.136918116382495E-05
  6.435017852384071E-05  6.422478329619245E-05  6.409897711428921E-05
  1.072217031055865E-04  1.070127345770956E-04  1.068030811990688E-04
  1.500503613990850E-04  1.497578548401849E-04  1.494643896459326E-04
  1.928190575249568E-04  1.924430623019540E-04  1.920658348072623E-04
  2.355107461734066E-04  2.350513257351608E-04  2.345903995745457E-04
  2.781084469426530E-04  2.775656788019814E-04  2.770211317051028E-04
  3.205952585948629E-04  3.199692343039062E-04  3.193411580648363E-04
  3.629543731604173E-04  3.622451982791150E-04  3.615336987176755E-04
  4.051690899250823E-04  4.043768839816935E-04  4.035820808958799E-04
  4.472228292706420E-04  4.463477257131272E-04  4.454697528215664E-04
  4.890991463351014E-04  4.881412924722093E-04  4.871802973456063E-04
  5.307817444763923E-04  5.297413014070118E-04  5.286974453872119E-04
  5.722544885224730E-04  5.711316310518898E-04  5.700050891572934E-04
  6.135014177880881E-04  6.122963343298506E-04  6.110872951459921E-04
  6.545067588304610E-04  6.532196512924369E-04  6.519283168463649E-04
  6.952549379224064E-04  6.938860215756461E-04  6.925126071928269E-04
  7.357305932500692E-04  7.342800965791170E-04  7.328248307216105E-04
  7.759185867957764E-04  7.743867513292177E-04  7.728498754139765E-04
  8.158040158409331E-04  8.141910959608994E-04  8.125728641570233E-04
  8.553722241803404E-04  8.536784869096085E-04  8.519791659132271E-04
  8.946088129589305E-04  8.928345377243653E-04  8.910544065099976E-04
  9.334996510855583E-04  9.316451294568562E-04  9.297844790042187E-04
  9.720308852576987E-04  9.700964206604966E-04  9.681555536558105E-04
  1.010188949623929E-03  1.008174857026641E-03  1.006154087537809E-03
  1.047960574983989E-03  1.045867180557807E-03  1.043766833683042E-03
  1.085332797483190E-03  1.083160438234007E-03  1.080980849722888E-03
  1.122292966915021E-03  1.120041990285093E-03  1.117783506130081E-03
  1.158828754565761E-03  1.156499518003336E-03  1.154162493999873E-03
  1.194928160520054E-03  1.192521031017561E-03  1.190105832292793E-03
  1.230579520532624E-03  1.228094874137538E-03  1.225601874651326E-03
  1.265771512365570E-03  1.263209733668856E-03  1.260639315692497E-03
  1.300493161515304E-03  1.297854643116050E-03  1.295207196689382E-03
  1.334733846457757E-03  1.332018988391384E-03  1.329294910748231E-03
  1.368483303479572E-03  1.365692512591572E-03  1.362892207535596E-03
  1.401731631070034E-03  1.398865320332166E-03  1.395989197555147E-03
  1.434469293849392E-03  1.431527881652500E-03  1.428576356021105E-03
  1.466687125807039E-03  1.463671035297069E-03  1.460644526171142E-03
  1.498376332498695E-03  1.495285991002361E-03  1.492184921641955E-03
  1.529528492258398E-03  1.526364330746039E-03  1.523189127780316E-03
  1.560135557084128E-03  1.556898009487890E-03  1.553649102286995E-03
  1.590189854315848E-03  1.586879356493192E-03  1.583557176222911E-03
  1.619684089701844E-03  1.616301078036798E-03  1.612906056326767E-03
  1.648611350652413E-03  1.645156260694802E-03  1.641688828232336E-03
  1.676965106715201E-03  1.673438372590987E-03  1.669898958334728E-03
  1.704739203920638E-03  1.701141259075111E-03  1.697530290744169E-03
  1.731927852504297E-03  1.728259131428217E-03  1.724577037153377E-03
  1.758525613822617E-03  1.754786553101088E-03  1.751033762830266E-03
  1.784527397436612E-03  1.780718433733895E-03  1.776895378041401E-03
  1.809928478238203E-03  1.806050041800227E-03  1.802157146314180E-03
  1.834724532619712E-03  1.830777037854608E-03  1.826814714140676E-03
  1.858911674504850E-03  1.854895512992745E-03  1.850864150538914E-03
  1.882486456842183E-03  1.878402000243598E-03  1.874301966869742E-03
  1.905445805118002E-03  1.901293423506423E-03  1.897125080509940E-03
  1.927786872887090E-03  1.923566967588075E-03  1.919330700275387E-03
  1.949506849104903E-03  1.945219890709434E-03  1.940916146595144E-03
  1.970602783678425E-03  1.966249340131548E-03  1.961878660391541E-03
  1.991071507418721E-03  1.986652248066723E-03  1.982215277270356E-03
  2.010909694733360E-03  2.006425364705266E-03  2.001922831019651E-03
  2.030114060905763E-03  2.025565432576011E-03  2.020998102719175E-03
  2.048681627888350E-03  2.044069446120038E-03  2.039438070302706E-03
  2.066609964116873E-03  2.061934904199541E-03  2.057240170303322E-03
  2.083897319822734E-03  2.079159970398519E-03  2.074402481596876E-03
  2.100542630005112E-03  2.095743501623062E-03  2.090923780500399E-03
  2.116545414840915E-03  2.111684964411236E-03  2.106803475501783E-03
  2.131905642195145E-03  2.126984299543927E-03  2.122041476663616E-03
  2.146623615036331E-03  2.141641800938986E-03  2.136638067574173E-03
  2.160699916387774E-03  2.155658048775388E-03  2.150593826671922E-03
  2.174135407162687E-03  2.169033898927406E-03  2.163909607224909E-03
  2.186931249012350E-03  2.181770503670191E-03  2.176586554656901E-03
  2.199088923462169E-03  2.193869333553702E-03  2.188626130452450E-03
  2.210610232779074E-03  2.205332182427926E-03  2.200030121344777E-03
  2.221497284841697E-03  2.216161154998803E-03  2.210800629989082E-03
  2.231752473179341E-03  2.226358647202386E-03  2.220940056104038E-03
  2.241378461950527E-03  2.235927330051480E-03  2.230451079356357E-03
  2.250378179159278E-03  2.244870141671073E-03  2.239336650123953E-03
  2.258754815232201E-03  2.253190285504135E-03  2.247599987140738E-03
  2.266511822564880E-03  2.260891230279680E-03  2.255244577755473E-03
  2.273652913663026E-03  2.267976708850847E-03  2.262274177446357E-03
  2.280182057736000E-03  2.274450715290695E-03  2.268692807464477E-03
  2.286103477300263E-03  2.280317501669643E-03  2.274504751825984E-03
  2.291421646117541E-03  2.285581575979763E-03  2.279714555221250E-03
  2.296141288595993E-03  2.290247701524826E-03  2.284327022357658E-03
  2.300267380145314E-03  2.294320897348500E-03  2.288347218416507E-03
  2.303805147969791E-03  2.297806439145344E-03  2.291780470047795E-03
  2.306760072135165E-03  2.300709860411273E-03  2.294632366581075E-03
  2.309137886883576E-03  2.303036953761264E-03  2.296908761324278E-03
  2.310944582311431E-03  2.304793772529715E-03  2.298615773059056E-03
  2.312186406404771E-03  2.305986632668296E-03  2.299759787766970E-03
  2.312869867322854E-03  2.306622114843254E-03  2.300347460503337E-03
  2.313001735762359E-03  2.306707066559050E-03  2.300385717243374E-03
  2.312589047184694E-03  2.306248604078337E-03  2.299881756459241E-03
  2.311639103823247E-03  2.305254114046697E-03  2.298843050327445E-03
  2.310159476357483E-03  2.303731254707590E-03  2.297277345450424E-03
  2.308158005099770E-03  2.301687956555798E-03  2.295192662943467E-03
  2.305642800559023E-03  2.299132422296160E-03  2.292597297757801E-03
  2.302622243101063E-03  2.296073125830117E-03  2.289499816966062E-03
  2.299104981692737E-03  2.292518810260327E-03  2.285909057004560E-03
  2.295099931524791E-03  2.288478484713981E-03  2.281834119679387E-03
  2.290616270260549E-03  2.283961419740074E-03  2.277284366700547E-03
  2.285663432937237E-03  2.278977141317624E-03  2.272269412791917E-03
  2.280251105244171E-03  2.273535423210724E-03  2.266799117125406E-03
  2.274389215184943E-03  2.267646277691207E-03  2.260883573114235E-03
  2.268087923010247E-03  2.261319944530237E-03  2.254533096481699E-03
  2.261357609294986E-03  2.254566878148204E-03  2.247758211510730E-03
  2.254208861206336E-03  2.247397732986511E-03  2.240569635554635E-03
  2.246652456980591E-03  2.239823347136550E-03  2.232978261861495E-03
  2.238699348623272E-03  2.231854724257891E-03  2.224995140761306E-03
  2.230360642890789E-03  2.223503013860674E-03  2.216631459306814E-03
  2.221647580698609E-03  2.214779490112884E-03  2.207898519543389E-03
  2.212571515170916E-03  2.205695529401702E-03  2.198807715650197E-03
  2.203143888403947E-03  2.196262586733402E-03  2.189370510047900E-03
  2.193376207227046E-03  2.186492171265761E-03  2.179598408775230E-03
  2.183280018233064E-03  2.176395821251444E-03  2.169502936418135E-03
  2.172866882271429E-03  2.165985078589232E-03  2.159095610790138E-03
  2.162148348795740E-03  2.155271463375135E-03  2.148387917754449E-03
  2.151135930265705E-03  2.144266448649991E-03  2.137391286379569E-03
  2.139841076944933E-03  2.132981435678296E-03  2.126117064754873E-03
  2.128275152422823E-03  2.121427730076360E-03  2.114576496772811E-03
  2.116449410064142E-03  2.109616518980183E-03  2.102780700053811E-03
  2.104374970704533E-03  2.097558849555459E-03  2.090740645299741E-03
  2.092062801829889E-03  2.085265609069857E-03  2.078467137277696E-03
  2.079523698391168E-03  2.072747506659463E-03  2.065970797546247E-03
  2.066768265511124E-03  2.060015057025431E-03  2.053262049139830E-03
  2.053806903139352E-03  2.047078566096329E-03  2.040351103226419E-03
  2.040649792770191E-03  2.033948118750364E-03  2.027247947812934E-03
  2.027306886291713E-03  2.020633568646506E-03  2.013962338529228E-03
  2.013787896911932E-03  2.007144530092536E-03  2.000503791401771E-03
  2.000102292197566E-03  1.993490371969386E-03  1.986881577621795E-03
  1.986259289123168E-03  1.979680213596262E-03  1.973104720180409E-03
  1.972267851011320E-03  1.965722922406143E-03  1.959181992230711E-03
  1.958136686293303E-03  1.951627113353313E-03  1.945121917092101E-03
  1.943874248880977E-03  1.937401149838466E-03  1.930932769678602E-03
  1.929488739962359E-03  1.923053145961305E-03  1.916622579159722E-03
  1.914988111109112E-03  1.908590969989187E-03  1.902199132743918E-03
  1.900380068453553E-03  1.894022248802030E-03  1.887669980348237E-03
  1.885672077811126E-03  1.879354373194079E-03  1.873042440040181E-03
  1.870871370494648E-03  1.864594503785390E-03  1.858323604011754E-03
  1.855984949690628E-03  1.849749577420927E-03  1.843520344971488E-03
  1.841019597203691E-03  1.834826313872019E-03  1.828639322778041E-03
  1.825981880444323E-03  1.819831222724641E-03  1.813686991209068E-03
  1.810878159552889E-03  1.804770610357003E-03  1.798669604777195E-03
  1.795714594490468E-03  1.789650586846437E-03  1.783593225442294E-03
  1.780497152035049E-03  1.774477072753124E-03  1.768463729176204E-03
  1.765231612601765E-03  1.759255805707806E-03  1.753286812315085E-03
  1.749923576799900E-03  1.743992346723927E-03  1.738067997627019E-03
  1.734578471731476E-03  1.728692086245947E-03  1.722812640113129E-03
  1.719201556998278E-03  1.713360249906699E-03  1.707525932520473E-03
  1.703797930276676E-03  1.698001903857969E-03  1.692212910435335E-03
  1.688372532652793E-03  1.682621959870959E-03  1.676878457157217E-03
  1.672930153583602E-03  1.667225180075337E-03  1.661527308224845E-03
  1.657475435504122E-03  1.651816181359222E-03  1.646164055618470E-03
  1.642012878182607E-03  1.636399439533608E-03  1.630793151743216E-03
  1.626546842753927E-03  1.620979293192137E-03  1.615418913124765E-03
  1.611081555490757E-03  1.605559947325972E-03  1.600045523877207E-03
  1.595621111354317E-03  1.590145476735457E-03  1.584677038984393E-03
  1.580169477336099E-03  1.574739829249279E-03  1.569317387404667E-03
  1.564730495577333E-03  1.559346828736870E-03  1.553970374983748E-03
  1.549307886377272E-03  1.543970178024151E-03  1.538639687284702E-03
  1.533905251049509E-03  1.528613461670408E-03  1.523328892291420E-03
  1.518526074689663E-03  1.513280148668268E-03  1.508041443046231E-03
  1.503173728847035E-03  1.497973595058237E-03  1.492780680211952E-03
  1.487851474118397E-03  1.482697046474757E-03  1.477549834574188E-03
  1.472562462697704E-03  1.467453640656063E-03  1.462352029514721E-03
  1.457309740825320E-03  1.452246409860369E-03  1.447190283397502E-03
  1.442096251212330E-03  1.437078283262631E-03  1.432067511940193E-03
  1.426924835474629E-03  1.421952089365427E-03  1.416986530603764E-03
  1.411798236628642E-03  1.406870558475073E-03  1.401950057050550E-03
  1.396719101675133E-03  1.391836325269046E-03  1.386960713696537E-03
  1.381689984201572E-03  1.376851931385196E-03  1.372021030288356E-03
  1.366713346847061E-03  1.361919827876209E-03  1.357133446348014E-03
  1.351791563455426E-03  1.347042377354043E-03  1.342300313309257E-03
  1.336926920977234E-03  1.332221855883434E-03  1.327523896402979E-03
  1.322121621551498E-03  1.317460455053367E-03  1.312806376718763E-03
  1.307377785239800E-03  1.302760284699135E-03  1.298149853915089E-03
  1.292697453811809E-03  1.288123376675980E-03  1.283556349981217E-03
  1.278082595187837E-03  1.273551689293291E-03  1.269027813663084E-03
  1.263535107295867E-03  1.259047111169861E-03  1.254566124316823E-03
  1.249056819697608E-03  1.244611462863742E-03  1.240173093542441E-03
  1.234649491935347E-03  1.230246495222144E-03  1.225850463536802E-03
  1.220314809968536E-03  1.215953885811226E-03  1.211599903516673E-03
  1.206054384790725E-03  1.201735237509660E-03  1.197423008288935E-03
  1.191869758416488E-03  1.187592084458228E-03  1.183321304162827E-03
  1.177762420435758E-03  1.173525908577511E-03  1.169296265430882E-03
  1.163733831923597E-03  1.159538163462887E-03  1.155349338249041E-03
  1.149785445257903E-03  1.145630294224617E-03  1.141481960499044E-03
  1.135918703729953E-03  1.131803737154019E-03  1.127695561510308E-03
  1.122135008569738E-03  1.118059886809377E-03  1.113991529206529E-03
  1.108435656160765E-03  1.104400033253135E-03  1.100371147365523E-03
  1.094821770917137E-03  1.090825294879066E-03  1.086835528396628E-03
  1.081294277937572E-03  1.077336590943087E-03  1.073385585748229E-03
  1.067853961682917E-03  1.063934700087423E-03  1.060022092278347E-03
  1.054501629757796E-03  1.050620424010531E-03  1.046745843812493E-03
  1.041238350648221E-03  1.037394825197219E-03  1.033557896865993E-03
  1.028065662342455E-03  1.024259435643029E-03  1.020459777472108E-03
  1.014985615899247E-03  1.011216300582987E-03  1.007453525072001E-03
  1.002000467339182E-03  9.982676704930163E-04  9.945413846273031E-04
  9.891120225718599E-04  9.854153460661090E-04  9.817251516450552E-04
  9.763205840131443E-04  9.726596248005607E-04  9.690051187348314E-04
  9.636246696439653E-04  9.599990204120175E-04  9.563797953636777E-04
 -1.093174728271853E-04 -1.091088700113050E-04 -1.088995699342868E-04
 -6.560802784181643E-05 -6.548285206775291E-05 -6.535725781807150E-05
 -2.187226738524852E-05 -2.183053977993782E-05 -2.178867266286583E-05
  2.187226738524852E-05  2.183053977993782E-05  2.178867266286583E-05
  6.560802784181643E-05  6.548285206775291E-05  6.535725781807150E-05
  1.093174728271853E-04  1.091088700113050E-04  1.088995699342868E-04
  1.529830835362942E-04  1.526910888945245E-04  1.523981185010902E-04
  1.965873783614082E-04  1.962120412049798E-04  1.958354502145870E-04
  2.401129277301058E-04  2.396543114737958E-04  2.391941638177827E-04
  2.835423688643310E-04  2.830005510358963E-04  2.824569248604946E-04
  3.268584204542537E-04  3.262334927040057E-04  3.256064803720111E-04
  3.700438971931955E-04  3.693359653024122E-04  3.686256733923092E-04
  4.130817241906089E-04  4.122909080772099E-04  4.114974573782630E-04
  4.559549512368409E-04  4.550813849565354E-04  4.542049104581948E-04
  4.986467668905351E-04  4.976905986316522E-04  4.967312495056099E-04
  5.411405123687009E-04  5.401019044388233E-04  5.390598440119220E-04
  5.834196952243698E-04  5.822988240268406E-04  5.811742297430337E-04
  6.254680027881609E-04  6.242650587865252E-04  6.230581221560923E-04
  6.672693153482401E-04  6.659845030166841E-04  6.646954295508598E-04
  7.088077190491513E-04  7.074412568068757E-04  7.060702659360090E-04
  7.500675185060909E-04  7.486196386336606E-04  7.471669636070816E-04
  7.910332490984660E-04  7.895041976342871E-04  7.879700854001824E-04
  8.316896888946545E-04  8.300797255097407E-04  8.284644365733673E-04
  8.720218702649546E-04  8.703312681141512E-04  8.686350763726750E-04
  9.120150911109943E-04  9.102441366589511E-04  9.084673292112925E-04
  9.516549256772716E-04  9.498039184979056E-04  9.479467954283650E-04
  9.909272349629989E-04  9.889964875115756E-04  9.870593616463708E-04
  1.029818176742470E-03  1.027808014099673E-03  1.025791210735806E-03
  1.068314215115282E-03  1.066224974702045E-03  1.064128831307553E-03
  1.106402129564360E-03  1.104234160824997E-03  1.102059026708371E-03
  1.144069023596776E-03  1.141822687647434E-03  1.139568923593170E-03
  1.181302332915911E-03  1.178978002157561E-03  1.176645980026369E-03
  1.218089833057162E-03  1.215687890757164E-03  1.213277993053814E-03
  1.254419646528795E-03  1.251940486378014E-03  1.249453105793742E-03
  1.290280249373260E-03  1.287724275020481E-03  1.285159813953752E-03
  1.325660477130871E-03  1.323028101681123E-03  1.320386971726907E-03
  1.360549530375589E-03  1.357841175825618E-03  1.355123797208105E-03
  1.394936979913234E-03  1.392153076507071E-03  1.389359877434195E-03
  1.428812771549744E-03  1.425953757081508E-03  1.423085173037426E-03
  1.462167230172903E-03  1.459233549318787E-03  1.456290022367541E-03
  1.494991062719236E-03  1.491983166482827E-03  1.488965144675161E-03
  1.527275359836050E-03  1.524193705084668E-03  1.521101641976704E-03
  1.559011596904762E-03  1.555856645789202E-03  1.552690999903154E-03
  1.590191635850601E-03  1.586963854794340E-03  1.583725088711378E-03
  1.620807728968556E-03  1.617507587091137E-03  1.614196165975481E-03
  1.650852524054839E-03  1.647480491408123E-03  1.644096881220106E-03
  1.680319067172338E-03  1.676875613723806E-03  1.673420279969645E-03
  1.709200798108854E-03  1.705686394417008E-03  1.702159802453394E-03
  1.737491536386667E-03  1.733906655913201E-03  1.730309273036644E-03
  1.765185463176725E-03  1.761530584401282E-03  1.757862882258836E-03
  1.792277113018059E-03  1.788552718152766E-03  1.784815172425260E-03
  1.818761390569229E-03  1.814967958335514E-03  1.811161042791033E-03
  1.844633615781410E-03  1.840771609225172E-03  1.836895784211518E-03
  1.869889577396262E-03  1.865959432895150E-03  1.862015133402799E-03
  1.894525551628221E-03  1.890527678871429E-03  1.886515311554968E-03
  1.918538238624129E-03  1.914473039851557E-03  1.910392998136280E-03
  1.941924596160558E-03  1.937792505074356E-03  1.933645204767784E-03
  1.964681602092533E-03  1.960483131469094E-03  1.956269058159320E-03
  1.986806029232860E-03  1.982541807610744E-03  1.978261557358870E-03
  2.008294335708923E-03  2.003965113744351E-03  1.999619406697388E-03
  2.029142740340236E-03  2.024749358296209E-03  2.020339013791217E-03
  2.049347476578980E-03  2.044890801377054E-03  2.040416679531818E-03
  2.068905137239747E-03  2.064385991681377E-03  2.059848921977630E-03
  2.087812980067017E-03  2.083232090258446E-03  2.078632813588820E-03
  2.106069085661257E-03  2.101427063337934E-03  2.096766206945096E-03
  2.123672332139095E-03  2.118969691812034E-03  2.114247780513806E-03
  2.140622233977277E-03  2.135859429967656E-03  2.131076921053078E-03
  2.156918741592006E-03  2.152096204645007E-03  2.147253526228585E-03
  2.172562092161829E-03  2.167680250837914E-03  2.162777827057575E-03
  2.187552753439329E-03  2.182612036970702E-03  2.177650294332075E-03
  2.201891445444497E-03  2.196892274823879E-03  2.191871634905878E-03
  2.215579191837801E-03  2.210521969511761E-03  2.205442838310910E-03
  2.228617355277626E-03  2.223502460763545E-03  2.218365222993314E-03
  2.241007637576692E-03  2.235835430316459E-03  2.230640451162695E-03
  2.252752053047368E-03  2.247522879232624E-03  2.242270510929258E-03
  2.263852896183724E-03  2.258567095329141E-03  2.253257684222313E-03
  2.274312720230383E-03  2.268970629221004E-03  2.263604520532986E-03
  2.284134330250473E-03  2.278736285180218E-03  2.273313825338964E-03
  2.293320784411581E-03  2.287867121895852E-03  2.282388659985357E-03
  2.301875395039881E-03  2.296366454429401E-03  2.290832344337979E-03
  2.309801725364651E-03  2.304237852221286E-03  2.298648456065272E-03
  2.317103583074089E-03  2.311485133425387E-03  2.305840825875778E-03
  2.323785013746190E-03  2.318112358484643E-03  2.312413531336025E-03
  2.329850296539292E-03  2.324123825680403E-03  2.318370892288020E-03
  2.335303942390920E-03  2.329524069290874E-03  2.323717468913725E-03
  2.340150693544095E-03  2.334317859310791E-03  2.328458061588548E-03
  2.344395523366297E-03  2.338510201591669E-03  2.332597711311211E-03
  2.348043636229297E-03  2.342106338006835E-03  2.336141700146309E-03
  2.351100467798353E-03  2.345111746910272E-03  2.339095551847338E-03
  2.353571686025516E-03  2.347532144204525E-03  2.341465032980528E-03
  2.355463192939984E-03  2.349373485163699E-03  2.343256154748424E-03
  2.356781127066424E-03  2.350641966867324E-03  2.344475175401889E-03
  2.357531866270448E-03  2.351344031030519E-03  2.345128603018466E-03
  2.357722030884755E-03  2.351486367056251E-03  2.345223198445873E-03
  2.357358487001699E-03  2.351075915178059E-03  2.344765978259016E-03
  2.356448349900934E-03  2.350119869659040E-03  2.343764217691803E-03
  2.354998987493861E-03  2.348625681931427E-03  2.342225453431200E-03
  2.353018023622121E-03  2.346601063513866E-03  2.340157486112170E-03
  2.350513341042242E-03  2.344053988534950E-03  2.337568382340000E-03
  2.347493083852824E-03  2.340992695615876E-03  2.334466475990182E-03
  2.343965659307360E-03  2.337425689054566E-03  2.330860368728034E-03
  2.339939738774469E-03  2.333361739075485E-03  2.326758929515568E-03
  2.335424257613134E-03  2.328809880917751E-03  2.322171292884229E-03
  2.330428413890467E-03  2.323779412695755E-03  2.317106855915439E-03
  2.324961665658731E-03  2.318279891757278E-03  2.311575273663342E-03
  2.319033726719773E-03  2.312321129477742E-03  2.305586452969792E-03
  2.312654560684404E-03  2.305913184310559E-03  2.299150544504779E-03
  2.305834373168285E-03  2.299066352949814E-03  2.292277932903806E-03
  2.298583602082358E-03  2.291791159580189E-03  2.284979224994385E-03
  2.290912905940933E-03  2.284098343155520E-03  2.277265236071726E-03
  2.282833150128421E-03  2.275998842666162E-03  2.269146974202997E-03
  2.274355391116688E-03  2.267503780406554E-03  2.260635622590783E-03
  2.265490858707208E-03  2.258624443336872E-03  2.251742520108719E-03
  2.256250936408340E-03  2.249372262668641E-03  2.242479140157883E-03
  2.246647139993841E-03  2.239758791738969E-03  2.232857067926035E-03
  2.236691094473788E-03  2.229795682421340E-03  2.222887976313078E-03
  2.226394509684938E-03  2.219494660294143E-03  2.212583600756542E-03
  2.215769154707631E-03  2.208867498785430E-03  2.201955713185107E-03
  2.204826831457389E-03  2.197925992650266E-03  2.191016095462832E-03
  2.193579347677528E-03  2.186681931011719E-03  2.179776512557890E-03
  2.182038489705210E-03  2.175147070338362E-03  2.168248685807207E-03
  2.170215995352082E-03  2.163333107695809E-03  2.156444266608969E-03
  2.158123527185215E-03  2.151251654550442E-03  2.144374810811873E-03
  2.145772646585899E-03  2.138914211491527E-03  2.132051754154398E-03
  2.133174788891763E-03  2.126332144162343E-03  2.119486389028693E-03
  2.120341239889765E-03  2.113516660649652E-03  2.106689842799233E-03
  2.107283113979032E-03  2.100478790629930E-03  2.093673057953572E-03
  2.094011334174118E-03  2.087229366420670E-03  2.080446774210981E-03
  2.080536614165391E-03  2.073779006130316E-03  2.067021512759574E-03
  2.066869442575245E-03  2.060138099022071E-03  2.053407562714277E-03
  2.053020069470939E-03  2.046316793128898E-03  2.039614969810401E-03
  2.038998495234023E-03  2.032324985197660E-03  2.025653527389804E-03
  2.024814461745063E-03  2.018172312901212E-03  2.011532769599957E-03
  2.010477445842824E-03  2.003868149259949E-03  1.997261966731258E-03
  1.995996655003687E-03  1.989421599203841E-03  1.982850122610544E-03
  1.981381025064628E-03  1.974841498086322E-03  1.968305973851895E-03
  1.966639219845182E-03  1.960136411996738E-03  1.953637990804333E-03
  1.951779632529578E-03  1.945314639727484E-03  1.938854380048922E-03
  1.936810388578815E-03  1.930384216163708E-03  1.923963088212677E-03
  1.921739350004160E-03  1.915352916927997E-03  1.908971806933820E-03
  1.906574120738555E-03  1.900228264020008E-03  1.893887978722880E-03
  1.891322052933726E-03  1.885017532284534E-03  1.878718803559573E-03
  1.875990253953339E-03  1.869727756486157E-03  1.863471246011879E-03
  1.860585593899735E-03  1.854365738837241E-03  1.848152042733661E-03
  1.845114713496606E-03  1.838938056811732E-03  1.832767710183522E-03
  1.829584032134376E-03  1.823451071062063E-03  1.817324552392673E-03
  1.813999755968977E-03  1.807910933340426E-03  1.801828668693435E-03
  1.798367885941350E-03  1.792323594302415E-03  1.786285961296639E-03
  1.782694225612405E-03  1.776694811097868E-03  1.770702142632394E-03
  1.766984388769410E-03  1.761030154714196E-03  1.755082742428377E-03
  1.751243806712029E-03  1.745335016988852E-03  1.739433114450123E-03
  1.735477735126422E-03  1.729614617206468E-03  1.723758442825407E-03
  1.719691260655111E-03  1.713874008394778E-03  1.708063748072694E-03
  1.703889307020776E-03  1.698118083182826E-03  1.692353892701892E-03
  1.688076640752163E-03  1.682351579273511E-03  1.676633586442908E-03
  1.672257876558106E-03  1.666579084579642E-03  1.660907391153887E-03
  1.656437482296369E-03  1.650805041972264E-03  1.645179725359537E-03
  1.640619783605696E-03  1.635033753710857E-03  1.629454868490069E-03
  1.624808968227867E-03  1.619269385583057E-03  1.613736964848905E-03
  1.609009090027397E-03  1.603515970761341E-03  1.598030027316252E-03
  1.593224072732701E-03  1.587777413399942E-03  1.582337940811099E-03
  1.577457713482961E-03  1.572057492055383E-03  1.566664465594032E-03
  1.561713686158941E-03  1.556359862907628E-03  1.551013240386547E-03
  1.545995544562653E-03  1.540688062845429E-03  1.535387785369110E-03
  1.530306725449494E-03  1.525045512418153E-03  1.519791505058893E-03
  1.514650551445506E-03  1.509435518685248E-03  1.504227691096888E-03
  1.499030233864758E-03  1.493861277976693E-03  1.488699524956129E-03
  1.483448875402465E-03  1.478325878538691E-03  1.473210080543946E-03
  1.467909472776177E-03  1.462832303135332E-03  1.457762326767472E-03
  1.452414919352732E-03  1.447383431642513E-03  1.442359130097331E-03
  1.436968007824226E-03  1.431982043696289E-03  1.427003257190659E-03
  1.421571432956445E-03  1.416630821418495E-03  1.411697377595794E-03
  1.406227794331940E-03  1.401332352141630E-03  1.396444066460448E-03
  1.390939598921960E-03  1.386089130966423E-03  1.381245807076040E-03
  1.375709263336341E-03  1.370903562999885E-03  1.366104993104839E-03
  1.360539115862343E-03  1.355777965383018E-03  1.351023930597254E-03
  1.345431398713827E-03  1.340714569527724E-03  1.336004840216989E-03
  1.330388270980662E-03  1.325715524052762E-03  1.321049860163896E-03
  1.315411812622520E-03  1.310782898764893E-03  1.306161050142751E-03
  1.300504029033437E-03  1.295918689214929E-03  1.291340395910921E-03
  1.285666854881295E-03  1.281124820535390E-03  1.276589813114297E-03
  1.270902155549333E-03  1.266403148885387E-03  1.261911148735623E-03
  1.256211725343248E-03  1.251755459659606E-03  1.247306179305434E-03
  1.241597284133426E-03  1.237183464121881E-03  1.232776607527018E-03
  1.227060476692145E-03  1.222688798717231E-03  1.218324061563324E-03
  1.212602879903794E-03  1.208273032244335E-03  1.203950102171660E-03
  1.198226020537894E-03  1.193937683593593E-03  1.189656240406701E-03
  1.183931399475398E-03  1.179684245962007E-03  1.175443961823863E-03
  1.169720510245203E-03  1.165514205415083E-03  1.161314745066515E-03
  1.155594835722356E-03  1.151429037640463E-03  1.147270058675086E-03
  1.141555811806608E-03  1.137430171681888E-03  1.133311324876599E-03
  1.127604763277752E-03  1.123518925807866E-03  1.119439855466842E-03
  1.113742839783605E-03  1.109696443440907E-03  1.105656787680960E-03
  1.099970997480962E-03  1.095963674672428E-03  1.091963065582212E-03
  1.086290070861163E-03  1.082321447941036E-03  1.078359511592752E-03
  1.072700949797460E-03  1.068770646980229E-03  1.064847003341364E-03
  1.059204821968562E-03  1.055312453243163E-03  1.051426716089343E-03
  1.045803375475035E-03  1.041948548622973E-03  1.038100325555040E-03
  1.032498810497108E-03  1.028681127264885E-03  1.024870019880914E-03
  1.019293501106344E-03  1.015512557511877E-03  1.011738161713529E-03
  1.006189223702725E-03  1.002444610431391E-03  9.987065168187649E-04
  9.931859811895107E-04  9.894772840516998E-04  9.857750783761720E-04
  9.802807037849394E-04  9.766075042317317E-04  9.729407679003845E-04
 -1.114704111838123E-04 -1.112624227767111E-04 -1.110537070859849E-04
 -6.690018862541704E-05 -6.677538195877727E-05 -6.665013871565593E-05
 -2.230305395974010E-05 -2.226144946766018E-05 -2.221969941562690E-05
  2.230305395974010E-05  2.226144946766018E-05  2.221969941562690E-05
  6.690018862541704E-05  6.677538195877727E-05  6.665013871565593E-05
  1.114704111838123E-04  1.112624227767111E-04  1.110537070859849E-04
  1.559958057134044E-04  1.557046696403320E-04  1.554125160895801E-04
  2.004584944730905E-04  2.000842584752862E-04  1.997087155185657E-04
  2.448406531247305E-04  2.443833786466319E-04  2.439245086351515E-04
  2.891245258868876E-04  2.885842881219487E-04  2.880421673422258E-04
  3.332924406025117E-04  3.326693285471533E-04  3.320440472654276E-04
  3.773268236852826E-04  3.766209401992724E-04  3.759126027105626E-04
  4.212102149394595E-04  4.204216768106303E-04  4.196304014904733E-04
  4.649252822309363E-04  4.640542202419152E-04  4.631801395985855E-04
  5.084548359861367E-04  5.075013949807045E-04  5.065446557056219E-04
  5.517818434984915E-04  5.507461824450886E-04  5.497069454590411E-04
  5.948894430231468E-04  5.937717350729747E-04  5.926501755657162E-04
  6.377609576385223E-04  6.365613901756003E-04  6.353576976363078E-04
  6.803799088512265E-04  6.790986835316333E-04  6.778130617676166E-04
  7.227300299232870E-04  7.213673627007278E-04  7.200000298417408E-04
  7.647952789083413E-04  7.633514000432034E-04  7.619025885287284E-04
  8.065598513674305E-04  8.050350054165669E-04  8.035049619635205E-04
  8.480081927338877E-04  8.464026385184202E-04  8.447916240668233E-04
  8.891250103390748E-04  8.874390208875206E-04  8.857473105216679E-04
  9.298952850564726E-04  9.281291475207517E-04  9.263570303636058E-04
  9.703042825391869E-04  9.684582980817217E-04  9.666060771607933E-04
  1.010337564045706E-03  1.008412047696565E-03  1.006480039780302E-03
  1.049980996842168E-03  1.047976277325387E-03  1.045964812729421E-03
  1.089220764137069E-03  1.087137183664204E-03  1.085046606025929E-03
  1.128043374537805E-03  1.125881288564949E-03  1.123711954583048E-03
  1.166435671059451E-03  1.164195448003897E-03  1.161947727138720E-03
  1.204384839660295E-03  1.202066860577191E-03  1.199741134711052E-03
  1.241878417246915E-03  1.239483075473544E-03  1.237079738537054E-03
  1.278904299116715E-03  1.276431999894775E-03  1.273951457469861E-03
  1.315450745779681E-03  1.312901905854780E-03  1.310344574757117E-03
  1.351506389199440E-03  1.348881436372813E-03  1.346247744193791E-03
  1.387060238650917E-03  1.384359611242344E-03  1.381649995810373E-03
  1.422101686325908E-03  1.419325832531012E-03  1.416540741266024E-03
  1.456620512534953E-03  1.453769889733770E-03  1.450909778934488E-03
  1.490606889999387E-03  1.487681964146963E-03  1.484747298331834E-03
  1.524051386600145E-03  1.521052631803796E-03  1.518043883228942E-03
  1.556944966544116E-03  1.553872864739113E-03  1.550790513056603E-03
  1.589278991211638E-03  1.586134031571635E-03  1.582978563315325E-03
  1.621045221903596E-03  1.617827899531984E-03  1.614599806963650E-03
  1.652235825870592E-03  1.648946639700265E-03  1.645646418822626E-03
  1.682843383656052E-03  1.679482834316413E-03  1.676110982629554E-03
  1.712860891598051E-03  1.709429480728722E-03  1.705986496120529E-03
  1.742281752433573E-03  1.738779984632400E-03  1.735266366772678E-03
  1.771099752913140E-03  1.767528139678781E-03  1.763944393756145E-03
  1.799309039548519E-03  1.795668101900659E-03  1.792014741899503E-03
  1.826904114613683E-03  1.823194379590286E-03  1.819471926374731E-03
  1.853879872318889E-03  1.850101860562054E-03  1.846310831218073E-03
  1.880231672552070E-03  1.876385880268823E-03  1.872526770533602E-03
  1.905955413139882E-03  1.902042299201063E-03  1.898115568394696E-03
  1.931047533030361E-03  1.927067525578161E-03  1.923073598301746E-03
  1.955504884843426E-03  1.951458416767340E-03  1.947397712543233E-03
  1.979324467940120E-03  1.975212036724790E-03  1.971085026335228E-03
  2.002503094639365E-03  1.998325325542515E-03  1.994132596018486E-03
  2.025037128094302E-03  2.020794810436761E-03  2.016537109181878E-03
  2.046922433628645E-03  2.042616506002984E-03  2.038294737259589E-03
  2.068154608737698E-03  2.063786089790253E-03  2.059401255130166E-03
  2.088729431542858E-03  2.084299318754617E-03  2.079852419254408E-03
  2.108643359307362E-03  2.104152534604200E-03  2.099644471726447E-03
  2.127893880474927E-03  2.123343058652963E-03  2.118774572127674E-03
  2.146479594705559E-03  2.141869329688740E-03  2.137240992587233E-03
  2.164400026484891E-03  2.159730763130165E-03  2.155043026965939E-03
  2.181655295612725E-03  2.176927436268611E-03  2.172180697634140E-03
  2.198245810263132E-03  2.193459764640031E-03  2.188654420507743E-03
  2.214172101733886E-03  2.209328303787520E-03  2.204464775341358E-03
  2.229434823211667E-03  2.224533718852706E-03  2.219612443935379E-03
  2.244034849532694E-03  2.239076872168607E-03  2.234098281736278E-03
  2.257973384717166E-03  2.252958936295397E-03  2.247923433423426E-03
  2.271252012017420E-03  2.266181458250057E-03  2.261089410573883E-03
  2.283872675853477E-03  2.278746353468753E-03  2.273598098795115E-03
  2.295837627127065E-03  2.290655855101182E-03  2.285451712721422E-03
  2.307149372706565E-03  2.301912460327485E-03  2.296652740244771E-03
  2.317810651787630E-03  2.312518901230236E-03  2.307203907933185E-03
  2.327824436887102E-03  2.322478142383100E-03  2.317108174588349E-03
  2.337193943431325E-03  2.331793390506947E-03  2.326368740339588E-03
  2.345922633589932E-03  2.340468100484348E-03  2.334989054610537E-03
  2.354014210295085E-03  2.348505971518283E-03  2.342972814572622E-03
  2.361472606050412E-03  2.355910936826325E-03  2.350323955997885E-03
  2.368301972970213E-03  2.362687153462326E-03  2.357046643018354E-03
  2.374506677330517E-03  2.368838996386533E-03  2.363145261695521E-03
  2.380091297860452E-03  2.374371056664518E-03  2.368624418019996E-03
  2.385060625273543E-03  2.379288141380915E-03  2.373488938122855E-03
  2.389419661407307E-03  2.383595273342463E-03  2.377743868522292E-03
  2.393173617981709E-03  2.387297690285205E-03  2.381394475799160E-03
  2.396327915857215E-03  2.390400844382064E-03  2.384446246367968E-03
  2.398888185446725E-03  2.392910402792321E-03  2.386904887149716E-03
  2.400860268346687E-03  2.394832249426883E-03  2.388776327435862E-03
  2.402250219858233E-03  2.396172487632174E-03  2.390066721695377E-03
  2.403064312094505E-03  2.396937443450745E-03  2.390782452954198E-03
  2.403309037560023E-03  2.397133669294147E-03  2.390930136530414E-03
  2.402991113199206E-03  2.396767948002332E-03  2.390516624070417E-03
  2.402117484923026E-03  2.395847297301488E-03  2.389549007897745E-03
  2.400695332509784E-03  2.394378974563616E-03  2.388034625586477E-03
  2.398732074709213E-03  2.392370481694972E-03  2.385981064586969E-03
  2.396235374368605E-03  2.389829569962335E-03  2.383396166704914E-03
  2.393213143378574E-03  2.386764244545130E-03  2.380288032212585E-03
  2.389673547314663E-03  2.383182768684705E-03  2.376665023458918E-03
  2.385625009559173E-03  2.379093667214334E-03  2.372535767761947E-03
  2.381076214676296E-03  2.374505729244500E-03  2.367909159360808E-03
  2.376036110867674E-03  2.369428009833325E-03  2.362794360261322E-03
  2.370513911247025E-03  2.363869830385151E-03  2.357200799723876E-03
  2.364519093756486E-03  2.357840777606366E-03  2.351138172230464E-03
  2.358061399496896E-03  2.351350700800052E-03  2.344616433722942E-03
  2.351150829270848E-03  2.344409707310802E-03  2.337645795937370E-03
  2.343797638188786E-03  2.337028155985598E-03  2.330236718716878E-03
  2.336012328185383E-03  2.329216648516039E-03  2.322399900187345E-03
  2.327805638315009E-03  2.320986018550282E-03  2.314146264704491E-03
  2.319188532741464E-03  2.312347318510708E-03  2.305486948529645E-03
  2.310172186399799E-03  2.303311804117812E-03  2.296433283257188E-03
  2.300767968342946E-03  2.293890916656836E-03  2.286996777053666E-03
  2.290987422794670E-03  2.284096263032721E-03  2.277189093777516E-03
  2.280842248038242E-03  2.273939593765746E-03  2.267022030153881E-03
  2.270344273292573E-03  2.263432779100804E-03  2.256507491197276E-03
  2.259505433770179E-03  2.252587783443797E-03  2.245657464113008E-03
  2.248337744196352E-03  2.241416638421177E-03  2.234483990987975E-03
  2.236853271049981E-03  2.229931414836246E-03  2.222999140555515E-03
  2.225064103879194E-03  2.218144193884098E-03  2.211214979402620E-03
  2.212982326052488E-03  2.206067037989911E-03  2.199143542985949E-03
  2.200619985302547E-03  2.193711961627345E-03  2.186796806810456E-03
  2.187989064470007E-03  2.181090902518973E-03  2.174186658165139E-03
  2.175101452832482E-03  2.168215693594003E-03  2.161324868779020E-03
  2.161968918386188E-03  2.155098036055486E-03  2.148223068732833E-03
  2.148603081458258E-03  2.141749473916243E-03  2.134892721965285E-03
  2.135015389956693E-03  2.128181370288354E-03  2.121345103635703E-03
  2.121217096558455E-03  2.114404885702200E-03  2.107591279593960E-03
  2.107219238073922E-03  2.100430958666679E-03  2.093642088142742E-03
  2.093032617169095E-03  2.086270288624064E-03  2.079508124218159E-03
  2.078667786608371E-03  2.071933321434672E-03  2.065199726096890E-03
  2.064135036080464E-03  2.057430237427729E-03  2.050726964641192E-03
  2.049444381638111E-03  2.042770942024714E-03  2.036099635065188E-03
  2.034605557733268E-03  2.027965058894786E-03  2.021327251161696E-03
  2.019628011744109E-03  2.013021925519174E-03  2.006419041849008E-03
  2.004520900877160E-03  1.997950591032213E-03  1.991383949891461E-03
  1.989293091299376E-03  1.982759816182240E-03  1.976230632627344E-03
  1.973953159295611E-03  1.967458075200395E-03  1.960967464486547E-03
  1.958509394245240E-03  1.952053559367082E-03  1.945602541085559E-03
  1.942969803162757E-03  1.936554182020270E-03  1.930143684644835E-03
  1.927342116578085E-03  1.920967584784080E-03  1.914598450510935E-03
  1.911633795505445E-03  1.905301144772402E-03  1.898974134544986E-03
  1.895852039279314E-03  1.889561982554460E-03  1.883277781173543E-03
  1.880003794029475E-03  1.873756970664342E-03  1.867516191894431E-03
  1.864095761573224E-03  1.857892742443614E-03  1.851695934037941E-03
  1.848134408549437E-03  1.841975701053578E-03  1.835823349631787E-03
  1.832125975623090E-03  1.826012028498336E-03  1.819904564223314E-03
  1.816076486615393E-03  1.810007694526256E-03  1.803945495538576E-03
  1.799991757453040E-03  1.793968465315152E-03  1.787951861895036E-03
  1.783877404824855E-03  1.777899911840258E-03  1.771929190277158E-03
  1.767738854455599E-03  1.761807417844581E-03  1.755882824003654E-03
  1.751581349000025E-03  1.745696187423660E-03  1.739817930006654E-03
  1.735409955468329E-03  1.729571252143551E-03  1.723739505648651E-03
  1.719229572189047E-03  1.713437477704255E-03  1.707652385095013E-03
  1.703044935319587E-03  1.697299570163638E-03  1.691561245261397E-03
  1.686860624885507E-03  1.681162081706648E-03  1.675470611324027E-03
  1.670681070388270E-03  1.665029416002346E-03  1.659384861837583E-03
  1.654510556005515E-03  1.648905833174516E-03  1.643308233487931E-03
  1.638353225404714E-03  1.632795454407528E-03  1.627244825501746E-03
  1.622213086203852E-03  1.616702266221060E-03  1.611198603746454E-03
  1.606094014135978E-03  1.600630124470014E-03  1.595173404575993E-03
  1.589999756933261E-03  1.584582758084333E-03  1.579172938436131E-03
  1.573933937982592E-03  1.568563772599563E-03  1.563200793278844E-03
  1.557900059781356E-03  1.552576653505208E-03  1.547260437811229E-03
  1.541901507226998E-03  1.536624769442831E-03  1.531355224609203E-03
  1.525941550757834E-03  1.520711375269678E-03  1.515488393110128E-03
  1.510023349346069E-03  1.504839614987091E-03  1.499663072481944E-03
  1.494149953384980E-03  1.489012524573863E-03  1.483882284407225E-03
  1.478324307515031E-03  1.473233034767539E-03  1.468148945823496E-03
  1.462549253456426E-03  1.457503973859636E-03  1.452465871684319E-03
  1.446827532895481E-03  1.441828070551181E-03  1.436835777786595E-03
  1.431161790391658E-03  1.426207956834799E-03  1.421261283629816E-03
  1.415554576175221E-03  1.410646170772595E-03  1.405744915175837E-03
  1.400008348683287E-03  1.395145159016360E-03  1.390289107354555E-03
  1.384525476836615E-03  1.379707279070640E-03  1.374896206314339E-03
  1.369108242322027E-03  1.364334801561713E-03  1.359568471678310E-03
  1.353758842336552E-03  1.349029912967602E-03  1.344308079260802E-03
  1.338479393238097E-03  1.333794719254791E-03  1.329117124690554E-03
  1.323271935005640E-03  1.318631250327204E-03  1.313997627848733E-03
  1.308138435609461E-03  1.303541464390728E-03  1.298951537227943E-03
  1.293080793756704E-03  1.288527250698937E-03  1.283980732678240E-03
  1.278100838771036E-03  1.273590429434623E-03  1.269087025290607E-03
  1.263200328123477E-03  1.258732749236340E-03  1.254272154919301E-03
  1.248380945619759E-03  1.243955885368191E-03  1.239537788334112E-03
  1.233644305023582E-03  1.229261443311706E-03  1.224885522780866E-03
  1.218991963034511E-03  1.214650971708212E-03  1.210316898888214E-03
  1.204425440712371E-03  1.200125983760991E-03  1.195833422047463E-03
  1.189946245093168E-03  1.185687978857863E-03  1.181436584041761E-03
  1.175555876858447E-03  1.171338450278102E-03  1.167127870790554E-03
  1.161255810593811E-03  1.157078865500849E-03  1.152908742708011E-03
  1.147047445132935E-03  1.142910616577342E-03  1.138780585103578E-03
  1.132932040969534E-03  1.128834957517030E-03  1.124744645542353E-03
  1.118910681544531E-03  1.114852965485609E-03  1.110801994953939E-03
  1.104984303066983E-03  1.100965570499190E-03  1.096953557199703E-03
  1.091153821969783E-03  1.087173682768641E-03  1.083200236305561E-03
  1.077420347208311E-03  1.073478404956448E-03  1.069543128676977E-03
  1.063785405474442E-03  1.059881257443446E-03  1.055983748418530E-03
  1.050251050703129E-03  1.046384287963672E-03  1.042524137097250E-03
  1.036819694350012E-03  1.032989902034310E-03  1.029166694324762E-03
  1.023493481575277E-03  1.019700239254163E-03  1.015913554169461E-03
  1.010272992467458E-03  1.006515874523478E-03  1.002765286370966E-03
  9.971548820415762E-04  9.934334577262002E-04  9.897185357071287E-04
