  7.521579784072915E+00  7.511054667653142E+00  7.500519467651962E+00

  5.154007718022687E-01  5.151299842261075E-01  5.147960138062005E-01
  5.047805254514209E-01  5.046314306777613E-01  5.044002382818138E-01
  4.997495948538658E-01  4.996619697912099E-01  4.994772902725760E-01
  4.997495948538658E-01  4.996619697912099E-01  4.994772902725760E-01
  5.047805254514209E-01  5.046314306777613E-01  5.044002382818138E-01
  5.154007718022687E-01  5.151299842261075E-01  5.147960138062005E-01
  5.315364664741965E-01  5.311076092055025E-01  5.306282074801657E-01
  5.514317984063593E-01  5.508449304867201E-01  5.502125730632837E-01
  5.719382590800265E-01  5.712035763394854E-01  5.704258162137013E-01
  5.899061999398080E-01  5.890204486181606E-01  5.880949678786624E-01
  6.032358577571509E-01  6.021982145137674E-01  6.011251965921565E-01
  6.110621398065491E-01  6.098899866424250E-01  6.086872122933392E-01
  6.136567494503254E-01  6.123775112409342E-01  6.110725721373010E-01
  6.121951138294812E-01  6.108355400071653E-01  6.094551175931510E-01
  6.083209300545159E-01  6.069041518133133E-01  6.054711297403875E-01
  6.036965555591243E-01  6.022423277374759E-01  6.007761888974115E-01
  5.997049931775081E-01  5.982304383163272E-01  5.967480626980781E-01
  5.973311675538051E-01  5.958518444888513E-01  5.943685448754900E-01
  5.971816155410289E-01  5.957125281776505E-01  5.942430269532598E-01
  5.995746734469386E-01  5.981306869151811E-01  5.966895344187469E-01
  6.046365040734260E-01  6.032321259595522E-01  6.018335071936329E-01
  6.123669721064546E-01  6.110159047976099E-01  6.096732176995654E-01
  6.226722301168067E-01  6.213870371186665E-01  6.201125621622205E-01
  6.353792473788120E-01  6.341711256506516E-01  6.329757654312287E-01
  6.502474495515209E-01  6.491259123381644E-01  6.480188178894168E-01
  6.669832346522241E-01  6.659556003322736E-01  6.649436153535452E-01
  6.852559926983843E-01  6.843267750498325E-01  6.834138243437194E-01
  7.047131903500480E-01  7.038836096311898E-01  7.030702527860760E-01
  7.249938193044422E-01  7.242616171600703E-01  7.235449264746207E-01
  7.457407167927674E-01  7.451003142053501E-01  7.444740882443680E-01
  7.666121651394010E-01  7.660550745289201E-01  7.655102820372923E-01
  7.872923402318905E-01  7.868076824725133E-01  7.863329811881651E-01
  8.074994217261247E-01  8.070743726950131E-01  8.066565249235135E-01
  8.269899712656027E-01  8.266099534599312E-01  8.262339568837930E-01
  8.455586417102494E-01  8.452071271594295E-01  8.448559450955743E-01
  8.630333301459083E-01  8.626912706212490E-01  8.623452131325482E-01
  8.792672076176060E-01  8.789123217831258E-01  8.785483476299079E-01
  8.941301101056910E-01  8.937364346172268E-01  8.933278062582254E-01
  9.075021143487592E-01  9.070402747604219E-01  9.065570186274085E-01
  9.192716562456241E-01  9.187102082844952E-01  9.181206989588102E-01
  9.293395053801294E-01  9.286474791444395E-01  9.279212308520458E-01
  9.376286119519170E-01  9.367791249042428E-01  9.358906006017373E-01
  9.440985164050557E-01  9.430730457144337E-01  9.420060155816445E-01
  9.487617348914884E-01  9.475543687497685E-01  9.463060782496641E-01
  9.516983927201353E-01  9.503191536406786E-01  9.489033514385965E-01
  9.530647287703753E-01  9.515410006932312E-01  9.499888689927254E-01
  9.530915975214800E-01  9.514669530584328E-01  9.498253316393204E-01
  9.520712520054421E-01  9.504016093909200E-01  9.487286073369933E-01
  9.503341163653312E-01  9.486819490610195E-01  9.470408294523430E-01
  9.482204678371745E-01  9.466483474132531E-01  9.451010389103096E-01
  9.460531584639192E-01  9.446179169082288E-01  9.432193857716178E-01
  9.441159531356397E-01  9.428642227767253E-01  9.416583302043150E-01
  9.426387408574036E-01  9.416039387429856E-01  9.406207326738900E-01
  9.417879982185181E-01  9.409884331030449E-01  9.402425255860853E-01
  9.416603305784382E-01  9.410982380683844E-01  9.405881313518610E-01
  9.422788044846818E-01  9.419405439525761E-01  9.416491982320948E-01
  9.435942845876373E-01  9.434521856257347E-01  9.433492909433764E-01
  9.454947543499499E-01  9.455108573828939E-01  9.455569355507749E-01
  9.478237133793013E-01  9.479550177360619E-01  9.481068317036427E-01
  9.504053820613115E-01  9.506096157185181E-01  9.508258373243056E-01
  9.530717097615156E-01  9.533124236048016E-01  9.535584018688934E-01
  9.556854223922391E-01  9.559354390527037E-01  9.561862048388958E-01
  9.581545409599201E-01  9.583972720968718E-01  9.586384098463921E-01
  9.604361714518519E-01  9.606648507966822E-01  9.608913778059726E-01
  9.625301095203199E-01  9.627454458063246E-01  9.629592614822028E-01
  9.644652809918940E-01  9.646723386518657E-01  9.648790713671924E-01
  9.662836137080523E-01  9.664888092267667E-01  9.666949264431749E-01
  9.680260445001541E-01  9.682349641487030E-01  9.684457914033430E-01
  9.697238934183965E-01  9.699402477994989E-01  9.701591330722183E-01
  9.713963851697220E-01  9.716219743096604E-01  9.718504038785818E-01
  9.730527734226084E-01  9.732880316404475E-01  9.735262362044389E-01
  9.746963418472647E-01  9.749409775207762E-01  9.751885569935143E-01
  9.763278507916445E-01  9.765812647444077E-01  9.768375562330696E-01
  9.779472746972647E-01  9.782086907614983E-01  9.784728542126461E-01
  9.795540064298781E-01  9.798224253978984E-01  9.800933790398182E-01
  9.811463792251097E-01  9.814205062519874E-01  9.816968606933022E-01
  9.827212762753784E-01  9.829995128825134E-01  9.832795835335291E-01
  9.842741618833508E-01  9.845546841889923E-01  9.848365944435318E-01
  9.857995323257572E-01  9.860804505823692E-01  9.863623174396997E-01
  9.872917105949250E-01  9.875713116805882E-01  9.878515129361946E-01
  9.887459578689111E-01  9.890230300842487E-01  9.893005452654549E-01
  9.901598451778203E-01  9.904340490879582E-01  9.907088261930621E-01
  9.915346670453262E-01  9.918068613815650E-01  9.920801081304239E-01
  9.928764907970339E-01  9.931488852609656E-01  9.934231550662690E-01
  9.941963652825438E-01  9.944723832573557E-01  9.947513506414104E-01
  9.955093402167429E-01  9.957931434997300E-01  9.960810465150520E-01
  9.968322701484614E-01  9.971280138548810E-01  9.974288664142281E-01
  9.981808375257232E-01  9.984918588032349E-01  9.988086709823647E-01
  9.995667178898510E-01  9.998949741464923E-01  1.000229315995580E+00
  1.000996152359615E+00  1.001342259224692E+00  1.001694508347037E+00
  1.002471173857371E+00  1.002835300707211E+00  1.003205782246525E+00
  1.003994188420657E+00  1.004377830859268E+00  1.004768783815805E+00
  1.005575533299164E+00  1.005983829405875E+00  1.006401762456021E+00
  1.007242226547695E+00  1.007686104141616E+00  1.008143737776875E+00
  1.009044791793992E+00  1.009541958433871E+00  1.010058728058663E+00
  1.011058321210953E+00  1.011632092169499E+00  1.012232265500914E+00
  1.013374403526233E+00  1.014049748079485E+00  1.014757718103183E+00
  1.016082623958525E+00  1.016879648165906E+00  1.017712906978360E+00
  1.019243969972367E+00  1.020170183635107E+00  1.021131626447800E+00
  1.022862651689032E+00  1.023906339354574E+00  1.024978374561419E+00
  1.026865590729546E+00  1.027992809732677E+00  1.029135661458021E+00
  1.031098037454987E+00  1.032254814079209E+00  1.033410152942356E+00
  1.035338814670078E+00  1.036458266115055E+00  1.037557358927346E+00
  1.039331537699037E+00  1.040343836152272E+00  1.041317786390815E+00
  1.042822587031917E+00  1.043664889737808E+00  1.044454113431716E+00
  1.045595511248703E+00  1.046219513031297E+00  1.046780418478068E+00
  1.047494817234767E+00  1.047870895649329E+00  1.048179109702578E+00
  1.048437100454917E+00  1.048555261562311E+00  1.048605850628807E+00
  1.048411312769774E+00  1.048279781995419E+00  1.048085372329172E+00
  1.047471451573209E+00  1.047113793094823E+00  1.046701419989921E+00
  1.045724606346213E+00  1.045176001483755E+00  1.044583241169595E+00
  1.043316319517984E+00  1.042619390279605E+00  1.041890116987459E+00
  1.040414522916423E+00  1.039614990949979E+00  1.038795047369550E+00
  1.037193182363555E+00  1.036335688181983E+00  1.035468812274255E+00
  1.033817011457553E+00  1.032941485550095E+00  1.032065894841600E+00
  1.030428807219247E+00  1.029567785021144E+00  1.028713792413719E+00
  1.027140804563916E+00  1.026317963940168E+00  1.025506856708679E+00
  1.024030859927527E+00  1.023260851352052E+00  1.022505041348770E+00
  1.021143407609544E+00  1.020432810369350E+00  1.019737032358500E+00
  1.018494271233560E+00  1.017843322247346E+00  1.017206493962190E+00
  1.016077832022412E+00  1.015482490941448E+00  1.014899796063575E+00
  1.013874900435430E+00  1.013328845263801E+00  1.012793657047498E+00
  1.011859883833355E+00  1.011356145202869E+00  1.010861536307056E+00
  1.010006339866121E+00  1.009538429827519E+00  1.009078162436885E+00
  1.008290562916221E+00  1.007853089669904E+00  1.007422106890145E+00
  1.006693316066266E+00  1.006282171123501E+00  1.005876693042842E+00
  1.005200114923017E+00  1.004812365644886E+00  1.004429727848740E+00
  1.003800584527958E+00  1.003434209564723E+00  1.003072577621767E+00
  1.002487384517520E+00  1.002140966237903E+00  1.001799031367449E+00
  1.001255086265439E+00  1.000927537584229E+00  1.000604260673236E+00
  1.000099242002944E+00  9.997896071277150E-01  9.994840415272602E-01
  9.990157500147964E-01  9.987230874632573E-01  9.984342823634762E-01
  9.980005160591315E-01  9.977238516258993E-01  9.974508200705358E-01
  9.970493483318411E-01  9.967876758452617E-01  9.965294042014872E-01
  9.961579991647073E-01  9.959103058474759E-01  9.956657823427844E-01
  9.953222715374812E-01  9.950875693825351E-01  9.948558148497486E-01
  9.945381299332233E-01  9.943154814607048E-01  9.940955725455285E-01
  9.938017815212863E-01  9.935903150140740E-01  9.933813964754694E-01
  9.931097168110351E-01  9.929086311071016E-01  9.927099182387521E-01
  9.924587145277343E-01  9.922672761838788E-01  9.920780505478058E-01
  9.918458228378728E-01  9.916633592417459E-01  9.914829612457569E-01
  9.912683298768468E-01  9.910942213388441E-01  9.909220424208383E-01
  9.907237334837917E-01  9.905574062162703E-01  9.903928822245477E-01
  9.902097156906922E-01  9.900506364501677E-01  9.898932427391833E-01
  9.897241236521104E-01  9.895717960039169E-01  9.894210440559646E-01
  9.892649562084695E-01  9.891189179631690E-01  9.889743530374960E-01
  9.888303542392927E-01  9.886901755376215E-01  9.885513748440687E-01
  9.884185930049019E-01  9.882838746553390E-01  9.881504457064023E-01
  9.880280752675279E-01  9.878984471320709E-01  9.877700261183324E-01
  9.876573246712348E-01  9.875324440577815E-01  9.874086942381012E-01
  9.873049793701865E-01  9.871845294835592E-01  9.870651396553829E-01
  9.869697861364647E-01  9.868534746652697E-01  9.867381577905949E-01
  9.866505951912868E-01  9.865381530871320E-01  9.864266451214374E-01
  9.863463558836879E-01  9.862375363499076E-01  9.861295952808635E-01
  9.860561131838711E-01  9.859506908535131E-01  9.858460959214855E-01
  9.857790048277733E-01  9.856767750856481E-01  9.855753261367897E-01
  9.855142588714811E-01  9.854150372642467E-01  9.853165541792390E-01
  9.852611913885131E-01  9.851648130666778E-01  9.850691352100148E-01
  9.850192040563902E-01  9.849255231982327E-01  9.848325088398321E-01
  9.847877814151952E-01  9.846966705914495E-01  9.846061962613508E-01
  9.845664876284785E-01  9.844778370763618E-01  9.843897968229158E-01
  9.843549626290400E-01  9.842686794141570E-01  9.841829839460123E-01
  9.841529175865457E-01  9.840689246411657E-01  9.839855003433622E-01
  9.839601296886147E-01  9.838783647246616E-01  9.837971525490148E-01
  9.837764362796729E-01  9.836968505841657E-01  9.836178048234753E-01
  9.836017284486429E-01  9.835242855777385E-01  9.834473725415699E-01
  9.834359441946871E-01  9.833606185892632E-01  9.832858152055454E-01
  9.832790613275971E-01  9.832058368779878E-01  9.831331292489887E-01
  9.831310902748572E-01  9.830599588648112E-01  9.829893408081060E-01
  9.829920669711105E-01  9.829230270314447E-01  9.828544986364949E-01
  9.828620459990519E-01  9.827951011000717E-01  9.827286673293092E-01
  9.827410941363497E-01  9.826762516452499E-01  9.826119210053998E-01
  9.826292844431568E-01  9.825665542685976E-01  9.825043375737571E-01
  9.825266910005863E-01  9.824660844419482E-01  9.824059936850468E-01
  9.824333843813626E-01  9.823749130952339E-01  9.823169604394321E-01
  9.823494278999801E-01  9.822931029916140E-01  9.822372998882979E-01
  9.822748746528005E-01  9.822207058958689E-01  9.821670623314671E-01
  9.822097653235707E-01  9.821577605078423E-01  9.821062843779955E-01
  9.821541267028908E-01  9.821042911068641E-01  9.820549877138639E-01
  9.821079708546706E-01  9.820603068390815E-01  9.820131785073458E-01
  9.820712948552636E-01  9.820258015740936E-01  9.819808473790964E-01
  9.820440810200218E-01  9.820007542481957E-01  9.819579698568317E-01
  9.820262975031163E-01  9.819851295840922E-01  9.819445072086368E-01
  9.820178991039259E-01  9.819788790247721E-01  9.819404074974687E-01
  9.820188280532752E-01  9.819819416579944E-01  9.819456066373352E-01
  9.820290145257443E-01  9.819942448780058E-01  9.819600291993543E-01
  9.820483766780823E-01  9.820157045814367E-01  9.819835887628491E-01
  9.820768201716134E-01  9.820462248490031E-01  9.820161877580897E-01
  9.821142373666385E-01  9.820856972917843E-01  9.820577169714908E-01
  9.821605065957310E-01  9.821340004556266E-01  9.821080550947880E-01
  9.822154920306180E-01  9.821909997794505E-01  9.821670687960775E-01
  9.822790445777778E-01  9.822565485213803E-01  9.822346137048508E-01
  9.823510039411749E-01  9.823304897789035E-01  9.823105364214721E-01
  9.824312015421026E-01  9.824126593036793E-01  9.823946772556738E-01
  9.825194636101192E-01  9.825028884643490E-01  9.824868730784634E-01
  9.826156137442001E-01  9.826010067193797E-01  9.825869597053867E-01
  9.827194745876754E-01  9.827068433159932E-01  9.826947735972424E-01
  9.828308684103517E-01  9.828202280583975E-01  9.828101527753084E-01
  9.829496152970233E-01  9.829409898266526E-01  9.829329356215482E-01
  9.830755228374616E-01  9.830689466724103E-01  9.830629513233397E-01
  9.832083447405116E-01  9.832038649591525E-01  9.831999794736492E-01
  9.833476415338170E-01  9.833453211384049E-01  9.833436128606433E-01
  9.834924309549864E-01  9.834923546793105E-01  9.834929129071990E-01
  5.215285094650702E-01  5.212370737426681E-01  5.208808403601999E-01
  5.111139639816905E-01  5.109497709744553E-01  5.107005716859374E-01
  5.062167889798208E-01  5.061184040239520E-01  5.059192081141469E-01
  5.062167889798208E-01  5.061184040239520E-01  5.059192081141469E-01
  5.111139639816905E-01  5.109497709744553E-01  5.107005716859374E-01
  5.215285094650702E-01  5.212370737426681E-01  5.208808403601999E-01
  5.374562974123790E-01  5.370036239193854E-01  5.364999377400353E-01
  5.571731743200981E-01  5.565637556086439E-01  5.559090683375578E-01
  5.775251095017785E-01  5.767733705599657E-01  5.759790612306770E-01
  5.953389360715114E-01  5.944435941161177E-01  5.935090754413510E-01
  6.084955183593872E-01  6.074545724217113E-01  6.063787173667445E-01
  6.161293709029981E-01  6.149575095378185E-01  6.137553094051907E-01
  6.185190334204601E-01  6.172417511912709E-01  6.159388388444487E-01
  6.168431691187962E-01  6.154863365580682E-01  6.141085726397832E-01
  6.127499506146062E-01  6.113361243458195E-01  6.099058942929541E-01
  6.079088927192559E-01  6.064572681001396E-01  6.049935346121074E-01
  6.037079889219000E-01  6.022352314164900E-01  6.007544268158688E-01
  6.011328212583555E-01  5.996541867353845E-01  5.981713263881963E-01
  6.007880075876122E-01  5.993183158253013E-01  5.978479493552071E-01
  6.029894852653240E-01  6.015434963152256E-01  6.001000823815948E-01
  6.078611282863585E-01  6.064533074312518E-01  6.050510002613481E-01
  6.154004123205081E-01  6.140444755187409E-01  6.126966965637707E-01
  6.255111114646614E-01  6.242196872677011E-01  6.229387918592587E-01
  6.380183933832481E-01  6.368027972661896E-01  6.355998165592037E-01
  6.526810123225095E-01  6.515509387892803E-01  6.504352152303833E-01
  6.692060832390685E-01  6.681691083946499E-01  6.671477535287696E-01
  6.872650887172402E-01  6.863260718505082E-01  6.854033647686960E-01
  7.065087624755011E-01  7.056693525985360E-01  7.048462860707311E-01
  7.265801862088567E-01  7.258386064119619E-01  7.251127313941752E-01
  7.471266535041869E-01  7.464778086099347E-01  7.458433970618603E-01
  7.678107895893793E-01  7.672466256896108E-01  7.666950637523490E-01
  7.883205733396885E-01  7.878305521234590E-01  7.873508184008110E-01
  8.083771074072644E-01  8.079486222861639E-01  8.075276747277642E-01
  8.277387577597355E-01  8.273573090843146E-01  8.269802016726641E-01
  8.462007602441936E-01  8.458497611949770E-01  8.454993804007160E-01
  8.635904388828533E-01  8.632506696281579E-01  8.629071421398157E-01
  8.797594459288886E-01  8.794083767099181E-01  8.790484075039818E-01
  8.945754244840848E-01  8.941867989417510E-01  8.937833558211087E-01
  9.079158231538892E-01  9.074599455173971E-01  9.069827315483657E-01
  9.196661692328216E-01  9.191112437446264E-01  9.185282761333341E-01
  9.297241200424203E-01  9.290387825303656E-01  9.283191703279747E-01
  9.380093527153425E-01  9.371662727285025E-01  9.362840169436639E-01
  9.444780378018159E-01  9.434581950509933E-01  9.423965560376324E-01
  9.491393549885488E-01  9.479363191039673E-01  9.466920194945161E-01
  9.520703390244176E-01  9.506936459163435E-01  9.492799570472824E-01
  9.534246462653526E-01  9.519012898545983E-01  9.503490279777821E-01
  9.534312845308077E-01  9.518045962992268E-01  9.501603943329663E-01
  9.523814921680980E-01  9.507073167058626E-01  9.490292463404723E-01
  9.506054421612323E-01  9.489463318173128E-01  9.472977674746961E-01
  9.484437904853253E-01  9.468625306359877E-01  9.453056460985179E-01
  9.462204082414230E-01  9.447742042887826E-01  9.433643802189621E-01
  9.442210400108146E-01  9.429571413970178E-01  9.417389157201631E-01
  9.426790533990591E-01  9.416318312874664E-01  9.406362764661435E-01
  9.417662175288399E-01  9.409552635790038E-01  9.401983243570137E-01
  9.415857531089109E-01  9.410147071440695E-01  9.404962770043032E-01
  9.421671085171113E-01  9.418234622231422E-01  9.415275337675284E-01
  9.434651194537511E-01  9.433216435517212E-01  9.432181789635190E-01
  9.453675764383039E-01  9.453858415624898E-01  9.454347130486164E-01
  9.477133229561956E-01  9.478490727984143E-01  9.480056667786914E-01
  9.503189372923672E-01  9.505282920677651E-01  9.507496546272394E-01
  9.530083637620304E-01  9.532534571417309E-01  9.535036014391403E-01
  9.556385138371435E-01  9.558913484454246E-01  9.561446205125433E-01
  9.581151715470303E-01  9.583590520421428E-01  9.586010577403251E-01
  9.603965947394165E-01  9.606251903225379E-01  9.608514590848884E-01
  9.624857471919590E-01  9.627004229232010E-01  9.629135230850827E-01
  9.644150281071213E-01  9.646214243654081E-01  9.648275262102610E-01
  9.662288729013826E-01  9.664337353532313E-01  9.666395852844823E-01
  9.679692837354634E-01  9.681782683871470E-01  9.683892207911696E-01
  9.696674201168604E-01  9.698841349398079E-01  9.701034150052296E-01
  9.713416803018691E-01  9.715677625420240E-01  9.717966925451753E-01
  9.730003838749105E-01  9.732361292648264E-01  9.734748108122379E-01
  9.746461324014549E-01  9.748911735482187E-01  9.751391427992528E-01
  9.762793794017068E-01  9.765331047242225E-01  9.767896958150742E-01
  9.779001142269205E-01  9.781617778355700E-01  9.784261858327348E-01
  9.795079259899281E-01  9.797765748496232E-01  9.800477643305953E-01
  9.811013775966041E-01  9.813757558275628E-01  9.816523727593599E-01
  9.826775096730268E-01  9.829560356881143E-01  9.832364062980852E-01
  9.842318235897033E-01  9.845126622240411E-01  9.847948915982935E-01
  9.857587306479090E-01  9.860399538397718E-01  9.863221143468683E-01
  9.872523722777030E-01  9.875322085805359E-01  9.878126158815623E-01
  9.887077727012040E-01  9.889849446751788E-01  9.892625130156817E-01
  9.901222664779591E-01  9.903963792278748E-01  9.906710070414093E-01
  9.914969813842917E-01  9.917688684233800E-01  9.920417492954454E-01
  9.928379572308348E-01  9.931098493834818E-01  9.933835718081877E-01
  9.941563983985015E-01  9.944317908482194E-01  9.947101136393927E-01
  9.954676827458718E-01  9.957508460174374E-01  9.960381215769176E-01
  9.967890843323737E-01  9.970842860877062E-01  9.973846349157188E-01
  9.981366509046259E-01  9.984472980226055E-01  9.987637803711765E-01
  9.995221920202829E-01  9.998502213001149E-01  1.000184355705923E+00
  1.000951696823924E+00  1.001297581284513E+00  1.001649567536088E+00
  1.002426490195216E+00  1.002790135440471E+00  1.003160006546318E+00
  1.003947883014177E+00  1.004330445000454E+00  1.004720092055247E+00
  1.005524968317590E+00  1.005931262062898E+00  1.006346894574255E+00
  1.007183767219996E+00  1.007624542150463E+00  1.008078764197134E+00
  1.008974538479257E+00  1.009467601438892E+00  1.009980041898917E+00
  1.010973274145439E+00  1.011542405924533E+00  1.012137903078641E+00
  1.013273814822516E+00  1.013944806055600E+00  1.014648656129980E+00
  1.015969116825247E+00  1.016763109893188E+00  1.017593864802970E+00
  1.019123958709906E+00  1.020049462898498E+00  1.021010962150619E+00
  1.022745754328320E+00  1.023791729372673E+00  1.024866928946606E+00
  1.026763056747252E+00  1.027895689840802E+00  1.029044776585263E+00
  1.031020575697398E+00  1.032185406345314E+00  1.033349405318839E+00
  1.035294438716958E+00  1.036423587553535E+00  1.037532663585745E+00
  1.039324047787384E+00  1.040346427209728E+00  1.041330397233071E+00
  1.042851078160979E+00  1.043702619428772E+00  1.044500722888703E+00
  1.045654936282343E+00  1.046286390203960E+00  1.046854191620552E+00
  1.047577306694400E+00  1.047958523592983E+00  1.048271239707561E+00
  1.048533583803227E+00  1.048654471424955E+00  1.048707175569768E+00
  1.048513023083635E+00  1.048382059486986E+00  1.048187707034539E+00
  1.047571047280682E+00  1.047212278160063E+00  1.046798428258652E+00
  1.045816809639121E+00  1.045265998801932E+00  1.044670820835646E+00
  1.043398093659457E+00  1.042698436718070E+00  1.041966364304605E+00
  1.040484881036279E+00  1.039682584514206E+00  1.038859914740956E+00
  1.037252751486189E+00  1.036392806141704E+00  1.035523589286078E+00
  1.033867480366895E+00  1.032990018682428E+00  1.032112636622050E+00
  1.030472372561356E+00  1.029609996441538E+00  1.028754796924827E+00
  1.027179701359139E+00  1.026356049932423E+00  1.025544259140604E+00
  1.024067026736069E+00  1.023296644770442E+00  1.022540556574566E+00
  1.021178300637723E+00  1.020467632298721E+00  1.019771843041786E+00
  1.018528812544846E+00  1.017877960965104E+00  1.017241257987869E+00
  1.016112458713370E+00  1.015517271912923E+00  1.014934734646856E+00
  1.013909674653592E+00  1.013363751611734E+00  1.012828683123980E+00
  1.011894625726968E+00  1.011390952238348E+00  1.010896388669854E+00
  1.010040753675159E+00  1.009572826416344E+00  1.009112521129227E+00
  1.008324337170048E+00  1.007886770265838E+00  1.007455676546480E+00
  1.006726189586763E+00  1.006314892750421E+00  1.005909250913496E+00
  1.005231909178157E+00  1.004843972296066E+00  1.004461140698794E+00
  1.003831208806188E+00  1.003464631591636E+00  1.003102795963214E+00
  1.002516823166320E+00  1.002170204290534E+00  1.001828070722329E+00
  1.001283377296152E+00  1.000955640124962E+00  1.000632178487940E+00
  1.000126454569317E+00  9.998166484022192E-01  9.995109159438832E-01
  9.990419656118994E-01  9.987491500552912E-01  9.984601962595587E-01
  9.980258156194067E-01  9.977490151444193E-01  9.974758513287063E-01
  9.970738052884676E-01  9.968120113798937E-01  9.965536214672117E-01
  9.961816772584488E-01  9.959338747512763E-01  9.956892446649369E-01
  9.953452256389042E-01  9.951104246186516E-01  9.948785734440069E-01
  9.945604082432449E-01  9.943376699585552E-01  9.941176732295848E-01
  9.938234279399935E-01  9.936118799583237E-01  9.934028818374182E-01
  9.931307727893839E-01  9.929296136049760E-01  9.927308291090912E-01
  9.924792201714289E-01  9.922877161774222E-01  9.920984267280336E-01
  9.918658173349315E-01  9.916832957902120E-01  9.915028416614149E-01
  9.912878514601473E-01  9.911136924979757E-01  9.909414649330468E-01
  9.907428191536495E-01  9.905764487299183E-01  9.904118833015138E-01
  9.902284008642321E-01  9.900692854005855E-01  9.899118571125832E-01
  9.897424418261270E-01  9.895900844871355E-01  9.894393044094417E-01
  9.892829386546320E-01  9.891368767942225E-01  9.889922897199519E-01
  9.888480297103998E-01  9.887078329579880E-01  9.885690155756658E-01
  9.884359874190749E-01  9.883012560095209E-01  9.881678152455066E-01
  9.880452113458652E-01  9.879155744926065E-01  9.877871458730264E-01
  9.876742215233270E-01  9.875493357980778E-01  9.874255818266587E-01
  9.873216520423133E-01  9.872011998178406E-01  9.870818084391938E-01
  9.869862451539925E-01  9.868699331902947E-01  9.867546164169592E-01
  9.866668461375505E-01  9.865544043696276E-01  9.864428971215236E-01
  9.863623990621544E-01  9.862535796069133E-01  9.861456387701710E-01
  9.860719434095798E-01  9.859665197710131E-01  9.858619234474296E-01
  9.857946113884142E-01  9.856923778144600E-01  9.855909247108301E-01
  9.855296256889824E-01  9.854303966219367E-01  9.853319055201328E-01
  9.852762973989251E-01  9.851799069606311E-01  9.850842162105438E-01
  9.850340238102886E-01  9.849403252690062E-01  9.848472922529740E-01
  9.848022858838487E-01  9.847111510583804E-01  9.846206515845772E-01
  9.845806451843166E-01  9.844919637508569E-01  9.844038913429650E-01
  9.843687401544881E-01  9.842824188321042E-01  9.841966838930675E-01
  9.841662816545369E-01  9.840822432559694E-01  9.839987720944894E-01
  9.839730477525487E-01  9.838912300978608E-01  9.838099638172115E-01
  9.837888778105207E-01  9.837092325115928E-01  9.836301257707327E-01
  9.836136659623888E-01  9.835361570956418E-01  9.834591767617832E-01
  9.834473541232062E-01  9.833719568154878E-01  9.832970805345002E-01
  9.832899246990469E-01  9.832166236567910E-01  9.831438383725660E-01
  9.831413931842109E-01  9.830701811986273E-01  9.829994816547325E-01
  9.830018008358830E-01  9.829326772972439E-01  9.828640645540572E-01
  9.828712076083408E-01  9.828041770607374E-01  9.827376570591894E-01
  9.827496855120019E-01  9.826847562766229E-01  9.826203384760420E-01
  9.826373125398234E-01  9.825744954302779E-01  9.825121915430833E-01
  9.825341672762959E-01  9.824734744242698E-01  9.824132972648389E-01
  9.824403242724606E-01  9.823817680765767E-01  9.823237305360660E-01
  9.823558502339875E-01  9.822994424395011E-01  9.822435565931140E-01
  9.822808010306479E-01  9.822265519428880E-01  9.821728282913398E-01
  9.822152194992244E-01  9.821631373297710E-01  9.821115841728083E-01
  9.821591339840792E-01  9.821092243259298E-01  9.820598472630198E-01
  9.821125575438155E-01  9.820648229706290E-01  9.820176245227425E-01
  9.820754877450534E-01  9.820299275302674E-01  9.819849068773431E-01
  9.820479069537235E-01  9.820045169079564E-01  9.819616697392496E-01
  9.820297830058713E-01  9.819885554351043E-01  9.819478739138897E-01
  9.820210700881067E-01  9.819819938796182E-01  9.819434667286696E-01
  9.820217095986318E-01  9.819847704449043E-01  9.819483831632990E-01
  9.820316307335939E-01  9.819968115048981E-01  9.819625467283520E-01
  9.820507505982994E-01  9.820180318716749E-01  9.819858698869222E-01
  9.820789738014107E-01  9.820483345476365E-01  9.820182539664746E-01
  9.821161917213281E-01  9.820876101424266E-01  9.820595887332484E-01
  9.821622818539446E-01  9.821357363505760E-01  9.821097520133673E-01
  9.822171077610218E-01  9.821925779903140E-01  9.821686098432947E-01
  9.822805200634730E-01  9.822579880265236E-01  9.822360175507819E-01
  9.823523586362642E-01  9.823318097219366E-01  9.823118218942868E-01
  9.824324557308354E-01  9.824138796523543E-01  9.823958639998718E-01
  9.825206394092790E-01  9.825040310083373E-01  9.824879825479036E-01
  9.826167367280558E-01  9.826020966825506E-01  9.825880167630643E-01
  9.827205765979815E-01  9.827079121398229E-01  9.826958092724637E-01
  9.828319927230537E-01  9.828213185182040E-01  9.828112093296271E-01
  9.829508266551339E-01  9.829421659708774E-01  9.829340763937305E-01
  9.830769272167457E-01  9.830703134165329E-01  9.830642801488283E-01
  9.832101205773112E-01  9.832055990554128E-01  9.832016713914536E-01
  9.833500118362392E-01  9.833476433801389E-01  9.833458864171605E-01
  9.834951379335780E-01  9.834950080110796E-01  9.834955118483774E-01
  5.246445743806653E-01  5.243420637513838E-01  5.239739559418788E-01
  5.143298745233029E-01  5.141573825097058E-01  5.138984263661364E-01
  5.094982052633792E-01  5.093938273788347E-01  5.091867581902725E-01
  5.094982052633792E-01  5.093938273788347E-01  5.091867581902725E-01
  5.143298745233029E-01  5.141573825097058E-01  5.138984263661364E-01
  5.246445743806653E-01  5.243420637513838E-01  5.239739559418788E-01
  5.404702569541429E-01  5.400052923512975E-01  5.394890928525515E-01
  5.600964935072936E-01  5.594756495702963E-01  5.588096729522236E-01
  5.803711095152517E-01  5.796105843387782E-01  5.788077734307167E-01
  5.981103391638669E-01  5.972100624500244E-01  5.962709073735410E-01
  6.111816397652222E-01  6.101391919416088E-01  6.090620895771440E-01
  6.187198507854597E-01  6.175484065289412E-01  6.163467837829589E-01
  6.210080900574019E-01  6.197320721459659E-01  6.184304688737899E-01
  6.192256359756447E-01  6.178704579746683E-01  6.164943098209643E-01
  6.150223229845660E-01  6.136102360548608E-01  6.121816651303248E-01
  6.100714366242532E-01  6.086213450262750E-01  6.071590438461014E-01
  6.057637391218175E-01  6.042920775820068E-01  6.028122529419631E-01
  6.030853911628865E-01  6.016072635817419E-01  6.001247820363191E-01
  6.026402540768033E-01  6.011703894572930E-01  5.996997159217989E-01
  6.047431834946252E-01  6.032962927743328E-01  6.018518438407838E-01
  6.095169624982956E-01  6.081074933868689E-01  6.067034115111022E-01
  6.169578887768796E-01  6.155995658060254E-01  6.142492858278528E-01
  6.269685423502389E-01  6.256740268418786E-01  6.243899418858166E-01
  6.393731858683688E-01  6.381538535536092E-01  6.369470605075438E-01
  6.539302487017808E-01  6.527958873943581E-01  6.516758273810918E-01
  6.703472196119112E-01  6.693055365141513E-01  6.682794570771639E-01
  6.882966285044365E-01  6.873526560748321E-01  6.864250137590967E-01
  7.074308321943162E-01  7.065864353300865E-01  7.057584415022999E-01
  7.273949620370539E-01  7.266486107886545E-01  7.259180625813823E-01
  7.478385748995269E-01  7.471854250634302E-01  7.465468398440657E-01
  7.684265130984222E-01  7.678587332728989E-01  7.673037102873781E-01
  7.888486865371444E-01  7.883559091996609E-01  7.878735871619434E-01
  8.088276813103029E-01  8.083974099364303E-01  8.079748468672955E-01
  8.281228144028110E-01  8.277405974694719E-01  8.273628864377568E-01
  8.465296988745729E-01  8.461789355373619E-01  8.458289404907801E-01
  8.638754554566997E-01  8.635368513635616E-01  8.631946168334266E-01
  8.800110003343723E-01  8.796618988955693E-01  8.793039973197659E-01
  8.948028178673262E-01  8.944167987749752E-01  8.940160309117477E-01
  9.081269202683422E-01  9.076741032953112E-01  9.071999866725325E-01
  9.198672550771549E-01  9.193156503996132E-01  9.187360073527369E-01
  9.299198469221017E-01  9.292378883375547E-01  9.285216234755129E-01
  9.382027289393421E-01  9.373628706522744E-01  9.364837648531077E-01
  9.446704308432642E-01  9.436534189497667E-01  9.425944930950458E-01
  9.493305190458067E-01  9.481296761282624E-01  9.468874022194235E-01
  9.522585106751434E-01  9.508831327089302E-01  9.494705447725320E-01
  9.536067577284227E-01  9.520836387942533E-01  9.505313641236272E-01
  9.536033063430588E-01  9.519756500842907E-01  9.503302111727393E-01
  9.525388511451018E-01  9.508624609962572E-01  9.491819074682208E-01
  9.507434176831085E-01  9.490808838764154E-01  9.474286444485508E-01
  9.485578280980711E-01  9.469720380752477E-01  9.454104027951191E-01
  9.463064077235122E-01  9.448547392444872E-01  9.434392793112064E-01
  9.442757924200883E-01  9.430057811358792E-01  9.417813495480234E-01
  9.427009844962670E-01  9.416474608647191E-01  9.406456270304724E-01
  9.417563672953637E-01  9.409395685788112E-01  9.401769533256663E-01
  9.415485778773449E-01  9.409728805663071E-01  9.404501132353267E-01
  9.421104982999498E-01  9.417640147425876E-01  9.414656605834175E-01
  9.433992256381054E-01  9.432549957718587E-01  9.431511982104883E-01
  9.453026214085491E-01  9.453219985816642E-01  9.453723154619079E-01
  9.476571688561984E-01  9.477952468021260E-01  9.479543471131844E-01
  9.502754103149086E-01  9.504874558564097E-01  9.507115199225172E-01
  9.529770017298190E-01  9.532243882707220E-01  9.534767112370784E-01
  9.556157281900836E-01  9.558700179403709E-01  9.561245781228445E-01
  9.580961892825058E-01  9.583406336917905E-01  9.585830535097706E-01
  9.603773026205348E-01  9.606058122666592E-01  9.608319040387703E-01
  9.624637738314422E-01  9.626780717999218E-01  9.628907679885671E-01
  9.643898775688400E-01  9.645959126551509E-01  9.648016724232541E-01
  9.662013659100755E-01  9.664060531994598E-01  9.666117644379387E-01
  9.679407597993019E-01  9.681497831893369E-01  9.683608061972878E-01
  9.696390857765186E-01  9.698559916038221E-01  9.700754799087826E-01
  9.713142799928924E-01  9.715406171472925E-01  9.717698049777836E-01
  9.729741717858511E-01  9.732101648825150E-01  9.734490883220267E-01
  9.746210215236735E-01  9.748662665845441E-01  9.751144315299651E-01
  9.762551380915875E-01  9.765090190285121E-01  9.767657597259969E-01
  9.778765250055200E-01  9.781383118840455E-01  9.784028416070514E-01
  9.794848718289534E-01  9.797536349037346E-01  9.800249415738491E-01
  9.810788571521636E-01  9.813533603112490E-01  9.816301079316186E-01
  9.826556022174983E-01  9.829342729189129E-01  9.832147937734608E-01
  9.842106296915162E-01  9.844916277473503E-01  9.847740183380082E-01
  9.857383102972749E-01  9.860196887252950E-01  9.863019992154991E-01
  9.872326945023664E-01  9.875126523759771E-01  9.877931668996299E-01
  9.886886857763479E-01  9.889659119921768E-01  9.892435112495555E-01
  9.901034968253735E-01  9.903775676847649E-01  9.906521242004114E-01
  9.914781679760465E-01  9.917499032816171E-01  9.920226025085633E-01
  9.928187217423120E-01  9.930903621112707E-01  9.933638094821614E-01
  9.941364386574320E-01  9.944115152067236E-01  9.946895120091463E-01
  9.954468625128730E-01  9.957297013015699E-01  9.960166585965544E-01
  9.967674829998870E-01  9.970624100676118E-01  9.973625038892284E-01
  9.981145386412414E-01  9.984249978829239E-01  9.987413155547818E-01
  9.994999126362334E-01  9.998278317214030E-01  1.000161866868049E+00
  1.000929470420596E+00  1.001275251120551E+00  1.001627114541642E+00
  1.002404182028329E+00  1.002767598056228E+00  1.003137176883122E+00
  1.003924811155950E+00  1.004306849374183E+00  1.004695861496155E+00
  1.005499830560125E+00  1.005905144114913E+00  1.006319648056021E+00
  1.007154755619059E+00  1.007593998915970E+00  1.008046532521860E+00
  1.008939681166991E+00  1.009430697109246E+00  1.009940970866589E+00
  1.010930995124886E+00  1.011497782056956E+00  1.012090906106223E+00
  1.013223621985607E+00  1.013892378156577E+00  1.014594102752073E+00
  1.015912222328817E+00  1.016704626570714E+00  1.017534057088873E+00
  1.019063561442028E+00  1.019988653984396E+00  1.020950133206173E+00
  1.022686763917540E+00  1.023733863854506E+00  1.024810637453736E+00
  1.026711245604905E+00  1.027846602348330E+00  1.028998829571838E+00
  1.030981404963953E+00  1.032150294464360E+00  1.033318656009657E+00
  1.035271942056053E+00  1.036405968344556E+00  1.037520062740269E+00
  1.039320099194789E+00  1.040347539412697E+00  1.041336538234197E+00
  1.042865193469532E+00  1.043721369985292E+00  1.044523929420103E+00
  1.045684578734555E+00  1.046319775267811E+00  1.046891042019621E+00
  1.047618542873209E+00  1.048002347417090E+00  1.048317333413506E+00
  1.048581880974788E+00  1.048704150286653E+00  1.048757930007556E+00
  1.048563992801371E+00  1.048433328346671E+00  1.048239018823372E+00
  1.047621004240449E+00  1.047261689920028E+00  1.046847109937737E+00
  1.045863092988738E+00  1.045311182379676E+00  1.044714796811359E+00
  1.043439159899867E+00  1.042738135391683E+00  1.042004657954847E+00
  1.040520213741583E+00  1.039716525775071E+00  1.038892482602303E+00
  1.037282648357264E+00  1.036421465399381E+00  1.035551065690811E+00
  1.033892780182511E+00  1.033014338600709E+00  1.032136049227496E+00
  1.030494178049811E+00  1.029631115286351E+00  1.028775303454019E+00
  1.027199141314719E+00  1.026375078280810E+00  1.025562940440924E+00
  1.024085084081329E+00  1.023314512658308E+00  1.022558283395491E+00
  1.021195715524706E+00  1.020485011497474E+00  1.019789217001642E+00
  1.018546054306276E+00  1.017895252839573E+00  1.017258614183085E+00
  1.016129750173379E+00  1.015534642538241E+00  1.014952186163661E+00
  1.013927048026395E+00  1.013381193062916E+00  1.012846186397980E+00
  1.011911990312791E+00  1.011408351065596E+00  1.010913811724327E+00
  1.010057959935138E+00  1.009590025273863E+00  1.009129702128083E+00
  1.008341227507506E+00  1.007903614527212E+00  1.007472465985119E+00
  1.006742631735575E+00  1.006331259326917E+00  1.005925535904622E+00
  1.005247812566590E+00  1.004859781984134E+00  1.004476853534029E+00
  1.003846527200619E+00  1.003479848796627E+00  1.003117911233443E+00
  1.002531548258386E+00  1.002184828945984E+00  1.001842595881768E+00
  1.001297527917455E+00  1.000969696351690E+00  1.000646142205661E+00
  1.000140065320452E+00  9.998301733819959E-01  9.995243573782532E-01
  9.990550773586684E-01  9.987621852100204E-01  9.984731569862012E-01
  9.980384689637913E-01  9.977616004108619E-01  9.974883704150364E-01
  9.970860370557925E-01  9.968241824010547E-01  9.965657333227791E-01
  9.961935193847007E-01  9.959456622578075E-01  9.957009788571889E-01
  9.953567055848511E-01  9.951218551086541E-01  9.948899555892571E-01
  9.945715501069503E-01  9.943487668890713E-01  9.941287262246923E-01
  9.938342536551377E-01  9.936226649033898E-01  9.934136269569298E-01
  9.931413030622973E-01  9.929401070994152E-01  9.927412867502455E-01
  9.924894750399148E-01  9.922979381787145E-01  9.921086167796969E-01
  9.918758163849489E-01  9.916932658217149E-01  9.915127835818457E-01
  9.912976138072883E-01  9.911234295882725E-01  9.909511776549776E-01
  9.907523633033500E-01  9.905859712574014E-01  9.904213850666063E-01
  9.902377445352440E-01  9.900786109174640E-01  9.899211652985929E-01
  9.897516017812023E-01  9.895992295565518E-01  9.894484353740765E-01
  9.892919305480411E-01  9.891458568429424E-01  9.890012586577505E-01
  9.888568679414761E-01  9.887166621306438E-01  9.885778363716071E-01
  9.884446849749494E-01  9.883099470075692E-01  9.881765003091597E-01
  9.880537796208713E-01  9.879241383873746E-01  9.877957059447978E-01
  9.876826701120182E-01  9.875577818173609E-01  9.874340257581234E-01
  9.873299885133676E-01  9.872095351155782E-01  9.870901429591553E-01
  9.869944748207193E-01  9.868781626166280E-01  9.867628459019343E-01
  9.866749718460954E-01  9.865625302632763E-01  9.864510233932762E-01
  9.863704210208888E-01  9.862616016335589E-01  9.861536609440668E-01
  9.860798590827146E-01  9.859744348304362E-01  9.858698378539756E-01
  9.858024154741859E-01  9.857001800360793E-01  9.855987249092906E-01
  9.855373101979432E-01  9.854380774632456E-01  9.853395824176189E-01
  9.852838518414729E-01  9.851874554163349E-01  9.850917582930031E-01
  9.850414354946890E-01  9.849477281905713E-01  9.848546859262083E-01
  9.848095403175553E-01  9.847183935751611E-01  9.846278816148071E-01
  9.845877265630320E-01  9.844990297756808E-01  9.844109413782721E-01
  9.843756319160699E-01  9.842892916270941E-01  9.842035370402333E-01
  9.841729670694468E-01  9.840889060293884E-01  9.840054115211775E-01
  9.839795105196985E-01  9.838976666004153E-01  9.838163733476080E-01
  9.837951026272899E-01  9.837154276010861E-01  9.836362904437593E-01
  9.836196390402668E-01  9.835420972420389E-01  9.834650833246344E-01
  9.834530636254540E-01  9.833776305237836E-01  9.833027178499610E-01
  9.832953610832482E-01  9.832220217917960E-01  9.831491977255125E-01
  9.831465494398747E-01  9.830752972031815E-01  9.830045569506753E-01
  9.830066726144798E-01  9.829375073025394E-01  9.828688524097113E-01
  9.828757932497370E-01  9.828087198938734E-01  9.827421567913055E-01
  9.827539859766264E-01  9.826890133756540E-01  9.826245519996575E-01
  9.826413312599012E-01  9.825784706807531E-01  9.825161231938004E-01
  9.825379099419879E-01  9.824771739335102E-01  9.824169535617389E-01
  9.824437985698098E-01  9.823851999027425E-01  9.823271199024274E-01
  9.823590655515317E-01  9.823026162922674E-01  9.822466890516665E-01
  9.822837681504440E-01  9.822294788712641E-01  9.821757151493612E-01
  9.822179502863648E-01  9.821658294108250E-01  9.821142377104847E-01
  9.821616410866167E-01  9.821116943659478E-01  9.820622804361994E-01
  9.821148541127097E-01  9.820670842279050E-01  9.820198506888560E-01
  9.820775871814150E-01  9.820319934663849E-01  9.819869395509360E-01
  9.820498226884765E-01  9.820064009722879E-01  9.819635223814605E-01
  9.820315283150264E-01  9.819902708853692E-01  9.819495597583708E-01
  9.820226579452557E-01  9.819835536397954E-01  9.819449986449359E-01
  9.820231525651358E-01  9.819861870006996E-01  9.819497735574442E-01
  9.820329408862206E-01  9.819980968362890E-01  9.819638074804338E-01
  9.820519394938630E-01  9.820191974219120E-01  9.819870123242189E-01
  9.820800524781893E-01  9.820493912283647E-01  9.820192888721716E-01
  9.821171707377534E-01  9.820885683754063E-01  9.820605263910033E-01
  9.821631713664215E-01  9.821366061479329E-01  9.821106022897511E-01
  9.822179176455447E-01  9.821933690780987E-01  9.821693823130097E-01
  9.822812600912821E-01  9.822587100218810E-01  9.822367216750242E-01
  9.823530387252233E-01  9.823324723853888E-01  9.823124672736424E-01
  9.824330863172704E-01  9.824144932593192E-01  9.823964607452984E-01
  9.825212320317311E-01  9.825046069300259E-01  9.824885418586999E-01
  9.826173050123495E-01  9.826026483633825E-01  9.825885518967058E-01
  9.827211380526374E-01  9.827084568765133E-01  9.826963373074883E-01
  9.828325723011918E-01  9.828218809890086E-01  9.828117546621314E-01
  9.829514646265038E-01  9.829427860391410E-01  9.829346784715065E-01
  9.830776997430627E-01  9.830710665362203E-01  9.830650137034904E-01
  9.832112061255960E-01  9.832066621812706E-01  9.832027118330260E-01
  9.833518528489780E-01  9.833494553996198E-01  9.833476689962688E-01
  9.834976182671287E-01  9.834974525036109E-01  9.834979198909783E-01
