  7.521579784072915E+00  7.511054667653142E+00  7.500519467651962E+00

  9.834924309549864E-01  9.834923546793105E-01  9.834929129071990E-01
  9.833476415338170E-01  9.833453211384049E-01  9.833436128606433E-01
  9.832083447405116E-01  9.832038649591525E-01  9.831999794736492E-01
  9.834951379335780E-01  9.834950080110796E-01  9.834955118483774E-01
  9.833500118362392E-01  9.833476433801389E-01  9.833458864171605E-01
  9.832101205773112E-01  9.832055990554128E-01  9.832016713914536E-01
  9.834976182671287E-01  9.834974525036109E-01  9.834979198909783E-01
  9.833518528489780E-01  9.833494553996198E-01  9.833476689962688E-01
  9.832112061255960E-01  9.832066621812706E-01  9.832027118330260E-01
  9.834976182671287E-01  9.834974525036109E-01  9.834979198909783E-01
  9.833518528489780E-01  9.833494553996198E-01  9.833476689962688E-01
  9.832112061255960E-01  9.832066621812706E-01  9.832027118330260E-01
  9.834951379335780E-01  9.834950080110796E-01  9.834955118483774E-01
  9.833500118362392E-01  9.833476433801389E-01  9.833458864171605E-01
  9.832101205773112E-01  9.832055990554128E-01  9.832016713914536E-01
  9.834924309549864E-01  9.834923546793105E-01  9.834929129071990E-01
  9.833476415338170E-01  9.833453211384049E-01  9.833436128606433E-01
  9.832083447405116E-01  9.832038649591525E-01  9.831999794736492E-01
  9.834898511903574E-01  9.834898426933957E-01  9.834904694931592E-01
  9.833451438046470E-01  9.833428869530817E-01  9.833412429274890E-01
  9.832062017226272E-01  9.832017802271350E-01  9.831979535661229E-01
  9.834874642977647E-01  9.834875361165818E-01  9.834882440549617E-01
  9.833426670199600E-01  9.833404872792793E-01  9.833389211162485E-01
  9.832038762580219E-01  9.831995276812394E-01  9.831957745316058E-01
  9.834852734069339E-01  9.834854372429926E-01  9.834862380561095E-01
  9.833402665442308E-01  9.833381763489836E-01  9.833367005137145E-01
  9.832014676339660E-01  9.831972052919671E-01  9.831935389999599E-01
  9.834832660127315E-01  9.834835330602006E-01  9.834844379941572E-01
  9.833379605295858E-01  9.833359715753424E-01  9.833345977979555E-01
  9.831990282833728E-01  9.831948645556776E-01  9.831912975242794E-01
  9.834814272184090E-01  9.834818083635498E-01  9.834828283802864E-01
  9.833357521452873E-01  9.833338756291788E-01  9.833326151558880E-01
  9.831965856094468E-01  9.831925321972149E-01  9.831890761571290E-01
  9.834797435895437E-01  9.834802495607937E-01  9.834813954911006E-01
  9.833336388278808E-01  9.833318856241254E-01  9.833307493994374E-01
  9.831941537542707E-01  9.831902218755224E-01  9.831868880895476E-01
  9.834782042225479E-01  9.834788457137309E-01  9.834801283806333E-01
  9.833316163352930E-01  9.833299971381558E-01  9.833289959512466E-01
  9.831917399853028E-01  9.831879405356725E-01  9.831847399652537E-01
  9.834768009954227E-01  9.834775887671757E-01  9.834790190854469E-01
  9.833296806510031E-01  9.833282060952444E-01  9.833273507010925E-01
  9.831893482761432E-01  9.831856919659034E-01  9.831826354108937E-01
  9.834755285972909E-01  9.834764735566055E-01  9.834780626090655E-01
  9.833278289591827E-01  9.833265097192835E-01  9.833258109365125E-01
  9.831869814044217E-01  9.831834788738899E-01  9.831805770881699E-01
  9.834743844872296E-01  9.834754977452422E-01  9.834772568367353E-01
  9.833260601743651E-01  9.833249070419960E-01  9.833243758276681E-01
  9.831846422257774E-01  9.831813041385287E-01  9.831785679216466E-01
  9.834733688065017E-01  9.834746617165600E-01  9.834766024082497E-01
  9.833243752187595E-01  9.833233991591235E-01  9.833230466618547E-01
  9.831823344533098E-01  9.831791715671655E-01  9.831766118327617E-01
  9.834724842492714E-01  9.834739684288293E-01  9.834761025567651E-01
  9.833227771361147E-01  9.833219893255473E-01  9.833218269199191E-01
  9.831800631180867E-01  9.831770863355092E-01  9.831747141588558E-01
  9.834717359031605E-01  9.834734232436833E-01  9.834757629260034E-01
  9.833212710963121E-01  9.833206829447555E-01  9.833207222510071E-01
  9.831778348162883E-01  9.831750552173439E-01  9.831728818656573E-01
  9.834711310758389E-01  9.834730337447500E-01  9.834755913815735E-01
  9.833198643309728E-01  9.833194874933844E-01  9.833197403866158E-01
  9.831756578143130E-01  9.831730866761952E-01  9.831711236259891E-01
  9.834706791221578E-01  9.834728095602620E-01  9.834755978296116E-01
  9.833185660306427E-01  9.833184124111962E-01  9.833188910239513E-01
  9.831735420630997E-01  9.831711908703067E-01  9.831694498159732E-01
  9.834703912824316E-01  9.834727621994476E-01  9.834757940517015E-01
  9.833173872255528E-01  9.833174689778903E-01  9.833181856992868E-01
  9.831714991583116E-01  9.831693796071431E-01  9.831678724643826E-01
  9.834702805368468E-01  9.834729049068799E-01  9.834761935594234E-01
  9.833163406643299E-01  9.833166701903466E-01  9.833176376641071E-01
  9.831695422719947E-01  9.831676662723147E-01  9.831664051792572E-01
  9.834703614792958E-01  9.834732525373754E-01  9.834768114704436E-01
  9.833154406997471E-01  9.833160306486302E-01  9.833172617715922E-01
  9.831676860726941E-01  9.831660657491257E-01  9.831650630671813E-01
  9.834706502103999E-01  9.834738214506462E-01  9.834776644048033E-01
  9.833147031863257E-01  9.833155664549043E-01  9.833170743769435E-01
  9.831659466448940E-01  9.831645943388995E-01  9.831638626546658E-01
  9.834711642489911E-01  9.834746294245624E-01  9.834787703998821E-01
  9.833141453921077E-01  9.833152951270491E-01  9.833170932528461E-01
  9.831643414142560E-01  9.831632696879633E-01  9.831628218169435E-01
  9.834719224602592E-01  9.834756955849430E-01  9.834801488416813E-01
  9.833137859251685E-01  9.833152355271692E-01  9.833173375198850E-01
  9.831628890821911E-01  9.831621107243733E-01  9.831619597168237E-01
  9.834729449990725E-01  9.834770403501930E-01  9.834818204105802E-01
  9.833136446743744E-01  9.833154078042302E-01  9.833178275909119E-01
  9.831616095713048E-01  9.831611376056074E-01  9.831612967545358E-01
  9.834742532656440E-01  9.834786853878453E-01  9.834838070385131E-01
  9.833137427631010E-01  9.833158333493796E-01  9.833185851277604E-01
  9.831605239819236E-01  9.831603716772346E-01  9.831608545283816E-01
  9.834758698719487E-01  9.834806535813506E-01  9.834861318758649E-01
  9.833141025142498E-01  9.833165347621878E-01  9.833196330084710E-01
  9.831596545589394E-01  9.831598354416711E-01  9.831606558051957E-01
  9.834778186162955E-01  9.834829690044918E-01  9.834888192654350E-01
  9.833147474247487E-01  9.833175358259272E-01  9.833209953030707E-01
  9.831590246678688E-01  9.831595525358097E-01  9.831607244993125E-01
  9.834801244642882E-01  9.834856569016177E-01  9.834918947216450E-01
  9.833157021478240E-01  9.833188614900805E-01  9.833226972560377E-01
  9.831586587789879E-01  9.831595477162526E-01  9.831610856586468E-01
  9.834828135342916E-01  9.834887436717566E-01  9.834953849129967E-01
  9.833169924817429E-01  9.833205378586948E-01  9.833247652739674E-01
  9.831585824588697E-01  9.831598468513363E-01  9.831617654569521E-01
  9.834859130863760E-01  9.834922568555365E-01  9.834993176466618E-01
  9.833186453640790E-01  9.833225921835810E-01  9.833272269173888E-01
  9.831588223688456E-01  9.831604769194529E-01  9.831627911916985E-01
  9.834894515131488E-01  9.834962251233128E-01  9.835037218535870E-01
  9.833206888702219E-01  9.833250528611752E-01  9.833301108956084E-01
  9.831594062693119E-01  9.831614660127584E-01  9.831641912868021E-01
  9.834934583315249E-01  9.835006782636598E-01  9.835086275733621E-01
  9.833231522142305E-01  9.833279494313419E-01  9.833334470630353E-01
  9.831603630274690E-01  9.831628433441362E-01  9.831659952983485E-01
  9.834979641730499E-01  9.835056471699676E-01  9.835140659367202E-01
  9.833260657491232E-01  9.833313125752906E-01  9.833372664142906E-01
  9.831617226250435E-01  9.831646392540093E-01  9.831682339200331E-01
  9.835030007701857E-01  9.835111638225510E-01  9.835200691431414E-01
  9.833294609642551E-01  9.833351741099823E-01  9.833416010752898E-01
  9.831635161638176E-01  9.831668852142820E-01  9.831709389851880E-01
  9.835086009374170E-01  9.835172612648476E-01  9.835266704319060E-01
  9.833333704799500E-01  9.833395669785123E-01  9.833464842891728E-01
  9.831657758708618E-01  9.831696138302467E-01  9.831741434652410E-01
  9.835147985470254E-01  9.835239735730547E-01  9.835339040454946E-01
  9.833378280425793E-01  9.833445252390683E-01  9.833519503990176E-01
  9.831685351097563E-01  9.831728588460235E-01  9.831778814692819E-01
  9.835216285019861E-01  9.835313358214136E-01  9.835418051872035E-01
  9.833428685237364E-01  9.833500840564241E-01  9.833580348313673E-01
  9.831718284030694E-01  9.831766551596660E-01  9.831821882513435E-01
  9.835291267077618E-01  9.835393840454706E-01  9.835504099756723E-01
  9.833485279214557E-01  9.833562796956048E-01  9.833647740816457E-01
  9.831756914607259E-01  9.831810388453774E-01  9.831871002253275E-01
  9.835373300380559E-01  9.835481551998482E-01  9.835597553942043E-01
  9.833548433505268E-01  9.833631495070080E-01  9.833722056930240E-01
  9.831801611930477E-01  9.831860471646537E-01  9.831926549726473E-01
  9.835462762839398E-01  9.835576871013999E-01  9.835698792273452E-01
  9.833618530022955E-01  9.833707318839027E-01  9.833803682107706E-01
  9.831852756804089E-01  9.831917185379865E-01  9.831988912149106E-01
  9.835560040714650E-01  9.835680183425942E-01  9.835808199698191E-01
  9.833695960624675E-01  9.833790661774690E-01  9.833893010947857E-01
  9.831910740905011E-01  9.831980924617295E-01  9.832058487311309E-01
  9.835665527446982E-01  9.835791881688741E-01  9.835926166989880E-01
  9.833781126036785E-01  9.833881925793631E-01  9.833990445939876E-01
  9.831975965797117E-01  9.832052093962188E-01  9.832135682354882E-01
  9.835779622331293E-01  9.835912363340096E-01  9.836053089200425E-01
  9.833874435019450E-01  9.833981520154783E-01  9.834096396199627E-01
  9.832048842580862E-01  9.832131106984675E-01  9.832220912810820E-01
  9.835902729423309E-01  9.836042029697080E-01  9.836189364167032E-01
  9.833976304308105E-01  9.834089861077369E-01  9.834211276775405E-01
  9.832129792878253E-01  9.832218386778089E-01  9.832314602729281E-01
  9.836035257013596E-01  9.836181285075729E-01  9.836335391483864E-01
  9.834087159363443E-01  9.834207372223013E-01  9.834335508835703E-01
  9.832219250905130E-01  9.832314367754512E-01  9.832417186139522E-01
  9.836177617521215E-01  9.836330536516117E-01  9.836491572035833E-01
  9.834207434980532E-01  9.834334485307494E-01  9.834469520217527E-01
  9.832317664892716E-01  9.832419497243795E-01  9.832529108716479E-01
  9.836330226932182E-01  9.836490193288369E-01  9.836658307525064E-01
  9.834337573979397E-01  9.834471639178866E-01  9.834613744822782E-01
  9.832425495165816E-01  9.832534234287719E-01  9.832650827197320E-01
  9.836493502452639E-01  9.836660664893555E-01  9.836835998780693E-01
  9.834478022423856E-01  9.834619275645393E-01  9.834768619048628E-01
  9.832543207065365E-01  9.832659043451569E-01  9.832782804104285E-01
  9.836667857467851E-01  9.836842356474840E-01  9.837025041640634E-01
  9.834629221622621E-01  9.834777831827221E-01  9.834934574600998E-01
  9.832671260073157E-01  9.832794384226438E-01  9.832925497625736E-01
  9.836853694468382E-01  9.837035661912880E-01  9.837225820325201E-01
  9.834791600026084E-01  9.834947731557528E-01  9.835112029621953E-01
  9.832810098677656E-01  9.832940700764263E-01  9.833079350554368E-01
  9.837051398713076E-01  9.837240956963477E-01  9.837438700230894E-01
  9.834965570355382E-01  9.835129380879926E-01  9.835301382792797E-01
  9.832960152913177E-01  9.833098419694887E-01  9.833244785677384E-01
  9.837261336755634E-01  9.837458596428857E-01  9.837664023920670E-01
  9.835151536869281E-01  9.835323172919975E-01  9.835503015913839E-01
  9.833121854362680E-01  9.833267962682603E-01  9.833422214923413E-01
  9.837483863157730E-01  9.837688919056610E-01  9.837902114265900E-01
  9.835349913684093E-01  9.835529504105631E-01  9.835717307879336E-01
  9.833295666250575E-01  9.833449774096615E-01  9.833612064263290E-01
  9.837719335410414E-01  9.837932261025777E-01  9.838153286363409E-01
  9.835561148827210E-01  9.835748797711882E-01  9.835944657326893E-01
  9.833482117043836E-01  9.833644354981740E-01  9.833814807408754E-01
  9.837968132433385E-01  9.838188974323649E-01  9.838417865487349E-01
  9.835785743510298E-01  9.835981524994991E-01  9.836185505169867E-01
  9.833681821110268E-01  9.833852287529682E-01  9.834030993464941E-01
  9.838230668536460E-01  9.838459442387341E-01  9.838696204069463E-01
  9.836024255471775E-01  9.836228212426230E-01  9.836440345430438E-01
  9.833895472077414E-01  9.834074234545821E-01  9.834261252251371E-01
  9.838507394741894E-01  9.838744084566488E-01  9.838988689100550E-01
  9.836277280548276E-01  9.836489427707066E-01  9.836709715769301E-01
  9.834123805090620E-01  9.834310907497802E-01  9.834506268474648E-01
  9.838798783598960E-01  9.839043344409476E-01  9.839295733954710E-01
  9.836545415834230E-01  9.836765745988560E-01  9.836994167208456E-01
  9.834367538409802E-01  9.834563010817630E-01  9.834766729553657E-01
  9.839105300356075E-01  9.839357663239418E-01  9.839617754699832E-01
  9.836829216194585E-01  9.837057706694657E-01  9.837294221887531E-01
  9.834627315024160E-01  9.834831181768652E-01  9.835043264657648E-01
  9.839427369258127E-01  9.839687446837796E-01  9.839955137618762E-01
  9.837129158882046E-01  9.837365775671990E-01  9.837610333251585E-01
  9.834903665203789E-01  9.835115947660675E-01  9.835336397153460E-01
  9.839765345675198E-01  9.840033035942668E-01  9.840308208441321E-01
  9.837445626875483E-01  9.837690324605672E-01  9.837942861703745E-01
  9.835197000759105E-01  9.835417713826669E-01  9.835646526261760E-01
  9.840119501792953E-01  9.840394689221819E-01  9.840677212720819E-01
  9.837778912650278E-01  9.838031631334149E-01  9.838292071242926E-01
  9.835507636880592E-01  9.835736781172839E-01  9.835973939755402E-01
  9.840490027367065E-01  9.840772581556023E-01  9.841062311499328E-01
  9.838129235350476E-01  9.838389895505022E-01  9.838658143165447E-01
  9.835835825998727E-01  9.836073379390100E-01  9.836318845788896E-01
  9.840877040992727E-01  9.841166814113489E-01  9.841463589882757E-01
  9.838496760255522E-01  9.838765258780366E-01  9.839041196606579E-01
  9.836181785851372E-01  9.836427697643336E-01  9.836681405701551E-01
  9.841280604367770E-01  9.841577428954607E-01  9.841881071693562E-01
  9.838881611428928E-01  9.839157819660339E-01  9.839441305358876E-01
  9.836545710837654E-01  9.836799899923736E-01  9.837061753295980E-01
  9.841700733120117E-01  9.842004421239604E-01  9.842314732902688E-01
  9.839283874372139E-01  9.839567638441709E-01  9.839858505205910E-01
  9.836927766584356E-01  9.837190122857118E-01  9.837459996185478E-01
  9.842137401511077E-01  9.842447745505846E-01  9.842764509489029E-01
  9.839703591433361E-01  9.839994734060774E-01  9.840292792407248E-01
  9.837328075882433E-01  9.837598462944486E-01  9.837876204752192E-01
  9.842590542245776E-01  9.842907316564949E-01  9.843230299529711E-01
  9.840140755516048E-01  9.840439078120132E-01  9.840744118230210E-01
  9.837746705948018E-01  9.838024963363586E-01  9.838310398764711E-01
  9.843060044639558E-01  9.843383008049341E-01  9.843711962233024E-01
  9.840595306652360E-01  9.840900591085951E-01  9.841212384834331E-01
  9.838183663011197E-01  9.838469607397304E-01  9.838762539674283E-01
  9.843545754076634E-01  9.843874651753359E-01  9.844209317200503E-01
  9.841067132927881E-01  9.841379142783889E-01  9.841697445276323E-01
  9.838638894361504E-01  9.838932319706140E-01  9.839232530956473E-01
  9.844047473944549E-01  9.844382039328727E-01  9.844722145846250E-01
  9.841556074461010E-01  9.841874556316943E-01  9.842199107247612E-01
  9.839112294086521E-01  9.839412972160151E-01  9.839720223838506E-01
  9.844564969509823E-01  9.844904926072294E-01  9.845250195021011E-01
  9.842061928146392E-01  9.842386613141427E-01  9.842717138383587E-01
  9.839603708417002E-01  9.839911389932583E-01  9.840225424020427E-01
  9.845097972464849E-01  9.845443035586603E-01  9.845793181717137E-01
  9.842584451604289E-01  9.842915057499946E-01  9.843251271135691E-01
  9.840112938788703E-01  9.840427355427219E-01  9.840747896450593E-01
  9.845646185157242E-01  9.845996064208317E-01  9.846350797657375E-01
  9.843123366141825E-01  9.843459599751673E-01  9.843801206468380E-01
  9.840639743205549E-01  9.840960610201612E-01  9.841287367846310E-01
  9.846209284236223E-01  9.846563684792983E-01  9.846922713206340E-01
  9.843678359434334E-01  9.844019919192217E-01  9.844366616823057E-01
  9.841183837602669E-01  9.841510856492507E-01  9.841843528408086E-01
  9.846786924002079E-01  9.847145550068634E-01  9.847508580726225E-01
  9.844249088683644E-01  9.844595667166740E-01  9.844947149174753E-01
  9.841744898473413E-01  9.842077759772548E-01  9.842416034288194E-01
  9.847378739835153E-01  9.847741295951724E-01  9.848108037772858E-01
  9.844835184506693E-01  9.845186470843074E-01  9.845542428659079E-01
  9.842322566920382E-01  9.842660952708995E-01  9.843004511403934E-01
  9.847984351850252E-01  9.848350545031275E-01  9.848720710394963E-01
  9.845436255306819E-01  9.845791937475445E-01  9.846152062691751E-01
  9.842916453498877E-01  9.843260039991064E-01  9.843608560190268E-01
  9.848603368665115E-01  9.848972910158600E-01  9.849346216528597E-01
  9.846051891708905E-01  9.846411658747818E-01  9.846775645191553E-01
  9.843526143130578E-01  9.843874603271089E-01  9.844227760526703E-01
  9.849235391054704E-01  9.849607997927552E-01  9.849984169292079E-01
  9.846681670774481E-01  9.847045214878366E-01  9.847412760558790E-01
  9.844151199737352E-01  9.844504205784750E-01  9.844861676323016E-01
  9.849880015326328E-01  9.850255411869495E-01  9.850634179997649E-01
  9.847325159928074E-01  9.847692178385703E-01  9.848062987275893E-01
  9.844791170627207E-01  9.845148396629628E-01  9.845509859680568E-01
  9.850536836355710E-01  9.850914755290745E-01  9.851295860793896E-01
  9.847981920642438E-01  9.848352117562096E-01  9.848725901167453E-01
  9.845445590785654E-01  9.845806714860748E-01  9.846171854783695E-01
  9.851205450294988E-01  9.851585633763391E-01  9.851968826946589E-01
  9.848651511912315E-01  9.849024599703313E-01  9.849401078386156E-01
  9.846113987122549E-01  9.846478693492139E-01  9.846847201646156E-01
  9.851885456974543E-01  9.852267657302305E-01  9.852652698799613E-01
  9.849333493478862E-01  9.849709194080085E-01  9.850088098133082E-01
  9.846795882575905E-01  9.847163863340563E-01  9.847535439686597E-01
  9.852576461993959E-01  9.852960442236621E-01  9.853347103436948E-01
  9.850027428726890E-01  9.850405474586494E-01  9.850786545062529E-01
  9.847490799915941E-01  9.847861756567882E-01  9.848236111006856E-01
  9.853278078472738E-01  9.853663612754663E-01  9.854051676033323E-01
  9.850732887189766E-01  9.851113022003452E-01  9.851496011313627E-01
  9.848198265135935E-01  9.848571909806861E-01  9.848948763257340E-01
  9.853989928453762E-01  9.854376802118352E-01  9.854766060892927E-01
  9.851449446639857E-01  9.851831425855637E-01  9.852216098146752E-01
  9.848917810390789E-01  9.849293866829062E-01  9.849672952044342E-01
  9.854711643957800E-01  9.855099653546229E-01  9.855489912175422E-01
  9.852176694773308E-01  9.852560285873495E-01  9.852946417197730E-01
  9.849648976489312E-01  9.850027180765930E-01  9.850408242893184E-01
  9.855442867711979E-01  9.855831820789017E-01  9.856222894333470E-01
  9.852914230509557E-01  9.853299213086155E-01  9.853686591379959E-01
  9.850391314952457E-01  9.850771415905539E-01  9.851154212798336E-01
  9.856183253584925E-01  9.856572968432296E-01  9.856964682297523E-01
  9.853661664926465E-01  9.854047830571485E-01  9.854436255465443E-01
  9.851144389642198E-01  9.851526149079142E-01  9.851910451383726E-01
  9.856932466755154E-01  9.857322771954563E-01  9.857714961437376E-01
  9.854418621850782E-01  9.854805773886186E-01  9.855195056370532E-01
  9.851907777963989E-01  9.852290970645831E-01  9.852676561686847E-01
  9.857690183645144E-01  9.858080917573617E-01  9.858473427333818E-01
  9.855184738130051E-01  9.855572691202905E-01  9.855962653174026E-01
  9.852681071659893E-01  9.853065485094429E-01  9.853452160587278E-01
  9.858456091652872E-01  9.858847101912442E-01  9.859239785390751E-01
  9.855959663619793E-01  9.856348243187988E-01  9.856738716900542E-01
  9.853463877223432E-01  9.853849311294244E-01  9.854236878911304E-01
  9.859229888711262E-01  9.859621031513672E-01  9.860013750315427E-01
  9.856743060924873E-01  9.857132102658042E-01  9.857522930106286E-01
  9.854255815977676E-01  9.854642082436939E-01  9.855030361254723E-01
  9.860011282716634E-01  9.860402422242180E-01  9.860795045504498E-01
  9.857534604936847E-01  9.857923954056376E-01  9.858314986307188E-01
  9.855056523861808E-01  9.855443445714983E-01  9.855832265569321E-01
  9.860799990853693E-01  9.861190998601584E-01  9.861583402360034E-01
  9.858333982206348E-01  9.858723492787000E-01  9.859114589285640E-01
  9.855865650970365E-01  9.856253061780650E-01  9.856642262556230E-01
  9.861595738853250E-01  9.861986492999014E-01  9.862378559567845E-01
  9.859140890189714E-01  9.859530424443661E-01  9.859921452311476E-01
  9.856682860889667E-01  9.857070604028568E-01  9.857460034907697E-01
  9.862398260213729E-01  9.862788644987097E-01  9.863180262365083E-01
  9.859955036407022E-01  9.860344463968768E-01  9.860735297309793E-01
  9.857507829875896E-01  9.857895757744168E-01  9.858285276437314E-01
  9.863207295404596E-01  9.863597200499157E-01  9.863988261811015E-01
  9.860776137544446E-01  9.861165334772783E-01  9.861555854003755E-01
  9.858340245917755E-01  9.858728219158522E-01  9.859117691136705E-01
  9.864022591086476E-01  9.864411911110209E-01  9.864802314091472E-01
  9.861603918534905E-01  9.861992767845511E-01  9.862382859061463E-01
  9.859179807724709E-01  9.859567694447852E-01  9.859956992194213E-01
  9.864843899360051E-01  9.865232533333668E-01  9.865622179864786E-01
  9.862438111643942E-01  9.862826500883755E-01  9.863216055268820E-01
  9.860026223678633E-01  9.860413898712858E-01  9.860802901008084E-01
  9.865670977065663E-01  9.866058827973757E-01  9.866447623667394E-01
  9.863278455586271E-01  9.863666277458417E-01  9.864055190749316E-01
  9.860879210782146E-01  9.861266554968362E-01  9.861655146221976E-01
  9.866503585145388E-01  9.866890559543444E-01  9.867278413387112E-01
  9.864124694693379E-01  9.864511846239082E-01  9.864900018246526E-01
  9.861738493632931E-01  9.862125393169880E-01  9.862513462806733E-01
  9.867341488079657E-01  9.867727495758334E-01  9.868114319812978E-01
  9.864976578148738E-01  9.865362960290498E-01  9.865750294481683E-01
  9.862603803448453E-01  9.862990149298779E-01  9.863377591207646E-01
  9.868184453401923E-01  9.868569407108404E-01  9.868955116262096E-01
  9.865833859303554E-01  9.866219376451815E-01  9.866605779595350E-01
  9.863474877161531E-01  9.863860564524013E-01  9.864247276572692E-01
  9.869032251303196E-01  9.869416066518115E-01  9.869800578292794E-01
  9.866696295083360E-01  9.867080854807063E-01  9.867466236679914E-01
  9.864351456603144E-01  9.864736384454336E-01  9.865122268073474E-01
  9.869884654320427E-01  9.870267249087610E-01  9.870650483495760E-01
  9.867563645490591E-01  9.867947158250417E-01  9.868331431405027E-01
  9.865233287784290E-01  9.865617358490811E-01  9.866002318326709E-01
  9.870741437112504E-01  9.871122731917892E-01  9.871504611365128E-01
  9.868435673206420E-01  9.868818052148179E-01  9.869201131736697E-01
  9.866120120285383E-01  9.866503239286253E-01  9.866887182921259E-01
  9.871602376320804E-01  9.871982294016064E-01  9.872362743245048E-01
  9.869312143292336E-01  9.869693304096768E-01  9.870075107748282E-01
  9.867011706756762E-01  9.867393782313522E-01  9.867776620051172E-01
  9.872467250510032E-01  9.872845716275856E-01  9.873224662346335E-01
  9.870192822988120E-01  9.870572683772481E-01  9.870953131518350E-01
  9.867907802531455E-01  9.868288745542492E-01  9.868670390253285E-01
  9.873335840177919E-01  9.873712781521519E-01  9.874090153821079E-01
  9.871077481601630E-01  9.871455962867604E-01  9.871834977109312E-01
  9.868808165348349E-01  9.869187889222556E-01  9.869568256245190E-01
  9.874207927836561E-01  9.874583274617641E-01  9.874959004897487E-01
  9.871965890485052E-01  9.872342915107057E-01  9.872720420620561E-01
  9.869712555181424E-01  9.870090975765489E-01  9.870469982857616E-01
  9.875083298146695E-01  9.875456982626065E-01  9.875831005056133E-01
  9.872857823088316E-01  9.873233316335865E-01  9.873609240306175E-01
  9.870620734168480E-01  9.870997769721436E-01  9.871375337053464E-01
  9.875961738103860E-01  9.876333695008885E-01  9.876705946246713E-01
  9.873753055081540E-01  9.874126944669191E-01  9.874501216748856E-01
  9.871532466630608E-01  9.871908037838804E-01  9.872284088023920E-01
  9.876843037259607E-01  9.877213203860923E-01  9.877583623128946E-01
  9.874651364535136E-01  9.875023580693590E-01  9.875396133078780E-01
  9.872447519172627E-01  9.872821549198049E-01  9.873196007351441E-01
  9.877726987975360E-01  9.878095304169461E-01  9.878463833335636E-01
  9.875552532148518E-01  9.875923007710431E-01  9.876293775228545E-01
  9.873365660853296E-01  9.873738075407973E-01  9.874110869228256E-01
  9.878613385694406E-01  9.878979794087173E-01  9.879346377744355E-01
  9.876456341515379E-01  9.876825012009878E-01  9.877193932212871E-01
  9.874286663413836E-01  9.874657390853269E-01  9.875028450719228E-01
  9.879502029225046E-01  9.879866475211713E-01  9.880231060751610E-01
  9.877362579415357E-01  9.877729383165498E-01  9.878096396423608E-01
  9.875210301552488E-01  9.875579272981215E-01  9.875948532057344E-01
  9.880392721024526E-01  9.880755152862144E-01  9.881117690540280E-01
  9.878271036120930E-01  9.878635914338945E-01  9.879000963929985E-01
  9.876136353232838E-01  9.876503502615671E-01  9.876870896960377E-01
  9.881285267478008E-01  9.881645636346972E-01  9.882006079335609E-01
  9.879181505710102E-01  9.879544402585737E-01  9.879907434775694E-01
  9.877064600013922E-01  9.877429864286851E-01  9.877795332957758E-01
  9.882179479162326E-01  9.882537739214240E-01  9.882896043640862E-01
  9.880093786374475E-01  9.880454649152457E-01  9.880815613263804E-01
  9.877994827390681E-01  9.878358146566038E-01  9.878721631717372E-01
  9.883075171089875E-01  9.883431279479574E-01  9.883787404449151E-01
  9.881007680715447E-01  9.881366459758661E-01  9.881725308223425E-01
  9.878926825133830E-01  9.879288142394993E-01  9.879649589362811E-01
  9.883972162929473E-01  9.884326079829674E-01  9.884679987429447E-01
  9.881922996020075E-01  9.882279644855894E-01  9.882636333251235E-01
  9.879860387619145E-01  9.880219649400829E-01  9.880579006772534E-01
  9.884870279192538E-01  9.885221967790254E-01  9.885573623076512E-01
  9.882839544509869E-01  9.883194019857665E-01  9.883548506922447E-01
  9.880795314137248E-01  9.881152470188155E-01  9.881509689853576E-01
  9.885769349391043E-01  9.886118775865408E-01  9.886468146832148E-01
  9.883757143558357E-01  9.884109405336952E-01  9.884461652968356E-01
  9.881731409176421E-01  9.882086412601807E-01  9.882441449783742E-01
  9.886669208157303E-01  9.887016341639011E-01  9.887363399168956E-01
  9.884675615872451E-01  9.885025627186912E-01  9.885375600416827E-01
  9.882668482671777E-01  9.883021289954218E-01  9.883374103217218E-01
  9.887569695326973E-01  9.887914507840027E-01  9.888259225638808E-01
  9.885594789635037E-01  9.885942516742865E-01  9.886290183694361E-01
  9.883606350216563E-01  9.883956921214079E-01  9.884307472450859E-01
  9.888470655989575E-01  9.888813122376464E-01  9.889155476891298E-01
  9.886514498608102E-01  9.886859910865419E-01  9.887205242690150E-01
  9.884544833231261E-01  9.884893131152582E-01  9.885241385548257E-01
  9.889371940497099E-01  9.889712038328882E-01  9.890052008653292E-01
  9.887434582193867E-01  9.887777651982744E-01  9.888120622780565E-01
  9.885483759088565E-01  9.885829750446031E-01  9.886175676420870E-01
  9.890273404443601E-01  9.890611113916637E-01  9.890948681683036E-01
  9.888354885456687E-01  9.888695588095086E-01  9.889036174817537E-01
  9.886422961193038E-01  9.886766615734125E-01  9.887110184866114E-01
  9.891174908610023E-01  9.891510212431328E-01  9.891845361693444E-01
  9.889275259105863E-01  9.889613572742071E-01  9.889951755081651E-01
  9.887362279016212E-01  9.887703569635224E-01  9.888044756564044E-01
  9.892076318880463E-01  9.892409202143748E-01  9.892741919250967E-01
  9.890195559442315E-01  9.890531464935988E-01  9.890867225203409E-01
  9.888301558088385E-01  9.888640460720236E-01  9.888979243034766E-01
  9.892977506133436E-01  9.893307956188024E-01  9.893638229653774E-01
  9.891115648272130E-01  9.891449129064243E-01  9.891782452055918E-01
  9.889240649949503E-01  9.889577143447902E-01  9.889913501559568E-01
  9.893878346109114E-01  9.894206352423842E-01  9.894534172790074E-01
  9.892035392790157E-01  9.892366434764285E-01  9.892697307622474E-01
  9.890179412061963E-01  9.890513478064492E-01  9.890847395069016E-01
  9.894778719259405E-01  9.895104273283695E-01  9.895429632983533E-01
  9.892954665437862E-01  9.893283256775168E-01  9.893611668843072E-01
  9.891117707689633E-01  9.891449330472315E-01  9.891780792002398E-01
  9.895678510582647E-01  9.896001605606667E-01  9.896324498827058E-01
  9.893873343739790E-01  9.894199474770078E-01  9.894525417444157E-01
  9.892055405747066E-01  9.892384572071077E-01  9.892713566142621E-01
  9.896577609448388E-01  9.896898240464178E-01  9.897218663010278E-01
  9.894791310122943E-01  9.895114973174045E-01  9.895438439755685E-01
  9.892992380624056E-01  9.893319079577192E-01  9.893645596431596E-01
  9.897475909412126E-01  9.897794072977312E-01  9.898112022140126E-01
  9.895708451722471E-01  9.896029640970044E-01  9.896350626518545E-01
  9.893928511989655E-01  9.894252734825173E-01  9.894576766770126E-01
  9.898373308029506E-01  9.898689002135130E-01  9.899004476563757E-01
  9.896624660179391E-01  9.896943371499064E-01  9.897261872687733E-01
  9.894863684580935E-01  9.895185424556063E-01  9.895506965807089E-01
  9.899269706668570E-01  9.899582930612189E-01  9.899895930191742E-01
  9.897539831432860E-01  9.897856062256379E-01  9.898172077233227E-01
  9.895797787980772E-01  9.896117040197121E-01  9.896436086721873E-01
  9.900165010321764E-01  9.900475764586875E-01  9.900786290322997E-01
  9.898453865510818E-01  9.898767614687611E-01  9.899081142941952E-01
  9.896730716389424E-01  9.897047477637138E-01  9.897364027004182E-01
  9.901059127427341E-01  9.901367413569888E-01  9.901675467480481E-01
  9.899366666323299E-01  9.899677933988648E-01  9.899988976224630E-01
  9.897662368393698E-01  9.897976637001049E-01  9.898290688234637E-01
  9.901951969691217E-01  9.902257790233746E-01  9.902563375248391E-01
  9.900278141459341E-01  9.900586928910071E-01  9.900895486927914E-01
  9.898592646737761E-01  9.898904422427549E-01  9.899215975869606E-01
  9.902843451922200E-01  9.903146810255999E-01  9.903449930123319E-01
  9.901188201991669E-01  9.901494511570060E-01  9.901800588155598E-01
  9.899521458098210E-01  9.899830741852086E-01  9.900139799032384E-01
  9.903733491873734E-01  9.904034392169160E-01  9.904335051372222E-01
  9.902096762290036E-01  9.902400597276373E-01  9.902704196099203E-01
  9.900448712866744E-01  9.900755506798241E-01  9.901062070313404E-01
  9.904622010097265E-01  9.904920457222224E-01  9.905218660901892E-01
  9.903003739844954E-01  9.903305104358944E-01  9.903606229879336E-01
  9.901374324942193E-01  9.901678632179011E-01  9.901982705580784E-01
  9.905508929806297E-01  9.905804929252724E-01  9.906100683138783E-01
  9.903909055102911E-01  9.904207954013987E-01  9.904506611398456E-01
  9.902298211534061E-01  9.902600036109896E-01  9.902901623802862E-01
  9.906394176750585E-01  9.906687734568663E-01  9.906981044918337E-01
  9.904812631313524E-01  9.905109070159924E-01  9.905405265205328E-01
  9.903220292978403E-01  9.903519639734462E-01  9.903818746883220E-01
  9.907277679102278E-01  9.907568801842009E-01  9.907859675385562E-01
  9.905714394389333E-01  9.906008379305674E-01  9.906302118371495E-01
  9.904140492567339E-01  9.904437367063373E-01  9.904733999509007E-01
  9.908159367353880E-01  9.908448062013580E-01  9.908736505906450E-01
  9.906614272778244E-01  9.906905810431167E-01  9.907197100379528E-01
  9.905058736392112E-01  9.905353144826738E-01  9.905647309012238E-01
  9.909039174225196E-01  9.909325448206404E-01  9.909611469987438E-01
  9.907512197347823E-01  9.907801294879298E-01  9.908090143022247E-01
  9.905974953200251E-01  9.906266902340124E-01  9.906558605244310E-01
  9.909917034579997E-01  9.910200895648225E-01  9.910484503203397E-01
  9.908408101281572E-01  9.908694766259214E-01  9.908981180312685E-01
  9.906889074266219E-01  9.907178571383575E-01  9.907467820462981E-01
  9.910792885354377E-01  9.911074341605205E-01  9.911355543136331E-01
  9.909301919986551E-01  9.909586160360464E-01  9.909870148404359E-01
  9.907801033275516E-01  9.908088086093487E-01  9.908374889231631E-01
  9.911666665489857E-01  9.911945725319763E-01  9.912224529317638E-01
  9.910193591010836E-01  9.910475415076316E-01  9.910756985520087E-01
  9.908710766220992E-01  9.908995382866067E-01  9.909279748329474E-01
  9.912538315877030E-01  9.912814987958436E-01  9.913091403179879E-01
  9.911083053970925E-01  9.911362470336420E-01  9.911641631889564E-01
  9.909618211310747E-01  9.909900400271724E-01  9.910182336672019E-01
  9.913407779305159E-01  9.913682072565146E-01  9.913956108013440E-01
  9.911970250487723E-01  9.912247268047463E-01  9.912524029694341E-01
  9.910523308887025E-01  9.910803078979771E-01  9.911082595241210E-01
  9.914275000416266E-01  9.914546924018510E-01  9.914818588926786E-01
  9.912855124130104E-01  9.913129752040815E-01  9.913404123019256E-01
  9.911426001354651E-01  9.911703361692018E-01  9.911980467023833E-01
  9.915139925668764E-01  9.915409488998186E-01  9.915678792815305E-01
  9.913737620365655E-01  9.914009868026804E-01  9.914281857809967E-01
  9.912326233118196E-01  9.912601193084468E-01  9.912875896957373E-01
  9.916002503298350E-01  9.916269715948065E-01  9.916536668326594E-01
  9.914617686516306E-01  9.914887563553390E-01  9.915157181834394E-01
  9.913223950526865E-01  9.913496519756133E-01  9.913768831882463E-01
  9.916862683289984E-01  9.917127555050230E-01  9.917392165836196E-01
  9.915495271719816E-01  9.915762787970216E-01  9.916030044649109E-01
  9.914119101825840E-01  9.914389290183724E-01  9.914659220500652E-01
  9.917720417346906E-01  9.917982958195534E-01  9.918245237419594E-01
  9.916370326894767E-01  9.916635492395739E-01  9.916900397568426E-01
  9.915011637113588E-01  9.915279454681817E-01  9.915547013337179E-01
  9.918575658866450E-01  9.918835878960713E-01  9.919095836830495E-01
  9.917242804709990E-01  9.917505629688435E-01  9.917768193637193E-01
  9.915901508303698E-01  9.916166965367077E-01  9.916432162707346E-01
  9.919428362915346E-01  9.919686272584760E-01  9.919943919478139E-01
  9.918112659557116E-01  9.918373154420793E-01  9.918633387606085E-01
  9.916788669091153E-01  9.917051776126503E-01  9.917314622686562E-01
  9.920278486212658E-01  9.920534095952662E-01  9.920789442411765E-01
  9.918979847526479E-01  9.919238022856394E-01  9.919495935909726E-01
  9.917673074921957E-01  9.917933842588672E-01  9.918194349083038E-01
  9.921125987107317E-01  9.921379307573605E-01  9.921632364299385E-01
  9.919844326383503E-01  9.920100192927220E-01  9.920355796644830E-01
  9.918554682965705E-01  9.918813122097612E-01  9.919071299412821E-01
  9.921970825557802E-01  9.922221867561181E-01  9.922472645408479E-01
  9.920706055544963E-01  9.920959624210662E-01  9.921212929547851E-01
  9.919433452089892E-01  9.919689573688136E-01  9.919945432876037E-01
  9.922812963107499E-01  9.923061737609135E-01  9.923310247582044E-01
  9.921564996054056E-01  9.921816277905153E-01  9.922067295971114E-01
  9.920309342835520E-01  9.920563158062271E-01  9.920816710334049E-01
  9.923652362859340E-01  9.923898880966254E-01  9.924145134213729E-01
  9.922421110556308E-01  9.922670116806470E-01  9.922918858859477E-01
  9.921182317393300E-01  9.921433837566086E-01  9.921685094286827E-01
  9.924488989456597E-01  9.924733262417338E-01  9.924977270228920E-01
  9.923274363280080E-01  9.923521105288550E-01  9.923767582731368E-01
  9.922052339581147E-01  9.922301576167641E-01  9.922550548851309E-01
  9.925322809073511E-01  9.925564848273893E-01  9.925806622075504E-01
  9.924124720024508E-01  9.924369209291576E-01  9.924613433667023E-01
  9.922919374823399E-01  9.923166339436574E-01  9.923413039741261E-01
  9.926153789417239E-01  9.926393606376139E-01  9.926633157725903E-01
  9.924972148153395E-01  9.925214396316040E-01  9.925456379302678E-01
  9.923783390132594E-01  9.924028094526086E-01  9.924272534249490E-01
  9.926981899725439E-01  9.927219506090725E-01  9.927456846674904E-01
  9.925816616585148E-01  9.926056635412818E-01  9.926296388820750E-01
  9.924644354092671E-01  9.924886810156329E-01  9.925129001231348E-01
  9.927807110743038E-01  9.928042518287639E-01  9.928277659916709E-01
  9.926658095766550E-01  9.926895897157106E-01  9.927133432923957E-01
  9.925502236841042E-01  9.925742456596628E-01  9.925982411087102E-01
  9.928629394663854E-01  9.928862615282047E-01  9.929095569886996E-01
  9.927496557622947E-01  9.927732153598756E-01  9.927967483785769E-01
  9.926357010046095E-01  9.926595005643080E-01  9.926832735739596E-01
  9.929448725046168E-01  9.929679770749907E-01  9.929910550378565E-01
  9.928331975495476E-01  9.928565378199533E-01  9.928798514987689E-01
  9.927208646878836E-01  9.927444430590240E-01  9.927679948606020E-01
  9.930265076742568E-01  9.930493959657638E-01  9.930722576470811E-01
  9.929164324097037E-01  9.929395545788940E-01  9.929626501474937E-01
  9.928057121982592E-01  9.928290706200892E-01  9.928524024567664E-01
  9.931078425914827E-01  9.931305158276592E-01  9.931531624543835E-01
  9.929993579529132E-01  9.930222632580773E-01  9.930451419572730E-01
  9.928902411450652E-01  9.929133808683613E-01  9.929364939947473E-01
  9.931888750160698E-01  9.932113344309434E-01  9.932337672404380E-01
  9.930819719375740E-01  9.931046616266774E-01  9.931273247079686E-01
  9.929744492822286E-01  9.929973715688759E-01  9.930202672505963E-01
  9.932696028724164E-01  9.932918497100350E-01  9.933140699495983E-01
  9.931642722835826E-01  9.931867476149167E-01  9.932091963400402E-01
  9.930583345098712E-01  9.930810406324395E-01  9.931037201457125E-01
  9.933500242639325E-01  9.933720597779470E-01  9.933940687043981E-01
  9.932462570788060E-01  9.932685193205819E-01  9.932907549611075E-01
  9.931418948764023E-01  9.931643861177275E-01  9.931868507489441E-01
  9.934301374622787E-01  9.934519629156349E-01  9.934737617950042E-01
  9.933279245661670E-01  9.933499749961887E-01  9.933719988331907E-01
  9.932251285779152E-01  9.932474062306968E-01  9.932696572760210E-01
  9.935099408583536E-01  9.935315575230969E-01  9.935531476304327E-01
  9.934092731055285E-01  9.934311130109328E-01  9.934529263347315E-01
  9.933080339517877E-01  9.933300993182084E-01  9.933521380831954E-01
  9.935894328864134E-01  9.936108420435245E-01  9.936322246627286E-01
  9.934903011218690E-01  9.935119317988695E-01  9.935335359087775E-01
  9.933906094641621E-01  9.934124638555171E-01  9.934342916547459E-01
  9.936686119616965E-01  9.936898149008154E-01  9.937109913243714E-01
  9.935710070711398E-01  9.935924298246748E-01  9.936138260286449E-01
  9.934728536965008E-01  9.934944984328201E-01  9.935161165895146E-01
  9.937474764912935E-01  9.937684745101980E-01  9.937894460386503E-01
  9.936513894644254E-01  9.936726056076285E-01  9.936937952217275E-01
  9.935547653414398E-01  9.935762017510730E-01  9.935976115966896E-01
  9.938260250042856E-01  9.938468194081068E-01  9.938675873492767E-01
  9.937314469759397E-01  9.937524578294430E-01  9.937734421771554E-01
  9.936363432185255E-01  9.936575726376864E-01  9.936787755114597E-01
  9.939042563938580E-01  9.939248484941507E-01  9.939454141622098E-01
  9.938111786163505E-01  9.938319855075380E-01  9.938527659190207E-01
  9.937175863127389E-01  9.937386100850302E-01  9.937596073334989E-01
  9.939821701703376E-01  9.940025612843478E-01  9.940229259990842E-01
  9.938905838930188E-01  9.939111881554451E-01  9.939317659669457E-01
  9.937984938228316E-01  9.938193132988027E-01  9.938401062753692E-01
  9.940597665793477E-01  9.940799580296272E-01  9.941001231160618E-01
  9.939696628387026E-01  9.939900658118499E-01  9.940104423654682E-01
  9.938790651896255E-01  9.938996817264218E-01  9.939202717910036E-01
  9.941370463599152E-01  9.941570394748045E-01  9.941770062636738E-01
  9.940484157948154E-01  9.940686188242881E-01  9.940887954681692E-01
  9.939593000668528E-01  9.939797150279893E-01  9.940001035467936E-01
  9.942140102173126E-01  9.942338063311282E-01  9.942535761590789E-01
  9.941268429435485E-01  9.941468473814500E-01  9.941668254701660E-01
  9.940391982118397E-01  9.940594129670588E-01  9.940796013124436E-01
  9.942906577651994E-01  9.943102582203844E-01  9.943298324321168E-01
  9.942049436866467E-01  9.942247508920776E-01  9.942445317871272E-01
  9.941187593077027E-01  9.941387752328398E-01  9.941587647831815E-01
  9.943669873222598E-01  9.943863934659264E-01  9.944057734107707E-01
  9.942827162680468E-01  9.943023276066718E-01  9.943219126760526E-01
  9.941979827841880E-01  9.942178012608898E-01  9.942375934003044E-01
  9.944429944821866E-01  9.944622076751252E-01  9.944813947159686E-01
  9.943601577691152E-01  9.943795746134130E-01  9.943989652318660E-01
  9.942768677183096E-01  9.942964901336532E-01  9.943160862516162E-01
  9.945186768682778E-01  9.945376984583828E-01  9.945566939453123E-01
  9.944372654407075E-01  9.944564891663933E-01  9.944756867118449E-01
  9.943554129324325E-01  9.943748406782641E-01  9.943942421689547E-01
  9.945940272770659E-01  9.946128586628568E-01  9.946316639961199E-01
  9.945140375367686E-01  9.945330695284924E-01  9.945520753876986E-01
  9.944336172257155E-01  9.944528516985380E-01  9.944720599607214E-01
  9.946690612149581E-01  9.946877036742705E-01  9.947063201344389E-01
  9.945904773402497E-01  9.946093189766400E-01  9.946281345303459E-01
  9.945114800847060E-01  9.945305226837811E-01  9.945495391189271E-01
  9.947437590246423E-01  9.947622141108601E-01  9.947806432516093E-01
  9.946665862590496E-01  9.946852389636759E-01  9.947038656371436E-01
  9.945890033507615E-01  9.946078554732125E-01  9.946266814806423E-01
  9.948182732023465E-01  9.948365410754286E-01  9.948547830692259E-01
  9.947423750490870E-01  9.947608401792013E-01  9.947792793319531E-01
  9.946662007088068E-01  9.946848636990270E-01  9.947035006257678E-01
