  7.521579784072915E+00  7.511054667653142E+00  7.500519467651962E+00

 -1.022215892669503E-03  1.597761736924453E-03  3.992526854761157E-03
  7.643963498473942E-03  1.031335894996641E-02  1.280646472085605E-02
  4.587839972060518E-03  5.750343274033379E-03  6.843462673914683E-03
 -4.587839972060518E-03 -5.750343274033379E-03 -6.843462673914683E-03
 -7.643963498473942E-03 -1.031335894996641E-02 -1.280646472085605E-02
  1.022215892669503E-03 -1.597761736924453E-03 -3.992526854761157E-03
  1.567485165922273E-02  1.388881258045326E-02  1.234180692399850E-02
  2.629011070284570E-02  2.502877858607307E-02  2.400391900917978E-02
  2.571337226066189E-02  2.439818145946633E-02  2.330233587652464E-02
  1.237272586044512E-02  1.080238010240050E-02  9.427352297654576E-03
 -8.879525001373179E-03 -1.057422159186208E-02 -1.209373333543640E-02
 -2.844798533300991E-02 -3.006595916034513E-02 -3.152469215407944E-02
 -3.652279459432915E-02 -3.791210618501115E-02 -3.915984063772439E-02
 -2.712748689810649E-02 -2.819522135788441E-02 -2.914311570624144E-02
  7.472742320607949E-04  4.417164426199648E-05 -5.626350152161746E-04
  4.435519127993089E-02  4.401840501536445E-02  4.375562461391602E-02
  9.914305861448626E-02  9.914412582275833E-02  9.919979973281888E-02
  1.603221142530163E-01  1.606145773975225E-01  1.609455479455169E-01
  2.236881535742360E-01  2.242170809734854E-01  2.247716667529624E-01
  2.858291645420169E-01  2.865379132321455E-01  2.872625511894648E-01
  3.440399415981663E-01  3.448755595073269E-01  3.457200963618033E-01
  3.962036754364272E-01  3.971208561383766E-01  3.980423577202891E-01
  4.407532194480162E-01  4.417160210629682E-01  4.426803863890028E-01
  4.766920101796410E-01  4.776734520575251E-01  4.786550245065276E-01
  5.035989477432516E-01  5.045794744323921E-01  5.055596446097214E-01
  5.215676352891562E-01  5.225336699736023E-01  5.234996224766797E-01
  5.310865079527141E-01  5.320299060901456E-01  5.329742300364072E-01
  5.329028100846975E-01  5.338211490240818E-01  5.347421779163992E-01
  5.279119972959141E-01  5.288089154210522E-01  5.297109924461212E-01
  5.170868071229930E-01  5.179715531692977E-01  5.188644373993450E-01
  5.014343337061848E-01  5.023202583967064E-01  5.032175006319982E-01
  4.819624928127650E-01  4.828649167753308E-01  4.837817093980997E-01
  4.596460881837822E-01  4.605802941352388E-01  4.615315446869768E-01
  4.353941532372834E-01  4.363740523722324E-01  4.373731793317434E-01
  4.100250834542649E-01  4.110626734431741E-01  4.121211820517856E-01
  3.842536461693657E-01  3.853590395423137E-01  3.864866194631283E-01
  3.586888288267852E-01  3.598705048735499E-01  3.610752913879738E-01
  3.338380623232461E-01  3.351030213722376E-01  3.363917032242825E-01
  3.101130965825362E-01  3.114666796993197E-01  3.128442288963167E-01
  2.878346520431044E-01  2.892798871379069E-01  2.907487894794193E-01
  2.672351168138989E-01  2.687715587999326E-01  2.703305362988515E-01
  2.484598910754580E-01  2.500820483194007E-01  2.517243970728782E-01
  2.315684785440860E-01  2.332640728645846E-01  2.349759045992437E-01
  2.165366748147763E-01  2.182851639928033E-01  2.200440252992380E-01
  2.032616031068653E-01  2.050335468156382E-01  2.068080253706483E-01
  1.915716402592505E-01  1.933294896058541E-01  1.950803670984049E-01
  1.812427180134440E-01  1.829433267495220E-01  1.846264856658990E-01
  1.720205680486465E-01  1.736191561716598E-01  1.751898293069269E-01
  1.636456967940954E-01  1.651003742761821E-01  1.665177237225714E-01
  1.558758802368407E-01  1.571515695789071E-01  1.583824234250416E-01
  1.485016581966822E-01  1.495726494621404E-01  1.505937616121513E-01
  1.413541055151663E-01  1.422053867134689E-01  1.430045501303881E-01
  1.343087859938151E-01  1.349370229554553E-01  1.355139860137161E-01
  1.272912498321579E-01  1.277060892867640E-01  1.280738141418394E-01
  1.202854234098196E-01  1.205106403284820E-01  1.206961845010766E-01
  1.133393107549803E-01  1.134122020332820E-01  1.134555283666276E-01
  1.065587993248591E-01  1.065263273991058E-01  1.064757393426552E-01
  1.000843155696620E-01  9.999601678326464E-02  9.990060265661274E-02
  9.405448233355553E-02  9.395402894862794E-02  9.385528441804153E-02
  8.856907664981757E-02  8.848732183349103E-02  8.841279822836409E-02
  8.366508910953353E-02  8.361692154218393E-02  8.357799907223316E-02
  7.931411546024980E-02  7.929990299466695E-02  7.929412500457103E-02
  7.544015345685008E-02  7.545076457088573E-02  7.546740889713004E-02
  7.194867903320445E-02  7.197180711588826E-02  7.199825838421403E-02
  6.875423898241895E-02  6.877953817444654E-02  6.880602672942213E-02
  6.579620718427935E-02  6.581765271339376E-02  6.583901882889709E-02
  6.303938466663556E-02  6.305480227167828E-02  6.306953227272197E-02
  6.046383992531221E-02  6.047285619279649E-02  6.048083589380686E-02
  5.805251616463026E-02  5.805457908121526E-02  5.805521037184524E-02
  5.578385876847999E-02  5.577740170745149E-02  5.576899832750926E-02
  5.363178248119335E-02  5.361460441718151E-02  5.359495895125610E-02
  5.157045037037909E-02  5.154066296468417E-02  5.150804474401231E-02
  4.957945954202621E-02  4.953625699322998E-02  4.949011919413748E-02
  4.764635646737489E-02  4.759023926704763E-02  4.753134423142362E-02
  4.576602339061666E-02  4.569853892849517E-02  4.562862458535153E-02
  4.393826015286157E-02  4.386151176563977E-02  4.378276183553070E-02
  4.216504634090911E-02  4.208115689565131E-02  4.199564244694979E-02
  4.044815182282406E-02  4.035872865719552E-02  4.026785545976835E-02
  3.878704810519991E-02  3.869264625433744E-02  3.859661572405315E-02
  3.717700515529596E-02  3.707665037828002E-02  3.697401964120705E-02
  3.560764922230362E-02  3.549857738829051E-02  3.538609022620211E-02
  3.406260853817855E-02  3.394040924422537E-02  3.381327677977120E-02
  3.252085281663540E-02  3.238013368290057E-02  3.223284618451906E-02
  3.095991475271306E-02  3.079544536048236E-02  3.062302154973946E-02
  2.936052331405152E-02  2.916861889820510E-02  2.896799711298658E-02
  2.771147515575069E-02  2.749119736391928E-02  2.726230550238529E-02
  2.601303291475059E-02  2.576668803504841E-02  2.551266865987773E-02
  2.427701538355897E-02  2.400949253730073E-02  2.373567491697685E-02
  2.252226822647592E-02  2.223902557519936E-02  2.195055745721741E-02
  2.076545230312218E-02  2.046940349768465E-02  2.016793414583009E-02
  1.900884565165196E-02  1.869690956099361E-02  1.837721883201021E-02
  1.722861134996517E-02  1.688909299887837E-02  1.653690877628373E-02
  1.536808268339017E-02  1.498018029860578E-02  1.457245627444071E-02
  1.334050191180131E-02  1.287696981243660E-02  1.238551342086613E-02
  1.104402612001864E-02  1.047733172338523E-02  9.875865666283228E-03
  8.388693609809813E-03  7.699939139081857E-03  6.973527496468604E-03
  5.330786321170777E-03  4.519399398959401E-03  3.673899708983796E-03
  1.905569634167754E-03  9.967008351583000E-04  6.498920961466822E-05
 -1.753445863283915E-03 -2.707110093279384E-03 -3.665281033249646E-03
 -5.419410680335571E-03 -6.343509278124984E-03 -7.249526527380500E-03
 -8.805270960555181E-03 -9.616780358399531E-03 -1.038769526227756E-02
 -1.161861258174768E-02 -1.224250051497531E-02 -1.280787636914341E-02
 -1.362211799946693E-02 -1.400641784144742E-02 -1.432217988784226E-02
 -1.468059303000025E-02 -1.480532795048561E-02 -1.486059104802030E-02
 -1.478120924810036E-02 -1.465922314106534E-02 -1.447500448947471E-02
 -1.402450783493614E-02 -1.369529428318850E-02 -1.331688360439710E-02
 -1.259365794536300E-02 -1.211318701595538E-02 -1.159941897252428E-02
 -1.071408669657937E-02 -1.014389416212762E-02 -9.556442620419199E-03
 -8.614590369453830E-03 -8.012505804918621E-03 -7.407259004388105E-03
 -6.496959686575641E-03 -5.910639395577389E-03 -5.332027695904365E-03
 -4.516856677734341E-03 -3.980328309170732E-03 -3.458623122758754E-03
 -2.775686167270105E-03 -2.308560763588256E-03 -1.859708842739909E-03
 -1.321644885531054E-03 -9.304073549172178E-04 -5.577753665632662E-04
 -1.574999550280904E-04  1.617969994337389E-04  4.644534898361153E-04
  7.475290312963517E-04  1.005852501654085E-03  1.250876012317787E-03
  1.444336636243127E-03  1.656177757709233E-03  1.858565517729796E-03
  1.991189189985730E-03  2.171503694426855E-03  2.346014855268277E-03
  2.443364235362943E-03  2.605296163794520E-03  2.764406142214181E-03
  2.846139834744478E-03  2.999675471696886E-03  3.152472626900005E-03
  3.231345838839851E-03  3.382858357647111E-03  3.534800254679400E-03
  3.617048924864500E-03  3.769554980543796E-03  3.922877716630553E-03
  4.009523536141129E-03  4.163399077084241E-03  4.317916791554965E-03
  4.406498116314475E-03  4.560391875915237E-03  4.714430188630246E-03
  4.800731964075965E-03  4.952457153453372E-03  5.103716781366351E-03
  5.183201485397962E-03  5.330457433267525E-03  5.476679941946157E-03
  5.545468823393316E-03  5.686322445116083E-03  5.825707390342520E-03
  5.881092308994237E-03  6.014216723368843E-03  6.145602389787221E-03
  6.186162049185844E-03  6.310876087511870E-03  6.433736341630224E-03
  6.459179503371611E-03  6.575354440579089E-03  6.689680840283868E-03
  6.700547581004151E-03  6.808449215660228E-03  6.914584724108850E-03
  6.911916383984041E-03  7.012038086723393E-03  7.110513550083596E-03
  7.095566597984279E-03  7.188489579149385E-03  7.279893941156620E-03
  7.253935090704417E-03  7.340232379837851E-03  7.425128450170258E-03
  7.389316899390970E-03  7.469501762888053E-03  7.548384994347669E-03
  7.503727083764246E-03  7.578236820845179E-03  7.651526374256613E-03
  7.598878736827495E-03  7.668080925629933E-03  7.736129806035382E-03
  7.676226945252325E-03  7.740435860214641E-03  7.803548459676164E-03
  7.737036102848607E-03  7.796530253292492E-03  7.854979258699034E-03
  7.782442285472698E-03  7.837478018098948E-03  7.891516622415136E-03
  7.813497230702664E-03  7.864316804646162E-03  7.914185370993317E-03
  7.831191975698669E-03  7.878026816431679E-03  7.923955108089499E-03
  7.836464934031154E-03  7.879535821587286E-03  7.921742666768088E-03
  7.830201507347714E-03  7.869717533795305E-03  7.908409681214255E-03
  7.813231596047137E-03  7.849389254272098E-03  7.884760619828764E-03
  7.786329183740959E-03  7.819312309329212E-03  7.851544175147863E-03
  7.750215805495812E-03  7.780196545122057E-03  7.809458770789022E-03
  7.705567919835863E-03  7.732708557417961E-03  7.759161579019591E-03
  7.653027224772596E-03  7.677482560655767E-03  7.701279863422917E-03
  7.593212668473614E-03  7.615132653792188E-03  7.636423436612021E-03
  7.526733028960086E-03  7.546265428760506E-03  7.565197256807460E-03
  7.454199198870329E-03  7.471492132106797E-03  7.488213442933253E-03
  7.376235527537478E-03  7.391439777796222E-03  7.406102142360822E-03
  7.293489673537786E-03  7.306760676717003E-03  7.319520721190818E-03
  7.206640423820711E-03  7.218139830455572E-03  7.229160712423603E-03
  7.116402905233524E-03  7.126299603755691E-03  7.135751925775504E-03
  7.023530619652408E-03  7.032001107770042E-03  7.040063155871988E-03
  6.928813822716918E-03  6.936041835386176E-03  6.942899056178066E-03
  6.833073953826782E-03  6.839249298496537E-03  6.845092974996831E-03
  6.737154097094330E-03  6.742470704748692E-03  6.747495851627431E-03
  6.641905774464587E-03  6.646559039883001E-03  6.650961604476115E-03
  6.548172697744576E-03  6.552356244900020E-03  6.556329761799363E-03
  6.456772391260123E-03  6.460674451392093E-03  6.464406347447986E-03
  6.368476802607329E-03  6.372276426864285E-03  6.375944204189478E-03
  6.283993120376623E-03  6.287856462354380E-03  6.291623996267266E-03
  6.203946004834238E-03  6.208022900063973E-03  6.212037076611543E-03
  6.128862315746603E-03  6.133283357215974E-03  6.137671243450404E-03
  6.059159209796896E-03  6.064033475195824E-03  6.068900169373683E-03
  5.995136206378461E-03  6.000549739660845E-03  6.005976993916687E-03
  5.936971518383356E-03  5.942986611624695E-03  5.949032262679420E-03
  5.884722646845518E-03  5.891377914039977E-03  5.898076103807582E-03
  5.838330972211227E-03  5.845642159275043E-03  5.853004281276443E-03
  5.797629860586307E-03  5.805591298575908E-03  5.813607570724098E-03
  5.762355651680390E-03  5.770942234605453E-03  5.779583775414686E-03
  5.732160808691669E-03  5.741330363299648E-03  5.750551636647115E-03
  5.706628485632005E-03  5.716324397003631E-03  5.726065888898484E-03
  5.685287795822397E-03  5.695441757683215E-03  5.705632755094420E-03
  5.667629134563542E-03  5.678163904703781E-03  5.688725259142624E-03
  5.653119006807937E-03  5.663951063713753E-03  5.674797838755708E-03
  5.641213923933413E-03  5.652255938699399E-03  5.663299859018542E-03
  5.631373051160939E-03  5.642536107406552E-03  5.653687745645310E-03
  5.623069400554518E-03  5.634264913327412E-03  5.645435569181176E-03
  5.615799468649446E-03  5.626940770613501E-03  5.638044013353678E-03
  5.609091309143052E-03  5.620094888590307E-03  5.631047749798691E-03
  5.602511105775966E-03  5.613297496522665E-03  5.624021314430609E-03
  5.595668359927627E-03  5.606162698844885E-03  5.616583630234462E-03
  5.588219816552771E-03  5.598352101811689E-03  5.608401333375639E-03
  5.579872203192415E-03  5.589577307003088E-03  5.599191017161318E-03
  5.570383739670846E-03  5.579601254045763E-03  5.588720399533124E-03
  5.559564205573449E-03  5.568238225633092E-03  5.576808252791505E-03
  5.547273184711657E-03  5.555352152416566E-03  5.563322753479326E-03
  5.533416037610758E-03  5.540852764544043E-03  5.548177800221425E-03
  5.517937294747375E-03  5.524689239952940E-03  5.531326914986588E-03
  5.500811575045018E-03  5.506841367453053E-03  5.512754667056992E-03
  5.482032752795202E-03  5.487308833171472E-03  5.492466116585152E-03
  5.461602703538636E-03  5.466099856886134E-03  5.470475394658639E-03
  5.439521241197923E-03  5.443220745520972E-03  5.446794928236315E-03
  5.415778557889437E-03  5.418667723031971E-03  5.421426700130914E-03
  5.390350589961569E-03  5.392421597349533E-03  5.394356230392613E-03
  5.363196662601179E-03  5.364444796554001E-03  5.365548991677621E-03
  5.334258272334359E-03  5.334679786958097E-03  5.334948436820082E-03
  5.303458507683752E-03  5.303048447924401E-03  5.302475305064762E-03
  5.270704282961055E-03  5.269454643618404E-03  5.268030524340473E-03
  5.235901484794219E-03  5.233799841281339E-03  5.231511250022002E-03
 -1.472427960476775E-03  1.055134379923789E-03  3.364310816173138E-03
  7.284910100714327E-03  9.904059084252403E-03  1.235294073055190E-02
  4.442613821503591E-03  5.591158717196390E-03  6.672716671054090E-03
 -4.442613821503591E-03 -5.591158717196390E-03 -6.672716671054090E-03
 -7.284910100714327E-03 -9.904059084252403E-03 -1.235294073055190E-02
  1.472427960476775E-03 -1.055134379923789E-03 -3.364310816173138E-03
  1.626554579065105E-02  1.459307937262299E-02  1.315469990530859E-02
  2.732547430389719E-02  2.616300931029506E-02  2.523497136667592E-02
  2.758482961794506E-02  2.633258369945017E-02  2.530011939161161E-02
  1.534946618886558E-02  1.380710428596827E-02  1.246223706801968E-02
 -4.697536296081482E-03 -6.388846870077951E-03 -7.901713421310640E-03
 -2.307682437476938E-02 -2.470709010270346E-02 -2.617447178825329E-02
 -3.006370139691424E-02 -3.147534840876431E-02 -3.274206403286032E-02
 -1.976665549664769E-02 -2.086289025275282E-02 -2.183664060772948E-02
  8.757817842724031E-03  8.022979064355441E-03  7.386263107644815E-03
  5.274620800345355E-02  5.237664264962230E-02  5.208218002724965E-02
  1.076770996283945E-01  1.076459577295581E-01  1.076699398425000E-01
  1.688193348988286E-01  1.690812029169921E-01  1.693816630566355E-01
  2.320274456003075E-01  2.325277999703068E-01  2.330535906699742E-01
  2.939351091799771E-01  2.946171743022326E-01  2.953147078759945E-01
  3.518664495632884E-01  3.526768957063995E-01  3.534957390090261E-01
  4.037212925010701E-01  4.046145179729110E-01  4.055115299268647E-01
  4.479428362345230E-01  4.488828829526254E-01  4.498240161780777E-01
  4.835440625122545E-01  4.845042137092452E-01  4.854641145893107E-01
  5.101150669478730E-01  5.110761455506475E-01  5.120365866840954E-01
  5.277614300607467E-01  5.287101298615905E-01  5.296585430475003E-01
  5.369813153758478E-01  5.379095104364133E-01  5.388384720119072E-01
  5.385263280803164E-01  5.394313689451173E-01  5.403389653735972E-01
  5.332897188828191E-01  5.341748982190887E-01  5.350651262991175E-01
  5.222368856909551E-01  5.231111365049083E-01  5.239934534113502E-01
  5.063655710185592E-01  5.072420441226989E-01  5.081298170486009E-01
  4.866754156139346E-01  4.875693489203154E-01  4.884776963603865E-01
  4.641357820956383E-01  4.650624432436682E-01  4.660062555022820E-01
  4.396532784951954E-01  4.406265748413112E-01  4.416192548213971E-01
  4.140460919882276E-01  4.150779886940725E-01  4.161309908164583E-01
  3.880300188502227E-01  3.891305464457570E-01  3.902534565275632E-01
  3.622156481370454E-01  3.633931491465492E-01  3.645939436489328E-01
  3.371123064165705E-01  3.383735985771139E-01  3.396587652170213E-01
  3.131338625356404E-01  3.144840809409103E-01  3.158583745013064E-01
  2.906033306713405E-01  2.920453060052633E-01  2.935110130683660E-01
  2.697554757950176E-01  2.712886090067376E-01  2.728443046889989E-01
  2.507380582341844E-01  2.523567756130266E-01  2.539956876134147E-01
  2.336128687056604E-01  2.353048984384645E-01  2.370131613631612E-01
  2.183579178436151E-01  2.201028161340438E-01  2.218580910140062E-01
  2.048725186676413E-01  2.066410335858978E-01  2.084121115093322E-01
  1.929873066554954E-01  1.947421747882381E-01  1.964901408747149E-01
  1.824807050968355E-01  1.841791922518106E-01  1.858603686782148E-01
  1.731013857333809E-01  1.746992938408354E-01  1.762695350797185E-01
  1.645933495382198E-01  1.660495466973165E-01  1.674688121062612E-01
  1.567180767330915E-01  1.579983016095123E-01  1.592342403595532E-01
  1.492688633421423E-01  1.503479702324712E-01  1.513778282912740E-01
  1.420766195175356E-01  1.429394545083809E-01  1.437507138992115E-01
  1.350117654635200E-01  1.356537657925888E-01  1.362447184574777E-01
  1.279889684245157E-01  1.284174673804924E-01  1.287985743001128E-01
  1.209773166064959E-01  1.212132578063380E-01  1.214087105223944E-01
  1.140103642692748E-01  1.140886860543472E-01  1.141362619995831E-01
  1.071851619169560E-01  1.071519048324698E-01  1.070993178637871E-01
  1.006424221331293E-01  1.005480687707455E-01  1.004457104671947E-01
  9.453001927927684E-02  9.442070370439837E-02  9.431276143109073E-02
  8.896201537635215E-02  8.887158219613085E-02  8.878860961654460E-02
  8.398883990769360E-02  8.393454862433941E-02  8.389010134003622E-02
  7.958963193567718E-02  7.957282450960990E-02  7.956512522575970E-02
  7.568808859445546E-02  7.569913529238070E-02  7.571671119725472E-02
  7.218327735104663E-02  7.220847274841294E-02  7.223719987477045E-02
  6.898129899363320E-02  6.900883499274087E-02  6.903752642552255E-02
  6.601505048752160E-02  6.603801461709809E-02  6.606075546916743E-02
  6.324679891415960E-02  6.326287310773118E-02  6.327813294538766E-02
  6.065749601021263E-02  6.066665580931926E-02  6.067472980407412E-02
  5.823237933586848E-02  5.823451093110597E-02  5.823522857407943E-02
  5.595167190390019E-02  5.594545267796369E-02  5.593732652896098E-02
  5.378972233095818E-02  5.377294934838205E-02  5.375373172959794E-02
  5.172008811150818E-02  5.169073972354896E-02  5.165855495949078E-02
  4.972150630525335E-02  4.967865314749543E-02  4.963284093066962E-02
  4.778099438836991E-02  4.772509390550813E-02  4.766638991109541E-02
  4.589335820647792E-02  4.582598701670092E-02  4.575617009092261E-02
  4.405858368927527E-02  4.398190655822874E-02  4.390322734073265E-02
  4.227888162077591E-02  4.219508750133510E-02  4.210968592536180E-02
  4.055621056576365E-02  4.046697247644278E-02  4.037632211119128E-02
  3.889020475987905E-02  3.879614420815612E-02  3.870051268911814E-02
  3.727628881713787E-02  3.717648928766455E-02  3.707448556265231E-02
  3.570419344384848E-02  3.559591762454276E-02  3.548429932166277E-02
  3.415751563323792E-02  3.403632576676428E-02  3.391025882666968E-02
  3.261498776294618E-02  3.247540005118122E-02  3.232926601487828E-02
  3.105369523165581E-02  3.089033645598011E-02  3.071900121866146E-02
  2.945379323226622E-02  2.926282088863813E-02  2.906306830444433E-02
  2.780353867285596E-02  2.758389528593364E-02  2.735555372361415E-02
  2.610288953915674E-02  2.585685775722361E-02  2.560308028888436E-02
  2.436377811781474E-02  2.409635996234160E-02  2.382262990750426E-02
  2.260567566724354E-02  2.232258419720550E-02  2.203433988908537E-02
  2.084632281326555E-02  2.055082514152538E-02  2.025008509449141E-02
  1.908929384703431E-02  1.877866849983623E-02  1.846055603919426E-02
  1.731187355183153E-02  1.697466621585165E-02  1.662509639444700E-02
  1.545788071721689E-02  1.507328344097622E-02  1.466911765164598E-02
  1.343999887828393E-02  1.298042112792493E-02  1.249301938287791E-02
  1.115456988641873E-02  1.059177979380501E-02  9.994073425408373E-03
  8.508675258592080E-03  7.822813510641468E-03  7.098856780614482E-03
  5.455020502267575E-03  4.644499329203372E-03  3.799159739688059E-03
  2.025569943725415E-03  1.114760310449886E-03  1.802449106583128E-04
 -1.648131219770452E-03 -2.606803642964842E-03 -3.570827110732511E-03
 -5.339012251422432E-03 -6.270770136419402E-03 -7.185082530036496E-03
 -8.757372221608077E-03 -9.578154650417605E-03 -1.035862982286085E-02
 -1.160629292221158E-02 -1.223967732345822E-02 -1.281444366187863E-02
 -1.364329742807320E-02 -1.403594907011479E-02 -1.435962094725398E-02
 -1.472872948848198E-02 -1.485965703826576E-02 -1.492046201122629E-02
 -1.484698219544836E-02 -1.472854474282626E-02 -1.454716320156668E-02
 -1.409784327841425E-02 -1.376957652066357E-02 -1.339146665050824E-02
 -1.266549525953083E-02 -1.218380807765256E-02 -1.166832545362161E-02
 -1.077754007388972E-02 -1.020462397078259E-02 -9.614132899352919E-03
 -8.665434896056581E-03 -8.059824854938698E-03 -7.450915054111035E-03
 -6.533556222776975E-03 -5.943540191898754E-03 -5.361244031582898E-03
 -4.539702297360635E-03 -3.999792732993324E-03 -3.474823604437526E-03
 -2.786775497671319E-03 -2.316892717639597E-03 -1.865460881292487E-03
 -1.323794240286228E-03 -9.305624015867027E-04 -5.561325792827264E-04
 -1.537441541607010E-04  1.667860990184663E-04  4.704923284710527E-04
  7.543996075241638E-04  1.013297542384065E-03  1.258745524462013E-03
  1.452070723005839E-03  1.663985730364215E-03  1.866340583887785E-03
  1.998206157086290E-03  2.178268905415373E-03  2.352465192284136E-03
  2.448750944123715E-03  2.610266985182186E-03  2.768935650907797E-03
  2.849553571315583E-03  3.002638302702762E-03  3.154987265220503E-03
  3.232866329146941E-03  3.383981381258659E-03  3.535546106471347E-03
  3.617017395395846E-03  3.769227745341038E-03  3.922283049967295E-03
  4.008397403907321E-03  4.162093761824691E-03  4.316461107717913E-03
  4.404738788058622E-03  4.558560813109260E-03  4.712551949356093E-03
  4.798732514193704E-03  4.950470791959021E-03  5.101761534600855E-03
  5.181252242907088E-03  5.328578841971143E-03  5.474883220674066E-03
  5.543753084750434E-03  5.684709473204653E-03  5.824202618799948E-03
  5.879701756009035E-03  6.012941097059530E-03  6.144442968645502E-03
  6.185121580849186E-03  6.309949475291058E-03  6.432922397413439E-03
  6.458473225854971E-03  6.574753916874979E-03  6.689183813356725E-03
  6.700140624224187E-03  6.808137579144603E-03  6.914366036234265E-03
  6.911770128610704E-03  7.011977307540281E-03  7.110536272659083E-03
  7.095647199659226E-03  7.188647743892157E-03  7.280128254550205E-03
  7.254216614519063E-03  7.340585695143300E-03  7.425552645109836E-03
  7.389780951248574E-03  7.470033553663827E-03  7.548983957772598E-03
  7.504360751655062E-03  7.578935254299579E-03  7.652289184893396E-03
  7.599672208040462E-03  7.668936685485773E-03  7.737047515575441E-03
  7.677171598869066E-03  7.741440426472748E-03  7.804612576102061E-03
  7.738123372216247E-03  7.797674971063367E-03  7.856181015218925E-03
  7.783663236829155E-03  7.838753836308996E-03  7.892846859360982E-03
  7.814842629453329E-03  7.865714432913992E-03  7.915634765163338E-03
  7.832652578609517E-03  7.879537044590696E-03  7.925514505741289E-03
  7.838031798774108E-03  7.881149814008656E-03  7.923403355000167E-03
  7.831866197084050E-03  7.871426999172438E-03  7.910163520679539E-03
  7.814986237574045E-03  7.851186467186147E-03  7.886600030983272E-03
  7.788166392529096E-03  7.821190006903183E-03  7.853462009284565E-03
  7.752128516972984E-03  7.782147741118291E-03  7.811448109708581E-03
  7.707549169754183E-03  7.734726315146886E-03  7.761215502473669E-03
  7.655069912396930E-03  7.679559755214075E-03  7.703391211496063E-03
  7.595309324736732E-03  7.617261742788839E-03  7.638584583460860E-03
  7.528875602613402E-03  7.548438242773110E-03  7.567399905576339E-03
  7.456378869336791E-03  7.473699693078187E-03  7.490448449856800E-03
  7.378442553255217E-03  7.393672154511735E-03  7.408359379701067E-03
  7.295713286309227E-03  7.309006888501862E-03  7.321788990781634E-03
  7.208868781188918E-03  7.220387811504853E-03  7.231427722535063E-03
  7.118623112720054E-03  7.128536239812772E-03  7.138004342768390E-03
  7.025728832030536E-03  7.034212353648088E-03  7.042286738336912E-03
  6.930975428187798E-03  6.938212916062388E-03  6.945078873064169E-03
  6.835183838478163E-03  6.841364989752034E-03  6.847213702255463E-03
  6.739196979823929E-03  6.744515682072537E-03  6.749542134632107E-03
  6.643866595408648E-03  6.648518277381728E-03  6.652918466702381E-03
  6.550037038092249E-03  6.554215441109768E-03  6.558183035744969E-03
  6.458526898929257E-03  6.462420455906588E-03  6.466143101231148E-03
  6.370109597041020E-03  6.373897640959809E-03  6.377553137021541E-03
  6.285494151529125E-03  6.289343189073086E-03  6.293095778737885E-03
  6.205307345241024E-03  6.209367623440823E-03  6.213364616334977E-03
  6.130078369819861E-03  6.134480935877733E-03  6.138849862438394E-03
  6.060226831333938E-03  6.065081242563396E-03  6.069927686633769E-03
  5.996054721942510E-03  6.001447509670572E-03  6.006853713447455E-03
  5.937742660507454E-03  5.943736595069485E-03  5.949760873089464E-03
  5.885350406323994E-03  5.891984555743044E-03  5.898661500680714E-03
  5.838821382834674E-03  5.846111910136239E-03  5.853453326960445E-03
  5.797990732108013E-03  5.805932338697647E-03  5.813928808120335E-03
  5.762596267592492E-03  5.771164164230996E-03  5.779787112611119E-03
  5.732291605335869E-03  5.741443878021022E-03  5.750648018745480E-03
  5.706660727688440E-03  5.716340962043046E-03  5.726066971570807E-03
  5.685233261367494E-03  5.695373294080092E-03  5.705550592323039E-03
  5.667499820442184E-03  5.678022497725981E-03  5.688572015023499E-03
  5.652926862453650E-03  5.663748701169552E-03  5.674585530580956E-03
  5.640970619410205E-03  5.652004284469411E-03  5.663040136504508E-03
  5.631089782890184E-03  5.642246313242969E-03  5.653391708941280E-03
  5.622756736234418E-03  5.633947470063994E-03  5.645113626446176E-03
  5.615467231094619E-03  5.626605398197783E-03  5.637705777006004E-03
  5.608748497622250E-03  5.619750463283426E-03  5.630701969557629E-03
  5.602165852286122E-03  5.612952012556064E-03  5.623675844295818E-03
  5.595327916951995E-03  5.605823261020863E-03  5.616245425833312E-03
  5.587890571961234E-03  5.598024944750779E-03  5.608076475424507E-03
  5.579559717142515E-03  5.589267836047174E-03  5.598884756196770E-03
  5.570092797523467E-03  5.579314102078519E-03  5.588437216421989E-03
  5.559298879990018E-03  5.567977319268052E-03  5.576551928766960E-03
  5.547036899178164E-03  5.555120779989275E-03  5.563096442366041E-03
  5.533211622612027E-03  5.540653637092267E-03  5.547984094054748E-03
  5.517767026836659E-03  5.524524535066901E-03  5.531167892616513E-03
  5.500677189334452E-03  5.506712745867025E-03  5.512631915001638E-03
  5.481935426652584E-03  5.487217424998606E-03  5.492380718146186E-03
  5.461543030649040E-03  5.466046235592082E-03  5.470427904258921E-03
  5.439499247365542E-03  5.443204940140289E-03  5.446785380467738E-03
  5.415793809427544E-03  5.418689320011496E-03  5.421454705235460E-03
  5.390402332331997E-03  5.392479872870271E-03  5.394421100061129E-03
  5.363283687016031E-03  5.364538580523482E-03  5.365649599910065E-03
  5.334378095467903E-03  5.334806639575283E-03  5.335082392901242E-03
  5.303606122061976E-03  5.303203392954292E-03  5.302637669642627E-03
  5.270873141269992E-03  5.269631134962886E-03  5.268214757551998E-03
  5.236094609998351E-03  5.234000967049141E-03  5.231720504254187E-03
 -1.735419503937444E-03  7.467586609749474E-04  3.014021195244789E-03
  7.077167808878026E-03  9.671846343283410E-03  1.209933761808831E-02
  4.359573534004120E-03  5.501407540701870E-03  6.577486692691365E-03
 -4.359573534004120E-03 -5.501407540701870E-03 -6.577486692691365E-03
 -7.077167808878026E-03 -9.671846343283410E-03 -1.209933761808831E-02
  1.735419503937444E-03 -7.467586609749474E-04 -3.014021195244789E-03
  1.659941257772377E-02  1.498272518758893E-02  1.359762294778354E-02
  2.787662180681817E-02  2.676252241109206E-02  2.588181075694844E-02
  2.854486014822261E-02  2.732330500871447E-02  2.632173869269045E-02
  1.685091321297370E-02  1.532209899239817E-02  1.399187202009478E-02
 -2.602258435950128E-03 -4.292086320707210E-03 -5.801824162449167E-03
 -2.039055923337043E-02 -2.202699516741796E-02 -2.349870497281910E-02
 -2.683127309022659E-02 -2.825395397460756E-02 -2.953000693400473E-02
 -1.607633692857612E-02 -1.718656986617235E-02 -1.817297955289094E-02
  1.278303565710537E-02  1.203265088981839E-02  1.138131568210345E-02
  5.697275211168594E-02  5.658715516443377E-02  5.627721876761329E-02
  1.119854990929219E-01  1.119386284062460E-01  1.119471459185154E-01
  1.731176389958406E-01  1.733645904858142E-01  1.736501782465678E-01
  2.362524312114108E-01  2.367388708085242E-01  2.372506336033337E-01
  2.980463118007843E-01  2.987153784191933E-01  2.993996969175543E-01
  3.558383505343590E-01  3.566365034063423E-01  3.574427825915715E-01
  4.075371386904165E-01  4.084186085042560E-01  4.093035847591961E-01
  4.515915119212028E-01  4.525203206720202E-01  4.534499628874538E-01
  4.870196418946766E-01  4.879692036952325E-01  4.889183098746037E-01
  5.134176048613669E-01  5.143689397449209E-01  5.153194821885277E-01
  5.308973611582114E-01  5.318373112098087E-01  5.327768587434986E-01
  5.399623472996641E-01  5.408828097891667E-01  5.418039464005255E-01
  5.413667218488716E-01  5.422649450056746E-01  5.431656446118270E-01
  5.360028863369322E-01  5.368819967491187E-01  5.377660897770117E-01
  5.248326572884622E-01  5.257014351762851E-01  5.265782336326745E-01
  5.088490551378846E-01  5.097205591469300E-01  5.106033473778467E-01
  4.890474747095653E-01  4.899369129852521E-01  4.908407848944684E-01
  4.663944436377961E-01  4.673170882406303E-01  4.682569373172202E-01
  4.417952552785931E-01  4.427650204357866E-01  4.437542499533855E-01
  4.160679038682905E-01  4.170967443917875E-01  4.181467889108356E-01
  3.899286281199910E-01  3.910265394078336E-01  3.921469387797717E-01
  3.639887683305678E-01  3.651640318823917E-01  3.663626905913996E-01
  3.387585706170247E-01  3.400179202703162E-01  3.413012325043507E-01
  3.146529468134771E-01  3.160014192554095E-01  3.173740348216692E-01
  2.919960419254899E-01  2.934363690819296E-01  2.949004736486563E-01
  2.710237865164631E-01  2.725552874563585E-01  2.741093767584779E-01
  2.518850895474725E-01  2.535021410191192E-01  2.551393992601735E-01
  2.346428460704629E-01  2.363331683311205E-01  2.380397297418272E-01
  2.192761271551292E-01  2.210193118587609E-01  2.227728800679240E-01
  2.056852831703302E-01  2.074521553753385E-01  2.092216048579784E-01
  1.937020095636666E-01  1.954554278470342E-01  1.972019736554139E-01
  1.831059019998327E-01  1.848033166380439E-01  1.864834790914961E-01
  1.736470494068787E-01  1.752445380038611E-01  1.768144689447980E-01
  1.650712096884799E-01  1.665280210972110E-01  1.679480846951305E-01
  1.571418326241225E-01  1.584241421922290E-01  1.596624332874944E-01
  1.496538357711336E-01  1.507368366880623E-01  1.517709100497543E-01
  1.424383721827318E-01  1.433069098656639E-01  1.441241639451730E-01
  1.353635782148004E-01  1.360125293540441E-01  1.366105760573218E-01
  1.283387750079023E-01  1.287743209798377E-01  1.291623637436869E-01
  1.213254305080343E-01  1.215670410358633E-01  1.217677675653424E-01
  1.143494087208035E-01  1.144307397574460E-01  1.144807250775410E-01
  1.075027940022034E-01  1.074693220844861E-01  1.074158857177123E-01
  1.009260592189316E-01  1.008286853470689E-01  1.007228279402820E-01
  9.477166461651287E-02  9.465777219910634E-02  9.454505992792839E-02
  8.916112634708932E-02  8.906613495532842E-02  8.897871134234153E-02
  8.415209035325445E-02  8.409454277682588E-02  8.404714897819310E-02
  7.972790159333291E-02  7.970969542395209E-02  7.970095398606586E-02
  7.581228577415318E-02  7.582355432190355E-02  7.584161804949427E-02
  7.230099293276805E-02  7.232729346569089E-02  7.235723858779246E-02
  6.909561601672597E-02  6.912435264521576E-02  6.915422614781351E-02
  6.612554162583566E-02  6.614931629383596E-02  6.617278860123153E-02
  6.335164207117265E-02  6.336805432552091E-02  6.338358202875954E-02
  6.075534276199209E-02  6.076455752323592E-02  6.077265882637426E-02
  5.832314355005966E-02  5.832528840720172E-02  5.832602883793926E-02
  5.603625855703686E-02  5.603014710182867E-02  5.602215066693606E-02
  5.386929102816420E-02  5.385272091543576E-02  5.383371924674224E-02
  5.179547605076022E-02  5.176635282719475E-02  5.173439081655511E-02
  4.979308236943842E-02  4.975040852044996E-02  4.970476316787201E-02
  4.784883852870488E-02  4.779304745759613E-02  4.773443933941889E-02
  4.595750962071463E-02  4.589019340020006E-02  4.582042306616561E-02
  4.411918343589276E-02  4.404253921613635E-02  4.396389240245704E-02
  4.233619373946397E-02  4.225244430117765E-02  4.216709598539624E-02
  4.061059473360139E-02  4.052144585386210E-02  4.043090338136972E-02
  3.894210019122362E-02  3.884820656028548E-02  3.875277074573442E-02
  3.732621159822197E-02  3.722668613774142E-02  3.712499256448464E-02
  3.575271435431544E-02  3.564483423268983E-02  3.553364856617693E-02
  3.420519364315142E-02  3.408450843092806E-02  3.395897492104275E-02
  3.266226583452044E-02  3.252324642827858E-02  3.237769244107108E-02
  3.110079252475112E-02  3.093799382857784E-02  3.076720810815966E-02
  2.950063859664637E-02  2.931013786460329E-02  2.911082541403105E-02
  2.784978487104540E-02  2.763046303003333E-02  2.740240028233858E-02
  2.614802928613351E-02  2.590215496048583E-02  2.564849808711691E-02
  2.440735377866101E-02  2.413998379959416E-02  2.386629178483286E-02
  2.264753863616637E-02  2.236451321339434E-02  2.207636986160935E-02
  2.088686631129282E-02  2.059163083244163E-02  2.029124137019042E-02
  1.912956775989956E-02  1.881958389832925E-02  1.850224713633915E-02
  1.735350242858727E-02  1.701744062107549E-02  1.666916979807611E-02
  1.550274774531516E-02  1.511980143206920E-02  1.471741614914439E-02
  1.348972188889107E-02  1.303213155026355E-02  1.254677111604408E-02
  1.120986741460635E-02  1.064905286690268E-02  1.005325349210817E-02
  8.568786494200245E-03  7.884405784352809E-03  7.161713869759515E-03
  5.517382977569108E-03  4.707334817071473E-03  3.862115875497653E-03
  2.085943964288327E-03  1.174200326969180E-03  2.383170438229904E-04
 -1.595002693856911E-03 -2.556156338753290E-03 -3.523088052754519E-03
 -5.298305993681644E-03 -6.233890607988804E-03 -7.152353499486793E-03
 -8.732954232027376E-03 -9.558390497612129E-03 -1.034366818367937E-02
 -1.159976709232551E-02 -1.223793181398221E-02 -1.281742855263323E-02
 -1.365366120193854E-02 -1.405052725328968E-02 -1.437819332524393E-02
 -1.475271774968361E-02 -1.488677846596160E-02 -1.495039006928444E-02
 -1.487991431047262E-02 -1.476328052037562E-02 -1.458334448994188E-02
 -1.413464580289221E-02 -1.380687130490145E-02 -1.342892786714684E-02
 -1.270159618507285E-02 -1.221930900216320E-02 -1.170297455714331E-02
 -1.080945837711829E-02 -1.023517956774454E-02 -9.643165738474352E-03
 -8.691029123748337E-03 -8.083649108302671E-03 -7.472899256230754E-03
 -6.551989124370068E-03 -5.960114634173224E-03 -5.375965078754315E-03
 -4.551215568446721E-03 -4.009604065341871E-03 -3.482991649716495E-03
 -2.792368250162103E-03 -2.321096595330090E-03 -1.868365040510985E-03
 -1.324882061287795E-03 -9.306451362251513E-04 -5.553090882089197E-04
 -1.518544885045395E-04  1.692977219841953E-04  4.735334746974159E-04
  7.578613995679471E-04  1.017049418752301E-03  1.262711915082595E-03
  1.455970325166824E-03  1.667923152963611E-03  1.870261994217881E-03
  2.001746833040269E-03  2.181683205217352E-03  2.355721271471344E-03
  2.451472090148476E-03  2.612778894991331E-03  2.771225463990259E-03
  2.851281900280945E-03  3.004139577137455E-03  3.156262803160516E-03
  3.233641393182892E-03  3.384556154886522E-03  3.535930773896162E-03
  3.617010570890629E-03  3.769071772322810E-03  3.921992143727551E-03
  4.007838723925859E-03  4.161444550419034E-03  4.315735863123209E-03
  4.403860423030693E-03  4.557645996781975E-03  4.711613044219855E-03
  4.797732318706059E-03  4.949476852755673E-03  5.100782929230835E-03
  5.180276389649690E-03  5.327638235817687E-03  5.473983512727151E-03
  5.542893876199710E-03  5.683901691548894E-03  5.823449001937504E-03
  5.879005370492655E-03  6.012302269040147E-03  6.143862343060177E-03
  6.184600569806459E-03  6.309485488872603E-03  6.432514837943375E-03
  6.458119601401011E-03  6.574453242917138E-03  6.688934953782681E-03
  6.699936848112151E-03  6.807981506331533E-03  6.914256473118425E-03
  6.911696782757048E-03  7.011946716390370E-03  7.110547443080746E-03
  7.095687279652051E-03  7.188726604425681E-03  7.280245185021380E-03
  7.254357106979672E-03  7.340762074196892E-03  7.425764453668939E-03
  7.390012645690155E-03  7.470299107549798E-03  7.549283088317114E-03
  7.504677200584924E-03  7.579284079379047E-03  7.652670193001702E-03
  7.600068524013502E-03  7.669364144001532E-03  7.737505948328179E-03
  7.677643491647275E-03  7.741942278214183E-03  7.805144206483807E-03
  7.738666574611489E-03  7.798246903363264E-03  7.856781473121004E-03
  7.784273292105328E-03  7.839391332267883E-03  7.893511572112323E-03
  7.815514924998615E-03  7.866412850842708E-03  7.916359073593905E-03
  7.833382493768843E-03  7.880291779683026E-03  7.926293832700151E-03
  7.838814861618757E-03  7.881956447468251E-03  7.924233342940137E-03
  7.832698188352397E-03  7.872281384622174E-03  7.911040099385593E-03
  7.815863220801557E-03  7.852084742359249E-03  7.887519411461066E-03
  7.789084677091163E-03  7.822128542375592E-03  7.854420619574904E-03
  7.753084573864575E-03  7.783123047425940E-03  7.812442494734232E-03
  7.708539521710173E-03  7.735734929148391E-03  7.762242207650679E-03
  7.656091015293839E-03  7.680598121010163E-03  7.704446663720464E-03
  7.596357451497441E-03  7.618326096914684E-03  7.639664977809961E-03
  7.529946736140357E-03  7.549524509281297E-03  7.568501102617421E-03
  7.457468608623410E-03  7.474803392409837E-03  7.491565887355183E-03
  7.379546037205982E-03  7.394788330862544E-03  7.409488003694133E-03
  7.296825140481959E-03  7.310130061216207E-03  7.322923211874242E-03
  7.209983093463493E-03  7.221511956701843E-03  7.232561403773675E-03
  7.119733443812655E-03  7.129654808108383E-03  7.139130824840427E-03
  7.026828265542033E-03  7.035318328325024E-03  7.043398906049919E-03
  6.932056662127302E-03  6.939298913061252E-03  6.946169263864686E-03
  6.836239316971265E-03  6.842423397492541E-03  6.848274654076052E-03
  6.740219060345476E-03  6.745538835704903E-03  6.750565966930655E-03
  6.644847742826968E-03  6.649498658106976E-03  6.653897684705766E-03
  6.550970034580800E-03  6.555145889129736E-03  6.559110545991884E-03
  6.459405057078210E-03  6.463294384049537E-03  6.467012425220239E-03
  6.370926962720127E-03  6.374709235492181E-03  6.378358609481280E-03
  6.286245683940672E-03  6.290087585326717E-03  6.293832718379496E-03
  6.205989063577832E-03  6.210041046067737E-03  6.214029459333138E-03
  6.130687458645545E-03  6.135080796391398E-03  6.139440251865965E-03
  6.060761700047184E-03  6.065606190147657E-03  6.070442514465719E-03
  5.996515017096304E-03  6.001897434659277E-03  6.007293115166152E-03
  5.938129232967582E-03  5.944112587659213E-03  5.950126178020052E-03
  5.885665237869455E-03  5.892288825014883E-03  5.898955143588667E-03
  5.839067478820358E-03  5.846347670350410E-03  5.853678728193255E-03
  5.798171988162674E-03  5.806103671047723E-03  5.814090230669748E-03
  5.762717318547802E-03  5.771275862334012E-03  5.779889504431057E-03
  5.732357664755659E-03  5.741501285477211E-03  5.750696848603760E-03
  5.706677425523472E-03  5.716349809470810E-03  5.726068065705241E-03
  5.685206486248274E-03  5.695339541959343E-03  5.705509978048664E-03
  5.667435572160749E-03  5.677952190390992E-03  5.688495776414079E-03
  5.652831118603217E-03  5.663647835689952E-03  5.674479679730064E-03
  5.640849219108735E-03  5.651878697114397E-03  5.662910502834503E-03
  5.630948329382828E-03  5.642101585116834E-03  5.653243847941664E-03
  5.622600519112922E-03  5.633788852475992E-03  5.644952748230310E-03
  5.615301167959581E-03  5.626437757423153E-03  5.637536694185237E-03
  5.608577094535238E-03  5.619578243947706E-03  5.630529063547431E-03
  5.601993181725069E-03  5.612779218286266E-03  5.623503048633225E-03
  5.595157611517391E-03  5.605653450578470E-03  5.616076224688240E-03
  5.587725831723779E-03  5.597861241557976E-03  5.607913915238437E-03
  5.579403327941448E-03  5.589112948491621E-03  5.598731467906866E-03
  5.569947157235727E-03  5.579170351741739E-03  5.588295445539812E-03
  5.559166029499568E-03  5.567846673948532E-03  5.576423570334727E-03
  5.546918554139899E-03  5.555004887706712E-03  5.562983077083448E-03
  5.533109201681641E-03  5.540553856718613E-03  5.547887021228493E-03
  5.517681671245167E-03  5.524441958284365E-03  5.531088154488967E-03
  5.500609767917107E-03  5.506648204255261E-03  5.512570305977681E-03
  5.481886523565902E-03  5.487171479070374E-03  5.492337775317643E-03
  5.461512925297392E-03  5.466019154711362E-03  5.470403887541837E-03
  5.439487918046514E-03  5.443196704220533E-03  5.446780272569143E-03
  5.415800997834327E-03  5.418699680306071E-03  5.421468268828170E-03
  5.390427636922659E-03  5.392508441984810E-03  5.394452964319787E-03
  5.363326482606096E-03  5.364584751903679E-03  5.365699179612750E-03
  5.334436951597380E-03  5.334869005132950E-03  5.335148305170454E-03
  5.303677755286398E-03  5.303278674170345E-03  5.302716644096012E-03
  5.270952480500078E-03  5.269714208095339E-03  5.268301621298778E-03
  5.236183111872663E-03  5.234093319460251E-03  5.231816775182528E-03
