  7.521579784072915E+00  7.511054667653142E+00  7.500519467651962E+00

 -2.550927496898250E-05  4.455133026661794E-06  3.482480654870985E-05
 -1.295325793825262E-04 -1.004176181682695E-04 -7.094579965706678E-05
 -2.312341001965550E-04 -2.027857292337675E-04 -1.740318128819572E-04
 -2.540094361797650E-05  4.574189403581573E-06  3.495369069315174E-05
 -1.296718878358686E-04 -1.005483448956618E-04 -7.106877205026740E-05
 -2.316714187133224E-04 -2.032192850104608E-04 -1.744624546722097E-04
 -2.492136010378880E-05  5.069981572954118E-06  3.546535831015500E-05
 -1.295074159162165E-04 -1.003734056440376E-04 -7.088368205285436E-05
 -2.318168779792213E-04 -2.033608793749636E-04 -1.746005796217193E-04
 -2.492136010378880E-05  5.069981572954118E-06  3.546535831015500E-05
 -1.295074159162165E-04 -1.003734056440376E-04 -7.088368205285436E-05
 -2.318168779792213E-04 -2.033608793749636E-04 -1.746005796217193E-04
 -2.540094361797650E-05  4.574189403581573E-06  3.495369069315174E-05
 -1.296718878358686E-04 -1.005483448956618E-04 -7.106877205026740E-05
 -2.316714187133224E-04 -2.032192850104608E-04 -1.744624546722097E-04
 -2.550927496898250E-05  4.455133026661794E-06  3.482480654870985E-05
 -1.295325793825262E-04 -1.004176181682695E-04 -7.094579965706678E-05
 -2.312341001965550E-04 -2.027857292337675E-04 -1.740318128819572E-04
 -2.507255823643950E-05  4.890623666089767E-06  3.526047661049317E-05
 -1.289202620778973E-04 -9.980761156817048E-05 -7.033675336044319E-05
 -2.303741344934626E-04 -2.019258806397058E-04 -1.731707559582753E-04
 -2.401415698505770E-05  5.958318724385411E-06  3.633924604402470E-05
 -1.277437967002655E-04 -9.862519849790533E-05 -6.914658840382773E-05
 -2.290010977272978E-04 -2.005470421273198E-04 -1.717843446921393E-04
 -2.229297105610191E-05  7.699205694304056E-06  3.810185930865651E-05
 -1.259487250160813E-04 -9.681518348083706E-05 -6.731946902968614E-05
 -2.270525033331109E-04 -1.985854643920262E-04 -1.698076349915671E-04
 -1.988337114140615E-05  1.013824613210689E-05  4.057249529661128E-05
 -1.234990663452276E-04 -9.434158821313100E-05 -6.481952292176229E-05
 -2.244837103453993E-04 -1.959960010162155E-04 -1.671950612322884E-04
 -1.676903616725924E-05  1.329080905680458E-05  4.376548160149044E-05
 -1.203700806210166E-04 -9.118014100090666E-05 -6.162304034221235E-05
 -2.212621677037858E-04 -1.927461562976395E-04 -1.639142701261589E-04
 -1.294049176285314E-05  1.716529191319059E-05  4.768807873985529E-05
 -1.165451121115122E-04 -8.731494225618924E-05 -5.771495068108171E-05
 -2.173644107644050E-04 -1.888129184693288E-04 -1.599427765668425E-04
 -8.393827912051711E-06  2.176452782856568E-05  5.234201091325243E-05
 -1.120140334245036E-04 -8.273676099085168E-05 -5.308696660983799E-05
 -2.127744298948351E-04 -1.841809757605645E-04 -1.552660184652472E-04
 -3.129726725346977E-06  2.708685552105371E-05  5.772462800762696E-05
 -1.067722216165879E-04 -7.744188410837756E-05 -4.773630738522453E-05
 -2.074825754019408E-04 -1.788414793783196E-04 -1.498759752141756E-04
  2.847533873640392E-06  3.312717888253197E-05  6.383002044571351E-05
 -1.008195901265410E-04 -7.143105028454319E-05 -4.166453985046117E-05
 -2.014845603834721E-04 -1.727909268504467E-04 -1.437699343113485E-04
  9.531116055140720E-06  3.987802895106880E-05  7.065009901982284E-05
 -9.415955876520157E-05 -6.470835850565649E-05 -3.487643286754484E-05
 -1.947804117080450E-04 -1.660300273928612E-04 -1.369492773300316E-04
  1.691258992836973E-05  4.733052669845118E-05  7.817554577851092E-05
 -8.679802243742894E-05 -5.728021168533522E-05 -2.737888330809529E-05
 -1.873733913426957E-04 -1.585625756959670E-04 -1.294183135591828E-04
  2.498273972264305E-05  5.547516341129722E-05  8.639656380688995E-05
 -7.874241691026972E-05 -4.915438666542831E-05 -1.917999640448800E-05
 -1.792689744247657E-04 -1.503944166535038E-04 -1.211832380617857E-04
  3.373216864705908E-05  6.430236936334312E-05  9.530340699628150E-05
 -7.000095065286374E-05 -4.033928955044337E-05 -1.028836879652069E-05
 -1.704739649334678E-04 -1.415325728136960E-04 -1.122512758633983E-04
  4.315170597146841E-05  7.380288226795807E-05  1.048867088334440E-04
 -6.058202935323453E-05 -3.084341330393954E-05 -7.125814939278769E-07
 -1.609957953605385E-04 -1.319845704995376E-04 -1.026300375479543E-04
  5.323264294590442E-05  8.396794752974687E-05  1.151376470007583E-04
 -5.049386715140823E-05 -2.067498397365759E-05  9.539118041449805E-06
 -1.508420202143929E-04 -1.217579654548575E-04 -9.232707842508541E-05
  6.396683327747655E-05  9.478938851284641E-05  1.260479840404172E-04
 -3.974425881662632E-05 -9.841764952626361E-06  2.045897960400441E-05
 -1.400199863676369E-04 -1.108600446494579E-04 -8.134963209993751E-05
  7.534669517745393E-05  1.062595845747239E-04  1.376100221687819E-04
 -2.834047819228210E-05  1.649017564803644E-06  3.203979827368751E-05
 -1.285366486724694E-04 -9.929766944945764E-05 -6.970448088936200E-05
  8.736514696586353E-05  1.183713882171888E-04  1.498165027065340E-04
 -1.628926823305359E-05  1.379066302362054E-05  4.427488195380789E-05
 -1.163984953495991E-04 -8.707722348081069E-05 -5.739792563664010E-05
  1.000155015035597E-04  1.311180054581540E-04  1.626604730326576E-04
 -3.596892545914350E-06  2.657692825207913E-05  5.715796694518968E-05
 -1.036115503526870E-04 -7.420463264502004E-05 -4.443582287457334E-05
  1.132913376004833E-04  1.444928563392544E-04  1.761351366702995E-04
  9.730774836302965E-06  4.000192466310159E-05  7.068310256411538E-05
 -9.018142603456666E-05 -6.068543152106987E-05 -3.082366455402719E-05
  1.271863604107437E-04  1.584894265134871E-04  1.902336964168523E-04
  2.368813829039445E-05  5.405999666491711E-05  8.484451938901497E-05
 -7.611340599631875E-05 -4.652485704807792E-05 -1.656668231312324E-05
  1.416942578100001E-04  1.731011160475079E-04  2.049491958299825E-04
  3.826975858170563E-05  6.874559091158668E-05  9.963648993662661E-05
 -6.141254464602311E-05 -3.172795689073047E-05 -1.669964588519699E-06
  1.568085561676581E-04  1.883210882676909E-04  2.202743613734006E-04
  5.347022605304458E-05  8.405312169802570E-05  1.150531862864316E-04
 -4.608377539901521E-05 -1.629970523482845E-05  1.386141994702421E-05
  1.725224764165065E-04  2.041421191803793E-04  2.362014453976914E-04
  6.928403143648991E-05  9.997683433947845E-05  1.310885360851100E-04
 -3.013202343068971E-05 -2.451226253100466E-07  3.002229536997104E-05
  1.888287892612881E-04  2.205564460648859E-04  2.527220684008918E-04
  8.570543485976523E-05  1.165106666224806E-04  1.477360764810528E-04
 -1.356232082930497E-05  1.643060157687063E-05  4.680724866898795E-05
  2.057196685303110E-04  2.375556140090469E-04  2.698270591511549E-04
  1.027283331163015E-04  1.336481079493462E-04  1.649888053200874E-04
  3.620077311640804E-06  3.372198499625277E-05  6.421049740961448E-05
  2.231865416345773E-04  2.551303192689143E-04  2.875062914817242E-04
  1.203461248865247E-04  1.513820557889168E-04  1.828390290394056E-04
  2.140957661636262E-05  5.162312694115266E-05  8.222575538283954E-05
  2.412199362958819E-04  2.732702488237785E-04  3.057485172859895E-04
  1.385515724644523E-04  1.697046683789061E-04  2.012782065761249E-04
  3.980012516401481E-05  7.012758080430760E-05  1.008460955416209E-04
  2.598093215580845E-04  2.919639145949819E-04  3.245411946757344E-04
  1.573366554683476E-04  1.886072099204258E-04  2.202967862986045E-04
  5.878508660012719E-05  8.922821856714836E-05  1.200638056883177E-04
  2.789429396351162E-04  3.111984796449166E-04  3.438703093190837E-04
  1.766924099710521E-04  2.080798821856153E-04  2.398840305303925E-04
  7.835709516195161E-05  1.089170782113382E-04  1.398702283350292E-04
  2.986076241360469E-04  3.309595720354251E-04  3.637201850221611E-04
  1.966087482086884E-04  2.281116370781562E-04  2.600278218796959E-04
  9.850788753145815E-05  1.291851874666585E-04  1.602555770471781E-04
  3.187886037390730E-04  3.512310848890316E-04  3.840732817048762E-04
  2.170742625704026E-04  2.486899720724761E-04  2.807144517221418E-04
  1.192281199773901E-04  1.500223694098068E-04  1.812087320931325E-04
  3.394692969455322E-04  3.719949671462389E-04  4.049099842118701E-04
  2.380760273111960E-04  2.698007207568640E-04  3.019284015853809E-04
  1.405071924878670E-04  1.714170501693931E-04  2.027170335448737E-04
  3.606311101481177E-04  3.932310168236318E-04  4.262083929733797E-04
  2.595994123442079E-04  2.914278545379747E-04  3.236521343781907E-04
  1.623330967424839E-04  1.933560892104392E-04  2.247660947683387E-04
  3.822532478677905E-04  4.149166880837000E-04  4.479441297158909E-04
  2.816279047252689E-04  3.135532970035126E-04  3.458659021483421E-04
  1.846922712729441E-04  2.158246249599022E-04  2.473396375261043E-04
  4.043125267811613E-04  4.370269084329803E-04  4.700901587821988E-04
  3.041429020898060E-04  3.361567220561756E-04  3.685475486468805E-04
  2.075694004655415E-04  2.388058814267670E-04  2.704193044000524E-04
  4.267831646170004E-04  4.595338814762580E-04  4.926166044144967E-04
  3.271234263240129E-04  3.592152849941200E-04  3.916722585768693E-04
  2.309470823290731E-04  2.622808582808005E-04  2.939843716454851E-04
  4.496365122055903E-04  4.824068416414381E-04  5.154905300857690E-04
  3.505457401301551E-04  3.827032576641897E-04  4.152122158087858E-04
  2.548053598455584E-04  2.862278781114988E-04  3.180113188960136E-04
  4.728407340995223E-04  5.056117559347890E-04  5.386756662090472E-04
  3.743829381889842E-04  4.065916194341154E-04  4.391362030382334E-04
  2.791212527458826E-04  3.106220977012160E-04  3.424733324347010E-04
  4.963605125543114E-04  5.291110330155551E-04  5.621321318926182E-04
  3.986046741596233E-04  4.308477523168501E-04  4.634092750833342E-04
  3.038685379071895E-04  3.354352195653376E-04  3.673399600596581E-04
  5.201569007282430E-04  5.528633607679753E-04  5.858162638807087E-04
  4.231771740461788E-04  4.554354064363452E-04  4.879926805234006E-04
  3.290179572667460E-04  3.606356180358460E-04  3.925771561536317E-04
  5.441874108389571E-04  5.768237760591972E-04  6.096806690492981E-04
  4.480635059340684E-04  4.803149559341140E-04  5.128440958108366E-04
  3.545377116467416E-04  3.861888205200313E-04  4.181477328885191E-04
  5.684062654368328E-04  6.009439349717908E-04  6.336745055044239E-04
  4.732237869772722E-04  5.054436853200712E-04  5.379179728276445E-04
  3.803936743041633E-04  4.120578570248214E-04  4.440118167110746E-04
  5.927645341500333E-04  6.251723438553738E-04  6.577437938932633E-04
  4.986148239614396E-04  5.307756181341359E-04  5.631655405584522E-04
  4.065485864901494E-04  4.382027349362643E-04  4.701265851481739E-04
  6.172097977363926E-04  6.494541900287966E-04  6.818314059303051E-04
  5.241888627280923E-04  5.562604898271579E-04  5.885340087652838E-04
  4.329599293100658E-04  4.645785905583679E-04  4.964447203844079E-04
  6.416851900181409E-04  6.737305530108677E-04  7.058764548581613E-04
  5.498917433655766E-04  5.818420088510122E-04  6.139649758393053E-04
  4.595772011356062E-04  4.911330093543360E-04  5.229118434918831E-04
  6.661281723988779E-04  6.979372337345761E-04  7.298132131620846E-04
  5.756615465399492E-04  6.074563446753088E-04  6.393928214372201E-04
  4.863404162027894E-04  5.178041510717982E-04  5.494643584164409E-04
  6.904699396290608E-04  7.220040061512669E-04  7.535702554658872E-04
  6.014291994512869E-04  6.330322962584419E-04  6.647444865253630E-04
  5.131818812612698E-04  5.445217971198195E-04  5.760298237983837E-04
  7.146365152176392E-04  7.458553665161830E-04  7.770708905750735E-04
  6.271219635687274E-04  6.584942575234539E-04  6.899419091316286E-04
  5.400320684076931E-04  5.712125089150499E-04  6.025313541932227E-04
  7.385520507754169E-04  7.694134624064669E-04  8.002357032266911E-04
  6.526692352719005E-04  6.837677602298152E-04  7.149072264478581E-04
  5.668279568370030E-04  5.978078041534566E-04  6.288954821139672E-04
  7.621436773280075E-04  7.926028105628681E-04  8.229870668583571E-04
  6.780083558885050E-04  7.087856026535585E-04  7.395690907806142E-04
  5.935198839033152E-04  6.242517617633984E-04  6.550603245932731E-04
  7.853460456472110E-04  8.153551469159088E-04  8.452542019138011E-04
  7.030872805122085E-04  7.334914587779385E-04  7.638671073797244E-04
  6.200724246902465E-04  6.505034663875723E-04  6.809794684346323E-04
  8.081032357773601E-04  8.376120860300584E-04  8.669765050807463E-04
  7.278618365661895E-04  7.578383714938562E-04  7.877515423412597E-04
  6.464570186688644E-04  6.765313611722660E-04  7.066180877669779E-04
  8.303665255950222E-04  8.593238128848452E-04  8.881031548453136E-04
  7.522877788067700E-04  7.817817593071132E-04  8.111773811506990E-04
  6.726382195314305E-04  7.023004916676184E-04  7.319413920858160E-04
  8.520883739417078E-04  8.804437396342925E-04  9.085885184034673E-04
  7.763106837112673E-04  8.052694651796650E-04  8.340947103924073E-04
  6.985593011377648E-04  7.277577569608759E-04  7.568998058775677E-04
  8.732149635758546E-04  9.009211199206838E-04  9.283849659505282E-04
  7.998582458762276E-04  8.282332775784192E-04  8.564396259216310E-04
  7.241340592009028E-04  7.528220855460250E-04  7.814177196436331E-04
  8.936806127109453E-04  9.206948587023651E-04  9.474361921651282E-04
  8.228386916456066E-04  8.505859993700211E-04  8.781300114376331E-04
  7.492490178618189E-04  7.773845350959954E-04  8.053914827508003E-04
  9.134066575664733E-04  9.396913905370640E-04  9.656741259313238E-04
  8.451461470372026E-04  8.722255682422177E-04  8.990683251007140E-04
  7.737751791958017E-04  8.013185253256306E-04  8.286979135307187E-04
  9.323053504502578E-04  9.578276404554665E-04  9.830208920155190E-04
  8.666704877217309E-04  8.930443496775353E-04  9.191501556477602E-04
  7.975838321312484E-04  8.244954511693146E-04  8.512094185465989E-04
  9.502870313491351E-04  9.750177341533278E-04  9.993949339793854E-04
  8.873073281634793E-04  9.129394476717731E-04  9.382746785233765E-04
  8.205594207324149E-04  8.467986542712875E-04  8.728088388138888E-04
  9.672675606143529E-04  9.911805757177273E-04  1.014718613195244E-03
  9.069643378375095E-04  9.318199280703298E-04  9.563527002704824E-04
  8.426047772987321E-04  8.681303429252754E-04  8.933980066650829E-04
  9.831733469022332E-04  1.006245435899445E-03  1.028924293690811E-03
  9.255624836133330E-04  9.496089942179718E-04  9.733097973419697E-04
  8.636385266694880E-04  8.884103308338686E-04  9.128979429505077E-04
  9.979428975797676E-04  1.020154109347656E-03  1.041957120348330E-03
  9.430335141545072E-04  9.662419530853256E-04  9.890848674611347E-04
  8.835883656940534E-04  9.075696998261827E-04  9.312430983292957E-04
  1.011525626127717E-03  1.032860054898076E-03  1.053774557883281E-03
  9.593164727430073E-04  9.816626132331829E-04  1.003626515081827E-03
  9.023851067057806E-04  9.255442972835698E-04  9.483744466886964E-04
  1.023879673587704E-03  1.044326166298094E-03  1.064344180628745E-03
  9.743556729774454E-04  9.958207497474387E-04  1.016890049623979E-03
  9.199606639206627E-04  9.422717578425331E-04  9.642355626784737E-04
  1.034970362987251E-03  1.054522904692565E-03  1.073641519364260E-03
  9.881010008267893E-04  1.008671852657701E-03  1.028836656982788E-03
  9.362501342799211E-04  9.576928007674094E-04  9.787730528766033E-04
  1.044769968559829E-03  1.063427692116325E-03  1.081649073740176E-03
  1.000509810333474E-03  1.020178691975716E-03  1.039434576249921E-03
  9.511958276650871E-04  9.717549794668987E-04  9.919399130774382E-04
  1.053258478581845E-03  1.071025418608809E-03  1.088356534978584E-03
  1.011548983760521E-03  1.030313321029825E-03  1.048660998755184E-03
  9.647506798027375E-04  9.844162480654134E-04  1.003699179832849E-03
  1.060424540947672E-03  1.077309299847405E-03  1.093761530052178E-03
  1.021196071028734E-03  1.039058306712932E-03  1.056503377272985E-03
  9.768796537525349E-04  9.956466487395189E-04  1.014025903389963E-03
  1.066265918782123E-03  1.082281350117499E-03  1.097870106143177E-03
  1.029439276757306E-03  1.046406786593171E-03  1.062959573597113E-03
  9.875593209991203E-04  1.005428031712705E-03  1.022907051812210E-03
  1.070789257239716E-03  1.085952175872420E-03  1.100696564264548E-03
  1.036276742067625E-03  1.052361709082231E-03  1.068037088500380E-03
  9.967767180821213E-04  1.013752813419456E-03  1.030340219192886E-03
  1.074009373737727E-03  1.088340243541978E-03  1.102262725883141E-03
  1.041715717911608E-03  1.056934870801994E-03  1.071751986059127E-03
  1.004528473320191E-03  1.020622859317465E-03  1.036332288060428E-03
  1.075948408909765E-03  1.089470960878850E-03  1.102596962175469E-03
  1.045771948637721E-03  1.060146146659024E-03  1.074127978478546E-03
  1.010820513662262E-03  1.026048954095959E-03  1.040898660419476E-03
  1.076635050209500E-03  1.089375822081186E-03  1.101733270021327E-03
  1.048469221161926E-03  1.062022933257970E-03  1.075195763624305E-03
  1.015668049221384E-03  1.030050651330988E-03  1.044062961131569E-03
  1.076103843552661E-03  1.088091668332905E-03  1.099710485166640E-03
  1.049838859186317E-03  1.062599601780460E-03  1.074992437610219E-03
  1.019095368562690E-03  1.032656033983242E-03  1.045856760341745E-03
  1.074394500018484E-03  1.085659982565963E-03  1.096571568013764E-03
  1.049918999495972E-03  1.061916774390407E-03  1.073560778440449E-03
  1.021135200129474E-03  1.033901083542077E-03  1.046318960297572E-03
  1.071551117465751E-03  1.082126127688342E-03  1.092362863620261E-03
  1.048753646662399E-03  1.060020389935789E-03  1.070948334330773E-03
  1.021827704521375E-03  1.033828671471227E-03  1.045494803305610E-03
  1.067621313471236E-03  1.077538508037547E-03  1.087133298570026E-03
  1.046391614493971E-03  1.056960653171894E-03  1.067206392316591E-03
  1.021219315153184E-03  1.032487378776993E-03  1.043434686120217E-03
  1.062655325921476E-03  1.071947700714154E-03  1.080933549541770E-03
  1.042885469723490E-03  1.052790987689655E-03  1.062388948665150E-03
  1.019361601932526E-03  1.029930337635662E-03  1.040192989510397E-03
  1.056705145696863E-03  1.065405621146017E-03  1.073815246107715E-03
  1.038290535337615E-03  1.047567060774441E-03  1.056551759860773E-03
  1.016310208007920E-03  1.026214167970824E-03  1.035827019657666E-03
  1.049823719256339E-03  1.057964764598751E-03  1.065830253188949E-03
  1.032663956656446E-03  1.041345888579688E-03  1.049751489292306E-03
  1.012123826936231E-03  1.021397983838572E-03  1.030396046955738E-03
  1.042064229226130E-03  1.049677533648736E-03  1.057030045689051E-03
  1.026063818189507E-03  1.034185006400487E-03  1.042044932572697E-03
  1.006863187062044E-03  1.015542428393980E-03  1.023960395141423E-03
  1.033479449260659E-03  1.040595645920909E-03  1.047465168625203E-03
  1.018548314792634E-03  1.026141700178684E-03  1.033488310611556E-03
  1.000590053298586E-03  1.008708735400321E-03  1.016580566175763E-03
  1.024121173532428E-03  1.030769618420215E-03  1.037184775238265E-03
  1.010174997866395E-03  1.017272314270283E-03  1.024136639284821E-03
  9.933662891932332E-04  1.000957852593710E-03  1.008316427478335E-03
  1.014039727649266E-03  1.020248331785738E-03  1.026236243004217E-03
  1.001000120164653E-03  1.007631656650867E-03  1.014043194068926E-03
  9.852530214489428E-04  9.923496680152740E-04  9.992265005841399E-04
  1.003283569025915E-03  1.009078680831820E-03  1.014664872077477E-03
  9.910780917644789E-04  9.972725137903434E-04  1.003259081632980E-03
  9.763099270505834E-04  9.829423605186710E-04  9.893673736906159E-04
  9.918989789276364E-04  9.973053130739175E-04  1.002513667450742E-03
  9.804610475300764E-04  9.862452750788073E-04  9.918329181911028E-04
  9.665946437114743E-04  9.727918747699578E-04  9.787932387308000E-04
  9.799298429678284E-04  9.849704516052991E-04  9.898232010105755E-04
  9.691985200794205E-04  9.745976593912158E-04  9.798106062344652E-04
  9.561622972515862E-04  9.619515118649398E-04  9.675555421607329E-04
  9.674175122421460E-04  9.721137940903163E-04  9.766315451103353E-04
  9.573372110730752E-04  9.623745349772121E-04  9.672351994537092E-04
  9.450651415379699E-04  9.504716281619136E-04  9.557027393522974E-04
  9.544007373088336E-04  9.587724793595982E-04  9.629742685252826E-04
  9.449208547386156E-04  9.496178253714465E-04  9.541468473966671E-04
  9.333523084769852E-04  9.383994378909026E-04  9.432801461621413E-04
  9.409156666306196E-04  9.449811128737605E-04  9.488844858522551E-04
  9.319901661389172E-04  9.363664934311408E-04  9.405828116422586E-04
  9.210696633216332E-04  9.257789141130081E-04  9.303298816886554E-04
  9.269959013750623E-04  9.307718430120185E-04  9.343929523395217E-04
  9.185828649316887E-04  9.226565943474757E-04  9.265775445422771E-04
  9.082597562210638E-04  9.126507789945408E-04  9.168908933367489E-04
  9.126725978429376E-04  9.161744796397883E-04  9.195281959055633E-04
  9.047337636266424E-04  9.085213868446993E-04  9.121628200482067E-04
  8.949618578211045E-04  8.990525711727991E-04  9.029990521286406E-04
  8.979746080987622E-04  9.012166460334074E-04  9.043166779137170E-04
  8.904749085411964E-04  8.939914910874019E-04  8.973679055555911E-04
  8.812120654897195E-04  8.850187768513543E-04  8.886873051524647E-04
  8.829286499774817E-04  8.859239556163617E-04  8.887829744809879E-04
  8.758357623978383E-04  8.790950825248038E-04  8.822197643321002E-04
  8.670434673176478E-04  8.705810119139476E-04  8.739858725823110E-04
  8.675594974704485E-04  8.703202050634550E-04  8.729499705248721E-04
  8.608434178263839E-04  8.638581114780012E-04  8.667432788878334E-04
  8.524863516005140E-04  8.557682432174394E-04  8.589224779483415E-04
  8.518901844176463E-04  8.544275771494126E-04  8.568390601938270E-04
  8.455228322129847E-04  8.483045394577794E-04  8.509614867922794E-04
  8.375684500157185E-04  8.406070378257662E-04  8.435226009728995E-04
  8.359422135857020E-04  8.382668458575789E-04  8.404703468396771E-04
  8.298970745464936E-04  8.324565834649828E-04  8.348958208584000E-04
  8.223152033580835E-04  8.251218297977164E-04  8.278097433584976E-04
  8.197357658704767E-04  8.218575791699293E-04  8.238628384145247E-04
  8.139875764663862E-04  8.163349612095446E-04  8.185663472378289E-04
  8.067500396435812E-04  8.093351950234689E-04  8.118056986483069E-04
  8.032899034134075E-04  8.052183337000274E-04  8.070346329769853E-04
  7.978143799851305E-04  7.999591302422025E-04  8.019919950396593E-04
  7.908946552496870E-04  7.932681255060694E-04  7.955308183473112E-04
  7.866227627231890E-04  7.883668377811689E-04  7.900030912791983E-04
  7.813963760436347E-04  7.833475157930164E-04  7.851907727768060E-04
  7.747692910533530E-04  7.769402957338656E-04  7.790042675473707E-04
  7.697517335924791E-04  7.713201592918514E-04  7.727849933011568E-04
  7.647515285206539E-04  7.665177224944436E-04  7.681799674419727E-04
  7.583929968858520E-04  7.603703150795755E-04  7.622442646268616E-04
  7.526936212325695E-04  7.540948559615351E-04  7.553966766949224E-04
  7.478970801147950E-04  7.494867268471545E-04  7.509763233991130E-04
  7.417838790154652E-04  7.435759615398398E-04  7.452683008829740E-04
  7.354647894814801E-04  7.367071064879385E-04  7.378541559406643E-04
  7.308497369269969E-04  7.322710478093330E-04  7.335961990262822E-04
  7.249593264272646E-04  7.265743931692780E-04  7.280933369804636E-04
  7.180812837470528E-04  7.191728213186860E-04  7.201732212550717E-04
  7.136258295884531E-04  7.148868936627294E-04  7.160556995652921E-04
  7.079362125209876E-04  7.093823343323251E-04  7.107359738587483E-04
  7.005589327717766E-04  7.015077325909055E-04  7.023695170909695E-04
  6.962414495877554E-04  6.973502843202359E-04  6.983707857739785E-04
  6.907310699976743E-04  6.920162350476980E-04  6.932125968102280E-04
  6.829134293934231E-04  6.837274636124072E-04  6.844586008541472E-04
  6.787125602010757E-04  6.796771486612561E-04  6.805573581862436E-04
  6.733602374918895E-04  6.744924023308535E-04  6.755394919627721E-04
  6.651603903229043E-04  6.658475781049729E-04  6.664559821539786E-04
  6.610550821392853E-04  6.618833973327621E-04  6.626313176614107E-04
  6.558399776597063E-04  6.568271035086373E-04  6.577329353903243E-04
  6.473153959902386E-04  6.478836104290050E-04  6.483771440472856E-04
  6.432849545866144E-04  6.439849718723515E-04  6.446086032770271E-04
  6.381865669065732E-04  6.390366420463768E-04  6.398092557045698E-04
  6.293940115625148E-04  6.298510780168879E-04  6.302375475452963E-04
  6.254181728466595E-04  6.259978716086560E-04  6.265052092130655E-04
  6.204163577560528E-04  6.211374071357624E-04  6.217848716006680E-04
  6.114117908637158E-04  6.117654778514645E-04  6.120526213119461E-04
  6.074708042068576E-04  6.079381600175759E-04  6.083371823663541E-04
  6.025458151869878E-04  6.031458985207700E-04  6.036763059580385E-04
  5.933842648128254E-04  5.936422686966758E-04  5.938377383841078E-04
  5.894589839221209E-04  5.898219526213113E-04  5.901206029434078E-04
  5.845915288136019E-04  5.850787286306867E-04  5.855001787607505E-04
  5.753269164777224E-04  5.754968411638870E-04  5.756081818941878E-04
  5.713988935778804E-04  5.716653886703654E-04  5.718715502292760E-04
  5.665702032268856E-04  5.669526043732241E-04  5.672731811704980E-04
  5.572551448770034E-04  5.573444777604670E-04  5.573791020124919E-04
  5.533067244012422E-04  5.534845892314520E-04  5.536060562112878E-04
  5.484986291885689E-04  5.487842913589895E-04  5.490120336133848E-04
  5.391842198006004E-04  5.392003051976199E-04  5.391654663178231E-04
  5.351986280526097E-04  5.352956042085031E-04  5.353400495370339E-04
  5.303936383963424E-04  5.305905633238010E-04  5.307334306585614E-04
  5.211292298944268E-04  5.210792410753306E-04  5.209820056409655E-04
  5.170906575453677E-04  5.171143509341974E-04  5.170892924385509E-04
  5.122720447961436E-04  5.123881397219047E-04  5.124539756471068E-04
  5.031050260487787E-04  5.029959370205674E-04  5.028431574227371E-04
  4.989987011052202E-04  4.989565469979167E-04  4.988693131249044E-04
  4.941505755689646E-04  4.941936144975571E-04  4.941901079423405E-04
  4.851261626714827E-04  4.849647206362645E-04  4.847630087358122E-04
  4.809384115931401E-04  4.808376398959567E-04  4.806953361867612E-04
  4.760457947408224E-04  4.760233789314061E-04  4.759580256580629E-04
  4.672068383504165E-04  4.669995377366092E-04  4.667552404640080E-04
  4.629251339860876E-04  4.627727358451027E-04  4.625822131892802E-04
  4.579740225443045E-04  4.578935416170770E-04  4.577736067713402E-04
  4.493608380795270E-04  4.491138968881833E-04  4.488330743907219E-04
  4.449738333089372E-04  4.447765300571542E-04  4.445443556253296E-04
  4.399512531911007E-04  4.398198480324808E-04  4.396523309605893E-04
  4.316014786562181E-04  4.313208177566629E-04  4.310092246947926E-04
  4.270990251489277E-04  4.268632404060612E-04  4.265956720239520E-04
  4.219930736914012E-04  4.218176022436169E-04  4.216092045560229E-04
  4.139415585288413E-04  4.136327843156556E-04  4.132958546366572E-04
  4.093147106554795E-04  4.090465462228994E-04  4.087495107040389E-04
  4.041145861815862E-04  4.039015929404017E-04  4.036586905472489E-04
  3.963933132591627E-04  3.960617040791346E-04  3.957045396056905E-04
  3.916343175924495E-04  3.913395336595757E-04  3.910186095570799E-04
  3.863303358200184E-04  3.860860257593460E-04  3.858146455057711E-04
  3.789683777728392E-04  3.786188742438505E-04  3.782462371308338E-04
  3.740706489374331E-04  3.737546488959402E-04  3.734150538620217E-04
  3.686542461013224E-04  3.683844634929406E-04  3.680902647598496E-04
  3.616777557066817E-04  3.613149550216853E-04  3.609312641188499E-04
  3.566358397355531E-04  3.563036597836374E-04  3.559502426662743E-04
  3.510995627999767E-04  3.508097752771732E-04  3.504980368187089E-04
  3.445317963036607E-04  3.441599504678541E-04  3.437692814941468E-04
  3.393413229519450E-04  3.389976264857605E-04  3.386348640809385E-04
  3.336788075489695E-04  3.333740955452664E-04  3.330497076079284E-04
  3.275401792696189E-04  3.271631971091592E-04  3.267692864292234E-04
  3.221978047411205E-04  3.218468814293101E-04  3.214788797459761E-04
  3.164037418119726E-04  3.160887933277530E-04  3.157562549523190E-04
  3.107119069844862E-04  3.103333596528466E-04  3.099396113529298E-04
  3.052152490412001E-04  3.048610182623035E-04  3.044915179178397E-04
  2.992853415108865E-04  2.989644519842379E-04  2.986278731867602E-04
  2.940553042545398E-04  2.936784339220567E-04  2.932879298425885E-04
  2.884028713893800E-04  2.880488897172726E-04  2.876812751408091E-04
  2.823337822966137E-04  2.820108592713333E-04  2.816739677805354E-04
  2.775780248794338E-04  2.772057562429271E-04  2.768212686054907E-04
  2.717691414240491E-04  2.714186137476385E-04  2.710559257309454E-04
  2.655584351286611E-04  2.652370073357879E-04  2.649031594340642E-04
  2.612870644453788E-04  2.609220185908864E-04  2.605460247384726E-04
  2.553217934213675E-04  2.549775871737159E-04  2.546225382381512E-04
  2.489678714538874E-04  2.486511017610441E-04  2.483232966951503E-04
  2.451887787381001E-04  2.448332889726028E-04  2.444679878392429E-04
  2.390678439596082E-04  2.387325059229047E-04  2.383874980043582E-04
  2.325698771450263E-04  2.322605787848393E-04  2.319414761347275E-04
  2.292889067764677E-04  2.289450359273353E-04  2.285923657466698E-04
  2.230136158565084E-04  2.226893910149524E-04  2.223565348960594E-04
  2.163714743245710E-04  2.160721298096229E-04  2.157640692475013E-04
  2.135925978797284E-04  2.132621566536788E-04  2.129238135312640E-04
  2.071647674160776E-04  2.068536192832827E-04  2.065347552535036E-04
  2.003789500100202E-04  2.000917320987928E-04  1.997967548873468E-04
  1.981044416619528E-04  1.977890076313434E-04  1.974664645435832E-04
  1.915263258565565E-04  1.912299577810141E-04  1.909266770309098E-04
  1.845978903291298E-04  1.843246844600143E-04  1.840445561324230E-04
  1.828285004417281E-04  1.825294372843716E-04  1.822239631592552E-04
  1.761027238881203E-04  1.758226008333224E-04  1.755362671085280E-04
  1.690332189751808E-04  1.687756465665089E-04  1.685118802271732E-04
  1.677683428847295E-04  1.674868195098101E-04  1.671994980596677E-04
  1.608978383204680E-04  1.606352086755924E-04  1.603669797946816E-04
  1.536892387672427E-04  1.534486808634386E-04  1.532025606250845E-04
  1.529270784729235E-04  1.526640877357093E-04  1.523958357537392E-04
  1.459150299906306E-04  1.456709470132959E-04  1.454217958531907E-04
  1.385696753069065E-04  1.383472960710126E-04  1.381199001352846E-04
  1.383073919758409E-04  1.380637687393215E-04  1.378153536527484E-04
  1.311571839734204E-04  1.309325265287610E-04  1.307032611895125E-04
  1.236777215830040E-04  1.234744912094781E-04  1.232667142228547E-04
  1.239115773805168E-04  1.236880156841158E-04  1.234600721413801E-04
  1.166267493455343E-04  1.164222416697733E-04  1.162135245840693E-04
  1.090160825616881E-04  1.088327992632045E-04  1.086453736404737E-04
  1.097415707177941E-04  1.095386399157180E-04  1.093316853154621E-04
  1.023257778456955E-04  1.021420081270317E-04  1.019543739164704E-04
  9.458701888176821E-05  9.442432971915339E-05  9.425784570408278E-05
  9.579898164894226E-05  9.561714141476606E-05  9.543159024131904E-05
  8.825596095667475E-05  8.809339858126767E-05  8.792727054696425E-05
  8.039238905091023E-05  8.025080930685742E-05  8.010573354472490E-05
  8.208512301174970E-05  8.192473707902471E-05  8.176091400203560E-05
  7.441866481994584E-05  7.427767615197987E-05  7.413338129129326E-05
  6.643368945618978E-05  6.631362047282885E-05  6.619031302314357E-05
  6.860103866864473E-05  6.846238735238171E-05  6.832053909135963E-05
  6.081496291714395E-05  6.069582558063912E-05  6.057360811970045E-05
  5.271209196844837E-05  5.261383730910892E-05  5.251256697233398E-05
  5.534752900026646E-05  5.523082042885800E-05  5.511112636512740E-05
  4.744566611717868E-05  4.734858179288693E-05  4.724861524249525E-05
  3.922847868115785E-05  3.915225863128398E-05  3.907321664339861E-05
  4.232517440990611E-05  4.223055453498773E-05  4.213313612370641E-05
  3.431135008579377E-05  3.423645581451955E-05  3.415885359053861E-05
  2.598347360008294E-05  2.592943800859838E-05  2.587275011154121E-05
  2.953435652569963E-05  2.946191793195750E-05  2.938684695132242E-05
  2.141237998623949E-05  2.135975804981059E-05  2.130458270739516E-05
  1.297747130058302E-05  1.294571078089249E-05  1.291144770878431E-05
  1.697527726027858E-05  1.692506687108535E-05  1.687237262183056E-05
  8.748932568016929E-06  8.718619045668908E-06  8.685890243885477E-06
  2.106625332397437E-07  2.012181449123731E-07  1.894046408740282E-07
  4.647975800925498E-06  4.620001543041024E-06  4.589677041713371E-06
 -3.678984349522777E-06 -3.686992271132272E-06 -3.697290987559011E-06
 -1.231694313011380E-05 -1.230407163208625E-05 -1.229344916223320E-05
 -7.447656277922257E-06 -7.453419786313961E-06 -7.461412536801762E-06
 -1.587151465601393E-05 -1.585725251489295E-05 -1.584516801990076E-05
 -2.460549746100559E-05 -2.457034468705452E-05 -2.453733177030917E-05
 -1.931186176375180E-05 -1.929546837827332E-05 -1.928119391935244E-05
 -2.782893909915723E-05 -2.779246998659012E-05 -2.775807481766273E-05
 -3.665529641346509E-05 -3.659792555710343E-05 -3.654259432196349E-05
 -3.094500628685487E-05 -3.090653425755621E-05 -3.087007992691337E-05
 -3.955166235595662E-05 -3.949307265016565E-05 -3.943646109433005E-05
 -4.846676529136003E-05 -4.838726340040406E-05 -4.830970825483069E-05
 -4.234756806804899E-05 -4.228711662901329E-05 -4.222858942063782E-05
 -5.104020189700699E-05 -5.095959776211222E-05 -5.088088266226132E-05
 -6.004044606878724E-05 -5.993892021006278E-05 -5.983925434379712E-05
 -5.352012910792491E-05 -5.343781567418023E-05 -5.335733968145463E-05
 -6.229517842655839E-05 -6.219268299305099E-05 -6.209199318518993E-05
 -7.137698657242394E-05 -7.125356078410523E-05 -7.113191339644296E-05
 -6.446336753217162E-05 -6.435932540262562E-05 -6.425703972544093E-05
 -7.331730774547646E-05 -7.319305887411305E-05 -7.307053715686139E-05
 -8.247713139916682E-05 -8.233194429370670E-05 -8.218845843653357E-05
 -7.517805091133144E-05 -7.505242738421623E-05 -7.492848440330758E-05
 -8.410739372197302E-05 -8.396154222569665E-05 -8.381734375062085E-05
 -9.334171413181624E-05 -9.317491703741638E-05 -9.300974792335894E-05
 -8.566503027161612E-05 -8.551798512413719E-05 -8.537254912481374E-05
 -9.466632223568934E-05 -9.449903047470363E-05 -9.433332148815753E-05
 -1.039716507489705E-04 -1.037834062912936E-04 -1.035967200343788E-04
 -9.592523495956626E-05 -9.575693921525670E-05 -9.559018527022365E-05
 -1.049950559064370E-04 -1.048064967256634E-04 -1.046194536028885E-04
 -1.143679339232789E-04 -1.141584149840095E-04 -1.139503876619172E-04
 -1.059596680524024E-04 -1.057703030146282E-04 -1.055824161038018E-04
 -1.150946295111879E-04 -1.148849854277449E-04 -1.146767939474010E-04
 -1.245316281897220E-04 -1.243010171296113E-04 -1.240718340885289E-04
 -1.157694020584849E-04 -1.155591585126619E-04 -1.153503327996397E-04
 -1.249661458530557E-04 -1.247356084122811E-04 -1.245064631764740E-04
 -1.344638656115490E-04 -1.342123536992376E-04 -1.339622090490199E-04
 -1.253555752472173E-04 -1.251246528476201E-04 -1.248950911190028E-04
 -1.346107720055074E-04 -1.343595413210769E-04 -1.341096453333251E-04
 -1.441658418572567E-04 -1.438936288726850E-04 -1.436227251218500E-04
 -1.347193879659282E-04 -1.344679947149101E-04 -1.342179079127043E-04
 -1.440297357798078E-04 -1.437580201648769E-04 -1.434875845043217E-04
 -1.536388126173084E-04 -1.533461065787315E-04 -1.530546543972934E-04
 -1.438620993704739E-04 -1.435904512446565E-04 -1.433200581128178E-04
 -1.532243224408861E-04 -1.529323381417972E-04 -1.526415817086764E-04
 -1.628840902339868E-04 -1.625711071915267E-04 -1.622593252128395E-04
 -1.527850239892453E-04 -1.524933445752768E-04 -1.522028713214461E-04
 -1.621958713731960E-04 -1.618838423406220E-04 -1.615729916440268E-04
 -1.719030403517666E-04 -1.715700042452142E-04 -1.712381189285312E-04
 -1.614895284928656E-04 -1.611780487287649E-04 -1.608677287933343E-04
 -1.709457728507702E-04 -1.706139305780700E-04 -1.702832195836331E-04
 -1.806970786666050E-04 -1.803442212331398E-04 -1.799924667807731E-04
 -1.699770283834923E-04 -1.696459863365616E-04 -1.693160601774875E-04
 -1.794754648621870E-04 -1.791240482342798E-04 -1.787737182178020E-04
 -1.892676676931734E-04 -1.888952283729774E-04 -1.885238466261024E-04
 -1.782489850263599E-04 -1.778986256896776E-04 -1.775493405816596E-04
 -1.877864299564259E-04 -1.874156851305417E-04 -1.870459845567230E-04
 -1.976163132961263E-04 -1.972245391654654E-04 -1.968337795414480E-04
 -1.863069023437668E-04 -1.859374774787353E-04 -1.855690873686755E-04
 -1.958801917764998E-04 -1.954903720827905E-04 -1.951015565027124E-04
 -2.057445610370417E-04 -2.053337067636479E-04 -2.049238261908698E-04
 -1.941523237812783E-04 -1.937640917843483E-04 -1.933768571624575E-04
 -2.037583115066028E-04 -2.033496773547370E-04 -2.029420093172669E-04
 -2.136539922244772E-04 -2.132243200085026E-04 -2.127955828748656E-04
 -2.017868285439852E-04 -2.013800543145288E-04 -2.009742420761976E-04
 -2.114223836674826E-04 -2.109952024766491E-04 -2.105689514503661E-04
 -2.213462196274867E-04 -2.208979991648950E-04 -2.204506772671116E-04
 -2.092120273438239E-04 -2.087869821953046E-04 -2.083628655629539E-04
 -2.188740315937504E-04 -2.184285777415597E-04 -2.179840200578897E-04
 -2.288228829814354E-04 -2.283563914481154E-04 -2.278907639645180E-04
 -2.164295576523457E-04 -2.159865192387137E-04 -2.155443776848624E-04
 -2.261149026932424E-04 -2.256514574567232E-04 -2.251888762577169E-04
 -2.360856442643231E-04 -2.356011662871509E-04 -2.351175197545307E-04
 -2.234410789263719E-04 -2.229803312005060E-04 -2.225204504005271E-04
 -2.331466636604646E-04 -2.326655152103178E-04 -2.321852004302247E-04
 -2.431361826482755E-04 -2.426340103140683E-04 -2.421326386263818E-04
 -2.302482679499767E-04 -2.297701011334577E-04 -2.292927729391112E-04
 -2.399709957108887E-04 -2.394724391228433E-04 -2.389746875007505E-04
 -2.499761887994827E-04 -2.494566217092837E-04 -2.489378261632800E-04
 -2.368528149899303E-04 -2.363575255696875E-04 -2.358630480017236E-04
 -2.465895895408730E-04 -2.460739268317795E-04 -2.455590419453776E-04
 -2.566073581509735E-04 -2.560707034870519E-04 -2.555347928536950E-04
 -2.432564196602174E-04 -2.427443104348780E-04 -2.422329877389524E-04
 -2.530041390153233E-04 -2.524716792406976E-04 -2.519399716030044E-04
 -2.630313826885203E-04 -2.624779553638731E-04 -2.619252460261466E-04
 -2.494607852878615E-04 -2.489321654571871E-04 -2.484043081812595E-04
 -2.592163326112324E-04 -2.586673920243529E-04 -2.581191792329071E-04
 -2.692499411772295E-04 -2.686800640269105E-04 -2.681108801714457E-04
 -2.554676099925630E-04 -2.549227953461625E-04 -2.543787205206239E-04
 -2.652278420427591E-04 -2.646627443261694E-04 -2.640983513032983E-04
 -2.752646879050740E-04 -2.746786919601958E-04 -2.740933658490165E-04
 -2.612785737485606E-04 -2.607178868697232E-04 -2.601579182234582E-04
 -2.710403084162574E-04 -2.704593850008494E-04 -2.698791442946649E-04
 -2.810772401797245E-04 -2.804754650589417E-04 -2.798743374135027E-04
 -2.668953226524020E-04 -2.663190932776511E-04 -2.657435615900844E-04
 -2.766553271775521E-04 -2.760589176692302E-04 -2.754631698873495E-04
 -2.866891645472469E-04 -2.860719589495268E-04 -2.854553794323536E-04
 -2.723194528094800E-04 -2.717280182311664E-04 -2.711372617203811E-04
 -2.820744330564249E-04 -2.814628857864169E-04 -2.808519801383264E-04
 -2.921019605872519E-04 -2.914696829416336E-04 -2.908380108177693E-04
 -2.775524965013253E-04 -2.769462021088408E-04 -2.763405669824586E-04
 -2.872990848703559E-04 -2.866727576101951E-04 -2.860470526059562E-04
 -2.973170403374049E-04 -2.966700596751132E-04 -2.960236646556204E-04
 -2.825959108393226E-04 -2.819751108327937E-04 -2.813549519767380E-04
 -2.923306473329275E-04 -2.916899082409504E-04 -2.910497726411724E-04
 -3.023357003230718E-04 -3.016743973928923E-04 -3.010136607583683E-04
 -2.874510651003718E-04 -2.868161234175946E-04 -2.861818053269266E-04
 -2.971703641804288E-04 -2.965155930626949E-04 -2.958614071259041E-04
 -3.071590829297571E-04 -3.064838516854646E-04 -3.058091677459081E-04
 -2.921192152648429E-04 -2.914705068724889E-04 -2.908224049323175E-04
 -3.018193148305876E-04 -3.011509048243627E-04 -3.004830619660380E-04
 -3.117881238891080E-04 -3.110993734125463E-04 -3.104111514183321E-04
 -2.966014622779776E-04 -2.959393748365530E-04 -2.952778769633916E-04
 -3.062783477245616E-04 -3.055967075285125E-04 -3.049156165499255E-04
 -3.162234822367863E-04 -3.155216392894678E-04 -3.148203059613272E-04
 -3.008986635022999E-04 -3.002235998084795E-04 -2.995491088862633E-04
 -3.105479818708332E-04 -3.098535388287415E-04 -3.091596269496574E-04
 -3.204654471312972E-04 -3.197509595736210E-04 -3.190369624815904E-04
 -3.050113474058602E-04 -3.043237283442418E-04 -3.036366651319010E-04
 -3.146282751468090E-04 -3.139214793828236E-04 -3.132151963493482E-04
 -3.245138108927827E-04 -3.237871523007782E-04 -3.230609644408144E-04
 -3.089394799315955E-04 -3.082397494007192E-04 -3.075405574152838E-04
 -3.185186316538330E-04 -3.177999619665696E-04 -3.170817858886822E-04
 -3.283676875672878E-04 -3.276293636234859E-04 -3.268914897548753E-04
 -3.126824573916000E-04 -3.119710871917466E-04 -3.112602375496447E-04
 -3.222175532446282E-04 -3.214875253991843E-04 -3.207579709494804E-04
 -3.320252425931576E-04 -3.312758001192347E-04 -3.305267856923787E-04
 -3.162382606833517E-04 -3.155157634239488E-04 -3.147937676156502E-04
 -3.257221587902844E-04 -3.249813384965430E-04 -3.242409697795399E-04
 -3.354832657814849E-04 -3.347233058277094E-04 -3.339637499804322E-04
 -3.196043146426296E-04 -3.188712490124916E-04 -3.181386641217613E-04
 -3.290275632879544E-04 -3.282765854067031E-04 -3.275260349669948E-04
 -3.387364991963368E-04 -3.379666965857935E-04 -3.371972714605799E-04
 -3.227727497030789E-04 -3.220297707656537E-04 -3.212872493040583E-04
 -3.321250719462039E-04 -3.313646769699213E-04 -3.306046819388398E-04
 -3.417765309381153E-04 -3.409976642909584E-04 -3.402191447967302E-04
 -3.257373473554460E-04 -3.249851919753042E-04 -3.242334674211187E-04
 -3.350002142620822E-04 -3.342313041597946E-04 -3.334627615460266E-04
 -3.445902122682944E-04 -3.438032092833854E-04 -3.430165179202366E-04
 -3.284624473791624E-04 -3.277022151849378E-04 -3.269423802913611E-04
 -3.376245041910613E-04 -3.368482760570398E-04 -3.360723751292493E-04
 -3.471576123798690E-04 -3.463636148749449E-04 -3.455698861421517E-04
 -3.309249244084639E-04 -3.301579570947752E-04 -3.293913443540250E-04
 -3.399505726351842E-04 -3.391687009904122E-04 -3.383871037648413E-04
 -3.494525111049290E-04 -3.486529361192277E-04 -3.478535770168560E-04
 -3.328536295369592E-04 -3.320839012443931E-04 -3.313144498346650E-04
 -3.418764501892034E-04 -3.410916147642881E-04 -3.403069785995629E-04
 -3.514510795667816E-04 -3.506475996497736E-04 -3.498442701161706E-04
