  7.521579784072915E+00  7.511054667653142E+00  7.500519467651962E+00

 -3.037981821693289E-02 -3.736498306631707E-02 -4.430589044055502E-02
 -1.437583750861311E-02 -2.343159805578325E-02 -3.244262022445021E-02
 -5.348040695009109E-03 -1.598941976223667E-02 -2.658083695366748E-02
 -5.348040695009109E-03 -1.598941976223667E-02 -2.658083695366748E-02
 -1.437583750861311E-02 -2.343159805578325E-02 -3.244262022445021E-02
 -3.037981821693289E-02 -3.736498306631707E-02 -4.430589044055502E-02
 -4.885130270013380E-02 -5.436665300115658E-02 -5.983961525658177E-02
 -6.531009700299538E-02 -7.015132273257210E-02 -7.496544623840616E-02
 -7.890984199512030E-02 -8.342742454047698E-02 -8.793770178526369E-02
 -9.162156329840496E-02 -9.581328976746278E-02 -1.000034504898919E-01
 -1.043375096653660E-01 -1.081561929908350E-01 -1.119634944682977E-01
 -1.159682433311339E-01 -1.194004152684069E-01 -1.228078248276769E-01
 -1.253354174890406E-01 -1.283621784784332E-01 -1.313545891966379E-01
 -1.321595739490793E-01 -1.347574165641581E-01 -1.373147253331860E-01
 -1.367087337835300E-01 -1.388693069636061E-01 -1.409847128973418E-01
 -1.393369766882600E-01 -1.410683809360663E-01 -1.427510949315856E-01
 -1.403062796531840E-01 -1.416244786292082E-01 -1.428918976507133E-01
 -1.397603993022499E-01 -1.406849313231504E-01 -1.415583262354057E-01
 -1.377619559644419E-01 -1.383170934338514E-01 -1.388224853849862E-01
 -1.343597724421310E-01 -1.345761042873954E-01 -1.347454521417818E-01
 -1.296456235037865E-01 -1.295586356979115E-01 -1.294281272700012E-01
 -1.237683509390406E-01 -1.234147527115475E-01 -1.230212700836286E-01
 -1.169114616351719E-01 -1.163265704338152E-01 -1.157056368947922E-01
 -1.092669791755636E-01 -1.084854684421047E-01 -1.076725333789023E-01
 -1.010277996290244E-01 -1.000868750051229E-01 -9.912054911357508E-02
 -9.239453724901389E-02 -9.133655614377467E-02 -9.026080142481081E-02
 -8.358158706259743E-02 -8.245409039737178E-02 -8.131771259111784E-02
 -7.481413115451568E-02 -7.366761539071291E-02 -7.252173840014249E-02
 -6.631827570297581E-02 -6.520326041792233E-02 -6.409839901911504E-02
 -5.830992117598659E-02 -5.727452209995598E-02 -5.625834668192191E-02
 -5.098608618421441E-02 -5.007471686379635E-02 -4.919106546152904E-02
 -4.452191429696367E-02 -4.377573311208646E-02 -4.306549152075399E-02
 -3.907804928171835E-02 -3.853777900079215E-02 -3.804218136908254E-02
 -3.482122406638733E-02 -3.453215221551345E-02 -3.429806578421890E-02
 -3.195345483260786E-02 -3.197081044965657E-02 -3.205586537580777E-02
 -3.073601462493549E-02 -3.112736839194155E-02 -3.160133661909946E-02
 -3.148920056109531E-02 -3.233002622613197E-02 -3.326861957189893E-02
 -3.455140211054870E-02 -3.591111502301479E-02 -3.737994440046584E-02
 -4.019182418697400E-02 -4.211061751616666E-02 -4.414043433336066E-02
 -4.848868165459747E-02 -5.094971557828971E-02 -5.350844077663227E-02
 -5.920408406012002E-02 -6.210956741465866E-02 -6.508033481637815E-02
 -7.170035686239008E-02 -7.486175560104294E-02 -7.803717810563597E-02
 -8.494152725758737E-02 -8.809184818295382E-02 -9.119147451976715E-02
 -9.760332808383920E-02 -1.004329474721007E-01 -1.031436328826643E-01
 -1.082790140745591E-01 -1.104878157922216E-01 -1.125179269283131E-01
 -1.157298250894722E-01 -1.170812307069927E-01 -1.182132235941339E-01
 -1.191063032466569E-01 -1.194669321857470E-01 -1.195924357552118E-01
 -1.180734565412365E-01 -1.174271987051774E-01 -1.165551392174582E-01
 -1.128085652558582E-01 -1.112437026577566E-01 -1.094823740780072E-01
 -1.038890370445155E-01 -1.015669220036679E-01 -9.909017104017830E-02
 -9.212572979602796E-02 -8.924472533628514E-02 -8.625628050243100E-02
 -7.840748255619504E-02 -7.517443505843244E-02 -7.188165352896994E-02
 -6.360295991132654E-02 -6.021782432983097E-02 -5.681879915221626E-02
 -4.852809668666289E-02 -4.517915144264197E-02 -4.185916201424306E-02
 -3.395086231215586E-02 -3.081250990806045E-02 -2.774137091194892E-02
 -2.058885571727113E-02 -1.781429306361174E-02 -1.513770219757548E-02
 -9.068476890740220E-03 -6.775221497551994E-03 -4.599574232487084E-03
  1.518375571461626E-04  1.898530386992056E-03  3.521782315799888E-03
  6.860908466877083E-03  8.058348873180302E-03  9.140542815349369E-03
  1.113549749480611E-02  1.184148731135376E-02  1.245179727184745E-02
  1.331850066952486E-02  1.363640921637833E-02  1.388483510631746E-02
  1.393826881533356E-02  1.399384919224572E-02  1.400738657614520E-02
  1.359400562969148E-02  1.351074912102457E-02  1.340949508930767E-02
  1.284019942861233E-02  1.271941224672805E-02  1.259831690231086E-02
  1.209919751399972E-02  1.200871223035120E-02  1.192828295692658E-02
  1.161972550162137E-02  1.159232167878438E-02  1.157880785110412E-02
  1.148439683313284E-02  1.152433027117994E-02  1.157739535948577E-02
  1.165482840455585E-02  1.174892461343344E-02  1.185308456433309E-02
  1.203308355206845E-02  1.216214433641297E-02  1.229779470677247E-02
  1.251644242518673E-02  1.266348494698268E-02  1.281433065063143E-02
  1.302971932668561E-02  1.318349604916048E-02  1.333922760410993E-02
  1.353193362435566E-02  1.368637274389828E-02  1.384155092341627E-02
  1.400554541816578E-02  1.415716379699103E-02  1.430848026169151E-02
  1.444109928646826E-02  1.458652946654198E-02  1.473048551228711E-02
  1.482700176688749E-02  1.496183005144383E-02  1.509383168395167E-02
  1.514720675965932E-02  1.526618263383963E-02  1.538096015993991E-02
  1.538420539122931E-02  1.548227864756122E-02  1.557504940377657E-02
  1.552367529783134E-02  1.559736466243130E-02  1.566527632414922E-02
  1.555915595334524E-02  1.560803927973691E-02  1.565169913599960E-02
  1.549695791891650E-02  1.552514406772227E-02  1.555004662728799E-02
  1.536122357172490E-02  1.537842986745476E-02  1.539583154625679E-02
  1.519728043721588E-02  1.521886835378961E-02  1.524543513947385E-02
  1.507020388182862E-02  1.511554617841409E-02  1.517122048132854E-02
  1.505622946561805E-02  1.514521395516970E-02  1.524927454866404E-02
  1.522719171961590E-02  1.537539489805664E-02  1.554145916624047E-02
  1.563141028259702E-02  1.584526390044797E-02  1.607674795241514E-02
  1.627722342535759E-02  1.655107908822641E-02  1.683910873861606E-02
  1.712675045286801E-02  1.744383242606113E-02  1.776949969508368E-02
  1.810660622506907E-02  1.844517138347464E-02  1.878713130591003E-02
  1.913852879883411E-02  1.948304150759431E-02  1.982973618244194E-02
  2.018629931426569E-02  2.054133006209401E-02  2.090496109258149E-02
  2.130731399600939E-02  2.170979062435991E-02  2.213721407469346E-02
  2.269027861887402E-02  2.321444736265874E-02  2.378923541601868E-02
  2.465769886757214E-02  2.540742292135829E-02  2.623811583514030E-02
  2.761564153433167E-02  2.870099919777268E-02  2.989350927553585E-02
  3.194515682375342E-02  3.344487144374349E-02  3.506212747871253E-02
  3.784954448257883E-02  3.976703301193067E-02  4.178541758888091E-02
  4.519553748908820E-02  4.742241618374326E-02  4.970003134544061E-02
  5.340524225890657E-02  5.570863273975465E-02  5.798135760452538E-02
  6.145614370548615E-02  6.350173423192666E-02  6.541653090461816E-02
  6.801933753667642E-02  6.943042646380061E-02  7.061219012770074E-02
  7.171635940526427E-02  7.215445724425811E-02  7.228851136995375E-02
  7.142448328103736E-02  7.066704182227124E-02  6.957179049942133E-02
  6.653644243833719E-02  6.452769160713161E-02  6.219541045272927E-02
  5.709713660134495E-02  5.395864477373602E-02  5.055492188405230E-02
  4.378750016293076E-02  3.978989493354394E-02  3.561683162604008E-02
  2.777822374883210E-02  2.328695294463699E-02  1.872484317073390E-02
  1.050891815240697E-02  5.920856339722969E-03  1.364949802378705E-03
 -6.546666884302519E-03 -1.086157204544316E-02 -1.505636934120961E-02
 -2.208319834800760E-02 -2.582642035568640E-02 -2.938554875994171E-02
 -3.510795098240797E-02 -3.807920191766748E-02 -4.083042883800614E-02
 -4.501727078525070E-02 -4.712339056894981E-02 -4.900124176184713E-02
 -5.160765805371376E-02 -5.285571858163304E-02 -5.389099328684959E-02
 -5.503183686265622E-02 -5.551023771532216E-02 -5.580870214606422E-02
 -5.571557723303262E-02 -5.556788570827292E-02 -5.528303368555967E-02
 -5.425385738591967E-02 -5.365040035801725E-02 -5.295522938487749E-02
 -5.130495228125715E-02 -5.041668425428558E-02 -4.947877309519035E-02
 -4.749830155284052E-02 -4.647635944469340E-02 -4.543928826093992E-02
 -4.336712240371605E-02 -4.232995665124033E-02 -4.130253162313642E-02
 -3.931068549052908E-02 -3.833903537840021E-02 -3.739218576625953E-02
 -3.558520251277447E-02 -3.472378803315494E-02 -3.389371345835623E-02
 -3.231757279075909E-02 -3.158146432611923E-02 -3.087685073633998E-02
 -2.953360197752627E-02 -2.891691562669978E-02 -2.832787862408720E-02
 -2.719192379681733E-02 -2.667671875049989E-02 -2.618347764759238E-02
 -2.521630799885613E-02 -2.478015104196617E-02 -2.436008331460541E-02
 -2.352153594410930E-02 -2.314291899759913E-02 -2.277536615288459E-02
 -2.203072576995911E-02 -2.169217925040296E-02 -2.136099252674737E-02
 -2.068424761515228E-02 -2.037346567313484E-02 -2.006769613857796E-02
 -1.944185239038708E-02 -1.915139829057588E-02 -1.886473214376590E-02
 -1.828029997373527E-02 -1.800651506352976E-02 -1.773606685178178E-02
 -1.718876244048451E-02 -1.693041732039890E-02 -1.667538278639950E-02
 -1.616383051246899E-02 -1.592089767740165E-02 -1.568139886841086E-02
 -1.520530849635555E-02 -1.497805972561288E-02 -1.475434208452487E-02
 -1.431334243388862E-02 -1.410182318267103E-02 -1.389382428643796E-02
 -1.348691830091057E-02 -1.329074777919567E-02 -1.309796774497731E-02
 -1.272345052629607E-02 -1.254184487280421E-02 -1.236341002596245E-02
 -1.201905347071985E-02 -1.185096215029376E-02 -1.168577554461253E-02
 -1.136910643076657E-02 -1.121337338728637E-02 -1.106027201058944E-02
 -1.076882515370381E-02 -1.062431991860029E-02 -1.048219298114281E-02
 -1.021368142426147E-02 -1.007937813602760E-02 -9.947231837837458E-03
 -9.699624639763964E-03 -9.574630938577513E-03 -9.451606199040570E-03
 -9.223133774705444E-03 -9.106684309160146E-03 -8.992043854583199E-03
 -8.781161550483819E-03 -8.672593826141523E-03 -8.565695958118794E-03
 -8.371033888855140E-03 -8.269760867029881E-03 -8.170032869839007E-03
 -7.990350670609637E-03 -7.895838620306447E-03 -7.802756693366299E-03
 -7.636911425278721E-03 -7.548665892382375E-03 -7.461743233341173E-03
 -7.308670717711356E-03 -7.226229633545295E-03 -7.145011029975886E-03
 -7.003716636026835E-03 -6.926647869164947E-03 -6.850707950858044E-03
 -6.720261906410173E-03 -6.648162512068497E-03 -6.577105088201568E-03
 -6.456638487122867E-03 -6.389133767955774E-03 -6.322590650479507E-03
 -6.211290179146682E-03 -6.148031741952633E-03 -6.085660497327268E-03
 -5.982761556393205E-03 -5.923424386258783E-03 -5.864905195248979E-03
 -5.769684118075954E-03 -5.713963132113599E-03 -5.658995273969439E-03
 -5.570761705933216E-03 -5.518368337487681E-03 -5.466666831511613E-03
 -5.384757223354200E-03 -5.335416464381769E-03 -5.286709247409004E-03
 -5.210482079629848E-03 -5.163930215725242E-03 -5.117956041086063E-03
 -5.046789037920986E-03 -5.002772140691389E-03 -4.959279230379979E-03
 -4.892568548649599E-03 -4.850841681328025E-03 -4.809587071915528E-03
 -4.746748278241174E-03 -4.707075319198078E-03 -4.667824802610681E-03
 -4.608295349504313E-03 -4.570449322744854E-03 -4.532977872159677E-03
 -4.476220716536103E-03 -4.439984515456676E-03 -4.404077083970377E-03
 -4.349585048080464E-03 -4.314752435646212E-03 -4.280205010727662E-03
 -4.227505465926349E-03 -4.193882229249546E-03 -4.160503019931814E-03
 -4.109162479711182E-03 -4.076567614963076E-03 -4.044178246936442E-03
 -3.993806487346646E-03 -3.962073296723426E-03 -3.930509897937274E-03
 -3.880763283284917E-03 -3.849740280772254E-03 -3.818854357205975E-03
 -3.769438135940701E-03 -3.738989681120005E-03 -3.708648706618660E-03
 -3.659318146127659E-03 -3.629324752385568E-03 -3.599412424274598E-03
 -3.549972755488538E-03 -3.520331047558664E-03 -3.490747188107986E-03
 -3.441052417320488E-03 -3.411674739728656E-03 -3.382334849544717E-03
 -3.332285561835800E-03 -3.303099261792267E-03 -3.273933752265823E-03
 -3.223474080272073E-03 -3.194420504830549E-03 -3.165373652107207E-03
 -3.114487614372100E-03 -3.085520873104318E-03 -3.056549546318255E-03
 -3.005256967330495E-03 -2.976342519325657E-03 -2.947414742376213E-03
 -2.895766952441409E-03 -2.866880080426934E-03 -2.837973489740851E-03
 -2.786048973924845E-03 -2.757173208736310E-03 -2.728273469232332E-03
 -2.676173596936220E-03 -2.647299153343409E-03 -2.618398391887395E-03
 -2.566243311752221E-03 -2.537365593724654E-03 -2.508460905518625E-03
 -2.456385627810882E-03 -2.427503859526089E-03 -2.398595940062155E-03
 -2.346746547543901E-03 -2.317862586575614E-03 -2.288954541049036E-03
 -2.237484372876752E-03 -2.208601762986661E-03 -2.179698145813533E-03
 -2.128763702684641E-03 -2.099887022209359E-03 -2.070993158703315E-03
 -2.020749411078605E-03 -1.991883962897564E-03 -1.963005597773456E-03
 -1.913600385148379E-03 -1.884752248988401E-03 -1.855895545222968E-03
 -1.807462869495700E-03 -1.778639293739482E-03 -1.749811165998137E-03
 -1.702463404802872E-03 -1.673673457831535E-03 -1.644882170116320E-03
 -1.598701513596023E-03 -1.569956854250299E-03 -1.541212751375528E-03
 -1.496242431006631E-03 -1.467558000606487E-03 -1.438874185480469E-03
 -1.395110312253526E-03 -1.366504692641995E-03 -1.337897403982232E-03
 -1.295282546766417E-03 -1.266777665259834E-03 -1.238266046886896E-03
 -1.196686079289192E-03 -1.168305893716776E-03 -1.139910792173083E-03
 -1.099196747998302E-03 -1.070964574171439E-03 -1.042706011009832E-03
 -1.002642212783253E-03 -9.745765293301502E-04 -9.464696382471179E-04
 -9.068079588932659E-04 -8.789168481065400E-04 -8.509663697373625E-04
 -8.114445302835913E-04 -7.837193090731479E-04 -7.559131414986446E-04
 -7.162731169115456E-04 -6.886820411645986E-04 -6.609847280992847E-04
 -6.209863855246244E-04 -5.934694213336976E-04 -5.658166596997365E-04
 -5.252430721515660E-04 -4.977085467015235E-04 -4.700036953840980E-04
 -4.286594728162705E-04 -4.009831420019623E-04 -3.730964554355613E-04
 -3.308073518593525E-04 -3.028344872967620E-04 -2.746058071542473E-04
 -2.312341001965550E-04 -2.027857292337675E-04 -1.740318128819572E-04
 -1.295325793825262E-04 -1.004176181682695E-04 -7.094579965706678E-05
 -2.550927496898250E-05  4.455133026661794E-06  3.482480654870985E-05
 -2.737397707632854E-02 -3.404197045599036E-02 -4.068577986754925E-02
 -1.308358595212428E-02 -2.171325079792834E-02 -3.031469237191392E-02
 -5.209044906749470E-03 -1.536804472930992E-02 -2.549073410039529E-02
 -5.209044906749470E-03 -1.536804472930992E-02 -2.549073410039529E-02
 -1.308358595212428E-02 -2.171325079792834E-02 -3.031469237191392E-02
 -2.737397707632854E-02 -3.404197045599036E-02 -4.068577986754925E-02
 -4.434482146859648E-02 -4.967474073905200E-02 -5.498325475929359E-02
 -6.002202106950084E-02 -6.479514649192633E-02 -6.955796914064881E-02
 -7.365890047129810E-02 -7.819010211089504E-02 -8.272291851970608E-02
 -8.698439594608606E-02 -9.123573803700759E-02 -9.548668839814094E-02
 -1.004576171591478E-01 -1.043553269099694E-01 -1.082383643767607E-01
 -1.127168616849368E-01 -1.162262513478012E-01 -1.197065363559625E-01
 -1.226007975091545E-01 -1.256899350410163E-01 -1.287406680147882E-01
 -1.299064179993450E-01 -1.325491601673510E-01 -1.351475629133629E-01
 -1.348995774583033E-01 -1.370888633479750E-01 -1.392293665933609E-01
 -1.379004910846607E-01 -1.396446327634505E-01 -1.413368743025076E-01
 -1.391564394235333E-01 -1.404714371992725E-01 -1.417330735425361E-01
 -1.388173905780569E-01 -1.397246014487692E-01 -1.405787945678967E-01
 -1.369605952993527E-01 -1.374877076846222E-01 -1.379638359521615E-01
 -1.336506951022322E-01 -1.338319110197465E-01 -1.339654330442088E-01
 -1.289932687624535E-01 -1.288669625819484E-01 -1.286968478895831E-01
 -1.231468564141688E-01 -1.227518337479710E-01 -1.223169815774021E-01
 -1.163003901629094E-01 -1.156735291727637E-01 -1.150109623290792E-01
 -1.086490361193752E-01 -1.078262357053244E-01 -1.069725786126912E-01
 -1.003889855930515E-01 -9.940849957248969E-02 -9.840337921997229E-02
 -9.172593906435721E-02 -9.063114989583498E-02 -8.951954023549220E-02
 -8.288157256879347E-02 -8.172106198762015E-02 -8.055279352700330E-02
 -7.408940716675262E-02 -7.291459120617491E-02 -7.174166978689990E-02
 -6.558290257764317E-02 -6.444493300103320E-02 -6.331845653361987E-02
 -5.758292210288189E-02 -5.653023323675529E-02 -5.549814895954720E-02
 -5.028891240941009E-02 -4.936597499714102E-02 -4.847213331129643E-02
 -4.387602689208799E-02 -4.312372977853109E-02 -4.240866718654895E-02
 -3.850193185709339E-02 -3.796020831150859E-02 -3.746425025250447E-02
 -3.432675580199201E-02 -3.403950143794868E-02 -3.380801097226488E-02
 -3.154297667216846E-02 -3.156366416870041E-02 -3.165247444549094E-02
 -3.040183266277350E-02 -3.079641702811097E-02 -3.127374851632492E-02
 -3.121621813660688E-02 -3.205921940286561E-02 -3.299998175993207E-02
 -3.432209182284399E-02 -3.568293553193254E-02 -3.715293560685206E-02
 -3.999189579653964E-02 -4.191173129988802E-02 -4.394283303548232E-02
 -4.831174952619597E-02 -5.077532224547528E-02 -5.333710470521904E-02
 -5.905405761376960E-02 -6.196527117646036E-02 -6.494252264679524E-02
 -7.159093178629916E-02 -7.476248497181134E-02 -7.794890369791072E-02
 -8.489297301332253E-02 -8.805820205622192E-02 -9.117345625560622E-02
 -9.763760411546105E-02 -1.004861592266664E-01 -1.032161772065374E-01
 -1.084148033196205E-01 -1.106449898263850E-01 -1.126964406700587E-01
 -1.159790555870990E-01 -1.173523489655767E-01 -1.185057487363132E-01
 -1.194730504077595E-01 -1.198543201371860E-01 -1.199996698533018E-01
 -1.185549808701655E-01 -1.179269403685300E-01 -1.170721617869294E-01
 -1.133970856925028E-01 -1.118473881087163E-01 -1.101002677061339E-01
 -1.045722393388845E-01 -1.022616837627717E-01 -9.979549863637906E-02
 -9.288449228973113E-02 -9.001027070678576E-02 -8.702741125605240E-02
 -7.921107052109702E-02 -7.597780357769043E-02 -7.268318604031929E-02
 -6.440446486721219E-02 -6.100917317521491E-02 -5.759788840465947E-02
 -4.926471018243270E-02 -4.589335345285048E-02 -4.254862184415236E-02
 -3.455282537975945E-02 -3.137993744501888E-02 -2.827230979591836E-02
 -2.099686385961195E-02 -1.817950479212745E-02 -1.545927206629250E-02
 -9.253663610794709E-03 -6.916629505999905E-03 -4.697952989357031E-03
  1.747290905991485E-04  1.957638084542586E-03  3.614816345422208E-03
  7.034835476399107E-03  8.254207170313350E-03  9.355133912515599E-03
  1.137794335704431E-02  1.208917254215529E-02  1.270156480145155E-02
  1.354713294064280E-02  1.385615210887753E-02  1.409343398694857E-02
  1.409454672949065E-02  1.413322166205484E-02  1.412893545336356E-02
  1.365541788940148E-02  1.355423110036174E-02  1.343536344418470E-02
  1.281786812226539E-02  1.268342120021789E-02  1.254972296365878E-02
  1.202448324079486E-02  1.192683714871664E-02  1.184044175534383E-02
  1.152754126187189E-02  1.149880556712086E-02  1.148484661010311E-02
  1.140057853670519E-02  1.144268674748079E-02  1.149834006464733E-02
  1.159120476160111E-02  1.168848305169059E-02  1.179584447413873E-02
  1.198951216480099E-02  1.212108525119831E-02  1.225906852384366E-02
  1.248639783363441E-02  1.263469989991641E-02  1.278660978237599E-02
  1.300580877899037E-02  1.315982199992891E-02  1.331568024090703E-02
  1.350920582536645E-02  1.366342165204075E-02  1.381836955489435E-02
  1.398228370017614E-02  1.413372902316677E-02  1.428493489275796E-02
  1.441795965735058E-02  1.456354301170247E-02  1.470773643378079E-02
  1.480561747559152E-02  1.494095843976650E-02  1.507353801183685E-02
  1.512903412984404E-02  1.524874568600875E-02  1.536427788073909E-02
  1.536988218028361E-02  1.546868999673654E-02  1.556215379054516E-02
  1.551281813227511E-02  1.558699382556993E-02  1.565528913766184E-02
  1.555043063743246E-02  1.559933697252435E-02  1.564287209587656E-02
  1.548833501324860E-02  1.551595834820006E-02  1.554014080005065E-02
  1.535042908206700E-02  1.536652188474049E-02  1.538269525123865E-02
  1.518245091429633E-02  1.520261284982616E-02  1.522773801554329E-02
  1.505064381079382E-02  1.509467940435148E-02  1.514917213076468E-02
  1.503302788781476E-02  1.512136097118501E-02  1.522504016548256E-02
  1.520338708822134E-02  1.535206731177415E-02  1.551897322025721E-02
  1.561145205129985E-02  1.582711083448129E-02  1.606075130372034E-02
  1.626565976277597E-02  1.654238332134984E-02  1.683347056984753E-02
  1.712633723729740E-02  1.744652798658339E-02  1.777518471387979E-02
  1.811633267593929E-02  1.845695833803508E-02  1.880046310670937E-02
  1.915230269737963E-02  1.949638487415927E-02  1.984176994941765E-02
  2.019308736859197E-02  2.054410168753084E-02  2.090266011221668E-02
  2.129325038559278E-02  2.168792919496489E-02  2.210664341324312E-02
  2.264263618772269E-02  2.315633135342410E-02  2.372026547628097E-02
  2.456989283103915E-02  2.530895732229062E-02  2.612949104372785E-02
  2.749195294810359E-02  2.857004057628765E-02  2.975687340150427E-02
  3.180379256090806E-02  3.330363566619713E-02  3.492368731060361E-02
  3.772281428686158E-02  3.965130409871079E-02  4.168409815542799E-02
  4.512609141379332E-02  4.737655583058338E-02  4.968121119142488E-02
  5.343773870733778E-02  5.577601956790951E-02  5.808616564654456E-02
  6.162513601392021E-02  6.371202794099846E-02  6.566878029207146E-02
  6.833663279785814E-02  6.978759781145139E-02  7.100749365608906E-02
  7.216301511369839E-02  7.263087773394364E-02  7.279075842842936E-02
  7.195178813173456E-02  7.120719894376698E-02  7.011956642172164E-02
  6.707645271425181E-02  6.506085273547471E-02  6.271644994405520E-02
  5.757902173100721E-02  5.441584451676594E-02  5.098329397793819E-02
  4.415382990085086E-02  4.011931303469515E-02  3.590706685025927E-02
  2.799613807454655E-02  2.346319875905607E-02  1.885919597851630E-02
  1.057371586350334E-02  5.946483591793708E-03  1.352902409804060E-03
 -6.615147203412733E-03 -1.096129008634450E-02 -1.518474477130690E-02
 -2.224900049823024E-02 -2.601270276284765E-02 -2.958936101528762E-02
 -3.532903515755834E-02 -3.830975609629218E-02 -4.106773593235432E-02
 -4.525434400138768E-02 -4.736061299993672E-02 -4.923651648950810E-02
 -5.183008321450288E-02 -5.307171981922295E-02 -5.409924647559491E-02
 -5.522016529279215E-02 -5.568853871041039E-02 -5.597638827460136E-02
 -5.586123377577600E-02 -5.570250018298372E-02 -5.540660378139751E-02
 -5.435700330083796E-02 -5.374338202245216E-02 -5.303843311283498E-02
 -5.137158477323094E-02 -5.047515445915274E-02 -4.952966566858241E-02
 -4.753739545716112E-02 -4.650973598267888E-02 -4.546757507974781E-02
 -4.338828348141947E-02 -4.234777188064003E-02 -4.131756249544494E-02
 -3.932250367650795E-02 -3.834947470478427E-02 -3.740167896619755E-02
 -3.559431138109368E-02 -3.473292131628168E-02 -3.390315316606186E-02
 -3.232832059186470E-02 -3.159305711596831E-02 -3.088942897571723E-02
 -2.954818777315889E-02 -2.893266416446920E-02 -2.834481788285499E-02
 -2.721083051855594E-02 -2.669673779761929E-02 -2.620456229239874E-02
 -2.523886763266222E-02 -2.480355362022234E-02 -2.438424450027019E-02
 -2.354648849065744E-02 -2.316835917590935E-02 -2.280120205454387E-02
 -2.205667666698191E-02 -2.171827518858268E-02 -2.138715399861730E-02
 -2.070997702421146E-02 -2.039906871348516E-02 -2.009311554554469E-02
 -1.946647298781513E-02 -1.917571442614919E-02 -1.888871044418992E-02
 -1.830329009409493E-02 -1.802911135248490E-02 -1.775825614523244E-02
 -1.720991613879862E-02 -1.695115660541479E-02 -1.669570855873222E-02
 -1.618316722266039E-02 -1.593984308582931E-02 -1.569996160454147E-02
 -1.522297684926070E-02 -1.499538061734868E-02 -1.477132675910378E-02
 -1.432954043466563E-02 -1.411772138569001E-02 -1.390943323386660E-02
 -1.350183965367464E-02 -1.330541098119815E-02 -1.311238105695567E-02
 -1.273725717084820E-02 -1.255542524055363E-02 -1.237676982326550E-02
 -1.203186852377140E-02 -1.186357340295095E-02 -1.169818663390976E-02
 -1.138101956600724E-02 -1.122509824509293E-02 -1.107181091487842E-02
 -1.077990306037638E-02 -1.063522099489851E-02 -1.049291893274375E-02
 -1.022397809957497E-02 -1.008950767302930E-02 -9.957195795496199E-03
 -9.709188757873218E-03 -9.584037239925939E-03 -9.460856318297748E-03
 -9.232012453284796E-03 -9.115414624203257E-03 -9.000627545093735E-03
 -8.789401145759646E-03 -8.680694536978881E-03 -8.573659546506001E-03
 -8.378678983663103E-03 -8.277276184928163E-03 -8.177420079801496E-03
 -7.997442381539632E-03 -7.902808850508980E-03 -7.809606917380409E-03
 -7.643485818011188E-03 -7.555125949906937E-03 -7.468090170199892E-03
 -7.314757721347652E-03 -7.232208104792375E-03 -7.150881894463621E-03
 -7.009339536111133E-03 -6.932166637918767E-03 -6.856123223328162E-03
 -6.725437326737035E-03 -6.653236836192127E-03 -6.582078675134205E-03
 -6.461376727360421E-03 -6.393772676875123E-03 -6.327130334202889E-03
 -6.215595809257104E-03 -6.152238671324131E-03 -6.089768607957108E-03
 -5.986634226736142E-03 -5.927198024235325E-03 -5.868579493687898E-03
 -5.773119587586611E-03 -5.717298488416899E-03 -5.662230063847849E-03
 -5.573753102811752E-03 -5.521258050105976E-03 -5.469454313306442E-03
 -5.387296533950013E-03 -5.337852333461792E-03 -5.289041096989856E-03
 -5.212561823153171E-03 -5.165904913086819E-03 -5.119825151552477E-03
 -5.048404041679587E-03 -5.004281000776478E-03 -4.960681514462492E-03
 -4.893717703689402E-03 -4.851884447128697E-03 -4.810523192883502E-03
 -4.747436136394611E-03 -4.707657701722895E-03 -4.668301690621950E-03
 -4.608533423627368E-03 -4.570584237353706E-03 -4.533009891723980E-03
 -4.476028365476481E-03 -4.439692881631534E-03 -4.403686744730693E-03
 -4.348989863030602E-03 -4.314063464444275E-03 -4.279423153788140E-03
 -4.226543119979022E-03 -4.192833169305863E-03 -4.159368459836982E-03
 -4.107876051320273E-03 -4.075202976984939E-03 -4.042736898451049E-03
 -3.992245314757458E-03 -3.960443621887153E-03 -3.928813461142600E-03
 -3.878981445185925E-03 -3.847900554816669E-03 -3.816958668883167E-03
 -3.767492679760892E-03 -3.736997519642641E-03 -3.706611887034242E-03
 -3.657267197261843E-03 -3.627238492058941E-03 -3.597292955005548E-03
 -3.547873638693974E-03 -3.518207873395626E-03 -3.488602049530816E-03
 -3.438959907327061E-03 -3.409568962335920E-03 -3.380217828403998E-03
 -3.330250357218574E-03 -3.301060834061922E-03 -3.271894004025064E-03
 -3.221541566674341E-03 -3.192493838983494E-03 -3.163454573682831E-03
 -3.112696954078850E-03 -3.083743989830631E-03 -3.054787985726269E-03
 -3.003640524983289E-03 -2.974746534097768E-03 -2.945840545758508E-03
 -2.894350043611482E-03 -2.865489009821000E-03 -2.836609364853004E-03
 -2.784849905392640E-03 -2.756004062735058E-03 -2.727135128690336E-03
 -2.675203955323086E-03 -2.646362268436927E-03 -2.617494929329361E-03
 -2.565508449946283E-03 -2.536665155361873E-03 -2.507795352459053E-03
 -2.455885295799360E-03 -2.427038560470929E-03 -2.398165950081107E-03
 -2.346475614786717E-03 -2.317626368874824E-03 -2.288753149689412E-03
 -2.237433592364360E-03 -2.208584594736035E-03 -2.179714558464987E-03
 -2.128920471439967E-03 -2.100075665113626E-03 -2.071213523799546E-03
 -2.021098488156550E-03 -1.992262692907501E-03 -1.963413728899775E-03
 -1.914124535715399E-03 -1.885303499571732E-03 -1.856473562738534E-03
 -1.808143412607716E-03 -1.779344199917352E-03 -1.750540036926398E-03
 -1.703280652798990E-03 -1.674512288892309E-03 -1.645742134311654E-03
 -1.599635103403229E-03 -1.570909334623842E-03 -1.542183632745714E-03
 -1.497271562176546E-03 -1.468603532087693E-03 -1.439935599897913E-03
 -1.396213923876442E-03 -1.367622507643478E-03 -1.339028891106289E-03
 -1.296439482985373E-03 -1.267946958322272E-03 -1.239447170378093E-03
 -1.197875304069056E-03 -1.169505991235682E-03 -1.141121266820037E-03
 -1.100397660978349E-03 -1.072175197757621E-03 -1.043925914612596E-03
 -1.003835076720395E-03 -9.757781727487529E-04 -9.476797363303495E-04
 -9.079743713296660E-04 -8.800912143253333E-04 -8.521485128584721E-04
 -8.125677690324033E-04 -7.848496498013714E-04 -7.570505909728912E-04
 -7.173380805777600E-04 -6.897531232293157E-04 -6.620621398544466E-04
 -6.219787396410323E-04 -5.944667165421362E-04 -5.668193118676525E-04
 -5.261470395375445E-04 -4.986160500084051E-04 -4.709153328112816E-04
 -4.294533034050824E-04 -4.017788019054825E-04 -3.738946837225023E-04
 -3.314547843790659E-04 -3.034814988830164E-04 -2.752532227419672E-04
 -2.316714187133224E-04 -2.032192850104608E-04 -1.744624546722097E-04
 -1.296718878358686E-04 -1.005483448956618E-04 -7.106877205026740E-05
 -2.540094361797650E-05  4.574189403581573E-06  3.495369069315174E-05
 -2.583798546123773E-02 -3.235225621568643E-02 -3.885246457996333E-02
 -1.235410023477060E-02 -2.077613473062402E-02 -2.917883253761275E-02
 -5.029798063556326E-03 -1.495346869835701E-02 -2.484919565936119E-02
 -5.029798063556326E-03 -1.495346869835701E-02 -2.484919565936119E-02
 -1.235410023477060E-02 -2.077613473062402E-02 -2.917883253761275E-02
 -2.583798546123773E-02 -3.235225621568643E-02 -3.885246457996333E-02
 -4.212769780964724E-02 -4.736770403213750E-02 -5.259663146417249E-02
 -5.744505053946641E-02 -6.218559168346110E-02 -6.692401853352381E-02
 -7.107945403817068E-02 -7.561733673011264E-02 -8.016136948900486E-02
 -8.470140437206398E-02 -8.898080009964084E-02 -9.326050527312955E-02
 -9.855732649239163E-02 -1.024929899332622E-01 -1.064123316910908E-01
 -1.111243732472488E-01 -1.146710882584648E-01 -1.181865261817375E-01
 -1.212548587098230E-01 -1.243736534298620E-01 -1.274520469214143E-01
 -1.287898608096648E-01 -1.314535095465010E-01 -1.340709584174493E-01
 -1.339941506686739E-01 -1.361964879150219E-01 -1.383482876219703E-01
 -1.371725579430821E-01 -1.389220522752538E-01 -1.406181001814092E-01
 -1.385659536039936E-01 -1.398786234556837E-01 -1.411366988210487E-01
 -1.383270227349704E-01 -1.392250883890275E-01 -1.400692506128639E-01
 -1.365397933507928E-01 -1.370525842052631E-01 -1.375138223718439E-01
 -1.332763715922137E-01 -1.334398377359373E-01 -1.335552982929775E-01
 -1.286487380617659E-01 -1.285026336412113E-01 -1.283126089985543E-01
 -1.228197242679063E-01 -1.224038361254613E-01 -1.219481695632813E-01
 -1.159805206617514E-01 -1.153324743403698E-01 -1.146489129519871E-01
 -1.083276692477657E-01 -1.074839842997944E-01 -1.066097515346785E-01
 -1.000589383258998E-01 -9.905839600386321E-02 -9.803362582792333E-02
 -9.138233302122438E-02 -9.026879573952862E-02 -8.913893181694781E-02
 -8.252280265766364E-02 -8.134534416416138E-02 -8.016070779266092E-02
 -7.371793440301311E-02 -7.252846316691178E-02 -7.134154401857827E-02
 -6.520517402847163E-02 -6.405522558999908E-02 -6.291747773429006E-02
 -5.720818737093615E-02 -5.614636964649342E-02 -5.510587756399001E-02
 -4.992757824743432E-02 -4.899833914243361E-02 -4.809890387250745E-02
 -4.353835263285237E-02 -4.278244289488498E-02 -4.206444481126256E-02
 -3.819710130891003E-02 -3.765420407609791E-02 -3.715768685329301E-02
 -3.406172728191251E-02 -3.377526906250460E-02 -3.354507048723716E-02
 -3.132091446881941E-02 -3.134361088049723E-02 -3.143475030719953E-02
 -3.022088203064197E-02 -3.061777266092847E-02 -3.109754171028402E-02
 -3.106973415223372E-02 -3.191458439316549E-02 -3.285719456926176E-02
 -3.420076369057984E-02 -3.556273899643111E-02 -3.703384966311260E-02
 -3.988713853631976E-02 -4.180777344169027E-02 -4.383975428019028E-02
 -4.821904400756271E-02 -5.068398622525475E-02 -5.324738988528742E-02
 -5.897490943828351E-02 -6.188911795927111E-02 -6.486977261470685E-02
 -7.153268618992571E-02 -7.470962311403062E-02 -7.790189013200073E-02
 -8.486660920347432E-02 -8.803975507191281E-02 -9.116330474406741E-02
 -9.765447815790655E-02 -1.005129478385063E-01 -1.032530514806499E-01
 -1.084837056700126E-01 -1.107248113783989E-01 -1.127870944058087E-01
 -1.161046716302956E-01 -1.174888171221192E-01 -1.186527584809995E-01
 -1.196561124288009E-01 -1.200473594635857E-01 -1.202022462533544E-01
 -1.187935205550231E-01 -1.181741841796299E-01 -1.173276417237389E-01
 -1.136876630572317E-01 -1.121452926380084E-01 -1.104050594919543E-01
 -1.049100238217327E-01 -1.026052821416559E-01 -1.001444731382676E-01
 -9.326159978610483E-02 -9.039112162197041E-02 -8.741146564357925E-02
 -7.961354513920513E-02 -7.638075837998215E-02 -7.308585271144109E-02
 -6.480949776833442E-02 -6.140979355181346E-02 -5.799304999503221E-02
 -4.964049012137368E-02 -4.625845729363664E-02 -4.290184468032951E-02
 -3.486298571376781E-02 -3.167301251847000E-02 -2.854724131829501E-02
 -2.120948183123662E-02 -1.837043065324828E-02 -1.562798449694697E-02
 -9.351935568959704E-03 -6.992285640139376E-03 -4.751295399483152E-03
  1.849653569397939E-04  1.986899153450504E-03  3.661967353720845E-03
  7.125014748252189E-03  8.356115095669022E-03  9.467113734818984E-03
  1.150515105163636E-02  1.221933976989970E-02  1.283301891233752E-02
  1.366772079272593E-02  1.397215374767022E-02  1.420363800698820E-02
  1.417710263957108E-02  1.420686212918818E-02  1.419316161564073E-02
  1.368774906612287E-02  1.357707739397986E-02  1.344889342122524E-02
  1.280593236414502E-02  1.266429739413781E-02  1.252398030341399E-02
  1.198515247866799E-02  1.188381044269926E-02  1.179435965082129E-02
  1.147948984133986E-02  1.145016276950645E-02  1.143608164720730E-02
  1.135743262928176E-02  1.140077799355372E-02  1.145787948114166E-02
  1.155897513360704E-02  1.165797065949578E-02  1.176704956817033E-02
  1.196784009123875E-02  1.210072968691235E-02  1.223992764022809E-02
  1.247166052570648E-02  1.262059593477294E-02  1.277303383783966E-02
  1.299407733934445E-02  1.314818647996116E-02  1.330408385916695E-02
  1.349793637242615E-02  1.365201804251826E-02  1.380682976517819E-02
  1.397064879072720E-02  1.412199506303788E-02  1.427313514301893E-02
  1.440633988490343E-02  1.455199609934251E-02  1.469630580524399E-02
  1.479486500705528E-02  1.493046331841250E-02  1.506333357737521E-02
  1.511989446081879E-02  1.523997738019623E-02  1.535589092786780E-02
  1.536268420740047E-02  1.546186466993711E-02  1.555568062384761E-02
  1.550737714419744E-02  1.558180197284361E-02  1.565029475876594E-02
  1.554607942149775E-02  1.559500108178219E-02  1.563847643869943E-02
  1.548404669311838E-02  1.551138697191728E-02  1.553520576176852E-02
  1.534504318228769E-02  1.536057020841663E-02  1.537611837652202E-02
  1.517500897284648E-02  1.519444259242004E-02  1.521883042394238E-02
  1.504077992624565E-02  1.508414449257313E-02  1.513802882587234E-02
  1.502128533093811E-02  1.510927732276791E-02  1.521275150280258E-02
  1.519129963999627E-02  1.534020829406555E-02  1.550752656841122E-02
  1.560126788557492E-02  1.581782656800098E-02  1.605254528164156E-02
  1.625968595737755E-02  1.653785356181601E-02  1.683048505690238E-02
  1.712600928912340E-02  1.744778728785503E-02  1.777797963864476E-02
  1.812123460184221E-02  1.846295046255463E-02  1.880729322840151E-02
  1.915946445021718E-02  1.950339728144295E-02  1.984818705482923E-02
  2.019694651722555E-02  2.054597109458907E-02  2.090198798870888E-02
  2.128662068453477E-02  2.167731890666401E-02  2.209156699121412E-02
  2.261878065260127E-02  2.312706978913165E-02  2.368539849737833E-02
  2.452532843300999E-02  2.525891517100960E-02  2.607425143316201E-02
  2.742909872602981E-02  2.850355573143222E-02  2.968760433765441E-02
  3.173238060374335E-02  3.323244808903975E-02  3.485407382366306E-02
  3.765936709445740E-02  3.959348573908231E-02  4.163356134007472E-02
  4.509148758454570E-02  4.735362297333951E-02  4.967159807785565E-02
  5.345331054410059E-02  5.580868426837014E-02  5.813717252748465E-02
  6.170766753027657E-02  6.381494007417009E-02  6.579248745958291E-02
  6.849280999912934E-02  6.996384704650360E-02  7.120307158529733E-02
  7.238496370612221E-02  7.286825321224230E-02  7.304165938394822E-02
  7.221628626968171E-02  7.147876966934709E-02  7.039555864714653E-02
  6.734939149469428E-02  6.533077799640898E-02  6.298062983952771E-02
  5.782385401114289E-02  5.464837773510169E-02  5.120136449783073E-02
  4.434054260144508E-02  4.028732199827268E-02  3.605518294005491E-02
  2.810744614634365E-02  2.355329168695866E-02  1.892794970360454E-02
  1.060700348585633E-02  5.959813338389004E-03  1.347039804553854E-03
 -6.649768623461002E-03 -1.101180587026269E-02 -1.524983216060268E-02
 -2.233310815857522E-02 -2.610719314015330E-02 -2.969272411632939E-02
 -3.544110206666291E-02 -3.842657634328369E-02 -4.118792369513227E-02
 -4.537430304755421E-02 -4.748057956831389E-02 -4.935542737523829E-02
 -5.194236789187373E-02 -5.318068965177317E-02 -5.420423687020611E-02
 -5.531498695549464E-02 -5.577824946327367E-02 -5.606069979880112E-02
 -5.593437266705045E-02 -5.577004869328252E-02 -5.546856863026569E-02
 -5.440866188405000E-02 -5.378991961046530E-02 -5.308004925308527E-02
 -5.140487234218986E-02 -5.050434357952937E-02 -4.955505222103904E-02
 -4.755686902746109E-02 -4.652634431628267E-02 -4.548163338040747E-02
 -4.339877724693401E-02 -4.235659005138448E-02 -4.132498631910306E-02
 -3.932832338598982E-02 -3.835460397819414E-02 -3.740633465428841E-02
 -3.559877947839573E-02 -3.473740245605319E-02 -3.390778898874262E-02
 -3.233361773182187E-02 -3.159877968632650E-02 -3.089564777875331E-02
 -2.955541980468781E-02 -2.894048202966212E-02 -2.835323586301708E-02
 -2.722024222796723E-02 -2.670671053488335E-02 -2.621507266373179E-02
 -2.525012425983942E-02 -2.481523595237512E-02 -2.439631012071604E-02
 -2.355895622495345E-02 -2.318107376989610E-02 -2.281411723213368E-02
 -2.206965325780231E-02 -2.173132609645893E-02 -2.140023918214657E-02
 -2.072284801913097E-02 -2.041187732386143E-02 -2.010583293444097E-02
 -1.947879142949905E-02 -1.918788078962960E-02 -1.890070792477776E-02
 -1.831479319861469E-02 -1.804041735974530E-02 -1.776935842285705E-02
 -1.722050005627398E-02 -1.696153302292737E-02 -1.670587791983384E-02
 -1.619284149172382E-02 -1.594932142921668E-02 -1.570924835271381E-02
 -1.523181597370893E-02 -1.500404581233332E-02 -1.477982366941318E-02
 -1.433764373104599E-02 -1.412567466860954E-02 -1.391724179465838E-02
 -1.350930426526955E-02 -1.331274646839321E-02 -1.311959156335716E-02
 -1.274416426585604E-02 -1.256221918544410E-02 -1.238345347683090E-02
 -1.203827975349155E-02 -1.186988273234100E-02 -1.170439588121356E-02
 -1.138697977768707E-02 -1.123096431244266E-02 -1.107758399629429E-02
 -1.078544556307334E-02 -1.064067506402896E-02 -1.049828541665377E-02
 -1.022912984470177E-02 -1.009457581825120E-02 -9.962181116454786E-03
 -9.713974047246153E-03 -9.588743582570022E-03 -9.465484529065394E-03
 -9.236454833423885E-03 -9.119782782753622E-03 -9.004922350489724E-03
 -8.793523806524966E-03 -8.684747719718467E-03 -8.577644132242501E-03
 -8.382504247680377E-03 -8.281036532630669E-03 -8.181116346377358E-03
 -8.000990851229444E-03 -7.906296562224512E-03 -7.813034609417572E-03
 -7.646775577256941E-03 -7.558358535239177E-03 -7.471266190001902E-03
 -7.317803788209533E-03 -7.235199910684957E-03 -7.153819903276565E-03
 -7.012153606257346E-03 -6.934928658907115E-03 -6.858833513660604E-03
 -6.728027762114783E-03 -6.655776750645877E-03 -6.584568249006176E-03
 -6.463748722842800E-03 -6.396095043537504E-03 -6.329403125715169E-03
 -6.217751687297574E-03 -6.154345243964941E-03 -6.091825816483766E-03
 -5.988573839491954E-03 -5.929088171765267E-03 -5.870420022230935E-03
 -5.774840827883654E-03 -5.718969726249638E-03 -5.663851071832259E-03
 -5.575252531627520E-03 -5.522706690724100E-03 -5.470851890962460E-03
 -5.388570122776746E-03 -5.339074251469050E-03 -5.290211052919744E-03
 -5.213605790504684E-03 -5.166896399386238E-03 -5.120763883365181E-03
 -5.049215741379834E-03 -5.005039659008518E-03 -4.961386911242533E-03
 -4.894296504961666E-03 -4.852410069235051E-03 -4.810995503572737E-03
 -4.747784226195553E-03 -4.707953051782438E-03 -4.668544286567980E-03
 -4.608656461763604E-03 -4.570655674960884E-03 -4.533029855843338E-03
 -4.475935932896396E-03 -4.439550767716217E-03 -4.403495232922995E-03
 -4.348695661028591E-03 -4.313722311052925E-03 -4.279035494175773E-03
 -4.226064900704807E-03 -4.192311518259232E-03 -4.158803979303969E-03
 -4.107235284406329E-03 -4.074523016842703E-03 -4.042018490566453E-03
 -3.991466618226589E-03 -3.959630575609514E-03 -3.927966931919609E-03
 -3.878091828039049E-03 -3.846981888786537E-03 -3.816011914169937E-03
 -3.766520656818781E-03 -3.736002036743053E-03 -3.705593966038563E-03
 -3.656241843058952E-03 -3.626195376275483E-03 -3.596233127961274E-03
 -3.546823646216733E-03 -3.517145751293521E-03 -3.487528844067613E-03
 -3.437912710432336E-03 -3.408515038622452E-03 -3.379158190124447E-03
 -3.329231364088518E-03 -3.300040146369848E-03 -3.270872574022818E-03
 -3.220573537693445E-03 -3.191528662600175E-03 -3.162493121091200E-03
 -3.111799542928507E-03 -3.082853408590977E-03 -3.053905008879834E-03
 -3.002829988033388E-03 -2.973946180130635E-03 -2.945051042347875E-03
 -2.893639111182046E-03 -2.864790963757398E-03 -2.835924760810785E-03
 -2.784247799396041E-03 -2.755416897463934E-03 -2.726563347511578E-03
 -2.674716531640982E-03 -2.645891213807697E-03 -2.617040578402956E-03
 -2.565138440205457E-03 -2.536312358091052E-03 -2.507460000285520E-03
 -2.455632621846525E-03 -2.426803412473963E-03 -2.397948467625642E-03
 -2.346337749357465E-03 -2.317505877809066E-03 -2.288650089965655E-03
 -2.237405940808956E-03 -2.208573772192149E-03 -2.179720550376256E-03
 -2.128996751897008E-03 -2.100167910385422E-03 -2.071321658799326E-03
 -2.021271090469695E-03 -1.992450153286057E-03 -1.963615922087329E-03
 -1.914384843366157E-03 -1.885577391914972E-03 -1.856760873647574E-03
 -1.808482076252654E-03 -1.779695082365475E-03 -1.750902939195256E-03
 -1.703687809391686E-03 -1.674930276635123E-03 -1.646170728196889E-03
 -1.600100540958397E-03 -1.571384259401221E-03 -1.542667799737738E-03
 -1.497784837755089E-03 -1.469125052128090E-03 -1.440465105383779E-03
 -1.396764451096746E-03 -1.368180183037660E-03 -1.339593448762383E-03
 -1.297016614312161E-03 -1.268530315872431E-03 -1.240036490939125E-03
 -1.198468438422921E-03 -1.170104608969098E-03 -1.141725120716399E-03
 -1.100996402040661E-03 -1.072778836359973E-03 -1.044534237011384E-03
 -1.004429445008010E-03 -9.763769619249835E-04 -9.482827868109136E-04
 -9.085550309199501E-04 -8.806758620043876E-04 -8.527370644246802E-04
 -8.131261733846274E-04 -7.854115849966948E-04 -7.576160658679665E-04
 -7.178663792344092E-04 -6.902844152739470E-04 -6.625965370544545E-04
 -6.224692087610287E-04 -5.949595250741543E-04 -5.673146735058915E-04
 -5.265906304558171E-04 -4.990611794249931E-04 -4.713623037900645E-04
 -4.298363555337258E-04 -4.021623686574036E-04 -3.742791347122523E-04
 -3.317507858465285E-04 -3.037765050742436E-04 -2.755476383054481E-04
 -2.318168779792213E-04 -2.033608793749636E-04 -1.746005796217193E-04
 -1.295074159162165E-04 -1.003734056440376E-04 -7.088368205285436E-05
 -2.492136010378880E-05  5.069981572954118E-06  3.546535831015500E-05
