  7.521579784072915E+00  7.511054667653142E+00  7.500519467651962E+00

 -3.527333134215267E-03 -3.530413248080600E-03 -3.533589509905027E-03
 -3.528488632113520E-03 -3.531558394712816E-03 -3.534723773276537E-03
 -3.529066755788644E-03 -3.532131344816838E-03 -3.535291283577780E-03
 -3.529066755788644E-03 -3.532131344816838E-03 -3.535291283577780E-03
 -3.528488632113520E-03 -3.531558394712816E-03 -3.534723773276537E-03
 -3.527333134215267E-03 -3.530413248080600E-03 -3.533589509905027E-03
 -3.525601760265781E-03 -3.528697411288936E-03 -3.531890007048929E-03
 -3.523296755705158E-03 -3.526413141945375E-03 -3.529627533022380E-03
 -3.520421110812594E-03 -3.523563446357598E-03 -3.526805108201349E-03
 -3.516978557536870E-03 -3.520152076143623E-03 -3.523426501385004E-03
 -3.512973565279744E-03 -3.516183523793721E-03 -3.519496225151049E-03
 -3.508411335666098E-03 -3.511663017167653E-03 -3.515019530074833E-03
 -3.503297796267528E-03 -3.506596512870403E-03 -3.510002397760193E-03
 -3.497639593459680E-03 -3.500990688764733E-03 -3.504451533017382E-03
 -3.491444084112400E-03 -3.494852935252351E-03 -3.498374354723315E-03
 -3.484719326216712E-03 -3.488191345433823E-03 -3.491778985584794E-03
 -3.477474068374164E-03 -3.481014704160036E-03 -3.484674240722789E-03
 -3.469717738087652E-03 -3.473332475822744E-03 -3.477069615039116E-03
 -3.461460428880308E-03 -3.465154791019895E-03 -3.468975269461520E-03
 -3.452712886017972E-03 -3.456492431749580E-03 -3.460402015650560E-03
 -3.443486491098544E-03 -3.447356815570871E-03 -3.451361299825440E-03
 -3.433793245268477E-03 -3.437759978390326E-03 -3.441865185152420E-03
 -3.423645751290489E-03 -3.427714556176621E-03 -3.431926333206510E-03
 -3.413057194376962E-03 -3.417233765485579E-03 -3.421557984221999E-03
 -3.402041321871780E-03 -3.406331382911111E-03 -3.410773936394463E-03
 -3.390612422082230E-03 -3.395021723754399E-03 -3.399588524432577E-03
 -3.378785301936369E-03 -3.383319619679660E-03 -3.388016597229828E-03
 -3.366575264163281E-03 -3.371240395850337E-03 -3.376073494984954E-03
 -3.353998083519130E-03 -3.358799847230507E-03 -3.363775025576107E-03
 -3.341069982854801E-03 -3.346014214757650E-03 -3.351137440804459E-03
 -3.327807609178605E-03 -3.332900161456880E-03 -3.338177412493436E-03
 -3.314228009146018E-03 -3.319474748074802E-03 -3.324912008172720E-03
 -3.300348604618779E-03 -3.305755408760747E-03 -3.311358666764206E-03
 -3.286187167414000E-03 -3.291759925910597E-03 -3.297535173386089E-03
 -3.271761793822246E-03 -3.277506404553221E-03 -3.283459633501116E-03
 -3.257090879526488E-03 -3.263013246709231E-03 -3.269150446625339E-03
 -3.242193096434038E-03 -3.248299127335912E-03 -3.254626281264010E-03
 -3.227087370935214E-03 -3.233382971669951E-03 -3.239906051099802E-03
 -3.211792860643891E-03 -3.218283931678126E-03 -3.225008890852667E-03
 -3.196328925360153E-03 -3.203021357335048E-03 -3.209954127647577E-03
 -3.180715090104288E-03 -3.187614759688744E-03 -3.194761244215398E-03
 -3.164971006187493E-03 -3.172083769893793E-03 -3.179449836359505E-03
 -3.149116422897306E-03 -3.156448105844785E-03 -3.164039575123732E-03
 -3.133171181629291E-03 -3.140727559735434E-03 -3.148550187756338E-03
 -3.117155225396975E-03 -3.124942004470235E-03 -3.133001459909020E-03
 -3.101088590783801E-03 -3.109111391035616E-03 -3.117413236504097E-03
 -3.084991336909375E-03 -3.093255691380134E-03 -3.101805377386199E-03
 -3.068883394249429E-03 -3.077394759899405E-03 -3.086197633014961E-03
 -3.052784387160206E-03 -3.061548151218377E-03 -3.070609462350864E-03
 -3.036713555984307E-03 -3.045735008773376E-03 -3.055059893818923E-03
 -3.020689905801106E-03 -3.029974160365275E-03 -3.039567569520864E-03
 -3.004732586731086E-03 -3.014284459883012E-03 -3.024151041679718E-03
 -2.988861296498079E-03 -2.998685211014995E-03 -3.008829202392134E-03
 -2.973096320913455E-03 -2.983196311654182E-03 -2.993621515834149E-03
 -2.957457863310859E-03 -2.967837739546578E-03 -2.978547655217584E-03
 -2.941964639726622E-03 -2.952628269832065E-03 -2.963626358079936E-03
 -2.926632219884771E-03 -2.937583802424572E-03 -2.948873773839813E-03
 -2.911471980107934E-03 -2.922716114629281E-03 -2.934302052571580E-03
 -2.896491493332244E-03 -2.908032916579363E-03 -2.919919082576070E-03
 -2.881696608035625E-03 -2.893539611651981E-03 -2.905729914011278E-03
 -2.867094599417990E-03 -2.879242320267725E-03 -2.891739605454677E-03
 -2.852697092036683E-03 -2.865150962345907E-03 -2.877956408275504E-03
 -2.838521396705733E-03 -2.851280990658304E-03 -2.864393861292287E-03
 -2.824589578287164E-03 -2.837652910007971E-03 -2.851070769025078E-03
 -2.810925635316192E-03 -2.824289748503535E-03 -2.838009011338260E-03
 -2.797552037790254E-03 -2.811213599485426E-03 -2.825230149860622E-03
 -2.784487060109937E-03 -2.798442697712288E-03 -2.812752289764752E-03
 -2.771743796008052E-03 -2.785990071717278E-03 -2.800588375016546E-03
 -2.759330821354641E-03 -2.773863923535604E-03 -2.788746257028307E-03
 -2.747253722495927E-03 -2.762069064734364E-03 -2.777229997956139E-03
 -2.735516507487641E-03 -2.750608416464794E-03 -2.766041430332088E-03
 -2.724122262809244E-03 -2.739483836989057E-03 -2.755181149631375E-03
 -2.713072996519783E-03 -2.728696104698507E-03 -2.744648651034028E-03
 -2.702369042632728E-03 -2.718244370812294E-03 -2.734441850420952E-03
 -2.692008490714057E-03 -2.708125556226217E-03 -2.724556461627394E-03
 -2.681986906532153E-03 -2.698334010837518E-03 -2.714985596189220E-03
 -2.672297334273247E-03 -2.688861475627122E-03 -2.705719679307278E-03
 -2.662930407238590E-03 -2.679697192865377E-03 -2.696746552891650E-03
 -2.653874401522786E-03 -2.670827986344115E-03 -2.688051579822556E-03
 -2.645115174179361E-03 -2.662238229525967E-03 -2.679617644019850E-03
 -2.636636029947473E-03 -2.653909730409069E-03 -2.671425057212426E-03
 -2.628417592170280E-03 -2.645821608479656E-03 -2.663451444712087E-03
 -2.620437724675414E-03 -2.637950219079734E-03 -2.655671673148273E-03
 -2.612671505326674E-03 -2.630269134009872E-03 -2.648057837764329E-03
 -2.605091228100421E-03 -2.622749157437129E-03 -2.640579291844275E-03
 -2.597666415096638E-03 -2.615358355944958E-03 -2.633202695024582E-03
 -2.590363837214683E-03 -2.608062097901601E-03 -2.625892072168277E-03
 -2.583147554588000E-03 -2.600823111845644E-03 -2.618608890402178E-03
 -2.575978988223546E-03 -2.593601575678252E-03 -2.611312166241519E-03
 -2.568817027877781E-03 -2.586355242891657E-03 -2.603958610156284E-03
 -2.561618175931546E-03 -2.579039606102748E-03 -2.596502809569117E-03
 -2.554336726368473E-03 -2.571608096446462E-03 -2.588897448289003E-03
 -2.546924978844750E-03 -2.564012318135319E-03 -2.581093561094123E-03
 -2.539333489619615E-03 -2.556202319312679E-03 -2.573040823878131E-03
 -2.531511361250793E-03 -2.548126900773773E-03 -2.564687880426686E-03
 -2.523406570841712E-03 -2.539733961973906E-03 -2.555982705030143E-03
 -2.514966335687240E-03 -2.530970883010700E-03 -2.546872999349204E-03
 -2.506137514250519E-03 -2.521784939821075E-03 -2.537306620155714E-03
 -2.496867039379641E-03 -2.512123749105349E-03 -2.527232034076532E-03
 -2.487102380307282E-03 -2.501935739008323E-03 -2.516598794869442E-03
 -2.476792028637897E-03 -2.491170640251008E-03 -2.505358037396978E-03
 -2.465886002840491E-03 -2.479779991970216E-03 -2.493462982430623E-03
 -2.454336364755361E-03 -2.467717655316351E-03 -2.480869444790189E-03
 -2.442097740661997E-03 -2.454940327064736E-03 -2.467536336935321E-03
 -2.429127838378909E-03 -2.441408044675142E-03 -2.453426159421946E-03
 -2.415387952189775E-03 -2.427084674233289E-03 -2.438505469380459E-03
 -2.400843446041112E-03 -2.411938372000132E-03 -2.422745318081799E-03
 -2.385464205810249E-03 -2.395942010339910E-03 -2.406121648361673E-03
 -2.369225051062438E-03 -2.379073558778209E-03 -2.388615643149604E-03
 -2.352106097458035E-03 -2.361316411877618E-03 -2.370214017272267E-03
 -2.334093060997353E-03 -2.342659655440954E-03 -2.350909244508010E-03
 -2.315177496396746E-03 -2.323098264245834E-03 -2.330699714014140E-03
 -2.295356963284231E-03 -2.302633225602914E-03 -2.309589811056309E-03
 -2.274635114466121E-03 -2.281271584004184E-03 -2.287589918363048E-03
 -2.253021703083542E-03 -2.259026404524518E-03 -2.264716336620562E-03
 -2.230532506183498E-03 -2.235916653561411E-03 -2.240991123734170E-03
 -2.207189165132373E-03 -2.211966998300577E-03 -2.216441855184011E-03
 -2.183018944547793E-03 -2.187207527561724E-03 -2.191101309060141E-03
 -2.158054413667202E-03 -2.161673398797350E-03 -2.165007081353385E-03
 -2.132333056186503E-03 -2.135404418211261E-03 -2.138201139321485E-03
 -2.105896815599575E-03 -2.108444561602379E-03 -2.110729321036197E-03
 -2.078791585876268E-03 -2.080841446313588E-03 -2.082640791913495E-03
 -2.051066657284441E-03 -2.052645764540953E-03 -2.053987468891899E-03
 -2.022774129153645E-03 -2.023910689892275E-03 -2.024823424058282E-03
 -1.993968301477860E-03 -1.994691269102203E-03 -1.995204279644548E-03
 -1.964705057649781E-03 -1.965043811061968E-03 -1.965186606232385E-03
 -1.935041250724891E-03 -1.935025285055363E-03 -1.934827335545987E-03
 -1.905034104551588E-03 -1.904692739084244E-03 -1.904183198181086E-03
 -1.874740641021922E-03 -1.874102748920495E-03 -1.873310196238181E-03
 -1.844217142899327E-03 -1.843310906445155E-03 -1.842263118499719E-03
 -1.813518660799649E-03 -1.812371355082923E-03 -1.811095105193619E-03
 -1.782698570943918E-03 -1.781336378010519E-03 -1.779857267056831E-03
 -1.751808188947766E-03 -1.750256043592237E-03 -1.748598362390447E-03
 -1.720896442763014E-03 -1.719177910211425E-03 -1.717364533388554E-03
 -1.690009606745237E-03 -1.688146791744693E-03 -1.686199102230074E-03
 -1.659191096709122E-03 -1.657204582759559E-03 -1.655142425360106E-03
 -1.628481324207690E-03 -1.626390141087667E-03 -1.624231803069957E-03
 -1.597917607680046E-03 -1.595739224899879E-03 -1.593501441026842E-03
 -1.567534136069839E-03 -1.565284479575126E-03 -1.562982458811841E-03
 -1.537361980355384E-03 -1.535055469345930E-03 -1.532702940081189E-03
 -1.507429147252875E-03 -1.505078748121744E-03 -1.502688018844845E-03
 -1.477760669365540E-03 -1.475377963462787E-03 -1.472959995739194E-03
 -1.448378725510038E-03 -1.445973987684405E-03 -1.443538478388995E-03
 -1.419302785098271E-03 -1.416885070016840E-03 -1.414440540013070E-03
 -1.390549770906539E-03 -1.388127004446201E-03 -1.385680891099300E-03
 -1.362134234311809E-03 -1.359713307481988E-03 -1.357272058645766E-03
 -1.334068538123612E-03 -1.331655401389362E-03 -1.329224568896901E-03
 -1.306363042424449E-03 -1.303962798514301E-03 -1.301547129413461E-03
 -1.279026289375056E-03 -1.276643283083841E-03 -1.274246807297175E-03
 -1.252065183606255E-03 -1.249703087315370E-03 -1.247329200585217E-03
 -1.225485165718312E-03 -1.223147059781158E-03 -1.220798601182730E-03
 -1.199290376543739E-03 -1.196978823808397E-03 -1.194658147251631E-03
 -1.173483810682608E-03 -1.171200924834486E-03 -1.168909964285088E-03
 -1.148067458518809E-03 -1.145814965992233E-03 -1.143555294306125E-03
 -1.123042435608292E-03 -1.120821731167544E-03 -1.118594612680668E-03
 -1.098409100191295E-03 -1.096221296238732E-03 -1.094027733215065E-03
 -1.074167157755786E-03 -1.072013127685927E-03 -1.069853901007417E-03
 -1.050315754263161E-03 -1.048196170246211E-03 -1.046071874732977E-03
 -1.026853557901561E-03 -1.024768923474695E-03 -1.022679998254071E-03
 -1.003778830339945E-03 -1.001729508294150E-03 -9.996762626733606E-04
 -9.810894885313465E-04 -9.790757245488467E-04 -9.770583598965393E-04
 -9.587831575645203E-04 -9.568051001061706E-04 -9.548237281805728E-04
 -9.368572160970239E-04 -9.349149329769016E-04 -9.329695911587818E-04
 -9.153088346231075E-04 -9.134023267033387E-04 -9.114929905482856E-04
 -8.941350078923628E-04 -8.922642203512350E-04 -8.903908138929449E-04
 -8.733325821925121E-04 -8.714974136873025E-04 -8.696598177880074E-04
 -8.528982781264567E-04 -8.510985882103047E-04 -8.492966473009908E-04
 -8.328287098467284E-04 -8.310643249477179E-04 -8.292978524749282E-04
 -8.131204012887338E-04 -8.113911194801983E-04 -8.096599022072412E-04
 -7.937698000203330E-04 -7.920753947976123E-04 -7.903791962541593E-04
 -7.747732889266386E-04 -7.731135122772599E-04 -7.714520755247995E-04
 -7.561271962601678E-04 -7.545017810278878E-04 -7.528748308253772E-04
 -7.378278041317716E-04 -7.362364659635073E-04 -7.346437105288454E-04
 -7.198713559042067E-04 -7.183137947628878E-04 -7.167549271791570E-04
 -7.022540630504162E-04 -7.007299644823964E-04 -6.992046638536455E-04
 -6.849721120645252E-04 -6.834811482027696E-04 -6.819890805860890E-04
 -6.680216718608266E-04 -6.665635022368934E-04 -6.651043214159995E-04
 -6.513989013746894E-04 -6.499731736292379E-04 -6.485465217842340E-04
 -6.350999564521504E-04 -6.337063069342700E-04 -6.323118152117525E-04
 -6.191209951481173E-04 -6.177590494222020E-04 -6.163963384381303E-04
 -6.034581815798176E-04 -6.021275548864811E-04 -6.007962351678950E-04
 -5.881076899248176E-04 -5.868079875438378E-04 -5.855076598845835E-04
 -5.730657111494965E-04 -5.717965286832987E-04 -5.705267844311519E-04
 -5.583284653532659E-04 -5.570893889211166E-04 -5.558498101626423E-04
 -5.438922200165747E-04 -5.426828263732215E-04 -5.414729860644751E-04
 -5.297533112189137E-04 -5.285731677548955E-04 -5.273926297100815E-04
 -5.159081617048482E-04 -5.147568263637973E-04 -5.136051451859108E-04
 -5.023532913041941E-04 -5.012303123915774E-04 -5.001070332815458E-04
 -4.890853198139728E-04 -4.879902356060712E-04 -4.868948939779717E-04
 -4.761009705075580E-04 -4.750333086226784E-04 -4.739654294750673E-04
 -4.633970908816249E-04 -4.623563672648734E-04 -4.613154641708160E-04
 -4.509707029419188E-04 -4.499564203908201E-04 -4.489419940422281E-04
 -4.388191046893943E-04 -4.378307506977569E-04 -4.368422867540718E-04
 -4.269399927912273E-04 -4.259770366738618E-04 -4.250140029216441E-04
 -4.153316814518329E-04 -4.143935698317071E-04 -4.134554117209809E-04
 -4.039932092872831E-04 -4.030793607246264E-04 -4.021654960589093E-04
 -3.929249330459467E-04 -3.920347268127811E-04 -3.911445346183218E-04
 -3.821282807408791E-04 -3.812610471979302E-04 -3.803938581996747E-04
 -3.716088128884819E-04 -3.707637942532357E-04 -3.699188519903975E-04
 -3.613735907182843E-04 -3.605499258632245E-04 -3.597263716508894E-04
 -3.514510795667816E-04 -3.506475996497736E-04 -3.498442701161706E-04
 -3.418764501892034E-04 -3.410916147642881E-04 -3.403069785995629E-04
 -3.328536295369592E-04 -3.320839012443931E-04 -3.313144498346650E-04
 -3.537336253224325E-03 -3.540360086979770E-03 -3.543398845680802E-03
 -3.538535251403261E-03 -3.541550386519097E-03 -3.544579860722651E-03
 -3.539135126073758E-03 -3.542145914653273E-03 -3.545170749203199E-03
 -3.539135126073758E-03 -3.542145914653273E-03 -3.545170749203199E-03
 -3.538535251403261E-03 -3.541550386519097E-03 -3.544579860722651E-03
 -3.537336253224325E-03 -3.540360086979770E-03 -3.543398845680802E-03
 -3.535539633233489E-03 -3.538576528873398E-03 -3.541629227302743E-03
 -3.533147642448955E-03 -3.536201979910286E-03 -3.539273288819667E-03
 -3.530163279164789E-03 -3.533239460568002E-03 -3.536334071302721E-03
 -3.526590286236234E-03 -3.529692741258415E-03 -3.532815370658369E-03
 -3.522433147406493E-03 -3.525566338445399E-03 -3.528721733544894E-03
 -3.517697082837833E-03 -3.520865509951003E-03 -3.524058452395959E-03
 -3.512388043717337E-03 -3.515596249231177E-03 -3.518831559359487E-03
 -3.506512706031010E-03 -3.509765278796245E-03 -3.513047819346286E-03
 -3.500078463413481E-03 -3.503380042656675E-03 -3.506714722034247E-03
 -3.493093418979207E-03 -3.496448697690343E-03 -3.499840472774442E-03
 -3.485566376094799E-03 -3.488980103909280E-03 -3.492433982353631E-03
 -3.477506828148129E-03 -3.480983813661719E-03 -3.484504855632052E-03
 -3.468924947096871E-03 -3.472470059554986E-03 -3.476063378869342E-03
 -3.459831570687369E-03 -3.463449741014747E-03 -3.467120505671375E-03
 -3.450238188485019E-03 -3.453934409656368E-03 -3.457687841756900E-03
 -3.440156926463413E-03 -3.443936253211427E-03 -3.447777628286344E-03
 -3.429600530214115E-03 -3.433468078110315E-03 -3.437402723913701E-03
 -3.418582346762706E-03 -3.422543290710308E-03 -3.426576585512953E-03
 -3.407116304976075E-03 -3.411175877196217E-03 -3.415313247670141E-03
 -3.395216894641948E-03 -3.399380382258193E-03 -3.403627301071906E-03
 -3.382899144218787E-03 -3.387171886557550E-03 -3.391533869770368E-03
 -3.370178597495368E-03 -3.374565983204147E-03 -3.379048587564873E-03
 -3.357071289294700E-03 -3.361578753374112E-03 -3.366187573621657E-03
 -3.343593720717839E-03 -3.348226741578816E-03 -3.352967407787140E-03
 -3.329762833991885E-03 -3.334526930660939E-03 -3.339405105747447E-03
 -3.315595986718281E-03 -3.320496716382008E-03 -3.325518093893660E-03
 -3.301110925354165E-03 -3.306153881352233E-03 -3.311324183646989E-03
 -3.286325758011144E-03 -3.291516568240707E-03 -3.296841545000087E-03
 -3.271258927783426E-03 -3.276603253149273E-03 -3.282088679883842E-03
 -3.255929188403127E-03 -3.261432720835186E-03 -3.267084396872424E-03
 -3.240355583154579E-03 -3.246024043172882E-03 -3.251847788923892E-03
 -3.224557424329547E-03 -3.230396558765655E-03 -3.236398212731379E-03
 -3.208554267367746E-03 -3.214569848308442E-03 -3.220755264886538E-03
 -3.192365874962190E-03 -3.198563700147791E-03 -3.204938748775284E-03
 -3.176012175388928E-03 -3.182398067874784E-03 -3.188968631882196E-03
 -3.159513230884959E-03 -3.166093033789721E-03 -3.172865005076633E-03
 -3.142889234970321E-03 -3.149668797943502E-03 -3.156648063606826E-03
 -3.126160539310456E-03 -3.133145699027303E-03 -3.140338120817862E-03
 -3.109347673981036E-03 -3.116544238827439E-03 -3.123955634194866E-03
 -3.092471297883083E-03 -3.099885049759491E-03 -3.107521187787245E-03
 -3.075552037011260E-03 -3.083188753626013E-03 -3.091055372314034E-03
 -3.058610254347656E-03 -3.066475733948857E-03 -3.074578565574349E-03
 -3.041665904803953E-03 -3.049765955756221E-03 -3.058110725405629E-03
 -3.024738665945395E-03 -3.033079027280546E-03 -3.041671387059362E-03
 -3.007848410278847E-03 -3.016434609212425E-03 -3.025280003438747E-03
 -2.991015806264750E-03 -2.999853021006946E-03 -3.008956538222000E-03
 -2.974262559682692E-03 -2.983355598542558E-03 -2.992721917077645E-03
 -2.957610776457333E-03 -2.966964259770724E-03 -2.976597785316765E-03
 -2.941081299316386E-03 -2.950700024472404E-03 -2.960605226363941E-03
 -2.924691543979709E-03 -2.934580871109280E-03 -2.944762681829056E-03
 -2.908453954678398E-03 -2.918619963015021E-03 -2.929083998848797E-03
 -2.892376253843686E-03 -2.902825468354799E-03 -2.913577847702834E-03
 -2.876463962834234E-03 -2.887202644769066E-03 -2.898249350767686E-03
 -2.860724482877448E-03 -2.871757723766440E-03 -2.883103705159519E-03
 -2.845171009554028E-03 -2.856502018467405E-03 -2.868150403658095E-03
 -2.829824380445017E-03 -2.841454300290122E-03 -2.853406089587027E-03
 -2.814711840082691E-03 -2.826640180683666E-03 -2.838894564243922E-03
 -2.799863210059033E-03 -2.812088678379832E-03 -2.824643816593600E-03
 -2.785306219256516E-03 -2.797827538484880E-03 -2.810681416787007E-03
 -2.771063047490842E-03 -2.783879393645162E-03 -2.797030354011587E-03
 -2.757149331250217E-03 -2.770260245456982E-03 -2.783706997975535E-03
 -2.743575508825583E-03 -2.756980418646286E-03 -2.770721617299359E-03
 -2.730349276562409E-03 -2.744046920284256E-03 -2.758080580105054E-03
 -2.717477668425061E-03 -2.731465690354872E-03 -2.745788733617976E-03
 -2.704967854301567E-03 -2.719242676594688E-03 -2.733850751082251E-03
 -2.692826674728810E-03 -2.707383574545750E-03 -2.722271102594370E-03
 -2.681059586959705E-03 -2.695892821210150E-03 -2.711053128904547E-03
 -2.669669781310458E-03 -2.684772630789714E-03 -2.700198015643788E-03
 -2.658657852107385E-03 -2.674022550648938E-03 -2.689704233710754E-03
 -2.648021937661883E-03 -2.663639533716181E-03 -2.679567531518141E-03
 -2.637757994005956E-03 -2.653618215954290E-03 -2.669781204059605E-03
 -2.627859915978186E-03 -2.643951083797289E-03 -2.660336302908257E-03
 -2.618319429655453E-03 -2.634628411761917E-03 -2.651221623074433E-03
 -2.609125857555003E-03 -2.625638046568712E-03 -2.642423512736094E-03
 -2.600265900338422E-03 -2.616965184549997E-03 -2.633925650656088E-03
 -2.591723509981519E-03 -2.608592235420971E-03 -2.625708901104096E-03
 -2.583479840998114E-03 -2.600498773706484E-03 -2.617751264050025E-03
 -2.575513226531401E-03 -2.592661527551274E-03 -2.610027875666254E-03
 -2.567799142477893E-03 -2.585054361856882E-03 -2.602511010923196E-03
 -2.560310159779462E-03 -2.577648249125191E-03 -2.595170074442552E-03
 -2.553015907443089E-03 -2.570411248197946E-03 -2.587971596388474E-03
 -2.545883067065803E-03 -2.563308513499124E-03 -2.580879257237645E-03
 -2.538875405669462E-03 -2.556302344263374E-03 -2.573853953639476E-03
 -2.531953843310062E-03 -2.549352271370554E-03 -2.566853904509103E-03
 -2.525076551448387E-03 -2.542415176968918E-03 -2.559834791998739E-03
 -2.518199082971121E-03 -2.535445446458246E-03 -2.552749935530079E-03
 -2.511274538244551E-03 -2.528395156531333E-03 -2.545550501763188E-03
 -2.504253771751183E-03 -2.521214303601841E-03 -2.538185754446168E-03
 -2.497085641566156E-03 -2.513851074891264E-03 -2.530603346464619E-03
 -2.489717301464791E-03 -2.506252161777031E-03 -2.522749653506661E-03
 -2.482094535186706E-03 -2.498363114369225E-03 -2.514570147778546E-03
 -2.474162131617264E-03 -2.490128735437921E-03 -2.506009809284570E-03
 -2.465864299659060E-03 -2.481493511924007E-03 -2.497013572298480E-03
 -2.457145120293077E-03 -2.472402081016847E-03 -2.487526803522713E-03
 -2.447949032086699E-03 -2.462799726571480E-03 -2.477495807230203E-03
 -2.438221345336778E-03 -2.452632900587569E-03 -2.466868351701371E-03
 -2.427908778935335E-03 -2.441849763312200E-03 -2.455594209992622E-03
 -2.416960012813434E-03 -2.430400734438551E-03 -2.443625707189403E-03
 -2.405326248138697E-03 -2.418239047186415E-03 -2.430918265624394E-03
 -2.392961766448940E-03 -2.405321296247916E-03 -2.417430938848318E-03
 -2.379824478268838E-03 -2.391607969956012E-03 -2.403126924632774E-03
 -2.365876451056671E-03 -2.377063956541521E-03 -2.387974046938730E-03
 -2.351084406081106E-03 -2.361659014207515E-03 -2.371945196815323E-03
 -2.335420173850647E-03 -2.345368194916701E-03 -2.355018722427089E-03
 -2.318861097817472E-03 -2.328172212008255E-03 -2.337178758850852E-03
 -2.301390376901243E-03 -2.310057742787518E-03 -2.318415489383389E-03
 -2.282997338063186E-03 -2.291017658029370E-03 -2.298725331145386E-03
 -2.263677631332796E-03 -2.271051171668487E-03 -2.278111039072986E-03
 -2.243433341171519E-03 -2.250163905482233E-03 -2.256581724157605E-03
 -2.222273009794062E-03 -2.228367865437594E-03 -2.234152783592988E-03
 -2.200211570167821E-03 -2.205681328498214E-03 -2.210845742735590E-03
 -2.177270188263138E-03 -2.182128640564764E-03 -2.186688010591002E-03
 -2.153476016490966E-03 -2.157739928535765E-03 -2.161712552866137E-03
 -2.128861862355871E-03 -2.132550731598181E-03 -2.135957488668087E-03
 -2.103465778538845E-03 -2.106601558751364E-03 -2.109465618598050E-03
 -2.077330582640163E-03 -2.079937381633505E-03 -2.082283894053388E-03
 -2.050503316445381E-03 -2.052607073155157E-03 -2.054462838738948E-03
 -2.023034656158147E-03 -2.024662803680932E-03 -2.026055934404333E-03
 -1.994978286094233E-03 -1.996159407574961E-03 -1.997118983744577E-03
 -1.966390249064842E-03 -1.967153733255763E-03 -1.967709463498049E-03
 -1.937328286978958E-03 -1.937703990112885E-03 -1.937885880779657E-03
 -1.907851184903426E-03 -1.907869105111410E-03 -1.907707145002232E-03
 -1.878018131660270E-03 -1.877708101577185E-03 -1.877231967205042E-03
 -1.847888108563331E-03 -1.847279511059605E-03 -1.846518296946703E-03
 -1.817519317177599E-03 -1.816640828197653E-03 -1.815622805707235E-03
 -1.786968654998655E-03 -1.785848016712255E-03 -1.784600424110118E-03
 -1.756291246494679E-03 -1.754955072884291E-03 -1.753503938279127E-03
 -1.725540034890570E-03 -1.724013650981515E-03 -1.722383648872625E-03
 -1.694765438271183E-03 -1.693072753271276E-03 -1.691287094554805E-03
 -1.664015071638933E-03 -1.662178485363009E-03 -1.660258839791096E-03
 -1.633333534631260E-03 -1.631373875793708E-03 -1.629340325185844E-03
 -1.602762263263888E-03 -1.600698757666342E-03 -1.598569777606750E-03
 -1.572339442301909E-03 -1.570189708260478E-03 -1.567982175488099E-03
 -1.542099973711619E-03 -1.539880041773310E-03 -1.537609264184976E-03
 -1.512075495885817E-03 -1.509799849555851E-03 -1.507479615505360E-03
 -1.482294447480188E-03 -1.479976081586350E-03 -1.477618725108361E-03
 -1.452782169321863E-03 -1.450432662603631E-03 -1.448049141215358E-03
 -1.423561037702468E-03 -1.421190636285402E-03 -1.418790618125038E-03
 -1.394650622362489E-03 -1.392268331013956E-03 -1.389860288336061E-03
 -1.366067862858868E-03 -1.363681541053073E-03 -1.361272847293018E-03
 -1.337827257259733E-03 -1.335443717508607E-03 -1.333040745498678E-03
 -1.309941057778406E-03 -1.307566163907868E-03 -1.305174383143720E-03
 -1.282419468469054E-03 -1.280058231945813E-03 -1.277682303149280E-03
 -1.255270840840119E-03 -1.252927513581406E-03 -1.250571379174608E-03
 -1.228501863977641E-03 -1.226180026371957E-03 -1.223846995754404E-03
 -1.202117746357476E-03 -1.199820389605446E-03 -1.197513218463649E-03
 -1.176122387224747E-03 -1.173851989426930E-03 -1.171572952643377E-03
 -1.150518536171609E-03 -1.148277131726377E-03 -1.146028089559388E-03
 -1.125307939685008E-03 -1.123097181951533E-03 -1.120879639511679E-03
 -1.100491474614400E-03 -1.098312691831364E-03 -1.096127851930819E-03
 -1.076069267994858E-03 -1.073923512705984E-03 -1.071772322380349E-03
 -1.052040803972107E-03 -1.049928896269153E-03 -1.047812087321860E-03
 -1.028405018106670E-03 -1.026327583114957E-03 -1.024245707127346E-03
 -1.005160379861014E-03 -1.003117879917955E-03 -1.001071338190735E-03
 -9.823049641737695E-04 -9.802977262115217E-04 -9.782867951588332E-04
 -9.598365130516827E-04 -9.578647516967408E-04 -9.558896041966597E-04
 -9.377524882844886E-04 -9.358163251694992E-04 -9.338770483498346E-04
 -9.160501161726200E-04 -9.141495959298719E-04 -9.122462058594764E-04
 -8.947264252434358E-04 -8.928615286897391E-04 -8.909939824399263E-04
 -8.737782780351786E-04 -8.719489329036776E-04 -8.701171383629411E-04
 -8.532023976768961E-04 -8.514084873248775E-04 -8.496123111177178E-04
 -8.329953902348357E-04 -8.312367606435844E-04 -8.294760344971965E-04
 -8.131537634754463E-04 -8.114302288436976E-04 -8.097047546698134E-04
 -7.936739426782550E-04 -7.919852898780992E-04 -7.902948438050066E-04
 -7.745522839884837E-04 -7.728982760817153E-04 -7.712426116470766E-04
 -7.557850857038687E-04 -7.541654647509116E-04 -7.525443154549129E-04
 -7.373685980042715E-04 -7.357830872768312E-04 -7.341961685964144E-04
 -7.192990315251178E-04 -7.177473372526965E-04 -7.161943482236916E-04
 -7.015725652822313E-04 -7.000543780572270E-04 -6.985350025867845E-04
 -6.841853545569744E-04 -6.827003504587856E-04 -6.812142583505137E-04
 -6.671335387385664E-04 -6.656813802384016E-04 -6.642282280452073E-04
 -6.504132489158504E-04 -6.489935856398445E-04 -6.475730173805696E-04
 -6.340206147169248E-04 -6.326330840630358E-04 -6.312447318097066E-04
 -6.179517702254803E-04 -6.165959978826341E-04 -6.152394822654384E-04
 -6.022028596248332E-04 -6.008784600144241E-04 -5.995533906474736E-04
 -5.867700441849024E-04 -5.854766207999402E-04 -5.841825966125500E-04
 -5.716495123657090E-04 -5.703866580078253E-04 -5.691232674775369E-04
 -5.568374941937468E-04 -5.556047911200441E-04 -5.543716124213615E-04
 -5.423302791802948E-04 -5.411272991509270E-04 -5.399239002031076E-04
 -5.281242349451524E-04 -5.269505391446494E-04 -5.257764775289908E-04
 -5.142158233542558E-04 -5.130709621834592E-04 -5.119257849522265E-04
 -5.006016133566522E-04 -4.994851260497447E-04 -4.983683693410265E-04
 -4.872782939712494E-04 -4.861897079712694E-04 -4.851008963891492E-04
 -4.742426962701091E-04 -4.731815262723621E-04 -4.721201719415053E-04
 -4.614918361852399E-04 -4.604575827274673E-04 -4.594231838912440E-04
 -4.490229880394697E-04 -4.480151354895130E-04 -4.470071745124006E-04
 -4.368337963881435E-04 -4.358518101174637E-04 -4.348697506923153E-04
 -4.249224259950891E-04 -4.239657483993547E-04 -4.230090315988881E-04
 -4.132877650259720E-04 -4.123558098132476E-04 -4.114238484436012E-04
 -4.019296884610189E-04 -4.010218323701097E-04 -4.001140027679565E-04
 -3.908495121641839E-04 -3.899650821017862E-04 -3.890807113908127E-04
 -3.800506690274599E-04 -3.791889223016484E-04 -3.783272688094459E-04
 -3.695403599149194E-04 -3.687004484055105E-04 -3.678606661660451E-04
 -3.593319924319693E-04 -3.585129029625130E-04 -3.576939826635116E-04
 -3.494525111049290E-04 -3.486529361192277E-04 -3.478535770168560E-04
 -3.399505726351842E-04 -3.391687009904122E-04 -3.383871037648413E-04
 -3.309249244084639E-04 -3.301579570947752E-04 -3.293913443540250E-04
 -3.548140586286382E-03 -3.551435968115947E-03 -3.554662682191690E-03
 -3.549376020734224E-03 -3.552664550606663E-03 -3.555883789340750E-03
 -3.549994111427125E-03 -3.553279218553104E-03 -3.556494722749063E-03
 -3.549994111427125E-03 -3.553279218553104E-03 -3.556494722749063E-03
 -3.549376020734224E-03 -3.552664550606663E-03 -3.555883789340750E-03
 -3.548140586286382E-03 -3.551435968115947E-03 -3.554662682191690E-03
 -3.546289301413369E-03 -3.549594977383907E-03 -3.552832920196305E-03
 -3.543824404708991E-03 -3.547143836584354E-03 -3.550396780467037E-03
 -3.540748878206793E-03 -3.544085553981650E-03 -3.547357296596371E-03
 -3.537066444770978E-03 -3.540423885346383E-03 -3.543718256043027E-03
 -3.532781564695180E-03 -3.536163330479224E-03 -3.539484196544889E-03
 -3.527899431546508E-03 -3.531309128948028E-03 -3.534660401688670E-03
 -3.522425967244452E-03 -3.525867254969840E-03 -3.529252895582986E-03
 -3.516367816455302E-03 -3.519844411613746E-03 -3.523268436760689E-03
 -3.509732340266530E-03 -3.513248024186560E-03 -3.516714511271821E-03
 -3.502527609083298E-03 -3.506086232832049E-03 -3.509599324889126E-03
 -3.494762394725679E-03 -3.498367884218888E-03 -3.501931794366733E-03
 -3.486446161724186E-03 -3.490102522344054E-03 -3.493721537703288E-03
 -3.477589057680149E-03 -3.481300378270512E-03 -3.484978863229967E-03
 -3.468201902511347E-03 -3.471972358681128E-03 -3.475714757475786E-03
 -3.458296176643964E-03 -3.462130033297775E-03 -3.465940871819131E-03
 -3.447884007980610E-03 -3.451785621009743E-03 -3.455669507813065E-03
 -3.436978157465528E-03 -3.440951974547024E-03 -3.444913601010266E-03
 -3.425592003195034E-03 -3.429642563683688E-03 -3.433686703368917E-03
 -3.413739522995195E-03 -3.417871456947249E-03 -3.422002964163017E-03
 -3.401435275350384E-03 -3.405653301715402E-03 -3.409877109390167E-03
 -3.388694378706653E-03 -3.393003302764393E-03 -3.397324419686381E-03
 -3.375532489061889E-03 -3.379937199224927E-03 -3.384360706806263E-03
 -3.361965776320518E-03 -3.366471240380069E-03 -3.371002289020221E-03
 -3.348010899634485E-03 -3.352622160600221E-03 -3.357265965764555E-03
 -3.333684981703175E-03 -3.338407153492957E-03 -3.343168991742561E-03
 -3.319005581832593E-03 -3.323843845135901E-03 -3.328729050390212E-03
 -3.303990667113251E-03 -3.308950265722841E-03 -3.313964226031174E-03
 -3.288658582406230E-03 -3.293744819967173E-03 -3.298892974774538E-03
 -3.273028021183469E-03 -3.278246257959219E-03 -3.283534095481313E-03
 -3.257118000131918E-03 -3.262473649384603E-03 -3.267906703555002E-03
 -3.240947838182767E-03 -3.246446362453229E-03 -3.252030209491083E-03
 -3.224537135022309E-03 -3.230184043706738E-03 -3.235924299431776E-03
 -3.207905740413104E-03 -3.213706590304271E-03 -3.219608909912080E-03
 -3.191073709302225E-03 -3.197034107981251E-03 -3.203104188689479E-03
 -3.174061252829764E-03 -3.180186861068363E-03 -3.186430444583340E-03
 -3.156888711643986E-03 -3.163185238396376E-03 -3.169608106951986E-03
 -3.139576576809085E-03 -3.146049763073092E-03 -3.152657724232814E-03
 -3.122145548788856E-03 -3.128801146218838E-03 -3.135600010014261E-03
 -3.104616569659483E-03 -3.111460330765100E-03 -3.118455894271559E-03
 -3.087010734179252E-03 -3.094048431648943E-03 -3.101246489954267E-03
 -3.069349038444115E-03 -3.076586512263441E-03 -3.083992899945098E-03
 -3.051652068409468E-03 -3.059095266107162E-03 -3.066715901453925E-03
 -3.033939881258812E-03 -3.041594833162831E-03 -3.049435709274528E-03
 -3.016232338972587E-03 -3.024105028297547E-03 -3.032172102777106E-03
 -2.998549905051091E-03 -3.006646063111405E-03 -3.014945059236415E-03
 -2.980914478571410E-03 -2.989239426484775E-03 -2.997775650619218E-03
 -2.963349495772021E-03 -2.971908196193419E-03 -2.980686534479090E-03
 -2.945878633741088E-03 -2.954676045948151E-03 -2.963701258176646E-03
 -2.928523154022470E-03 -2.937564803704810E-03 -2.946842067560884E-03
 -2.911298950877937E-03 -2.920591424475329E-03 -2.930126874274616E-03
 -2.894215071128053E-03 -2.903766067810826E-03 -2.913566958978591E-03
 -2.877275213830714E-03 -2.887092935212254E-03 -2.897167166170861E-03
 -2.860482369153722E-03 -2.870574362739400E-03 -2.880929395501062E-03
 -2.843844939497775E-03 -2.854216857685286E-03 -2.864858441677341E-03
 -2.827381494561735E-03 -2.838036362526576E-03 -2.848967655596485E-03
 -2.811121622768384E-03 -2.822060008300124E-03 -2.833281554102751E-03
 -2.795102161233934E-03 -2.806323193164669E-03 -2.817833798898500E-03
 -2.779360441041730E-03 -2.790863183771161E-03 -2.802661277227829E-03
 -2.763927690137381E-03 -2.775712211933773E-03 -2.787797018249551E-03
 -2.748825496197789E-03 -2.760893166580430E-03 -2.773265173997189E-03
 -2.734066435471727E-03 -2.746419421017732E-03 -2.759080012617080E-03
 -2.719657757426204E-03 -2.732298086801030E-03 -2.745248646088353E-03
 -2.705605690652980E-03 -2.718534402082499E-03 -2.731775404473608E-03
 -2.691918141525698E-03 -2.705134865721056E-03 -2.718665360454164E-03
 -2.678604924234018E-03 -2.692107938396584E-03 -2.705925521044190E-03
 -2.665676180394944E-03 -2.679462709629485E-03 -2.693563798988717E-03
 -2.653140407125670E-03 -2.667206885382109E-03 -2.681587011956213E-03
 -2.641003259595832E-03 -2.655345380468078E-03 -2.669999283912659E-03
 -2.629267451589896E-03 -2.643880018582011E-03 -2.658801530538845E-03
 -2.617933322163534E-03 -2.632810021993406E-03 -2.647991844752762E-03
 -2.606999399878948E-03 -2.622132622219179E-03 -2.637566135119966E-03
 -2.596462553048913E-03 -2.611843304496713E-03 -2.627518463161202E-03
 -2.586317732772209E-03 -2.601935616244050E-03 -2.617840927918403E-03
 -2.576557570334713E-03 -2.592400773367804E-03 -2.608523292695076E-03
 -2.567172077071367E-03 -2.583227333359498E-03 -2.599552636378046E-03
 -2.558148524993263E-03 -2.574401050286347E-03 -2.590913181117941E-03
 -2.549471435767232E-03 -2.565904860916396E-03 -2.582586271749033E-03
 -2.541122569290415E-03 -2.557718891102979E-03 -2.574550398115174E-03
 -2.533080859148958E-03 -2.549820415160503E-03 -2.566781179486853E-03
 -2.525322312735557E-03 -2.542183774678952E-03 -2.559251304658699E-03
 -2.517819922477771E-03 -2.534780301872464E-03 -2.551930469492683E-03
 -2.510543619352991E-03 -2.527578283723491E-03 -2.544785352532470E-03
 -2.503460270992918E-03 -2.520542974290157E-03 -2.537779641553802E-03
 -2.496533712057413E-03 -2.513636643978677E-03 -2.530874101762298E-03
 -2.489724798424829E-03 -2.506818655449914E-03 -2.524026673735652E-03
 -2.482991487529768E-03 -2.500045566189729E-03 -2.517192598762937E-03
 -2.476288953434126E-03 -2.493271265691509E-03 -2.510324578421294E-03
 -2.469569743702214E-03 -2.486447154527054E-03 -2.503372975803048E-03
 -2.462783980691277E-03 -2.479522368389510E-03 -2.496286061933072E-03
 -2.455879607061166E-03 -2.472444046763265E-03 -2.489010306978173E-03
 -2.448802675190766E-03 -2.465157645212812E-03 -2.481490714587670E-03
 -2.441497680544033E-03 -2.457607290621700E-03 -2.473671197941301E-03
 -2.433907939248420E-03 -2.449736179070936E-03 -2.465494996605928E-03
 -2.425976008767987E-03 -2.441487014790291E-03 -2.456905132087110E-03
 -2.417644149081064E-03 -2.432802487067617E-03 -2.447844898589581E-03
 -2.408854820603882E-03 -2.423625780906311E-03 -2.438258384203474E-03
 -2.399551213845668E-03 -2.413901115742859E-03 -2.428091016277625E-03
 -2.389677804695513E-03 -2.403574305652614E-03 -2.417290123959845E-03
 -2.379180928398885E-03 -2.392593333631802E-03 -2.405805510024484E-03
 -2.368009363973388E-03 -2.380908931316585E-03 -2.393590023066635E-03
 -2.356114920021061E-03 -2.368475154811921E-03 -2.380600120441285E-03
 -2.343453011901248E-03 -2.355249946409405E-03 -2.366796411698235E-03
 -2.329983219576926E-03 -2.341195671520834E-03 -2.352144171872355E-03
 -2.315669815237822E-03 -2.326279619944962E-03 -2.336613813836241E-03
 -2.300482249548012E-03 -2.310474460586796E-03 -2.320181309254179E-03
 -2.284395585927942E-03 -2.293758639475553E-03 -2.302828548382903E-03
 -2.267390872400658E-03 -2.276116711139262E-03 -2.284543629493334E-03
 -2.249455441642904E-03 -2.257539594767528E-03 -2.265321070099439E-03
 -2.230583130862443E-03 -2.238024747587604E-03 -2.245161933355036E-03
 -2.210774414849256E-03 -2.217576249825531E-03 -2.224073864978526E-03
 -2.190036447412680E-03 -2.196204797462765E-03 -2.202071037992339E-03
 -2.168383008228454E-03 -2.173927601003884E-03 -2.179174004627085E-03
 -2.145834354411320E-03 -2.150768190723182E-03 -2.155409457032932E-03
 -2.122416978507519E-03 -2.126756131176168E-03 -2.130809900614892E-03
 -2.098163276887011E-03 -2.101926650041852E-03 -2.105413246056126E-03
 -2.073111134710786E-03 -2.076320188428511E-03 -2.079262328132287E-03
 -2.047303435982225E-03 -2.049981882022787E-03 -2.052404361322893E-03
 -2.020787508799301E-03 -2.022960983801999E-03 -2.024890343610266E-03
 -1.993614517759498E-03 -1.995310240756462E-03 -1.996774421171751E-03
 -1.965838816610695E-03 -1.967085237951624E-03 -1.968113227478749E-03
 -1.937517274935509E-03 -1.938343723756280E-03 -1.938965210543389E-03
 -1.908708593093271E-03 -1.909144930273412E-03 -1.909389962080081E-03
 -1.879472619645017E-03 -1.879548902788163E-03 -1.879447561863414E-03
 -1.849869684707392E-03 -1.849615851090638E-03 -1.849197949521295E-03
 -1.819959961962088E-03 -1.819405534632549E-03 -1.818700334854439E-03
 -1.789802870572136E-03 -1.788976691937005E-03 -1.788012656290666E-03
 -1.759456526767703E-03 -1.758386523022739E-03 -1.757191095157712E-03
 -1.728977252809915E-03 -1.727690231589957E-03 -1.726289651623760E-03
 -1.698419149330905E-03 -1.696940631894714E-03 -1.695359786130066E-03
 -1.667833734778234E-03 -1.666187823078420E-03 -1.664450128207273E-03
 -1.637269653828270E-03 -1.635478931925855E-03 -1.633606252784248E-03
 -1.606772454680692E-03 -1.604857923118743E-03 -1.602870522289723E-03
 -1.576384433324968E-03 -1.574365474399304E-03 -1.572281991291795E-03
 -1.546144541235248E-03 -1.544038912495820E-03 -1.541876369114169E-03
 -1.516088351978099E-03 -1.513912204880415E-03 -1.511686035037206E-03
 -1.486248080948503E-03 -1.484016001304688E-03 -1.481740099888104E-03
 -1.456652651821821E-03 -1.454377718530958E-03 -1.452064507308436E-03
 -1.427327802748429E-03 -1.425021661290610E-03 -1.422682167775932E-03
 -1.398296225268685E-03 -1.395969172497099E-03 -1.393613118544520E-03
 -1.369577728963260E-03 -1.367238805910364E-03 -1.364874702878525E-03
 -1.341189425097017E-03 -1.338846514818969E-03 -1.336481762458325E-03
 -1.313145922989211E-03 -1.310805850693546E-03 -1.308446837228857E-03
 -1.285459533330885E-03 -1.283128166489395E-03 -1.280780367722281E-03
 -1.258140473442017E-03 -1.255822819873003E-03 -1.253490895515935E-03
 -1.231197070104620E-03 -1.228897372369133E-03 -1.226585258096685E-03
 -1.204635956414337E-03 -1.202357781304444E-03 -1.200068775472476E-03
 -1.178462259791583E-03 -1.176208581960392E-03 -1.173945426193502E-03
 -1.152679778887767E-03 -1.150453058000937E-03 -1.148218011129362E-03
 -1.127291147939876E-03 -1.125093398981922E-03 -1.122888304115469E-03
 -1.102297987623603E-03 -1.100130844251027E-03 -1.097957188919987E-03
 -1.077701041914374E-03 -1.075565812924550E-03 -1.073424782468797E-03
 -1.053500300975444E-03 -1.051398020115417E-03 -1.049290544586012E-03
 -1.029695110449378E-03 -1.027626579935147E-03 -1.025553374885431E-03
 -1.006284267640032E-03 -1.004250095768543E-03 -1.002211697408995E-03
 -9.832661054831019E-04 -9.812667388907602E-04 -9.792635341095400E-04
 -9.606385652779510E-04 -9.586743163082316E-04 -9.567065680557596E-04
 -9.383992591072767E-04 -9.364703288516809E-04 -9.345381974409916E-04
 -9.165455230970602E-04 -9.146520206075763E-04 -9.127555814166373E-04
 -8.950744625463408E-04 -8.932164207346903E-04 -8.913556788104619E-04
 -8.739829900024116E-04 -8.721603786731372E-04 -8.703352806687127E-04
 -8.532678572061562E-04 -8.514805936803856E-04 -8.496910375573613E-04
 -8.329256819260715E-04 -8.311736396051210E-04 -8.294194824415271E-04
 -8.129529703474936E-04 -8.112359855996902E-04 -8.095170498434859E-04
 -7.933461358457608E-04 -7.916640134933417E-04 -7.899800919576470E-04
 -7.741015148640054E-04 -7.724540325236628E-04 -7.708048923148446E-04
 -7.552153803005884E-04 -7.536022918559022E-04 -7.519876775313434E-04
 -7.366839531593828E-04 -7.351049914589247E-04 -7.335246274791343E-04
 -7.185034127606510E-04 -7.169582917655068E-04 -7.154118844438751E-04
 -7.006699060014259E-04 -6.991583224728935E-04 -6.976455615241949E-04
 -6.831795559154292E-04 -6.817011907675830E-04 -6.802217505452647E-04
 -6.660284697066949E-04 -6.645829890802095E-04 -6.631365295867288E-04
 -6.492127464331675E-04 -6.477998025671052E-04 -6.463859702521892E-04
 -6.327284845264801E-04 -6.313477164378063E-04 -6.299661448499483E-04
 -6.165717895055745E-04 -6.152228235625528E-04 -6.138731338872111E-04
 -6.007387824840230E-04 -5.994212328445598E-04 -5.981030343318377E-04
 -5.852256098978150E-04 -5.839390788471292E-04 -5.826519691350859E-04
 -5.700284547659275E-04 -5.687725329408140E-04 -5.675160982731242E-04
 -5.551435494662274E-04 -5.539178159806149E-04 -5.526916313353615E-04
 -5.405671898488107E-04 -5.393712123067647E-04 -5.381748414028888E-04
 -5.262957506738314E-04 -5.251290850127511E-04 -5.239620801576291E-04
 -5.123257032497071E-04 -5.111878934451666E-04 -5.100497952496493E-04
 -4.986536372007178E-04 -4.975442147300021E-04 -4.964345515670953E-04
 -4.852762893519898E-04 -4.841947723745867E-04 -4.831130595832481E-04
 -4.721905832738266E-04 -4.711364754505599E-04 -4.700822141496925E-04
 -4.593936833624954E-04 -4.583664721876886E-04 -4.573391476364787E-04
 -4.468830673782257E-04 -4.458822218857041E-04 -4.448813011997242E-04
 -4.346566236743233E-04 -4.336815912421371E-04 -4.327065202424785E-04
 -4.227127834453315E-04 -4.217629853642089E-04 -4.208131841745594E-04
 -4.110507085854696E-04 -4.101255338037549E-04 -4.092003906636961E-04
 -3.996705705673050E-04 -3.987693667107959E-04 -3.978682290702166E-04
 -3.885739871809135E-04 -3.876960473400159E-04 -3.868182087805368E-04
 -3.777647152113132E-04 -3.769092581375150E-04 -3.760539387450234E-04
 -3.672497775676367E-04 -3.664159171125756E-04 -3.655822332172532E-04
 -3.570411160860315E-04 -3.562278147040198E-04 -3.554147328318448E-04
 -3.471576123798690E-04 -3.463636148749449E-04 -3.455698861421517E-04
 -3.376245041910613E-04 -3.368482760570398E-04 -3.360723751292493E-04
 -3.284624473791624E-04 -3.277022151849378E-04 -3.269423802913611E-04
