  7.521579784072915E+00  7.511054667653142E+00  7.500519467651962E+00

 -3.037981821693289E-02 -3.736498306631707E-02 -4.430589044055502E-02
 -1.437583750861311E-02 -2.343159805578325E-02 -3.244262022445021E-02
 -5.348040695009109E-03 -1.598941976223667E-02 -2.658083695366748E-02
 -2.737397707632854E-02 -3.404197045599036E-02 -4.068577986754925E-02
 -1.308358595212428E-02 -2.171325079792834E-02 -3.031469237191392E-02
 -5.209044906749470E-03 -1.536804472930992E-02 -2.549073410039529E-02
 -2.583798546123773E-02 -3.235225621568643E-02 -3.885246457996333E-02
 -1.235410023477060E-02 -2.077613473062402E-02 -2.917883253761275E-02
 -5.029798063556326E-03 -1.495346869835701E-02 -2.484919565936119E-02
 -2.583798546123773E-02 -3.235225621568643E-02 -3.885246457996333E-02
 -1.235410023477060E-02 -2.077613473062402E-02 -2.917883253761275E-02
 -5.029798063556326E-03 -1.495346869835701E-02 -2.484919565936119E-02
 -2.737397707632854E-02 -3.404197045599036E-02 -4.068577986754925E-02
 -1.308358595212428E-02 -2.171325079792834E-02 -3.031469237191392E-02
 -5.209044906749470E-03 -1.536804472930992E-02 -2.549073410039529E-02
 -3.037981821693289E-02 -3.736498306631707E-02 -4.430589044055502E-02
 -1.437583750861311E-02 -2.343159805578325E-02 -3.244262022445021E-02
 -5.348040695009109E-03 -1.598941976223667E-02 -2.658083695366748E-02
 -3.473739531909806E-02 -4.222114268592809E-02 -4.963003092107175E-02
 -1.586177404323747E-02 -2.558472938186252E-02 -3.523919083718771E-02
 -4.896451640205577E-03 -1.629403297280371E-02 -2.762416262078829E-02
 -4.011253669134449E-02 -4.830206118699604E-02 -5.637627549306373E-02
 -1.679234789721870E-02 -2.745646439454791E-02 -3.802381451372091E-02
 -2.807584004758769E-03 -1.527417351531391E-02 -2.765634804848125E-02
 -4.570837325239224E-02 -5.484434553387071E-02 -6.381748673477210E-02
 -1.575601476864215E-02 -2.767809866501483E-02 -3.947644137024710E-02
  2.761446835525384E-03 -1.113807908624447E-02 -2.494490697408067E-02
 -4.987463962424594E-02 -6.023855546605623E-02 -7.039222827691015E-02
 -1.025635923407536E-02 -2.380259391557373E-02 -3.721034252839979E-02
  1.487854120502281E-02 -8.764902520552650E-04 -1.655273632985821E-02
 -4.967543362000726E-02 -6.160772360083865E-02 -7.329532236942506E-02
  3.722917430221179E-03 -1.187780560855031E-02 -2.735494077487215E-02
  3.825018838547518E-02  2.014461744402791E-02  2.061689989278822E-03
 -4.086041119458995E-02 -5.476896036093327E-02 -6.842208082595980E-02
  3.155152836571172E-02  1.339656620410925E-02 -4.692218406360503E-03
  7.890304962635709E-02  5.787560236091872E-02  3.675903620088064E-02
 -1.829167779612850E-02 -3.454354228815653E-02 -5.055304735171136E-02
  7.914173970046200E-02  5.802424623570255E-02  3.687971081544471E-02
  1.431104659992193E-01  1.187094931980102E-01  9.406456808964019E-02
  2.407544044485355E-02  5.378951137827829E-03 -1.311250609277062E-02
  1.531340422556994E-01  1.290807477929489E-01  1.048797308687041E-01
  2.377256149225550E-01  2.100435760807591E-01  1.819350674184256E-01
  9.307126018482807E-02  7.218093699122234E-02  5.142340176700134E-02
  2.611315600293658E-01  2.347150526130433E-01  2.079918270457991E-01
  3.707020933925431E-01  3.405026598163566E-01  3.096559260251995E-01
  1.947024639781515E-01  1.721206585260716E-01  1.495623564727314E-01
  4.095036985593945E-01  3.816229569409938E-01  3.532383332406285E-01
  5.485043768135115E-01  5.169234040526379E-01  4.844376780537530E-01
  3.336306400575936E-01  3.101314343349363E-01  2.865273437159070E-01
  6.029430615232696E-01  5.747338908068470E-01  5.458181698877824E-01
  7.757137365902574E-01  7.440997734098073E-01  7.113296193124011E-01
  5.143772172675545E-01  4.911853374267970E-01  4.677594522353173E-01
  8.472824693131987E-01  8.202184164844353E-01  7.922714697865839E-01
  1.058899297637421E+00  1.028867109664133E+00  9.974739090789622E-01
  7.375207017673675E-01  7.163891376743118E-01  6.948958119400257E-01
  1.145950689641860E+00  1.121933229216632E+00  1.096881840232939E+00
  1.403052615226538E+00  1.376601017032273E+00  1.348625959069734E+00
  9.814805814772827E-01  9.645713384935767E-01  9.471606073911056E-01
  1.478477278708449E+00  1.459973402022009E+00  1.440278883495912E+00
  1.787933706507246E+00  1.767783998393752E+00  1.745946750415735E+00
  1.166636986302713E+00  1.156118840936587E+00  1.144947033466740E+00
  1.757684811291490E+00  1.747276763386877E+00  1.735516739636840E+00
  2.122014712321172E+00  2.111045601598611E+00  2.098228052450892E+00
  1.146383926506063E+00  1.143181191072148E+00  1.139255877554117E+00
  1.817761776031287E+00  1.815711576015240E+00  1.812296840777932E+00
  2.230904443252865E+00  2.228676210676681E+00  2.224638590787537E+00
  8.420359571438317E-01  8.428610132340751E-01  8.431876604217122E-01
  1.577585298937015E+00  1.577973418276623E+00  1.577370289203468E+00
  2.040233491209224E+00  2.038586010759568E+00  2.035609572963621E+00
  5.120572845220226E-01  5.064395626170810E-01  5.008775571629960E-01
  1.377640741473251E+00  1.367716065654299E+00  1.357417227772113E+00
  1.958290314312825E+00  1.943104759884987E+00  1.927205124400924E+00
  6.317534363394015E-01  6.103553843854407E-01  5.893105131672592E-01
  1.734039707096984E+00  1.708971607720325E+00  1.683564295330602E+00
  2.517032546636441E+00  2.488236807815674E+00  2.458494947834556E+00
  1.123538190146151E+00  1.096646895610011E+00  1.069598898082222E+00
  2.286324812360782E+00  2.266355771478803E+00  2.245348557088398E+00
  3.112770071085821E+00  3.098615172436765E+00  3.082694124535847E+00
  1.314095079273050E+00  1.301196575188358E+00  1.287605202555002E+00
  2.151661799041895E+00  2.154363948981564E+00  2.155909507362247E+00
  2.724143389192897E+00  2.739328438023200E+00  2.753014046040665E+00
  9.560895859987473E-01  9.584299372693870E-01  9.602494954773544E-01
  1.345538366937478E+00  1.360111889761822E+00  1.374219305792066E+00
  1.590099958570212E+00  1.614038971569102E+00  1.637575371394011E+00
  4.581602775654763E-01  4.632114401407909E-01  4.681919420952163E-01
  5.882292168178450E-01  5.969780526353914E-01  6.058363989990123E-01
  6.544541264764195E-01  6.658809851882248E-01  6.775603267236265E-01
  1.975267330626676E-01  1.978694126642539E-01  1.983330719470698E-01
  2.769912588408557E-01  2.764303338288021E-01  2.760380903344399E-01
  3.178050139813311E-01  3.165199849973675E-01  3.154366124112537E-01
  1.560628711480986E-01  1.536850068002477E-01  1.513558652715815E-01
  2.415839950032168E-01  2.385321356996929E-01  2.354780560237092E-01
  2.938873456910104E-01  2.903972358524450E-01  2.868647986447422E-01
  1.461889147291552E-01  1.450520639813907E-01  1.438783638342619E-01
  2.054229686209577E-01  2.047514318824534E-01  2.040068251599764E-01
  2.415650717397941E-01  2.413036687463039E-01  2.409444814990964E-01
  9.711153287367492E-02  9.782392391450399E-02  9.851407320226237E-02
  1.208081813292660E-01  1.219645543704217E-01  1.231018630338371E-01
  1.334497465104468E-01  1.349306971084329E-01  1.363970710988908E-01
  5.152272915882555E-02  5.283153458180481E-02  5.416428178410989E-02
  6.055892478211736E-02  6.189504314333005E-02  6.326557345850441E-02
  6.485176767146718E-02  6.618092794324519E-02  6.755186789518960E-02
  3.633808556173043E-02  3.770754844405113E-02  3.911535961437505E-02
  4.349144161950110E-02  4.481507974131787E-02  4.618007329775550E-02
  4.752542248912832E-02  4.880034219042773E-02  5.011773507212575E-02
  3.807746593650941E-02  3.963974847066661E-02  4.123056882832282E-02
  4.373779992890135E-02  4.535086135734939E-02  4.699264065769988E-02
  4.693762582353234E-02  4.857570210728746E-02  5.024217943731996E-02
  4.290093926816699E-02  4.465831770021178E-02  4.643166569023330E-02
  4.664924029675335E-02  4.849140207589250E-02  5.034997271675996E-02
  4.860206305968630E-02  5.048981879192552E-02  5.239430528848209E-02
  4.826772459676189E-02  5.004662131918886E-02  5.183154736669322E-02
  5.111868275375039E-02  5.296723970723251E-02  5.482190151849804E-02
  5.256078741039624E-02  5.444432647986010E-02  5.633411051197654E-02
  5.388366471355515E-02  5.555180180412077E-02  5.721812064016124E-02
  5.642310278210503E-02  5.814513143204021E-02  5.986493861217968E-02
  5.771622396587282E-02  5.946528623456068E-02  6.121192648201719E-02
  5.865553299071988E-02  6.016040826195396E-02  6.165805011890118E-02
  6.096051370060781E-02  6.250796864409468E-02  6.404780505452792E-02
  6.212905241443380E-02  6.369833991257305E-02  6.525980932080547E-02
  6.200547635688020E-02  6.333317616113089E-02  6.465062363095542E-02
  6.409382826101068E-02  6.545432967372197E-02  6.680441509837400E-02
  6.514972102839803E-02  6.652706855038955E-02  6.789392377790553E-02
  6.401101531799601E-02  6.516567865673870E-02  6.630870645074123E-02
  6.590204466137151E-02  6.708192961950760E-02  6.825018870555138E-02
  6.686030721027368E-02  6.805310489972886E-02  6.923428888299317E-02
  6.494562838879200E-02  6.594205298027606E-02  6.692635445508942E-02
  6.663956398066562E-02  6.765584021472977E-02  6.866010040819463E-02
  6.749952246846908E-02  6.852596515423805E-02  6.954045158448796E-02
  6.510580441217323E-02  6.596344689196225E-02  6.680888503020348E-02
  6.660228326802155E-02  6.747587323467816E-02  6.833741180396326E-02
  6.736208243568859E-02  6.824384394145062E-02  6.911363571557598E-02
  6.477324461111103E-02  6.551208204524082E-02  6.623871854572974E-02
  6.608234111641451E-02  6.683416259191856E-02  6.757395123057676E-02
  6.674646080719911E-02  6.750493288847320E-02  6.825145976953104E-02
  6.418496273055375E-02  6.482316461656021E-02  6.544903923657172E-02
  6.532437311078131E-02  6.597326604039375E-02  6.661000206348658E-02
  6.590182891194714E-02  6.655618881599935E-02  6.719847851424803E-02
  6.351827211172829E-02  6.407075648777745E-02  6.461051774258915E-02
  6.450800866216105E-02  6.506943992453559E-02  6.561832247121616E-02
  6.500918127968149E-02  6.557516692136345E-02  6.612869037450704E-02
  6.288990527369193E-02  6.336731365181517E-02  6.383123415496629E-02
  6.374940008154227E-02  6.423455948714139E-02  6.470642230737743E-02
  6.418426196160083E-02  6.467333202177232E-02  6.514919845158970E-02
  6.235862989636311E-02  6.276649705087552E-02  6.315965433419680E-02
  6.310672856800276E-02  6.352177773549603E-02  6.392234502449473E-02
  6.348475562339864E-02  6.390338280107496E-02  6.430763791822187E-02
  6.192644078779969E-02  6.226446015832236E-02  6.258600034251155E-02
  6.258289359973385E-02  6.292824668748243E-02  6.325740647555442E-02
  6.291389563973876E-02  6.326285762653518E-02  6.359576443941838E-02
  6.153878014478977E-02  6.180024496612593E-02  6.204283353699962E-02
  6.212556664576677E-02  6.239528322169837E-02  6.264648235638601E-02
  6.242046878057041E-02  6.269421761113342E-02  6.294962401645006E-02
  6.108663931876344E-02  6.125831009955068E-02  6.140804580695756E-02
  6.162820697838217E-02  6.180975821885151E-02  6.196980638179945E-02
  6.189924769912178E-02  6.208562468338898E-02  6.225071174235829E-02
  6.041369943519832E-02  6.047644844628515E-02  6.051360898516531E-02
  6.093594777808849E-02  6.101072242383585E-02  6.106039172451892E-02
  6.119620369684458E-02  6.127687463166934E-02  6.133268142452300E-02
  5.933084433585258E-02  5.926141533328438E-02  5.916237346403685E-02
  5.985903642186736E-02  5.980394951096807E-02  5.971973615032716E-02
  6.012138106468312E-02  6.007336712152873E-02  5.999647260453594E-02
  5.763897413997212E-02  5.741302777167848E-02  5.715348247087154E-02
  5.819489175543402E-02  5.798530508805582E-02  5.774253922319911E-02
  5.847055555363283E-02  5.826908801989352E-02  5.803465680739318E-02
  5.515897836001930E-02  5.475525192601199E-02  5.431454910145767E-02
  5.575780497202402E-02  5.537163668585108E-02  5.494876532789060E-02
  5.605477879554860E-02  5.567737980707751E-02  5.526342232837201E-02
  5.176492273067072E-02  5.116986722469196E-02  5.053570104169298E-02
  5.241256424559466E-02  5.183499423299134E-02  5.121837070925684E-02
  5.273420364264429E-02  5.216542246185980E-02  5.155762524720935E-02
  4.741357052361245E-02  4.662538361435412E-02  4.579773286317797E-02
  4.810524797350776E-02  4.733295463094576E-02  4.652100092235593E-02
  4.844950506299384E-02  4.768525495972815E-02  4.688125448154180E-02
  4.216163657919902E-02  4.119240762730181E-02  4.018540168392035E-02
  4.288243652309908E-02  4.192605205476451E-02  4.093145189046032E-02
  4.324207799134943E-02  4.229224743321321E-02  4.130398793253256E-02
  3.616317811541571E-02  3.503811442852283E-02  3.387884929931659E-02
  3.689077772571474E-02  3.577445279570558E-02  3.462330958452121E-02
  3.725471317477232E-02  3.614290317321854E-02  3.499596948684834E-02
  2.964408204768081E-02  2.839757512840110E-02  2.712176736365184E-02
  3.035318790151883E-02  2.911091534008660E-02  2.783864933541136E-02
  3.070868906813538E-02  2.946867116813067E-02  2.819831339904601E-02
  2.285802692980401E-02  2.152747172282877E-02  2.017303337821472E-02
  2.352541744940988E-02  2.219492857050483E-02  2.083989968994796E-02
  2.386067572551476E-02  2.253033285161864E-02  2.117511914927564E-02
  1.603608110743914E-02  1.465543084871723E-02  1.325608327003178E-02
  1.664480781167927E-02  1.526098158919793E-02  1.385792358152227E-02
  1.695109906207721E-02  1.556576619888397E-02  1.416093114859094E-02
  9.346573509673717E-03  7.942017794300234E-03  6.523346624436814E-03
  9.888067655671394E-03  8.478285699946454E-03  7.054013528152770E-03
  1.016087857707064E-02  8.748537166310919E-03  7.321515763840262E-03
  2.879859193798838E-03  1.469354273985023E-03  4.888671663213635E-05
  3.353414061218612E-03  1.936714582848526E-03  5.098212687683598E-04
  3.592241255872088E-03  2.172482115448008E-03  7.424129389449682E-04
 -3.336480610155926E-03 -4.739715356221723E-03 -6.148562274211402E-03
 -2.926389432229348E-03 -4.336094347666388E-03 -5.751550904911201E-03
 -2.719355803759272E-03 -4.132260341694836E-03 -5.550984919439462E-03
 -9.299345723562337E-03 -1.068111703810310E-02 -1.206322018249517E-02
 -8.946628103777509E-03 -1.033492063414912E-02 -1.172365054040700E-02
 -8.768304800400160E-03 -1.015981427796285E-02 -1.155181130878074E-02
 -1.498655915058364E-02 -1.632664636885365E-02 -1.766045053162621E-02
 -1.468646664158661E-02 -1.603324503757372E-02 -1.737384990985047E-02
 -1.453440117347563E-02 -1.588447008754031E-02 -1.722841749457872E-02
 -2.032807651386398E-02 -2.159839236440748E-02 -2.285468524701466E-02
 -2.007852149382050E-02 -2.135592711378915E-02 -2.261943175247232E-02
 -1.995160425685835E-02 -2.123249232412091E-02 -2.249953850818727E-02
 -2.520419017195514E-02 -2.637108659620363E-02 -2.751589843590152E-02
 -2.500530512181825E-02 -2.617981950476553E-02 -2.733237135074594E-02
 -2.490358598345058E-02 -2.608184795231081E-02 -2.723820789731732E-02
 -2.946925213556649E-02 -3.049888255827464E-02 -3.149913246625178E-02
 -2.932189373532972E-02 -3.035961356756272E-02 -3.136805948342816E-02
 -2.924584337140899E-02 -3.028755629894513E-02 -3.130004945852731E-02
 -3.298758010785256E-02 -3.385194711527907E-02 -3.468135866642583E-02
 -3.289180917525710E-02 -3.376453964314376E-02 -3.460240130177931E-02
 -3.284154320446274E-02 -3.371841952210017E-02 -3.456047217569488E-02
 -3.566460905623500E-02 -3.634597773012452E-02 -3.698906114551995E-02
 -3.561891046484215E-02 -3.630869354595298E-02 -3.696026705165118E-02
 -3.559377155929328E-02 -3.628774378478442E-02 -3.694354661334701E-02
 -3.746195287516959E-02 -3.795443192664919E-02 -3.840757402987707E-02
 -3.746336123411013E-02 -3.796415465051772E-02 -3.842569007441769E-02
 -3.746195699745306E-02 -3.796690643076529E-02 -3.843263988501021E-02
 -3.839514092146211E-02 -3.870360988742290E-02 -3.897365321983449E-02
 -3.843991072322768E-02 -3.875654167927606E-02 -3.903483721756591E-02
 -3.846043559512958E-02 -3.878116096954400E-02 -3.906359863382725E-02
 -3.852078680527302E-02 -3.865823331384112E-02 -3.875967483372372E-02
 -3.860506270252891E-02 -3.875052156252869E-02 -3.886007180740571E-02
 -3.864563201000596E-02 -3.879512268562303E-02 -3.890875555465003E-02
 -3.792190146269422E-02 -3.790637810571701E-02 -3.785833589665971E-02
 -3.804201254879409E-02 -3.803433715089059E-02 -3.799422846906235E-02
 -3.810081506279149E-02 -3.809709948988386E-02 -3.806099599415026E-02
 -3.669670458326625E-02 -3.654873912903286E-02 -3.637241710701947E-02
 -3.684903024748412E-02 -3.670866162866524E-02 -3.653998966706831E-02
 -3.692426665881805E-02 -3.678774057246569E-02 -3.662294014066363E-02
 -3.495142452179540E-02 -3.469219903885243E-02 -3.440910194511808E-02
 -3.513203233041592E-02 -3.487998300613646E-02 -3.460406535516136E-02
 -3.522173649442372E-02 -3.497332530756751E-02 -3.470104942702964E-02
 -3.279479498724217E-02 -3.244501764951055E-02 -3.207584295826078E-02
 -3.299911845459166E-02 -3.265587421140597E-02 -3.229317788926388E-02
 -3.310099566749401E-02 -3.276107106936329E-02 -3.240166844255259E-02
 -3.033229689855109E-02 -2.991151205417637E-02 -2.947550137969498E-02
 -3.055503055523136E-02 -3.013991069010262E-02 -2.970945490301694E-02
 -3.066640388010503E-02 -3.025416937172821E-02 -2.982654462683588E-02
 -2.766018300896792E-02 -2.718627096717318E-02 -2.670079467090595E-02
 -2.789542847822352E-02 -2.742613337841949E-02 -2.694511970516515E-02
 -2.801331203471966E-02 -2.754637484933974E-02 -2.706764197973267E-02
 -2.486076295708708E-02 -2.434949609255432E-02 -2.382972154159570E-02
 -2.510235581298973E-02 -2.459455465890673E-02 -2.407806330892581E-02
 -2.522362053099918E-02 -2.471759556528124E-02 -2.420278860012399E-02
 -2.200021715516633E-02 -2.146487508547062E-02 -2.092348100802768E-02
 -2.224213241680964E-02 -2.170909056215466E-02 -2.116980353990609E-02
 -2.236371253965627E-02 -2.183185609863287E-02 -2.129365690203566E-02
 -1.912887721195982E-02 -1.858000307959116E-02 -1.802699042501157E-02
 -1.936562932785801E-02 -1.881796070819862E-02 -1.826596620603920E-02
 -1.948472659021136E-02 -1.893768694997554E-02 -1.838622644227792E-02
 -1.628278238683999E-02 -1.572815363084582E-02 -1.517082538387106E-02
 -1.650976418195156E-02 -1.595538687953083E-02 -1.539814197753493E-02
 -1.662402125906959E-02 -1.606978661896605E-02 -1.551259889237953E-02
 -1.348528256577398E-02 -1.293010756543317E-02 -1.237325471367678E-02
 -1.369900340319739E-02 -1.314331325876244E-02 -1.258580541855667E-02
 -1.380662660246284E-02 -1.325068713145895E-02 -1.269285864563017E-02
 -1.074835844912415E-02 -1.019566286890432E-02 -9.641950600332176E-03
 -1.094654677176178E-02 -1.039277549480313E-02 -9.837879613007272E-03
 -1.104636054041538E-02 -1.049205228124342E-02 -9.936564241799594E-03
 -8.074318234184896E-03 -7.525489035661607E-03 -6.976024439907246E-03
 -8.255863608206451E-03 -7.705592852603663E-03 -7.154608980051642E-03
 -8.347284180833145E-03 -7.796287990282594E-03 -7.244538890741959E-03
 -5.458833732967426E-03 -4.914316513727058E-03 -4.369383398000263E-03
 -5.623570426788230E-03 -5.077402920325797E-03 -4.530765971805815E-03
 -5.706499083908673E-03 -5.159498384680962E-03 -4.612000871741876E-03
 -2.895723051636469E-03 -2.355856344293764E-03 -1.815776217479871E-03
 -3.044098183429593E-03 -2.502475989053313E-03 -1.960602863595830E-03
 -3.118755048199037E-03 -2.576245719748254E-03 -2.033466421683662E-03
 -3.828617288016618E-04  1.512514187838774E-04  6.852559688277867E-04
 -5.155698083744175E-04  2.035507564794850E-05  5.562004027568116E-04
 -5.823088638630700E-04 -4.546900682471851E-05  4.913058543515982E-04
  2.072310888354500E-03  2.598108536127912E-03  3.123273952616317E-03
  1.954628315263419E-03  2.482284903248750E-03  3.009334457517574E-03
  1.895473241925797E-03  2.424067150176887E-03  2.952066528404688E-03
  4.449594673338619E-03  4.962812185636795E-03  5.474683933957377E-03
  4.346502285961685E-03  4.861631321172217E-03  5.375436444423547E-03
  4.294698610989597E-03  4.810789739775482E-03  5.325567756441722E-03
  6.716702736836573E-03  7.211785639204227E-03  7.704739490709473E-03
  6.627943020561545E-03  7.124982560564453E-03  7.619908338558916E-03
  6.583349074122811E-03  7.081372041354852E-03  7.577288807082270E-03
  8.834376399073952E-03  9.305561256338482E-03  9.773970963935405E-03
  8.759686545089013E-03  9.232833707298903E-03  9.703209418739331E-03
  8.722162353476648E-03  9.196295124886530E-03  9.667658278672770E-03
  1.076513321136375E-02  1.120795632968032E-02  1.164773037100482E-02
  1.070398735285769E-02  1.114870315762122E-02  1.159035790523150E-02
  1.067326613971129E-02  1.111893263391421E-02  1.156153211081487E-02
  1.248349646179408E-02  1.289628455242345E-02  1.330630126550606E-02
  1.243487859509534E-02  1.284939183301670E-02  1.326110552271379E-02
  1.241045192983723E-02  1.282583225150674E-02  1.323839896402477E-02
  1.398472432194713E-02  1.436954678663729E-02  1.475246661612368E-02
  1.394702689436356E-02  1.433331263545495E-02  1.471765604452936E-02
  1.392809171395373E-02  1.431511367440332E-02  1.470017341567292E-02
  1.528910387844942E-02  1.565176012202257E-02  1.601381682406230E-02
  1.526020602048962E-02  1.562400376243380E-02  1.598716048716263E-02
  1.524570141440299E-02  1.561007414354124E-02  1.597378497644619E-02
  1.643988510991054E-02  1.678874593007757E-02  1.713839047625504E-02
  1.641740734792415E-02  1.676708769509058E-02  1.711752137117496E-02
  1.640614028826876E-02  1.675623371721897E-02  1.710706502919770E-02
  1.749465929901511E-02  1.783852007281001E-02  1.818414401236773E-02
  1.747633592476611E-02  1.782076448841460E-02  1.816694936637140E-02
  1.746716696877716E-02  1.781188129996748E-02  1.815834820343985E-02
  1.851195126199580E-02  1.885739966565727E-02  1.920470508048351E-02
  1.849602261353007E-02  1.884191851364890E-02  1.918969605267799E-02
  1.848806276675660E-02  1.883418256679539E-02  1.918219600431839E-02
  1.953642954509970E-02  1.988548184692865E-02  2.023528865533163E-02
  1.952194429101599E-02  1.987148746284017E-02  2.022184115671019E-02
  1.951470780322922E-02  1.986449494229825E-02  2.021512037901252E-02
  2.058694518233472E-02  2.093576663099301E-02  2.128305983935742E-02
  2.057388122272496E-02  2.092339050374735E-02  2.127144939969565E-02
  2.056734810917870E-02  2.091719870669283E-02  2.126563776419964E-02
  2.165125993241850E-02  2.199058863991219E-02  2.232534924256042E-02
  2.164041915456525E-02  2.198073249874501E-02  2.231656012020658E-02
  2.163498443606860E-02  2.197578712061070E-02  2.231214536443513E-02
  2.268973319556487E-02  2.300716347403904E-02  2.331700505742079E-02
  2.268243046426073E-02  2.300115798710877E-02  2.331236367094976E-02
  2.267874973498413E-02  2.299812332126301E-02  2.331000872681928E-02
  2.364761833598489E-02  2.393124309382939E-02  2.420519022326308E-02
  2.364525249781136E-02  2.393041513825940E-02  2.420593605586223E-02
  2.364402734074959E-02  2.392995736481487E-02  2.420626389978517E-02
  2.447252650311455E-02  2.471475650102540E-02  2.494684146691862E-02
  2.447617045817332E-02  2.472004867492201E-02  2.495378356595662E-02
  2.447794221000079E-02  2.472264413642571E-02  2.495720380394206E-02
  2.513091109351321E-02  2.533082121927884E-02  2.552179495765771E-02
  2.514106978970664E-02  2.534260851881054E-02  2.553519217887512E-02
  2.514609644677995E-02  2.534844989063399E-02  2.554183896374549E-02
  2.561613845314566E-02  2.577869057264875E-02  2.593428593017174E-02
  2.563278643958151E-02  2.579689021486967E-02  2.595402865232355E-02
  2.564105919573251E-02  2.580593927786315E-02  2.596384954500439E-02
  2.594175189598632E-02  2.607288161500763E-02  2.619786781594727E-02
  2.596467843445254E-02  2.609735955211842E-02  2.622393895470668E-02
  2.597609262811089E-02  2.610954910321883E-02  2.623692437561876E-02
  2.611729476251789E-02  2.621510780280514E-02  2.630375651385502E-02
  2.614667444822078E-02  2.624627369500032E-02  2.633683832792603E-02
  2.616131450968709E-02  2.626180501683189E-02  2.635332529196787E-02
  2.611000982697395E-02  2.615393788131093E-02  2.617914563223990E-02
  2.614701477869886E-02  2.619332603871835E-02  2.622115445532956E-02
  2.616546142270691E-02  2.621296078195608E-02  2.624209563615788E-02
  2.580231937529376E-02  2.574354037261519E-02  2.564818976714850E-02
  2.584953365223232E-02  2.579413443962320E-02  2.570249805186417E-02
  2.587307335923829E-02  2.581935940963867E-02  2.572957537288278E-02
  2.496000101489726E-02  2.471718692752217E-02  2.441185211468788E-02
  2.502141469634938E-02  2.478328122874223E-02  2.448301030844379E-02
  2.505203951861749E-02  2.481624179915076E-02  2.451849854745006E-02
  2.322738666980381E-02  2.269153368144140E-02  2.206204458786279E-02
  2.330783509965105E-02  2.277802608332387E-02  2.215492918404885E-02
  2.334796474172211E-02  2.282117488714146E-02  2.220127203071297E-02
  2.016277096499312E-02  1.921345139143090E-02  1.814016633848666E-02
  2.026681523794877E-02  1.932459746564941E-02  1.825861728285385E-02
  2.031873884801820E-02  1.938007274200156E-02  1.831774701823560E-02
  1.531994065613003E-02  1.385303555849334E-02  1.224121601697895E-02
  1.545031752668769E-02  1.399082144384375E-02  1.238634840368042E-02
  1.551541906300518E-02  1.405963360251707E-02  1.245884161283709E-02
  8.371598996094486E-03  6.335738038433765E-03  4.153472021951075E-03
  8.527473822613721E-03  6.498127751757871E-03  4.321938835039700E-03
  8.605357861700136E-03  6.579282117212972E-03  4.406146619407929E-03
 -7.413410125952117E-04 -3.305575137245048E-03 -5.988693884158215E-03
 -5.660047711152297E-04 -3.126184996340338E-03 -5.806135270430420E-03
 -4.783299932150665E-04 -3.036462822991190E-03 -5.714806343540185E-03
 -1.166326881268528E-02 -1.459057571191029E-02 -1.757401631451826E-02
 -1.148083441403017E-02 -1.440828369419073E-02 -1.739320267408379E-02
 -1.138952246172774E-02 -1.431701517653080E-02 -1.730264378559990E-02
 -2.352086703677973E-02 -2.650671890422074E-02 -2.945106004128458E-02
 -2.335017951559779E-02 -2.634194959018886E-02 -2.929389615716509E-02
 -2.326462827301915E-02 -2.625932426052014E-02 -2.921503932591398E-02
 -3.491140951848606E-02 -3.752790639175283E-02 -3.997994280424184E-02
 -3.477649898997991E-02 -3.740567844623299E-02 -3.987221402485030E-02
 -3.470870953744747E-02 -3.734419567243774E-02 -3.981794656752029E-02
 -4.402485794399332E-02 -4.577480446864826E-02 -4.723159599330279E-02
 -4.395186515637051E-02 -4.572118943970445E-02 -4.719897212807438E-02
 -4.391491308517725E-02 -4.569389638579965E-02 -4.718214699274311E-02
 -4.891653822648808E-02 -4.932355975311199E-02 -4.932990759066236E-02
 -4.892896807798335E-02 -4.936059000067845E-02 -4.939256406920770E-02
 -4.893463739849522E-02 -4.937854183770606E-02 -4.942331548569658E-02
 -4.790032326606176E-02 -4.661880385899039E-02 -4.487829752712511E-02
 -4.801340228459103E-02 -4.675879014853490E-02 -4.504529493806503E-02
 -4.806936600960109E-02 -4.682820878100139E-02 -4.512822598954743E-02
 -3.997710724054516E-02 -3.689313507406516E-02 -3.336176490107177E-02
 -4.019268454970475E-02 -3.713396131303187E-02 -3.362685308365685E-02
 -4.029994841388491E-02 -3.725387355299042E-02 -3.375892612160120E-02
 -2.517471378890668E-02 -2.046494988522106E-02 -1.539497132041293E-02
 -2.547843152053374E-02 -2.078805210293136E-02 -1.573546063819665E-02
 -2.562990334783705E-02 -2.094926133843164E-02 -1.590541338227320E-02
 -4.677700182787598E-03  1.198582062960162E-03  7.285280432829282E-03
 -5.039788825018692E-03  8.263953634706821E-04  6.905662903129448E-03
 -5.220654839735016E-03  6.404208921506848E-04  6.715911236355905E-03
  1.932256354884859E-02  2.570347763976591E-02  3.211174710885863E-02
  1.894252687681932E-02  2.532434932281503E-02  3.173634112481513E-02
  1.875244300646564E-02  2.513465711771204E-02  3.154844835802769E-02
  4.404026510398047E-02  5.019468630213395E-02  5.619791810407420E-02
  4.368562438276145E-02  4.985149441810809E-02  5.586857614216881E-02
  4.350800676762909E-02  4.967954791019833E-02  5.570350497898770E-02
  6.666315180555941E-02  7.193996890744253E-02  7.692678400667415E-02
  6.637156466011453E-02  7.166786222375496E-02  7.667571357062469E-02
  6.622529918513685E-02  7.153130258579378E-02  7.654964317012596E-02
  8.491323224580856E-02  8.886309187894860E-02  9.244648106173013E-02
  8.470969000423012E-02  8.868324565315408E-02  9.229085570702412E-02
  8.460735856416299E-02  8.859275105338779E-02  9.221246612361662E-02
  9.743924349257568E-02  9.987551765976281E-02  1.019358592786175E-01
  9.733268969570268E-02  9.979281808240326E-02  1.018765981816098E-01
  9.727885565323312E-02  9.975092125621325E-02  1.018464352300889E-01
  1.039417961340671E-01  1.049298894205186E-01  1.055874595337540E-01
  1.039260207577281E-01  1.049348391712949E-01  1.056120767196033E-01
  1.039176529541927E-01  1.049368585026127E-01  1.056239567924734E-01
  1.050289020142457E-01  1.048180583061437E-01  1.043546180572501E-01
  1.050868845276853E-01  1.048917412099818E-01  1.044426812828410E-01
  1.051155143414664E-01  1.049282514762233E-01  1.044864122843193E-01
  1.018890609141071E-01  1.008175415099093E-01  9.957996062246495E-02
  1.019988937309809E-01  1.009376380134380E-01  9.970907126777473E-02
  1.020535745624567E-01  1.009974788856028E-01  9.977344616396436E-02
  9.591319091835421E-02  9.431982153902393E-02  9.263711539661443E-02
  9.605355123676818E-02  9.446573270290495E-02  9.278760532136682E-02
  9.612360261436388E-02  9.453858085962287E-02  9.286276225651605E-02
  8.838296579481972E-02  8.654736958176328E-02  8.467966642365332E-02
  8.853674461950999E-02  8.670329104868631E-02  8.483710171617916E-02
  8.861357995989423E-02  8.678121083034747E-02  8.491578962443162E-02
  8.028940594025778E-02  7.840740150624136E-02  7.652953108220416E-02
  8.044509018999133E-02  7.856318283706858E-02  7.668508217547587E-02
  8.052292043757818E-02  7.864106772889710E-02  7.676285667792586E-02
  7.228476468309653E-02  7.047241445869479E-02  6.868333162944816E-02
  7.243599510410330E-02  7.062277410805924E-02  6.883269853239050E-02
  7.251161597145703E-02  7.069796123057404E-02  6.890739024070430E-02
  6.472941407151558E-02  6.304313386829005E-02  6.138812186269962E-02
  6.487353536997706E-02  6.318607881720616E-02  6.152987117564124E-02
  6.494560550060997E-02  6.325756065754745E-02  6.160075501242333E-02
  5.778230287204929E-02  5.624285366167776E-02  5.473709129550788E-02
  5.791869864806071E-02  5.637804834439132E-02  5.487108919511317E-02
  5.798690609613999E-02  5.644565546882699E-02  5.493809848708354E-02
  5.149214072779092E-02  5.010434810941514E-02  4.875088199671137E-02
  5.162088455929117E-02  5.023188661020618E-02  4.887719873676828E-02
  5.168526912362419E-02  5.029567024711372E-02  4.894037374074792E-02
  4.586450819823749E-02  4.462925753449045E-02  4.342897909866551E-02
  4.598555468008315E-02  4.474899411696816E-02  4.354735651913037E-02
  4.604609967768267E-02  4.480888770646529E-02  4.360657455442767E-02
  4.089751853772080E-02  3.981619060118630E-02  3.877065022870695E-02
  4.101042117876270E-02  3.992757162719045E-02  3.888043799223793E-02
  4.106690920417046E-02  3.998330380818418E-02  3.893537883182823E-02
  3.659050639320866E-02  3.566402873350952E-02  3.477354827221715E-02
  3.669451779479522E-02  3.576626236824161E-02  3.487393137735597E-02
  3.674657868451484E-02  3.581743998891053E-02  3.492418945129339E-02
  3.293582371786920E-02  3.216114743038899E-02  3.142105215635035E-02
  3.303019156093646E-02  3.225352328729875E-02  3.151138374005581E-02
  3.307744942339006E-02  3.229979053880396E-02  3.155663411624986E-02
  2.990466579283461E-02  2.927120771528677E-02  2.866856866397357E-02
  2.998895402018351E-02  2.935340458982359E-02  2.874865672458606E-02
  3.003118788585600E-02  2.939459715822470E-02  2.878879896697548E-02
  2.743582264165070E-02  2.692365898295948E-02  2.643610572348924E-02
  2.751013346101402E-02  2.699592997089946E-02  2.650635751288866E-02
  2.754738909997823E-02  2.703216856483635E-02  2.654158897871991E-02
  2.543284485127417E-02  2.501349475421447E-02  2.461069101551546E-02
  2.549787608895081E-02  2.507667961160064E-02  2.467208040568253E-02
  2.553049592359888E-02  2.510837744256336E-02  2.470288127091014E-02
  2.377133100939823E-02  2.341102943402078E-02  2.305848968819163E-02
  2.382826338565410E-02  2.346640315626214E-02  2.311237034067707E-02
  2.385683142282800E-02  2.349419149845324E-02  2.313941141017142E-02
  2.231461133132681E-02  2.197920741071158E-02  2.164343543070837E-02
  2.236487135854414E-02  2.202822155011427E-02  2.169126584225517E-02
  2.239009567107876E-02  2.205282133818744E-02  2.171527190458890E-02
  2.093362764183372E-02  2.059380201371405E-02  2.024738799611094E-02
  2.097860417041212E-02  2.063780158855846E-02  2.029045433730935E-02
  2.100117573550133E-02  2.065988231176639E-02  2.031206589516465E-02
  1.952576120201628E-02  1.916122091174563E-02  1.878660678144484E-02
  1.956656004702055E-02  1.920121910533032E-02  1.882582173081982E-02
  1.958703011785541E-02  1.922128610060082E-02  1.884549425431014E-02
  1.802790363234437E-02  1.762956975912774E-02  1.722063521977320E-02
  1.806520483878999E-02  1.766613678078658E-02  1.725645982639641E-02
  1.808391324663566E-02  1.768447526218188E-02  1.727442422599457E-02
  1.642093532389374E-02  1.599075289002981E-02  1.555202689921373E-02
  1.645497961666584E-02  1.602403457983645E-02  1.558451994943740E-02
  1.647204748760887E-02  1.604071841730926E-02  1.560080673276201E-02
  1.472530197625667E-02  1.427396225382209E-02  1.381790443837141E-02
  1.475599106628251E-02  1.430380338721656E-02  1.384686541705707E-02
  1.477137049739124E-02  1.431875630872341E-02  1.386137575272135E-02
  1.298971844769118E-02  1.253307938023573E-02  1.207630507271100E-02
  1.301678281573995E-02  1.255920002192669E-02  1.210145520361105E-02
  1.303034044927116E-02  1.257228351492170E-02  1.211405120777861E-02
  1.127647603978287E-02  1.083166588219765E-02  1.039110455427755E-02
  1.129965266209839E-02  1.085383353204881E-02  1.041225028628650E-02
  1.131125840815545E-02  1.086493280862173E-02  1.042283668528007E-02
  9.647072863323190E-03  9.229154379684572E-03  8.818954588054106E-03
  9.666244386787710E-03  9.247308076848306E-03  8.836095136447912E-03
  9.675840983890587E-03  9.256394108859442E-03  8.844673024840976E-03
  8.151073106727361E-03  7.770825649824345E-03  7.400465357688865E-03
  8.166341932230160E-03  7.785131951668516E-03  7.413830724906667E-03
  8.173981986325924E-03  7.792289448600431E-03  7.420516552564120E-03
  6.819701368250447E-03  6.482690868159231E-03  6.156368160747477E-03
  6.831396448519704E-03  6.493535122243894E-03  6.166396150361789E-03
  6.837245793839365E-03  6.498958114259712E-03  6.171410162808886E-03
  5.664248252908261E-03  5.371030823449651E-03  5.088115312094132E-03
  5.672880396378343E-03  5.378962671147578E-03  5.095388893674359E-03
  5.677195667057368E-03  5.382927173211208E-03  5.099023723244979E-03
  4.678320009762096E-03  4.425435698461848E-03  4.181609763698396E-03
  4.684509180941535E-03  4.431092765209678E-03  4.186778606945636E-03
  4.687601373255507E-03  4.433918540659561E-03  4.189359968649515E-03
  3.842474984723009E-03  3.623839772060516E-03  3.412541859860237E-03
  3.846871597388221E-03  3.627870166824871E-03  3.416246990693521E-03
  3.849066665810223E-03  3.629881943899138E-03  3.418095996362846E-03
  3.129789269664202E-03  2.938145372316485E-03  2.751997244560432E-03
  3.133004849196331E-03  2.941142366341535E-03  2.754810185023413E-03
  3.134609049828610E-03  2.942637209495972E-03  2.756212964100969E-03
  2.511192730289134E-03  2.339375075935494E-03  2.171377459028973E-03
  2.513747913274418E-03  2.341830224660536E-03  2.173758571712403E-03
  2.515021871719132E-03  2.343054176673586E-03  2.174945534933724E-03
  1.959815579566350E-03  1.801693184440384E-03  1.646072109992273E-03
  1.962107923240077E-03  1.803969335337412E-03  1.648348735209675E-03
  1.963250630475024E-03  1.805104014223918E-03  1.649483734781581E-03
  1.453953441959810E-03  1.304987692463663E-03  1.157651910766783E-03
  1.456244509692312E-03  1.307310874543383E-03  1.160014921408604E-03
  1.457386939537906E-03  1.308469484817246E-03  1.161193584517559E-03
  9.785474087719230E-04  8.359725288028353E-04  6.946014298579589E-04
  9.809672213579878E-04  8.384405797888789E-04  6.971178413295028E-04
  9.821745877021031E-04  8.396722446642320E-04  6.983738802860692E-04
  5.252913769053525E-04  3.879706872807901E-04  2.517974623495776E-04
  5.278573989374300E-04  3.905755358906937E-04  2.544357392716807E-04
  5.291386330003056E-04  3.918764112526626E-04  2.557535675740251E-04
  9.164130420257178E-05 -4.031067673104304E-05 -1.709226162952136E-04
  9.428802201903914E-05 -3.765133982626038E-05 -1.682591538064534E-04
  9.561051484704527E-05 -3.632228136951757E-05 -1.669277727662548E-04
 -3.208851851347914E-04 -4.466023549905062E-04 -5.706737317257387E-04
 -3.182712314379935E-04 -4.440094290925356E-04 -5.681110503306306E-04
 -3.169641626009354E-04 -4.427126213225706E-04 -5.668291172410552E-04
 -7.086775239456471E-04 -8.270475347795195E-04 -9.434744455395224E-04
 -7.062230921178896E-04 -8.246467770168573E-04 -9.411353614804731E-04
 -7.049949073589876E-04 -8.234452138012738E-04 -9.399644333317519E-04
 -1.067851000112644E-03 -1.177928113521632E-03 -1.285859548015814E-03
 -1.065667378299941E-03 -1.175823558730773E-03 -1.283839600968061E-03
 -1.064573923492858E-03 -1.174769486604835E-03 -1.282827701158828E-03
 -1.395596770440337E-03 -1.496859803332268E-03 -1.595910268411588E-03
 -1.393760857536061E-03 -1.495117758140574E-03 -1.594264726136222E-03
 -1.392840863180843E-03 -1.494244624682956E-03 -1.593439791768847E-03
 -1.690897773668646E-03 -1.783335412486485E-03 -1.873626845432527E-03
 -1.689444592652193E-03 -1.781979926033840E-03 -1.872369049283421E-03
 -1.688715869576598E-03 -1.781300051614052E-03 -1.871738039050297E-03
 -1.954613436919473E-03 -2.038661095524006E-03 -2.120727737244851E-03
 -1.953539094263747E-03 -2.037679291156923E-03 -2.119836583641379E-03
 -1.952999952355538E-03 -2.037186476333122E-03 -2.119389163855367E-03
 -2.189076190403851E-03 -2.265457511611378E-03 -2.340071846776005E-03
 -2.188348236415095E-03 -2.264811323063147E-03 -2.339504609564761E-03
 -2.187982621289807E-03 -2.264486679470643E-03 -2.339219535134355E-03
 -2.397423575274164E-03 -2.466960244353355E-03 -2.534943652517982E-03
 -2.396994669189221E-03 -2.466600349930289E-03 -2.534649910647415E-03
 -2.396778978750248E-03 -2.466419259010801E-03 -2.534501988204806E-03
 -2.582900304757979E-03 -2.646346533684302E-03 -2.708416886767383E-03
 -2.582721193406163E-03 -2.646224675698557E-03 -2.708349988820887E-03
 -2.582630778867902E-03 -2.646162966594675E-03 -2.708315833057984E-03
 -2.748315106655756E-03 -2.806253248631778E-03 -2.862939575168175E-03
 -2.748343989983197E-03 -2.806330387607586E-03 -2.863063500766884E-03
 -2.748357869955549E-03 -2.806368449147232E-03 -2.863125002683304E-03
 -2.895752155433923E-03 -2.948561151317945E-03 -3.000190637830702E-03
 -2.895959102408141E-03 -2.948810559905814E-03 -3.000481800048316E-03
 -2.896062209352681E-03 -2.948934926145401E-03 -3.000627065962039E-03
 -3.026545894567499E-03 -3.074432176432891E-03 -3.121174334159636E-03
 -3.026912575918157E-03 -3.074838115827909E-03 -3.121619309704986E-03
 -3.027095655830019E-03 -3.075040834866926E-03 -3.121841553662774E-03
 -3.141456290219168E-03 -3.184522669630804E-03 -3.226463963923008E-03
 -3.141972474671051E-03 -3.185076315464384E-03 -3.227054989881803E-03
 -3.142230355176089E-03 -3.185352928249130E-03 -3.227350293632737E-03
 -3.240943923830645E-03 -3.279267910502659E-03 -3.316488671858047E-03
 -3.241602699369742E-03 -3.279962522900102E-03 -3.317218889133497E-03
 -3.241931904603032E-03 -3.280309648572252E-03 -3.317583820465976E-03
 -3.325443321041169E-03 -3.359141106347156E-03 -3.391773238553538E-03
 -3.326236842364900E-03 -3.359968120500813E-03 -3.392633200718547E-03
 -3.326633458180561E-03 -3.360381490621494E-03 -3.393063054746725E-03
 -3.395560385923462E-03 -3.424823000067208E-03 -3.453078091223969E-03
 -3.396477303996511E-03 -3.425769981737623E-03 -3.454054261054166E-03
 -3.396935677822776E-03 -3.426243402390919E-03 -3.454542292603770E-03
 -3.452161337752645E-03 -3.477261021423840E-03 -3.501429715484932E-03
 -3.453186238228843E-03 -3.478311600012953E-03 -3.502504858268448E-03
 -3.453698683593965E-03 -3.478836904540891E-03 -3.503042465914710E-03
 -3.496360765974252E-03 -3.517634709839075E-03 -3.538066254891750E-03
 -3.497475226596301E-03 -3.518769950416228E-03 -3.539221065002165E-03
 -3.498032542171504E-03 -3.519337677511549E-03 -3.539798598295706E-03
 -3.529443712445902E-03 -3.547266871391758E-03 -3.564340981874571E-03
 -3.530628184659456E-03 -3.548467239602284E-03 -3.565556071757168E-03
 -3.531220592217566E-03 -3.549067614665657E-03 -3.566163826290312E-03
 -3.552765987076073E-03 -3.567524413416554E-03 -3.581626192070942E-03
 -3.554001667855553E-03 -3.568771537991980E-03 -3.582883706615499E-03
 -3.554619751113017E-03 -3.569395358488274E-03 -3.583512736242265E-03
 -3.567669969431631E-03 -3.579742348798243E-03 -3.591246643220926E-03
 -3.568940075846150E-03 -3.581020086678853E-03 -3.592531104400719E-03
 -3.569575423643373E-03 -3.581659260916777E-03 -3.593173649892890E-03
 -3.575436476216233E-03 -3.585186427186188E-03 -3.594452853835874E-03
 -3.576726709316967E-03 -3.586481117910458E-03 -3.595751218111763E-03
 -3.577372153418242E-03 -3.587128797739264E-03 -3.596400740861116E-03
 -3.577274903944571E-03 -3.585052180604369E-03 -3.592428055207624E-03
 -3.578573225926330E-03 -3.586352284818885E-03 -3.593729237918745E-03
 -3.579222733384859E-03 -3.587002687938479E-03 -3.594380184453972E-03
 -3.574340213292449E-03 -3.580486529143312E-03 -3.586313132313175E-03
 -3.575636253885061E-03 -3.581781992127590E-03 -3.587607352393867E-03
 -3.576284631251661E-03 -3.582430084198058E-03 -3.588254826425649E-03
 -3.567759521087142E-03 -3.572614551002787E-03 -3.577232529233707E-03
 -3.569043947877860E-03 -3.573896209479070E-03 -3.578510767486711E-03
 -3.569686525189093E-03 -3.574537405931685E-03 -3.579150257148416E-03
 -3.558652940762023E-03 -3.562557506576889E-03 -3.566308952531033E-03
 -3.559917020890119E-03 -3.563816726226814E-03 -3.567562668581494E-03
 -3.560549430249616E-03 -3.564446708691599E-03 -3.568189902589771E-03
 -3.548140586286382E-03 -3.551435968115947E-03 -3.554662682191690E-03
 -3.549376020734224E-03 -3.552664550606663E-03 -3.555883789340750E-03
 -3.549994111427125E-03 -3.553279218553104E-03 -3.556494722749063E-03
 -3.537336253224325E-03 -3.540360086979770E-03 -3.543398845680802E-03
 -3.538535251403261E-03 -3.541550386519097E-03 -3.544579860722651E-03
 -3.539135126073758E-03 -3.542145914653273E-03 -3.545170749203199E-03
 -3.527333134215267E-03 -3.530413248080600E-03 -3.533589509905027E-03
 -3.528488632113520E-03 -3.531558394712816E-03 -3.534723773276537E-03
 -3.529066755788644E-03 -3.532131344816838E-03 -3.535291283577780E-03
