  7.521579784072915E+00  7.511054667653142E+00  7.500519467651962E+00

  4.642053225306364E-05 -1.672128914032819E-05 -8.071514103373751E-05
  2.682545178509504E-04  2.069417639476112E-04  1.448775946265915E-04
  4.838268691191633E-04  4.239292358973977E-04  3.633869098504821E-04
  4.899589878832657E-05 -1.412238487630572E-05 -7.809155564703372E-05
  2.708127348894582E-04  2.095199560588158E-04  1.474770954373124E-04
  4.863851337097323E-04  4.265034969778032E-04  3.659785341519136E-04
  5.028384641639245E-05 -1.282270183652856E-05 -7.677956427535194E-05
  2.720920449359526E-04  2.108092222259337E-04  1.487769851759524E-04
  4.876643806089165E-04  4.277907153626502E-04  3.672744075697756E-04
  5.028384641639245E-05 -1.282270183652856E-05 -7.677956427535194E-05
  2.720920449359526E-04  2.108092222259337E-04  1.487769851759524E-04
  4.876643806089165E-04  4.277907153626502E-04  3.672744075697756E-04
  4.899589878832657E-05 -1.412238487630572E-05 -7.809155564703372E-05
  2.708127348894582E-04  2.095199560588158E-04  1.474770954373124E-04
  4.863851337097323E-04  4.265034969778032E-04  3.659785341519136E-04
  4.642053225306364E-05 -1.672128914032819E-05 -8.071514103373751E-05
  2.682545178509504E-04  2.069417639476112E-04  1.448775946265915E-04
  4.838268691191633E-04  4.239292358973977E-04  3.633869098504821E-04
  4.255755991687653E-05 -2.061969814448714E-05 -8.465069459037996E-05
  2.644174213044083E-04  2.030745704268860E-04  1.409783074738973E-04
  4.799897515290199E-04  4.200680002924423E-04  3.594995072376813E-04
  3.740599515589346E-05 -2.581870052405676E-05 -8.989939750130298E-05
  2.593009303602448E-04  1.979177351430057E-04  1.357784732557881E-04
  4.748737538648752E-04  4.149196328581506E-04  3.543160403457822E-04
  3.096463133360101E-05 -3.231961609206942E-05 -9.646267028249117E-05
  2.529043272267284E-04  1.914703912173992E-04  1.292770828131087E-04
  4.684787643663777E-04  4.084838588252818E-04  3.478360735649030E-04
  2.323230616634737E-05 -4.012374636122193E-05 -1.043419379900712E-04
  2.452269109973045E-04  1.837316555100865E-04  1.214730794117790E-04
  4.608046914263158E-04  4.007603867708462E-04  3.400591185309762E-04
  1.420776147917234E-05 -4.923251923226764E-05 -1.135387788608012E-04
  2.362679401476417E-04  1.747005665426088E-04  1.123652924602035E-04
  4.518514513149944E-04  3.917488934858945E-04  3.309846163947492E-04
  3.889446935838461E-06 -5.964768009313563E-05 -1.240551098093305E-04
  2.260264893971044E-04  1.643759435757994E-04  1.019522991965172E-04
  4.416188939658758E-04  3.814489501051767E-04  3.206118645740022E-04
 -7.724545531257074E-06 -7.137135128586996E-05 -1.358932395349474E-04
  2.145013727562348E-04  1.527563137224560E-04  9.023235616853488E-05
  4.301067418877388E-04  3.698599628331725E-04  3.089399595979463E-04
 -2.063646195465755E-05 -8.440600861142901E-05 -1.490558409918181E-04
  2.016911316304266E-04  1.398399029046922E-04  7.720339340467148E-05
  4.173145580143441E-04  3.569811424123945E-04  2.959677685326029E-04
 -3.484886887508854E-05 -9.875446088251687E-05 -1.635459274653401E-04
  1.875940316243682E-04  1.256246348061681E-04  6.286301593892916E-05
  4.032417218515628E-04  3.428114816220909E-04  2.816939082151078E-04
 -5.036466560525943E-05 -1.144198579566342E-04 -1.793668558756163E-04
  1.722080397677500E-04  1.101081108848917E-04  4.720848713871493E-05
  3.878873973222436E-04  3.273497247341139E-04  2.661167167531371E-04
 -6.718711068623553E-05 -1.314057117433011E-04 -1.965223417570029E-04
  1.555307873397457E-04  9.328757696693644E-05  3.023669961991086E-05
  3.712504907646766E-04  3.105943277024154E-04  2.492342164194682E-04
 -8.531984643988670E-05 -1.497159143128836E-04 -2.150164703735363E-04
  1.375595299252502E-04  7.515988790149845E-05  1.194414509757399E-05
  3.533296040320424E-04  2.925434141050571E-04  2.310440729600155E-04
 -1.047669165294573E-04 -1.693547483726371E-04 -2.348536994894708E-04
  1.182911102641947E-04  5.572147572754944E-05 -7.673111476463754E-06
  3.341229863416079E-04  2.731947304590704E-04  2.115435549994781E-04
 -1.255327773627704E-04 -1.903268906003155E-04 -2.560388540082488E-04
  9.772192420579585E-05  3.496832176501623E-05 -2.861945297371247E-05
  3.136284861546711E-04  2.525456022651701E-04  1.907294949077633E-04
 -1.476223039176632E-04 -2.126374084706780E-04 -2.785771131204936E-04
  7.584788958571510E-05  1.289593256118966E-05 -5.089972632222941E-05
  2.918435034230958E-04  2.305928912128457E-04  1.685982517039965E-04
 -1.710407890852249E-04 -2.362917493848334E-04 -3.024739885623019E-04
  5.266441855243150E-05 -1.050067966815077E-05 -7.451925315526892E-05
  2.687649428049857E-04  2.073329542202912E-04  1.451456767105951E-04
 -1.957939350739143E-04 -2.612957207568538E-04 -3.277352927171144E-04
  2.816639457109264E-05 -3.522701075050296E-05 -9.948383340116584E-05
  2.443891686833701E-04  1.827616053041483E-04  1.203670831323104E-04
 -2.218878350566053E-04 -2.876554590546466E-04 -3.543670943991225E-04
  2.348155777134285E-06 -6.128907064808207E-05 -1.257997399835699E-04
  2.187119633424657E-04  1.568740817667871E-04  9.425722112348038E-05
 -2.493289426726053E-04 -3.153773854670427E-04 -3.823756600387082E-04
 -2.479651333963132E-05 -8.869337991841400E-05 -1.534737025329274E-04
  1.917284898819728E-04  1.296650163177244E-04  6.681026009687059E-05
 -2.781240271970685E-04 -3.444681458611211E-04 -4.117673779024728E-04
 -5.327437957271611E-05 -1.174469540352007E-04 -1.825128775333287E-04
  1.634332619824702E-04  1.011284173855122E-04  3.801978056846239E-05
 -3.082801117975016E-04 -3.749345325513370E-04 -4.425486628483571E-04
 -8.309274561500281E-05 -1.475572731728216E-04 -2.129248024155613E-04
  1.338201225861714E-04  7.125765988485010E-05  7.878778003763831E-06
 -3.398043922659246E-04 -4.067833851992428E-04 -4.747258390150134E-04
 -1.142594191174768E-04 -1.790322348038649E-04 -2.447173309125618E-04
  1.028822335080118E-04  4.004548858856442E-05 -2.362031902584112E-05
 -3.727041338500320E-04 -4.400214683973137E-04 -5.083049979409485E-04
 -1.467826640148089E-04 -2.118800867774162E-04 -2.778985471489743E-04
  7.061207789613089E-05  7.484036254173261E-06 -5.648561403924165E-05
 -4.069865435768050E-04 -4.746553235306649E-04 -5.432918298810631E-04
 -1.806711313396419E-04 -2.461093381665696E-04 -3.124766558872662E-04
  3.700147785415713E-05 -2.643514121094548E-05 -9.072568895098973E-05
 -4.426586153880813E-04 -5.106910922723272E-04 -5.796914257768664E-04
 -2.159337661177291E-04 -2.817286446833422E-04 -3.484598458941889E-04
  2.041631121131031E-06 -6.172100893922481E-05 -1.263495280631166E-04
 -4.797269446693798E-04 -5.481343087456126E-04 -6.175080473837647E-04
 -2.525796855542115E-04 -3.187466641465815E-04 -3.858561222594437E-04
 -3.427682754563185E-05 -9.838297119010610E-05 -1.633664146417692E-04
 -5.181975080512523E-04 -5.869896565243106E-04 -6.567448620815538E-04
 -2.906180233231418E-04 -3.571718767981700E-04 -4.246731025918802E-04
 -7.196373447844470E-05 -1.364307572184185E-04 -2.017857938139341E-04
 -5.580754050813311E-04 -6.272606871744785E-04 -6.974036392911721E-04
 -3.300577367724802E-04 -3.970123668547412E-04 -4.649177731815505E-04
 -1.110292723074263E-04 -1.758742715689248E-04 -2.416170976117415E-04
 -5.993645598939460E-04 -6.689494983019529E-04 -7.394844064271491E-04
 -3.709073773455639E-04 -4.382755650695422E-04 -5.065962044238189E-04
 -1.514838152242978E-04 -2.167234108229500E-04 -2.828695332263666E-04
 -6.420673846170897E-04 -7.120563729676039E-04 -7.829850662829333E-04
 -4.131748267724786E-04 -4.809679552030281E-04 -5.497132285278873E-04
 -1.933377483694239E-04 -2.589878514638398E-04 -3.255518393768626E-04
 -6.861844060583819E-04 -7.565793827378693E-04 -8.279009787685197E-04
 -4.568669966933641E-04 -5.250947440666057E-04 -5.942720809302603E-04
 -2.366012560679510E-04 -3.026768066575198E-04 -3.696720112232757E-04
 -7.317138533975787E-04 -8.025139543738241E-04 -8.742245089898875E-04
 -5.019894789367829E-04 -5.706594854020441E-04 -6.402739986943257E-04
 -2.812840563573384E-04 -3.477987333350753E-04 -4.152369793726431E-04
 -7.786511962284034E-04 -8.498523917920136E-04 -9.219445358264903E-04
 -5.485461245378042E-04 -6.176636373193596E-04 -6.877177579292227E-04
 -3.273950491291234E-04 -3.943609578198232E-04 -4.622522132017839E-04
 -8.269886202272916E-04 -8.985833412303975E-04 -9.710459101125760E-04
 -5.965385381117743E-04 -6.661060371930021E-04 -7.365991324600862E-04
 -3.749418636743325E-04 -4.423691996472713E-04 -5.107212236663056E-04
 -8.767144392866965E-04 -9.486911959288580E-04 -1.021508856952550E-03
 -6.459655052993318E-04 -7.159823049751296E-04 -7.869102786050441E-04
 -4.239303424024508E-04 -4.918270192605555E-04 -5.606449806627254E-04
 -9.278124685574695E-04 -1.000155459948164E-03 -1.073308337034856E-03
 -6.968224083270151E-04 -7.672842247842323E-04 -8.386390897112561E-04
 -4.743640462903879E-04 -5.427352692009460E-04 -6.120213166192388E-04
 -9.802614064262393E-04 -1.052950117675319E-03 -1.126413410960040E-03
 -7.491006876618622E-04 -8.199991683946854E-04 -8.917685869803968E-04
 -5.262438521197029E-04 -5.950916311880746E-04 -6.648444065585158E-04
 -1.034034262569753E-03 -1.107043053324819E-03 -1.180786655762485E-03
 -8.027873435067026E-04 -8.741095743989312E-04 -9.462763777125806E-04
 -5.795675933836150E-04 -6.488902235943230E-04 -7.191043387042998E-04
 -1.089097810778561E-03 -1.162395516023255E-03 -1.236383644625573E-03
 -8.578643575088724E-04 -9.295923884989493E-04 -1.002134112093768E-03
 -6.343295281419041E-04 -7.041210960950912E-04 -7.747866283627300E-04
 -1.145411965953556E-03 -1.218961545656959E-03 -1.293152422174221E-03
 -9.143078452094135E-04 -9.864182818356329E-04 -1.059306767657973E-03
 -6.905193524519493E-04 -7.607693275661809E-04 -8.318713989732486E-04
 -1.202928961697165E-03 -1.276687233849848E-03 -1.351032852406193E-03
 -9.720868397839171E-04 -1.044550515077812E-03 -1.117751604858075E-03
 -7.481206776464769E-04 -8.188135823555470E-04 -8.903320345406599E-04
 -1.261592308084697E-03 -1.335509767915518E-03 -1.409955761234553E-03
 -1.031161888050002E-03 -1.103943563076120E-03 -1.177416846547195E-03
 -8.071093467069095E-04 -8.782243987550619E-04 -9.501334788412475E-04
 -1.321335734601071E-03 -1.395356413486886E-03 -1.469841981058643E-03
 -1.091483965375259E-03 -1.164541952295659E-03 -1.238240471446911E-03
 -8.674523961956968E-04 -9.389629549244695E-04 -1.011230848990781E-03
 -1.382082530044486E-03 -1.456143817979043E-03 -1.530601641762829E-03
 -1.152994288994998E-03 -1.226279912156128E-03 -1.300149724307651E-03
 -9.291084185750876E-04 -1.000981137559756E-03 -1.073569227391452E-03
 -1.443745662627094E-03 -1.517778052138628E-03 -1.592134143804329E-03
 -1.215625183747282E-03 -1.289082124025084E-03 -1.363061735186738E-03
 -9.920292643340605E-04 -1.064223077287176E-03 -1.137084993609492E-03
 -1.506228666138071E-03 -1.580155483828530E-03 -1.654329002305848E-03
 -1.279301302418510E-03 -1.352865058331387E-03 -1.426884923017530E-03
 -1.056161711940066E-03 -1.128627048831342E-03 -1.201707870143436E-03
 -1.569426634626578E-03 -1.643163959678945E-03 -1.717067172644108E-03
 -1.343939724297966E-03 -1.417537540649109E-03 -1.491519967885593E-03
 -1.121446802157513E-03 -1.194125538413399E-03 -1.267361641020475E-03
 -1.633226187488807E-03 -1.706683214898435E-03 -1.780221859438928E-03
 -1.409447456777002E-03 -1.482998981693796E-03 -1.556858745496402E-03
 -1.187814991859592E-03 -1.260641399672403E-03 -1.333961304814253E-03
 -1.697503434539769E-03 -1.770583438186905E-03 -1.843657668958635E-03
 -1.475716044220654E-03 -1.549134649060309E-03 -1.622780316257664E-03
 -1.255177462296376E-03 -1.328079883782818E-03 -1.401405945748694E-03
 -1.762119977020377E-03 -1.834721765189833E-03 -1.907227641376939E-03
 -1.542614976915182E-03 -1.615809255461690E-03 -1.689144823908174E-03
 -1.323416901429231E-03 -1.396319284833720E-03 -1.469569457624368E-03
 -1.826918445532164E-03 -1.898937903748476E-03 -1.970769060409387E-03
 -1.609987247790411E-03 -1.682861970029581E-03 -1.755788110763937E-03
 -1.392382964498021E-03 -1.465205211369122E-03 -1.538293829983063E-03
 -1.891720134044517E-03 -1.963051310894073E-03 -2.034100273886541E-03
 -1.677650434981884E-03 -1.750106392122660E-03 -1.822520660184321E-03
 -1.461896663444651E-03 -1.534553189565192E-03 -1.607390022771962E-03
 -1.956327079760138E-03 -2.026862431721533E-03 -2.097021131306930E-03
 -1.745404582044638E-03 -1.817337325394625E-03 -1.889133203031005E-03
 -1.531763949548046E-03 -1.604160834480927E-03 -1.676648566907212E-03
 -2.020529237984319E-03 -2.090159081437829E-03 -2.159318509319434E-03
 -1.813044750380530E-03 -1.884342920491915E-03 -1.955408257112061E-03
 -1.601793631520026E-03 -1.673825697179118E-03 -1.745857018437407E-03
 -2.084114934441762E-03 -2.152726642115141E-03 -2.220776097798791E-03
 -1.880373327738472E-03 -1.950917675947252E-03 -2.021133583571154E-03
 -1.671811593878347E-03 -1.743361089705149E-03 -1.814817070575594E-03
 -2.146880906335329E-03 -2.214358642830965E-03 -2.281185339475191E-03
 -1.947206808445405E-03 -2.016870840579104E-03 -2.086112054829517E-03
 -1.741664354639043E-03 -1.812602335893415E-03 -1.883353362214016E-03
 -2.208638156166278E-03 -2.274863792266114E-03 -2.340353523931244E-03
 -2.013374302521609E-03 -2.082026771805670E-03 -2.150163868963733E-03
 -1.811210154284154E-03 -1.881400389386470E-03 -1.951309756056048E-03
 -2.269211749064159E-03 -2.334067084338750E-03 -2.398106201013973E-03
 -2.078709176720842E-03 -2.146217802864052E-03 -2.213120802512996E-03
 -1.880302196141441E-03 -1.949606237658275E-03 -2.018535229019524E-03
 -2.328435598604962E-03 -2.391805430882302E-03 -2.454283766020778E-03
 -2.143038622540079E-03 -2.209273901894627E-03 -2.274816172906659E-03
 -1.948772606954194E-03 -2.017054212230769E-03 -2.084866857695183E-03
 -2.386145593808687E-03 -2.447920827529813E-03 -2.508734807112229E-03
 -2.206176658126651E-03 -2.271014733056603E-03 -2.335076098103464E-03
 -2.016424870855253E-03 -2.083552501722132E-03 -2.150118554419917E-03
 -2.442174878289758E-03 -2.502254936641522E-03 -2.561310087107068E-03
 -2.267923840006875E-03 -2.331248011045990E-03 -2.393716485435343E-03
 -2.083037585229076E-03 -2.148884876704484E-03 -2.214080655661848E-03
 -2.496353585173398E-03 -2.554647805209034E-03 -2.611860242323824E-03
 -2.328073289614488E-03 -2.389774482110386E-03 -2.450546827326092E-03
 -2.148376508997868E-03 -2.212821651419590E-03 -2.276529523072381E-03
 -2.548512880230612E-03 -2.604941060548083E-03 -2.660238041885526E-03
 -2.386419742869254E-03 -2.446396658325375E-03 -2.505378436425475E-03
 -2.212208461264777E-03 -2.275133800832157E-03 -2.337241600741905E-03
 -2.598491213219230E-03 -2.652983776336452E-03 -2.706303748765734E-03
 -2.442767690443602E-03 -2.500927301055401E-03 -2.558033140658396E-03
 -2.274311246459996E-03 -2.335603980184430E-03 -2.396005384913560E-03
 -2.646140175437566E-03 -2.698638384457510E-03 -2.749930997960059E-03
 -2.496936217105825E-03 -2.553194839825445E-03 -2.608349249400419E-03
 -2.334477361142578E-03 -2.394031376577736E-03 -2.452627443753903E-03
 -2.691328271075561E-03 -2.741784687958693E-03 -2.791011026919367E-03
 -2.548760528513399E-03 -2.603045262216451E-03 -2.656183854498582E-03
 -2.392513125392420E-03 -2.450231371807030E-03 -2.506932732868545E-03
 -2.733942399553454E-03 -2.782321487988948E-03 -2.829454477499415E-03
 -2.598091818934021E-03 -2.650341912603487E-03 -2.701412630161097E-03
 -2.448236771241852E-03 -2.504033391423362E-03 -2.558762316443759E-03
 -2.773887949225679E-03 -2.820166577678110E-03 -2.865191340261959E-03
 -2.644797327107133E-03 -2.694965128454800E-03 -2.743929090277563E-03
 -2.501478331911613E-03 -2.555280089670633E-03 -2.607971879472191E-03
 -2.811088626202440E-03 -2.855256259802981E-03 -2.898170198546169E-03
 -2.688761473683663E-03 -2.736812851360192E-03 -2.783644668754215E-03
 -2.552082038117422E-03 -2.603829032499553E-03 -2.654432650084557E-03
 -2.845486647475307E-03 -2.887545156507241E-03 -2.928357667764164E-03
 -2.729887804870298E-03 -2.775802149076685E-03 -2.820489790521520E-03
 -2.599910056006087E-03 -2.649556001643633E-03 -2.698034194706144E-03
 -2.877043250221218E-03 -2.917006394041079E-03 -2.955738252896614E-03
 -2.768100865924549E-03 -2.811870838416766E-03 -2.854415220450733E-03
 -2.644845847839970E-03 -2.692358204748665E-03 -2.738687429032763E-03
 -2.905739081442560E-03 -2.943631778253168E-03 -2.980314308633024E-03
 -2.803347273247900E-03 -2.844978413977826E-03 -2.885392850356184E-03
 -2.686796102361779E-03 -2.732156158407550E-03 -2.776326453516578E-03
 -2.931574067429785E-03 -2.967431534923089E-03 -3.002105661888968E-03
 -2.835595791148294E-03 -2.875105988539209E-03 -2.913415528144662E-03
 -2.725691226840356E-03 -2.768894057459723E-03 -2.810908834289060E-03
 -2.954566641402446E-03 -2.988433440304651E-03 -3.021148669147124E-03
 -2.864836667126944E-03 -2.902255445564743E-03 -2.938496062098645E-03
 -2.761485020785396E-03 -2.802539193422817E-03 -2.842414807457763E-03
 -2.974752465979381E-03 -3.006681445219789E-03 -3.037494771199515E-03
 -2.891080590164991E-03 -2.926448182897582E-03 -2.960665781011565E-03
 -2.794154121842563E-03 -2.833081073657099E-03 -2.870846100721975E-03
 -2.992182872214848E-03 -3.022234016611969E-03 -3.051208763718339E-03
 -2.914357479414770E-03 -2.947723704487862E-03 -2.979972952161561E-03
 -2.823697413670233E-03 -2.860530528559908E-03 -2.896224756166422E-03
 -3.006923170947708E-03 -3.035162374379051E-03 -3.062366980465705E-03
 -2.934715107680353E-03 -2.966138103913057E-03 -2.996481143602831E-03
 -2.850135239923674E-03 -2.884918709322561E-03 -2.918591925118937E-03
 -3.019050885488295E-03 -3.045548691668667E-03 -3.071055477488252E-03
 -2.952217479525805E-03 -2.981762367882864E-03 -3.010267472145429E-03
 -2.873508200752742E-03 -2.906295751879241E-03 -2.938006418807376E-03
 -3.028653899920880E-03 -3.053484256490256E-03 -3.077368222125031E-03
 -2.966942931081634E-03 -2.994680452307386E-03 -3.021420676791493E-03
 -2.893875457562243E-03 -2.924729001219855E-03 -2.954542878700014E-03
 -3.035828529212491E-03 -3.059067591773830E-03 -3.081405275957574E-03
 -2.978982011310373E-03 -3.004987172946993E-03 -3.030039040055261E-03
 -2.911312648721829E-03 -2.940300873275670E-03 -2.968289613460303E-03
 -3.040677556366231E-03 -3.062402567093184E-03 -3.083270992395969E-03
 -2.988435257883094E-03 -3.012786015585782E-03 -3.036228250883204E-03
 -2.925909591006874E-03 -2.953106525751536E-03 -2.979346264902429E-03
 -3.043308306457964E-03 -3.063596564022266E-03 -3.083072281660601E-03
 -2.995410973346723E-03 -3.018186971991381E-03 -3.040099314194065E-03
 -2.937767905704215E-03 -2.963251487076267E-03 -2.987821459918636E-03
 -3.043830821681388E-03 -3.062758755931913E-03 -3.080917000074836E-03
 -3.000023069258581E-03 -3.021304471003418E-03 -3.041766578146727E-03
 -2.946998639181208E-03 -2.970849321547340E-03 -2.993830535249320E-03
 -3.042356180170002E-03 -3.059998543171646E-03 -3.076912502933794E-03
 -3.002389015329132E-03 -3.022255439191102E-03 -3.041345911865709E-03
 -2.953719909841864E-03 -2.976019360294420E-03 -2.997493364046263E-03
 -3.038994981396304E-03 -3.055424163087810E-03 -3.071164377798143E-03
 -3.002627922021227E-03 -3.021157512416725E-03 -3.038953048709080E-03
 -2.958054616857838E-03 -2.978884523482875E-03 -2.998932300378744E-03
 -3.033856011434303E-03 -3.049141483415828E-03 -3.063775362677293E-03
 -3.000858787829895E-03 -3.018127421403353E-03 -3.034702110279755E-03
 -2.960128263444975E-03 -2.979569275515355E-03 -2.998270272176983E-03
 -3.027045097967072E-03 -3.041252983746331E-03 -3.054844449113602E-03
 -2.997198942564081E-03 -3.013279576167028E-03 -3.028704329702492E-03
 -2.960066952115253E-03 -2.978197763055356E-03 -2.995629064354184E-03
 -3.018664162901225E-03 -3.031856929067529E-03 -3.044466170478709E-03
 -2.991762709748632E-03 -3.006724868169491E-03 -3.021066988870284E-03
 -2.957995596118310E-03 -2.974892175419655E-03 -2.991127827017246E-03
 -3.008810474128325E-03 -3.021046734246821E-03 -3.032730072111963E-03
 -2.984660297985135E-03 -2.998569696840551E-03 -3.011892573751906E-03
 -2.954036370992079E-03 -2.969771347471417E-03 -2.984881825738406E-03
 -2.997576091612796E-03 -3.008910513036082E-03 -3.019720355481223E-03
 -2.975996920442571E-03 -2.988915216825778E-03 -3.001278141755950E-03
 -2.948307415142420E-03 -2.962949609438635E-03 -2.977001434573879E-03
 -2.985047496186919E-03 -2.995530798681709E-03 -3.005515682639255E-03
 -2.965872134392673E-03 -2.977856795058840E-03 -2.989314888043634E-03
 -2.940921779782870E-03 -2.954535879422893E-03 -2.967591363696331E-03
 -2.971305386342557E-03 -2.980984420566822E-03 -2.990189124799413E-03
 -2.954379388921036E-03 -2.965483663758660E-03 -2.976087895191474E-03
 -2.931986623949068E-03 -2.944632990528802E-03 -2.956750110238401E-03
 -2.956424625847329E-03 -2.965342519104661E-03 -2.973808236828329E-03
 -2.941605765832655E-03 -2.951878753031924E-03 -2.961676048816712E-03
 -2.921602645285294E-03 -2.933337240773564E-03 -2.944569618287413E-03
 -2.940474324065542E-03 -2.948670680823556E-03 -2.956435239911911E-03
 -2.927631895379199E-03 -2.937118684244313E-03 -2.946152100128319E-03
 -2.909863731441161E-03 -2.920738149251114E-03 -2.931135130550444E-03
 -2.923518029924619E-03 -2.931029174874228E-03 -2.938127293849676E-03
 -2.912532026185162E-03 -2.921273903518301E-03 -2.929582854926133E-03
 -2.896856811978998E-03 -2.906918397689743E-03 -2.916525210360602E-03
 -2.905614019628002E-03 -2.912473271702421E-03 -2.918936840680070E-03
 -2.896374226792044E-03 -2.904408933144702E-03 -2.912029467376168E-03
 -2.882661887311828E-03 -2.891953933750594E-03 -2.900811910499059E-03
 -2.886815659414937E-03 -2.893053626036733E-03 -2.898912002446885E-03
 -2.879220696441194E-03 -2.886582719172976E-03 -2.893547817587925E-03
 -2.867352209885528E-03 -2.875914211390869E-03 -2.884061064477448E-03
 -2.867171823647909E-03 -2.872816705411387E-03 -2.878097015525452E-03
 -2.861128162406228E-03 -2.867849053352264E-03 -2.874188952106126E-03
 -2.850994592348648E-03 -2.858862543665905E-03 -2.866332676423553E-03
 -2.846727351550237E-03 -2.851805248623137E-03 -2.856532686808032E-03
 -2.842148342853219E-03 -2.848257049474065E-03 -2.853999568445753E-03
 -2.833649817887352E-03 -2.840856544015229E-03 -2.847681386509946E-03
 -2.825523525671204E-03 -2.830058738262121E-03 -2.834256857089108E-03
 -2.822328454879153E-03 -2.827851654914263E-03 -2.833022525661239E-03
 -2.815373128734913E-03 -2.821948633157382E-03 -2.828156990312508E-03
 -2.803598557978621E-03 -2.807613874377743E-03 -2.811304859722917E-03
 -2.801711749439984E-03 -2.806674180367277E-03 -2.811297365158481E-03
 -2.796214770089786E-03 -2.802186590179256E-03 -2.807804991951512E-03
 -2.780988070295461E-03 -2.784505037107226E-03 -2.787709963523771E-03
 -2.780338056015928E-03 -2.784762831943343E-03 -2.788860827300656E-03
 -2.776220568249097E-03 -2.781614128020954E-03 -2.786667172692456E-03
 -2.757725557927269E-03 -2.760764728261824E-03 -2.763503791010705E-03
 -2.758244322418277E-03 -2.762153232289143E-03 -2.765747351580227E-03
 -2.755432523854001E-03 -2.760271475664869E-03 -2.764782158643197E-03
 -2.733842827192743E-03 -2.736423983613854E-03 -2.738716704667228E-03
 -2.735465136689794E-03 -2.738878918906232E-03 -2.741989549798597E-03
 -2.733889403183415E-03 -2.738195951334194E-03 -2.742185973192174E-03
 -2.709370399011796E-03 -2.711512748967933E-03 -2.713378155220196E-03
 -2.712033220327756E-03 -2.714971810016510E-03 -2.717618643615586E-03
 -2.711627312912019E-03 -2.715422513385613E-03 -2.718912562162058E-03
 -2.684337872385454E-03 -2.686060214770131E-03 -2.687516987565309E-03
 -2.687979884068715E-03 -2.690462630387073E-03 -2.692664860000302E-03
 -2.688680246124040E-03 -2.691984278127186E-03 -2.694994282168847E-03
 -2.658774243935682E-03 -2.660095106308608E-03 -2.661161702162432E-03
 -2.663335439546471E-03 -2.665381291356977E-03 -2.667157779729943E-03
 -2.665080589527771E-03 -2.667912995623638E-03 -2.670462344373950E-03
 -2.632708180078215E-03 -2.633645926694341E-03 -2.634340669719165E-03
 -2.638129561533212E-03 -2.639757220806400E-03 -2.641126635563160E-03
 -2.640859583717675E-03 -2.643239476536038E-03 -2.645347207799029E-03
 -2.606168240762266E-03 -2.606741152353597E-03 -2.607082299562825E-03
 -2.612391597406805E-03 -2.613619640438500E-03 -2.614600558234133E-03
 -2.616047730309978E-03 -2.617993964791367E-03 -2.619678917909172E-03
 -2.579183054262813E-03 -2.579409380920875E-03 -2.579415162024038E-03
 -2.586150822060574E-03 -2.586997789380486E-03 -2.587608769926076E-03
 -2.590675142057526E-03 -2.592206453130518E-03 -2.593487388407034E-03
 -2.551781444187419E-03 -2.551679433298856E-03 -2.551368067077627E-03
 -2.559436637974643E-03 -2.559921094390802E-03 -2.560180726066966E-03
 -2.564771833684096E-03 -2.565906940050120E-03 -2.566802625401642E-03
 -2.523992510498268E-03 -2.523580412028297E-03 -2.522970101731442E-03
 -2.532278721426738E-03 -2.532419288278047E-03 -2.532346207579660E-03
 -2.538367952838586E-03 -2.539125628286595E-03 -2.539654894867344E-03
 -2.495845667615428E-03 -2.495141719301277E-03 -2.494250629657042E-03
 -2.504707116938960E-03 -2.504522478998891E-03 -2.504135366411788E-03
 -2.511493951787062E-03 -2.511893066074444E-03 -2.512074835127285E-03
 -2.467370642944017E-03 -2.466393038243604E-03 -2.465239257006489E-03
 -2.476752283069236E-03 -2.476261172958516E-03 -2.475578728218760E-03
 -2.484180701979512E-03 -2.484240233826327E-03 -2.484093517467948E-03
 -2.438597440199108E-03 -2.437364281964853E-03 -2.435965768906605E-03
 -2.448445093509009E-03 -2.447666256690725E-03 -2.446707156527862E-03
 -2.456459554647556E-03 -2.456198579777784E-03 -2.455742458786774E-03
 -2.409556272164009E-03 -2.408085515022950E-03 -2.406460041335544E-03
 -2.419816798178914E-03 -2.418768941814831E-03 -2.417551783462665E-03
 -2.428362351649113E-03 -2.427800009155331E-03 -2.427053591089777E-03
 -2.380277467794513E-03 -2.378586852317463E-03 -2.376751933382054E-03
 -2.390898949583416E-03 -2.389600678583737E-03 -2.388143912331003E-03
 -2.399921391601295E-03 -2.399076832090804E-03 -2.398059193200778E-03
 -2.350791358942747E-03 -2.348898340472758E-03 -2.346871164766224E-03
 -2.361723299982214E-03 -2.360193043622960E-03 -2.358514897688066E-03
 -2.371169356782251E-03 -2.370061675906373E-03 -2.368791790411926E-03
 -2.321128151844281E-03 -2.319049826812364E-03 -2.316847183632796E-03
 -2.332321675157531E-03 -2.330577607507934E-03 -2.328696008370650E-03
 -2.342139206923930E-03 -2.340787367906999E-03 -2.339284028165721E-03
 -2.291317788499734E-03 -2.289070820778855E-03 -2.286709029167181E-03
 -2.302725830758617E-03 -2.300785788049042E-03 -2.298718279177423E-03
 -2.312864046266656E-03 -2.311286794945883E-03 -2.309568525916518E-03
 -2.261389802919593E-03 -2.258990352568037E-03 -2.256485193594566E-03
 -2.272967296981006E-03 -2.270848694801322E-03 -2.268612356531446E-03
 -2.283376970326275E-03 -2.281592746165772E-03 -2.279677717462186E-03
 -2.231373176927646E-03 -2.228836833370462E-03 -2.226203487658068E-03
 -2.243077217292078E-03 -2.240796970254702E-03 -2.238408343212807E-03
 -2.253710898887054E-03 -2.251737745118809E-03 -2.249643683607661E-03
 -2.201296199538827E-03 -2.198637920948614E-03 -2.195890912972287E-03
 -2.213086186204300E-03 -2.210660632416675E-03 -2.208135646644720E-03
 -2.223898401105563E-03 -2.221753876953183E-03 -2.219497982677748E-03
 -2.171186333988028E-03 -2.168420394188429E-03 -2.165573544501401E-03
 -2.183024091130696E-03 -2.180468923380952E-03 -2.177822834857231E-03
 -2.193971518745330E-03 -2.191672616275202E-03 -2.189271484015734E-03
 -2.141070095134983E-03 -2.138210039148766E-03 -2.135276425478369E-03
 -2.152919962404902E-03 -2.150250167672779E-03 -2.147497503615849E-03
 -2.163961592973690E-03 -2.161524660764383E-03 -2.158994209184052E-03
 -2.110972940183977E-03 -2.108031549120158E-03 -2.105023476842290E-03
 -2.122801835260423E-03 -2.120031643732161E-03 -2.117186157664383E-03
 -2.133899099475755E-03 -2.131339774899860E-03 -2.128695184861657E-03
 -2.080919174851111E-03 -2.077908440512730E-03 -2.074837422728521E-03
 -2.092696626731420E-03 -2.089839471176264E-03 -2.086914108411544E-03
 -2.103813495984066E-03 -2.101146647524386E-03 -2.098402310768395E-03
 -2.050931875972397E-03 -2.047862985255065E-03 -2.044739732414194E-03
 -2.062630029573678E-03 -2.059698515486935E-03 -2.056705389271919E-03
 -2.073733085436571E-03 -2.070972766005275E-03 -2.068142244927155E-03
 -2.021032831700484E-03 -2.017916160599946E-03 -2.014750579362438E-03
 -2.032626424893346E-03 -2.029632311544803E-03 -2.026582689844454E-03
 -2.043684897441224E-03 -2.040844309223385E-03 -2.037940308137946E-03
 -1.991242499363384E-03 -1.988087616181388E-03 -1.984888817023974E-03
 -2.002708814452527E-03 -1.999663006598155E-03 -1.996567309155427E-03
 -2.013694590054228E-03 -2.010786061080338E-03 -2.007820408945198E-03
 -1.961579980848904E-03 -1.958395657878542E-03 -1.955171970649094E-03
 -1.972898772946201E-03 -1.969811322717754E-03 -1.966679127780384E-03
 -1.983786372974184E-03 -1.980821345211142E-03 -1.977804989489460E-03
 -1.932063014709641E-03 -1.928857247667937E-03 -1.925616244316443E-03
 -1.943216419900963E-03 -1.940096538166991E-03 -1.936936598115449E-03
 -1.953982952461151E-03 -1.950971980987773E-03 -1.947914992066784E-03
 -1.902707984138998E-03 -1.899488018341709E-03 -1.896236541792107E-03
 -1.913680410368710E-03 -1.910536486658193E-03 -1.907356751567386E-03
 -1.924305497587924E-03 -1.921258260115852E-03 -1.918169845501956E-03
 -1.873529939168831E-03 -1.870302301486963E-03 -1.867046499684201E-03
 -1.884307943181268E-03 -1.881147573127836E-03 -1.877955221191074E-03
 -1.894773627178588E-03 -1.891698942951332E-03 -1.888587470162747E-03
 -1.844542631529493E-03 -1.841313167028476E-03 -1.838058531090697E-03
 -1.855114785222525E-03 -1.851944804380075E-03 -1.848746278048210E-03
 -1.865405416130555E-03 -1.862311273074750E-03 -1.859184300108593E-03
 -1.815758560502534E-03 -1.812532472779858E-03 -1.809283878276478E-03
 -1.826115309907201E-03 -1.822941832758975E-03 -1.819742879418587E-03
 -1.836217419418550E-03 -1.833111008330064E-03 -1.829975320442337E-03
 -1.787189027925721E-03 -1.783970921952351E-03 -1.780732672174711E-03
 -1.797322547708451E-03 -1.794151010695063E-03 -1.790956726755410E-03
 -1.807224711621332E-03 -1.804112466146860E-03 -1.800974117760149E-03
 -1.758844200224041E-03 -1.755638126869884E-03 -1.752413997305533E-03
 -1.768748246785872E-03 -1.765583454189994E-03 -1.762398331460649E-03
 -1.778440939953804E-03 -1.775328581084520E-03 -1.772192941520191E-03
 -1.730733175960128E-03 -1.727542677203552E-03 -1.724335960298218E-03
 -1.740402941399438E-03 -1.737249112999519E-03 -1.734077086316575E-03
 -1.749878388267271E-03 -1.746770972066029E-03 -1.743642773917619E-03
 -1.702864056807066E-03 -1.699692210811548E-03 -1.696505760227562E-03
 -1.712296026136017E-03 -1.709156845597277E-03 -1.706001340742830E-03
 -1.721548049810470E-03 -1.718450017173351E-03 -1.715333406161048E-03
 -1.675244020457500E-03 -1.672093485810063E-03 -1.668929759585993E-03
 -1.684435833917359E-03 -1.681314497028308E-03 -1.678178478120570E-03
 -1.693459706502529E-03 -1.690374933881193E-03 -1.687273519170422E-03
 -1.647879394151428E-03 -1.644752452665613E-03 -1.641613554683613E-03
 -1.656829716116491E-03 -1.653728978090556E-03 -1.650614993716828E-03
 -1.665622012541343E-03 -1.662553862617345E-03 -1.659470766673664E-03
 -1.620775727130673E-03 -1.617674324680085E-03 -1.614562044015441E-03
 -1.629484122827081E-03 -1.626406343988093E-03 -1.623316571477768E-03
 -1.638042580094031E-03 -1.634993951565144E-03 -1.631931858786970E-03
 -1.593937861380714E-03 -1.590863646412147E-03 -1.587779494238659E-03
 -1.602404682114664E-03 -1.599351871433667E-03 -1.596288158813105E-03
 -1.610728065474194E-03 -1.607701441196812E-03 -1.604662644634162E-03
 -1.567369999214456E-03 -1.564324358624271E-03 -1.561269602429505E-03
 -1.575596276839734E-03 -1.572570132899142E-03 -1.569534038145499E-03
 -1.583684254166162E-03 -1.580681747068271E-03 -1.577668192715929E-03
 -1.541075767444999E-03 -1.538059859657378E-03 -1.535035554638418E-03
 -1.549063118242457E-03 -1.546065067326918E-03 -1.543057894689314E-03
 -1.556916143390906E-03 -1.553939539705316E-03 -1.550952867978467E-03
 -1.515058277420058E-03 -1.512073062544474E-03 -1.509080080090340E-03
 -1.522808815410247E-03 -1.519840046521042E-03 -1.516862879750660E-03
 -1.530428021122560E-03 -1.527478820577740E-03 -1.524520404677990E-03
 -1.489320180468269E-03 -1.486366447526956E-03 -1.483405500845590E-03
 -1.496836440059899E-03 -1.493897936792221E-03 -1.490951669248927E-03
 -1.504223540618473E-03 -1.501302993432177E-03 -1.498373974477608E-03
 -1.463863718867107E-03 -1.460942110145716E-03 -1.458013777061124E-03
 -1.471148586299354E-03 -1.468241155518725E-03 -1.465326517146678E-03
 -1.478305789916985E-03 -1.475414930411339E-03 -1.472516249238655E-03
 -1.438690771768201E-03 -1.435801804350926E-03 -1.432906547394788E-03
 -1.445747425164266E-03 -1.442871722560663E-03 -1.439989303818435E-03
 -1.452677355917979E-03 -1.449817032781092E-03 -1.446949458412082E-03
 -1.413802896666070E-03 -1.410946981325786E-03 -1.408085165289544E-03
 -1.420634753869811E-03 -1.417791306508921E-03 -1.414941579398661E-03
 -1.427340382786683E-03 -1.424511286016243E-03 -1.421675440927414E-03
 -1.389201366103998E-03 -1.386378823697509E-03 -1.383550730801643E-03
 -1.395812039866850E-03 -1.393001265890420E-03 -1.390184602257880E-03
 -1.402296624674029E-03 -1.399499309345859E-03 -1.396695691653940E-03
 -1.364887200212747E-03 -1.362098275802650E-03 -1.359304118712301E-03
 -1.371280459918190E-03 -1.368502685609195E-03 -1.365719372932231E-03
 -1.377547492858836E-03 -1.374782399888542E-03 -1.372011402644571E-03
 -1.340861195109828E-03 -1.338106069991453E-03 -1.335346002856022E-03
 -1.347040934466912E-03 -1.344296408865981E-03 -1.341546663713731E-03
 -1.353094097480881E-03 -1.350361571566168E-03 -1.347623499372783E-03
 -1.317123947564225E-03 -1.314402749413168E-03 -1.311676877148207E-03
 -1.323094157521336E-03 -1.320383064826352E-03 -1.317667044246222E-03
 -1.328937284112633E-03 -1.326237589102447E-03 -1.323532672277848E-03
 -1.293675876283736E-03 -1.290988687639287E-03 -1.288297073643752E-03
 -1.299440622594644E-03 -1.296763092583050E-03 -1.294080903624920E-03
 -1.305077665705932E-03 -1.302410997614592E-03 -1.299739404162800E-03
 -1.270517240223390E-03 -1.267864105520449E-03 -1.265206778061095E-03
 -1.276080645028602E-03 -1.273436761749913E-03 -1.270788469371684E-03
 -1.281515650203440E-03 -1.278882148165307E-03 -1.276243993779156E-03
 -1.247648154217172E-03 -1.245029085542051E-03 -1.242406042954957E-03
 -1.253014380999478E-03 -1.250404189921845E-03 -1.247789823475356E-03
 -1.258251464195484E-03 -1.255651219554831E-03 -1.253046575908322E-03
 -1.225068602135484E-03 -1.222483583902425E-03 -1.219894798784325E-03
 -1.230241843674883E-03 -1.227665357524812E-03 -1.225084916025568E-03
 -1.235285173110356E-03 -1.232718236911014E-03 -1.230147138456751E-03
 -1.202778448184547E-03 -1.200227440902740E-03 -1.197672863506909E-03
 -1.207762916948357E-03 -1.205220120428375E-03 -1.202673576795933E-03
 -1.212616698433900E-03 -1.210083087534881E-03 -1.207545537022342E-03
 -1.180777446407676E-03 -1.178260389656424E-03 -1.175739950528280E-03
 -1.185577367063040E-03 -1.183068220613413E-03 -1.180555525045608E-03
 -1.190245832324412E-03 -1.187745534307688E-03 -1.185241507211323E-03
 -1.159065248835334E-03 -1.156582063623051E-03 -1.154095675702939E-03
 -1.163684852542771E-03 -1.161209295322452E-03 -1.158730377938501E-03
 -1.168172250004710E-03 -1.165705227103011E-03 -1.163234675127849E-03
 -1.137641412435295E-03 -1.135192003013085E-03 -1.132739563250217E-03
 -1.142084932617483E-03 -1.139642884824474E-03 -1.137197657739962E-03
 -1.146395520238420E-03 -1.143961712445902E-03 -1.141524566316430E-03
 -1.116505405567628E-03 -1.114089660874966E-03 -1.111671051493655E-03
 -1.120777074697674E-03 -1.118368439384840E-03 -1.115956798310328E-03
 -1.124915114409375E-03 -1.122514441896193E-03 -1.120110613501428E-03
 -1.095656613396501E-03 -1.093274408117633E-03 -1.090889497539775E-03
 -1.099760660786796E-03 -1.097385325227733E-03 -1.095007150677711E-03
 -1.103730414309675E-03 -1.101362779288956E-03 -1.098992163330093E-03
 -1.075094342800944E-03 -1.072745538184155E-03 -1.070394181765794E-03
 -1.079034993063148E-03 -1.076692829802490E-03 -1.074347988012291E-03
 -1.082840718963747E-03 -1.080506007121989E-03 -1.078168482382131E-03
 -1.054817826437085E-03 -1.052502270919524E-03 -1.050184311502253E-03
 -1.058599298737011E-03 -1.056290166381963E-03 -1.053978510008050E-03
 -1.062245250776203E-03 -1.059943332359066E-03 -1.057638762646748E-03
 -1.034826226604038E-03 -1.032543756288247E-03 -1.030259024601066E-03
 -1.038452734671671E-03 -1.036176478466935E-03 -1.033897847094706E-03
 -1.041943161222644E-03 -1.039673891819569E-03 -1.037402126672708E-03
 -1.015118638804655E-03 -1.012869077781896E-03 -1.010617392744518E-03
 -1.018594391895338E-03 -1.016350844158111E-03 -1.014105064676055E-03
 -1.021933536251024E-03 -1.019696757396945E-03 -1.017457632596393E-03
 -9.956940962227731E-04 -9.934772568454342E-04 -9.912584258104282E-04
 -9.990233007337438E-04 -9.968122811452656E-04 -9.945991680116225E-04
 -1.002215401692077E-03 -1.000010941280892E-03 -9.978042792212793E-04
 -9.765515749573026E-04 -9.743672580236440E-04 -9.721810769424114E-04
 -9.797384363724204E-04 -9.775597522070762E-04 -9.753791076498405E-04
 -9.827877287116955E-04 -9.806154012888925E-04 -9.784410112376823E-04
 -9.576900000340703E-04 -9.555379949375855E-04 -9.533842485022791E-04
 -9.607387246185490E-04 -9.585921708979408E-04 -9.564437850529013E-04
 -9.636494393013618E-04 -9.615090462705318E-04 -9.593667245359189E-04
 -9.391082507346669E-04 -9.369883355506135E-04 -9.348667972748876E-04
 -9.420230470742416E-04 -9.399084066640979E-04 -9.377920576666722E-04
 -9.447994119400842E-04 -9.426907416826026E-04 -9.405802717372630E-04
 -9.208051645645607E-04 -9.187171061507194E-04 -9.166275384746779E-04
 -9.235902455185892E-04 -9.215072891830083E-04 -9.194227432231783E-04
 -9.262364877207067E-04 -9.241593156505133E-04 -9.220804681637502E-04
 -9.027795394225288E-04 -9.007230934658950E-04 -8.986652478014314E-04
 -9.054391257627014E-04 -9.033876121927594E-04 -9.013346235366832E-04
 -9.079594771601336E-04 -9.059135657113258E-04 -9.038660985425296E-04
 -8.850301356596044E-04 -8.830050467103801E-04 -8.809786634702580E-04
 -8.875684627916410E-04 -8.855481385607962E-04 -8.835264495138704E-04
 -8.899671682212181E-04 -8.879522667778981E-04 -8.859359249010565E-04
 -8.675556813571494E-04 -8.655616827779035E-04 -8.635664913390257E-04
 -8.699770093767780E-04 -8.679876088501387E-04 -8.659969496709713E-04
 -8.722583358908172E-04 -8.702741806512228E-04 -8.682886960311706E-04
 -8.503548838125674E-04 -8.483916976761418E-04 -8.464274162828485E-04
 -8.526635096359960E-04 -8.507047547927886E-04 -8.487448435140261E-04
 -8.548317536816500E-04 -8.528780674541420E-04 -8.509231588359475E-04
 -8.334264479591337E-04 -8.314937848728763E-04 -8.295601204623002E-04
 -8.356267168570696E-04 -8.336983170334116E-04 -8.317688592236692E-04
 -8.376862070310588E-04 -8.357626989164334E-04 -8.338380715287829E-04
 -8.167690982250100E-04 -8.148666570850947E-04 -8.129633050453483E-04
 -8.188654126361329E-04 -8.169670641893844E-04 -8.150677526159031E-04
 -8.208205086447035E-04 -8.189268736247071E-04 -8.170322187685976E-04
 -8.003815973213810E-04 -7.985090650050713E-04 -7.966357088889728E-04
 -8.023784232217797E-04 -8.005098090759358E-04 -7.986403232622410E-04
 -8.042335161487812E-04 -8.023694345210620E-04 -8.005044290073320E-04
 -7.842627558282443E-04 -7.824198067806845E-04 -7.805761178818810E-04
 -7.861646311051652E-04 -7.843254201504650E-04 -7.824854257889382E-04
 -7.879241532144361E-04 -7.860892898202288E-04 -7.842535952252046E-04
 -7.684114320840876E-04 -7.665977277468134E-04 -7.647833645536507E-04
 -7.702229850193015E-04 -7.684128312997398E-04 -7.666019794430843E-04
 -7.718914365403593E-04 -7.700854397615300E-04 -7.682787014214101E-04
 -7.528265313557763E-04 -7.510417193711299E-04 -7.492563267732181E-04
 -7.545525177846169E-04 -7.527710593588372E-04 -7.509889852931577E-04
 -7.561345122798573E-04 -7.543570126711080E-04 -7.525788583341383E-04
 -7.375070221257360E-04 -7.357507351717312E-04 -7.339939432908536E-04
 -7.391523851257978E-04 -7.373992425057669E-04 -7.356455642096969E-04
 -7.406527063177872E-04 -7.389033147898024E-04 -7.371533528245948E-04
 -7.224519844737339E-04 -7.207238386669158E-04 -7.189952612926418E-04
 -7.240219376459613E-04 -7.222967116704028E-04 -7.205710276954701E-04
 -7.254455937831380E-04 -7.237238991907001E-04 -7.220017161855581E-04
 -7.076607135489182E-04 -7.059603061315978E-04 -7.042595384098707E-04
 -7.091608342388971E-04 -7.074631031116897E-04 -7.057649896613961E-04
 -7.105130948442964E-04 -7.088186606973441E-04 -7.071238182226983E-04
 -6.931328475473999E-04 -6.914597539465549E-04 -6.897863694885038E-04
 -6.945691959802542E-04 -6.928985112313515E-04 -6.912275181624131E-04
 -6.958556074531541E-04 -6.941879674459007E-04 -6.925199976093720E-04
 -6.788685921200730E-04 -6.772223613776073E-04 -6.755759077240438E-04
 -6.802478128456164E-04 -6.786036935827136E-04 -6.769593387139768E-04
 -6.814741958182808E-04 -6.798328475588406E-04 -6.781912468093366E-04
 -6.648688301822270E-04 -6.632489795681736E-04 -6.616289728753465E-04
 -6.661984063815727E-04 -6.645803310454491E-04 -6.629620920048485E-04
 -6.673708672419451E-04 -6.657552633563412E-04 -6.641394836710470E-04
 -6.511357079093206E-04 -6.495417117541556E-04 -6.479476257313722E-04
 -6.524240749838410E-04 -6.508314685960411E-04 -6.492387701781756E-04
 -6.535490005048444E-04 -6.519585356326572E-04 -6.503679716298619E-04
 -6.376723803448110E-04 -6.361036604928583E-04 -6.345349169480580E-04
 -6.389299536958021E-04 -6.373621682969777E-04 -6.357943631015151E-04
 -6.400140208517385E-04 -6.384480121721747E-04 -6.368819818344329E-04
 -6.244860397452005E-04 -6.229419266018440E-04 -6.213978568416854E-04
 -6.257248347732975E-04 -6.241811140102816E-04 -6.226374473473205E-04
 -6.267744955774748E-04 -6.252321528638128E-04 -6.236898678762721E-04
 -6.115852857666744E-04 -6.100650032396942E-04 -6.085448331567086E-04
 -6.128235671927846E-04 -6.113029874382916E-04 -6.097825390213032E-04
 -6.138437361588921E-04 -6.123241163629224E-04 -6.108046371411761E-04
 -5.989999194629200E-04 -5.975023818514995E-04 -5.960050307340265E-04
 -6.002542825974459E-04 -5.987556254612908E-04 -5.972571831353871E-04
 -6.012417351954986E-04 -5.997436781478423E-04 -5.982458501695876E-04
 -5.867662268654434E-04 -5.852899764870245E-04 -5.838139952595734E-04
 -5.880664065189738E-04 -5.865879533031957E-04 -5.851098095310944E-04
 -5.889944792586654E-04 -5.875165490874379E-04 -5.860389448905205E-04
 -5.750883607567609E-04 -5.736299516451199E-04 -5.721719224127628E-04
 -5.763585640209902E-04 -5.748976204698168E-04 -5.734371017723827E-04
 -5.771229651584849E-04 -5.756634943415185E-04 -5.742044571839859E-04
