  7.521579784072915E+00  7.511054667653142E+00  7.500519467651962E+00

  2.590030063344675E-01  2.391228972600561E-01  2.193507619358124E-01
  2.604548714605691E-01  2.456742134543213E-01  2.303660164893222E-01
  1.128676753756283E-01  1.072088205902372E-01  1.012048713500456E-01
 -1.128676753756283E-01 -1.072088205902372E-01 -1.012048713500456E-01
 -2.604548714605691E-01 -2.456742134543213E-01 -2.303660164893222E-01
 -2.590030063344675E-01 -2.391228972600561E-01 -2.193507619358124E-01
 -1.814690009397753E-01 -1.592681193798830E-01 -1.378855869695681E-01
 -1.319236060221339E-01 -1.095001139522244E-01 -8.797845972143688E-02
 -1.364673024632275E-01 -1.158632838139655E-01 -9.573105179279920E-02
 -1.598917842827141E-01 -1.419146585013514E-01 -1.239624913422377E-01
 -1.709796161879851E-01 -1.550726834338644E-01 -1.389656695652169E-01
 -1.628826206467951E-01 -1.484578230838574E-01 -1.337737663800609E-01
 -1.399784972113781E-01 -1.271115986115942E-01 -1.139882997258952E-01
 -1.078835949173164E-01 -9.693929313512530E-02 -8.575834411643166E-02
 -7.162299558113935E-02 -6.277681202579205E-02 -5.372124337659243E-02
 -3.545116649653477E-02 -2.859985589365147E-02 -2.157057116294623E-02
 -2.439638232503475E-03  2.669136194591098E-03  7.924392398813094E-03
  2.562498255173420E-02  2.928120221773018E-02  3.305616595298347E-02
  4.795738442215049E-02  5.044889505107590E-02  5.303779220865202E-02
  6.448439566666274E-02  6.608714370157068E-02  6.777288617694735E-02
  7.569051024627151E-02  7.665834134977621E-02  7.770037498549213E-02
  8.245086552669155E-02  8.300125192853706E-02  8.362063907672906E-02
  8.579309354432338E-02  8.609636835849867E-02  8.646569889270501E-02
  8.667980002491528E-02  8.685944843067264E-02  8.710418997173922E-02
  8.589361349637624E-02  8.603795282358993E-02  8.624874825033563E-02
  8.404187879347086E-02  8.422077323092167E-02  8.447005646444382E-02
  8.163940753631634E-02  8.191828877220474E-02  8.227360581197625E-02
  7.919083625887528E-02  7.963626223771304E-02  8.016485339258238E-02
  7.720980032420799E-02  7.788483132658633E-02  7.864825753602668E-02
  7.616713209451960E-02  7.712031069012568E-02  7.816342376749399E-02
  7.641084085954175E-02  7.766608561762010E-02  7.900778092185955E-02
  7.811371252111095E-02  7.966697462973595E-02  8.129814932252245E-02
  8.127665934630597E-02  8.310018974173669E-02  8.498909549986340E-02
  8.577573995095158E-02  8.782647212759560E-02  8.992753603535798E-02
  9.141988585739039E-02  9.364731533906190E-02  9.590876649848580E-02
  9.799144866820246E-02  1.003418248563114E-01  1.027091540402709E-01
  1.052581797678122E-01  1.076739078509925E-01  1.100883667373559E-01
  1.129589806621446E-01  1.153738564498627E-01  1.177669671831055E-01
  1.207734538359652E-01  1.231057617798942E-01  1.253922137601254E-01
  1.282897291837943E-01  1.304363884613315E-01  1.325087482564941E-01
  1.349874798559726E-01  1.368229173903015E-01  1.385518363241830E-01
  1.402517593019268E-01  1.416345046450187E-01  1.428771277124604E-01
  1.434265910759165E-01  1.442146093285025E-01  1.448316637743294E-01
  1.439056297191739E-01  1.439785458310939E-01  1.438576187878558E-01
  1.412433170812383E-01  1.405267223451584E-01  1.396063599369585E-01
  1.352578410536019E-01  1.337428153439602E-01  1.320303202353285E-01
  1.260919533460066E-01  1.238428735088438E-01  1.214191202023853E-01
  1.142044416961431E-01  1.113509190617582E-01  1.083588842290091E-01
  1.002862164585694E-01  9.700055020636215E-02  9.362024836576030E-02
  8.512631186218900E-02  8.159441893943951E-02  7.801341547769923E-02
  6.948100304446118E-02  6.587881550030382E-02  6.227059662290831E-02
  5.400385083387412E-02  5.048875825459190E-02  4.700730863274522E-02
  3.926228500036938E-02  3.597955118505208E-02  3.276775423507422E-02
  2.580774092860375E-02  2.290024807801035E-02  2.009871724371201E-02
  1.422062587368690E-02  1.182617386237398E-02  9.567268035480105E-03
  5.060948700894349E-03  3.289933617965207E-03  1.672489358578979E-03
 -1.276869812705726E-03 -2.374840100662183E-03 -3.318764527764058E-03
 -4.729972828611940E-03 -5.191552726262138E-03 -5.518369810472490E-03
 -5.652673430743697E-03 -5.601886865513420E-03 -5.451936212601094E-03
 -4.760609776767012E-03 -4.381449473953535E-03 -3.946736091764601E-03
 -2.945482705789723E-03 -2.435346019105855E-03 -1.910949449328369E-03
 -1.033796702293064E-03 -5.552525872255422E-04 -9.266783649716477E-05
  4.137203520382307E-04  7.649678324222237E-04  1.085343112313410E-03
  1.185974808038467E-03  1.386294867435163E-03  1.554795371567517E-03
  1.367539056782771E-03  1.445234535393291E-03  1.498590803220542E-03
  1.190166612957449E-03  1.192743920969893E-03  1.180246349810886E-03
  8.730245998626793E-04  8.387690701219853E-04  7.958275359439346E-04
  5.272292793170626E-04  4.726582650655530E-04  4.116852376949359E-04
  1.518870648527646E-04  7.581697588283965E-05 -6.947706036661993E-06
 -3.063936030289265E-04 -4.103880289515985E-04 -5.215573031391611E-04
 -8.852738989433187E-04 -1.018141073634142E-03 -1.157285843208014E-03
 -1.571869051308702E-03 -1.725628184011312E-03 -1.883218292517118E-03
 -2.309446639585882E-03 -2.470207671836421E-03 -2.631579067272589E-03
 -3.026435311270676E-03 -3.179718007734938E-03 -3.330599747818265E-03
 -3.663572107581934E-03 -3.798471034627873E-03 -3.928944684558583E-03
 -4.187550675198375E-03 -4.298947662796345E-03 -4.405460108029249E-03
 -4.593960291450821E-03 -4.683762072695076E-03 -4.770280542338014E-03
 -4.907308315498429E-03 -4.985491311538939E-03 -5.064387249707258E-03
 -5.181504274393597E-03 -5.266477503222089E-03 -5.358424550703877E-03
 -5.497642275613105E-03 -5.614602542625914E-03 -5.746154001698200E-03
 -5.953626637518736E-03 -6.129936137048180E-03 -6.328062478786780E-03
 -6.643241825630706E-03 -6.901133738257488E-03 -7.185409681128274E-03
 -7.627875434036734E-03 -7.976256437429545E-03 -8.350818033668911E-03
 -8.909097247326119E-03 -9.337261882453776E-03 -9.785537977222961E-03
 -1.041294681150880E-02 -1.088929846947582E-02 -1.137454686559701E-02
 -1.199631735698511E-02 -1.247447442118190E-02 -1.294812354239674E-02
 -1.348161292508061E-02 -1.391444024002233E-02 -1.433209562367137E-02
 -1.471770595564207E-02 -1.507703658740409E-02 -1.541906939469773E-02
 -1.565444831901193E-02 -1.595124475459696E-02 -1.624196856471080E-02
 -1.640789584531431E-02 -1.670546966257138E-02 -1.702321699603938E-02
 -1.728839769688029E-02 -1.770120522129521E-02 -1.817219885169589E-02
 -1.876736877903924E-02 -1.944045471089995E-02 -2.021265601040646E-02
 -2.137191768296278E-02 -2.244107857601167E-02 -2.363974484053990E-02
 -2.551742141370925E-02 -2.705662504244898E-02 -2.872997156395169E-02
 -3.131212979717386E-02 -3.328119085349424E-02 -3.535075907818103E-02
 -3.838906668905771E-02 -4.059920858452579E-02 -4.283331597457644E-02
 -4.583156402123240E-02 -4.794692629583410E-02 -4.997439766117239E-02
 -5.225065413735415E-02 -5.383741067222004E-02 -5.521018091196627E-02
 -5.603719526640250E-02 -5.665757003840717E-02 -5.695442764271683E-02
 -5.575025991817050E-02 -5.507952124155590E-02 -5.402393689100089E-02
 -5.053563196250384E-02 -4.846473167796867E-02 -4.601712012878132E-02
 -4.043008093738044E-02 -3.711529068797376E-02 -3.350373437766912E-02
 -2.642987634379686E-02 -2.226789301547035E-02 -1.794286952007454E-02
 -1.028598321962335E-02 -5.821696302692577E-03 -1.349947706712117E-03
  5.905528814684933E-03  1.010592605477611E-02  1.417104539654749E-02
  2.017626454958482E-02  2.364471207216687E-02  2.687489014886453E-02
  3.107358789867164E-02  3.351908593683081E-02  3.567623338176229E-02
  3.786914068587070E-02  3.920273232245617E-02  4.024983249870705E-02
  4.056871279687215E-02  4.088025081383112E-02  4.094767020613005E-02
  3.976604874302236E-02  3.927005619191246E-02  3.859626326634642E-02
  3.641293412886451E-02  3.538365154263096E-02  3.425006466199933E-02
  3.157762932818290E-02  3.028985143227682E-02  2.896493469650743E-02
  2.624489276826059E-02  2.493081250102952E-02  2.363184861784218E-02
  2.118544436466833E-02  2.001111415723009E-02  1.888570674317279E-02
  1.689935696983782E-02  1.595918272787765E-02  1.508385528478437E-02
  1.362131235821803E-02  1.294592668813494E-02  1.233668793501209E-02
  1.136741128660566E-02  1.093928411370136E-02  1.056850928064063E-02
  1.000221226805171E-02  9.773888353615970E-03  9.588678960135167E-03
  9.308340290611623E-03  9.219505017071318E-03  9.158102866561187E-03
  9.046616925035693E-03  9.037671829475217E-03  9.041967038024182E-03
  9.000237958902075E-03  9.021368921988649E-03  9.044777464459771E-03
  9.001097466724624E-03  9.016821606023514E-03  9.027735591533742E-03
  8.939682688428385E-03  8.929557463125567E-03  8.911195257113608E-03
  8.762092545013945E-03  8.718678834675718E-03  8.666498306100884E-03
  8.458759879217983E-03  8.384066519944873E-03  8.301972183518355E-03
  8.049496154577711E-03  7.951030084893207E-03  7.847445752038022E-03
  7.568721888907827E-03  7.455991679297579E-03  7.340559819806241E-03
  7.053499363856464E-03  6.935462255219019E-03  6.816765351987948E-03
  6.535603230094945E-03  6.419200016573235E-03  6.303567296730759E-03
  6.037665685459302E-03  5.927323037775240E-03  5.818548354328420E-03
  5.572614697505595E-03  5.470442870365325E-03  5.370118084450270E-03
  5.145243078220609E-03  5.051614843615851E-03  4.959766312299777E-03
  4.754742540005942E-03  4.668979019109430E-03  4.584750859534080E-03
  4.397282827744931E-03  4.318256377986426E-03  4.240475126899519E-03
  4.068069735534266E-03  3.994628364477969E-03  3.922176553767464E-03
  3.762659394319400E-03  3.693856365403552E-03  3.625855545718869E-03
  3.477565471051088E-03  3.412729273796109E-03  3.348576746906535E-03
  3.210342891324072E-03  3.149045097369498E-03  3.088364039726979E-03
  2.959375230560570E-03  2.901353025841159E-03  2.843910251991759E-03
  2.723563493393466E-03  2.668639301656429E-03  2.614268381837453E-03
  2.502048395209251E-03  2.450070184308970E-03  2.398618743388947E-03
  2.294027954401489E-03  2.244837232909197E-03  2.196141881677054E-03
  2.098677283735981E-03  2.052100842502168E-03  2.005983876000188E-03
  1.915145754459180E-03  1.871002368294011E-03  1.827280967181222E-03
  1.742596512022005E-03  1.700709699500487E-03  1.659209181224958E-03
  1.580257769428395E-03  1.540468202142392E-03  1.501033736296479E-03
  1.427466393724183E-03  1.389640717083737E-03  1.352145046180433E-03
  1.283695662668501E-03  1.247731068391217E-03  1.212078091744312E-03
  1.148567120931911E-03  1.114392479864478E-03  1.080517726317793E-03
  1.021850271089214E-03  9.894250585317807E-04  9.572942705545797E-04
  9.034542327050966E-04  8.727662266467208E-04  8.423729130054609E-04
  7.934140656829309E-04  7.644762940000148E-04  7.358385896641664E-04
  6.918726643077046E-04  6.647196376444012E-04  6.378764154369999E-04
  5.990579358814748E-04  5.737409842556113E-04  5.487470067130061E-04
  5.152547185218003E-04  4.918362648329722E-04  4.687562314070822E-04
  4.407714407602780E-04  4.193182207919024E-04  3.982197694617196E-04
  3.759025210276949E-04  3.564779970968269E-04  3.374239610547303E-04
  3.208885523382026E-04  3.035449810680464E-04  2.865854021702039E-04
  2.758771081394895E-04  2.606478588256198E-04  2.458123754837143E-04
  2.408873648027005E-04  2.277801230311225E-04  2.150713677047978E-04
  2.157816183940971E-04  2.047730536492433E-04  1.941616216035180E-04
  2.002462277827427E-04  1.912785717320027E-04  1.826999782603845E-04
  1.937836517437334E-04  1.867634516523674E-04  1.801173056381959E-04
  1.957162025966926E-04  1.905153101703807E-04  1.856667254391357E-04
  2.052010592520453E-04  2.016597157895993E-04  1.984427849177062E-04
  2.212551073159935E-04  2.191868147123869E-04  2.174098050465764E-04
  2.427874152365605E-04  2.419851564197957E-04  2.414369711121461E-04
  2.686366836203769E-04  2.688799852433782E-04  2.693373717541723E-04
  2.976108422104665E-04  2.986731585666283E-04  2.999081432569378E-04
  3.285260943039554E-04  3.301820279464480E-04  3.319691005310891E-04
  3.602430656441948E-04  3.622750150000842E-04  3.643976676956802E-04
  3.916982273190078E-04  3.939021499401770E-04  3.961584781263660E-04
  4.219293471878374E-04  4.241194347469393E-04  4.263266142929521E-04
  4.500943060045361E-04  4.521064716184589E-04  4.541040314639465E-04
  4.754831354401422E-04  4.771773066579196E-04  4.788292053954060E-04
  4.975235611220047E-04  4.987848471786074E-04  4.999804344821166E-04
  5.157806490407359E-04  5.165195070125389E-04  5.171735033576469E-04
  5.299513584945335E-04  5.301029196724364E-04  5.301545813221828E-04
  5.398549113457872E-04  5.393776478735948E-04  5.387893001827991E-04
  5.454199164519082E-04  5.442938306614083E-04  5.430489534340910E-04
  5.466691645776140E-04  5.448936711670362E-04  5.429947063396764E-04
  5.437029590580093E-04  5.412946049814047E-04  5.387606311058308E-04
  5.366817914591561E-04  5.336719226096991E-04  5.305363047580656E-04
  5.258091337376145E-04  5.222415718191422E-04  5.185496503394210E-04
  5.113151255596701E-04  5.072438619178604E-04  5.030506881800599E-04
  4.934420152662040E-04  4.889288592206337E-04  4.842969193469508E-04
  4.724323748577039E-04  4.675444155962938E-04  4.625412058256497E-04
  4.485212929459979E-04  4.433279665652901E-04  4.380232125119009E-04
  4.219337730761482E-04  4.165033156936854E-04  4.109656032730789E-04
  3.928881296158170E-04  3.872833064964695E-04  3.815759763390306E-04
  3.616049991160647E-04  3.558782689157232E-04  3.500546676008270E-04
  3.283196831996302E-04  3.225083467886113E-04  3.166069075688935E-04
  2.932934648965099E-04  2.874157068422633E-04  2.814557179935409E-04
  2.568183486570345E-04  2.508711839390389E-04  2.448502776702891E-04
  2.192104296774313E-04  2.131702536617213E-04  2.070644250422247E-04
  1.807901488741982E-04  1.746158887752878E-04  1.683822201599975E-04
  1.418521981204021E-04  1.354902562552919E-04  1.290717128395763E-04
  1.026319455123244E-04  9.602161474733692E-05  8.935268904896152E-05
  6.327695266489332E-05  5.635506783660298E-05  4.936701821550495E-05
  2.383056639263025E-05  1.653478399844233E-05  9.159746003683547E-06
 -1.576933433791223E-05 -2.349840666778106E-05 -3.132435905496951E-05
 -5.567368346567484E-05 -6.389071065712810E-05 -7.222492017967540E-05
 -9.609833713922530E-05 -1.048537796124505E-04 -1.137470251936326E-04
  2.498567159132396E-01  2.305711684838581E-01  2.114095710347073E-01
  2.553429121031927E-01  2.411152494300467E-01  2.263567004730836E-01
  1.114005630772752E-01  1.059680705125439E-01  1.001847227858119E-01
 -1.114005630772752E-01 -1.059680705125439E-01 -1.001847227858119E-01
 -2.553429121031927E-01 -2.411152494300467E-01 -2.263567004730836E-01
 -2.498567159132396E-01 -2.305711684838581E-01 -2.114095710347073E-01
 -1.704022390261680E-01 -1.485984055868330E-01 -1.276378542421701E-01
 -1.223732871249425E-01 -1.000863931690816E-01 -7.871105927896499E-02
 -1.304373646659768E-01 -1.097660800268892E-01 -8.955277420327161E-02
 -1.572763371497463E-01 -1.390919657372703E-01 -1.209051350751014E-01
 -1.707751046477914E-01 -1.545708157285559E-01 -1.381369454523615E-01
 -1.642092095868247E-01 -1.494561151366046E-01 -1.344165746955790E-01
 -1.422626494869080E-01 -1.290979996522940E-01 -1.156519995583995E-01
 -1.107270654223518E-01 -9.955419784997556E-02 -8.812141172081110E-02
 -7.473177290081713E-02 -6.573490704151123E-02 -5.650707163722937E-02
 -3.861157228371771E-02 -3.167769654644578E-02 -2.454625463780632E-02
 -5.498743327668877E-03 -3.600883349559220E-04  4.942330876369010E-03
  2.276286878185459E-02  2.641088749449116E-02  3.019250088828602E-02
  4.532567504916815E-02  4.778296135746218E-02  5.035022949341963E-02
  6.206444678350096E-02  6.361688899023586E-02  6.526307789336089E-02
  7.344032630694866E-02  7.435048908853512E-02  7.534423830259836E-02
  8.033594876565210E-02  8.082901858938982E-02  8.139946647986362E-02
  8.380449353291747E-02  8.405678192902272E-02  8.438265166688894E-02
  8.483407325848416E-02  8.497229885055295E-02  8.518226838777172E-02
  8.421807614724880E-02  8.433068431838443E-02  8.451545520297661E-02
  8.255528765933927E-02  8.270994226073165E-02  8.293978242614528E-02
  8.033966217793624E-02  8.059891554200806E-02  8.093869820099489E-02
  7.805559844260342E-02  7.848409466436561E-02  7.899946831816236E-02
  7.620725386673344E-02  7.686786479063067E-02  7.762050273220969E-02
  7.526874499376889E-02  7.621118880383834E-02  7.724727850049233E-02
  7.559897835718221E-02  7.684873097162449E-02  7.818871289195363E-02
  7.738212920635827E-02  7.893620677175785E-02  8.057190905040186E-02
  8.062646526305463E-02  8.245731061361875E-02  8.435699442898881E-02
  8.521049056517310E-02  8.727438465401863E-02  8.939164290305039E-02
  9.094184867494819E-02  9.318697100925863E-02  9.546856061292514E-02
  9.759935600860244E-02  9.997018088242146E-02  1.023597097257193E-01
  1.049462110050086E-01  1.073831620618451E-01  1.098198686134898E-01
  1.127169058272891E-01  1.151519177814565E-01  1.175655239761398E-01
  1.205879409052275E-01  1.229378889251762E-01  1.252418161063207E-01
  1.281465179986066E-01  1.303075743316132E-01  1.323938225080996E-01
  1.348737671645561E-01  1.367202774738644E-01  1.384595826520403E-01
  1.401580553070965E-01  1.415489405401054E-01  1.427989486662042E-01
  1.433476009338260E-01  1.441414133313633E-01  1.447634838726360E-01
  1.438403078185760E-01  1.439172720721385E-01  1.437996097696358E-01
  1.411949127709503E-01  1.404813076647912E-01  1.395632083257050E-01
  1.352350735276404E-01  1.337231169659637E-01  1.320131907899346E-01
  1.261118712528963E-01  1.238679515012264E-01  1.214493484106029E-01
  1.142957553161908E-01  1.114523550638511E-01  1.084711390350942E-01
  1.004895008980268E-01  9.722166380204368E-02  9.386051261796974E-02
  8.548621808016398E-02  8.198042706369116E-02  7.842688512980674E-02
  7.002780787766090E-02  6.645610294256790E-02  6.287872969525271E-02
  5.472827596431532E-02  5.123889355078200E-02  4.778149449759258E-02
  4.009574663759378E-02  3.682178189290000E-02  3.361474927359228E-02
  2.662358194796619E-02  2.369795944703554E-02  2.087281337018093E-02
  1.486477097993796E-02  1.242336231338739E-02  1.011242704487065E-02
  5.404356048034394E-03  3.566547020772629E-03  1.879745736498534E-03
 -1.286703900540791E-03 -2.453693941437759E-03 -3.465445228520664E-03
 -5.044394894460136E-03 -5.557807607398330E-03 -5.931794890954448E-03
 -6.138300040650334E-03 -6.109038274992051E-03 -5.974227125337865E-03
 -5.250812750828278E-03 -4.861379286173496E-03 -4.410687477300104E-03
 -3.303377457288723E-03 -2.761209568838656E-03 -2.201679202120463E-03
 -1.197461020733967E-03 -6.812672073247101E-04 -1.811119140511391E-04
  4.234323237991920E-04  8.034822281459491E-04  1.150279263187943E-03
  1.294417433805891E-03  1.507798379400153E-03  1.686353768477868E-03
  1.492348373930577E-03  1.569182243437195E-03  1.619529386415724E-03
  1.278436329904424E-03  1.273335873706243E-03  1.252471073102791E-03
  9.131973743304230E-04  8.716747236195835E-04  8.219058573695581E-04
  5.368440421602388E-04  4.791392517686426E-04  4.158272397848990E-04
  1.553887404813130E-04  8.003103036875151E-05 -1.508261309455967E-06
 -2.942913306924402E-04 -3.961382202823027E-04 -5.051257499471864E-04
 -8.635753170104473E-04 -9.950649874037039E-04 -1.133103705112354E-03
 -1.547545147678578E-03 -1.701477217925960E-03 -1.859537084360050E-03
 -2.289547041994737E-03 -2.451558171013391E-03 -2.614327102566253E-03
 -3.013771180688831E-03 -3.168488700950611E-03 -3.320778555294892E-03
 -3.656855115091234E-03 -3.792705506321884E-03 -3.923978502978583E-03
 -4.183544135239810E-03 -4.295087586813860E-03 -4.401509864417437E-03
 -4.589090467005712E-03 -4.678073584256297E-03 -4.763468903301597E-03
 -4.898008405402345E-03 -4.974278065048711E-03 -5.050915964746282E-03
 -5.164107963818756E-03 -5.246052076146206E-03 -5.334656357949819E-03
 -5.468815713754261E-03 -5.581902382845476E-03 -5.709406119650090E-03
 -5.911539944675034E-03 -6.083794201458321E-03 -6.277933914621276E-03
 -6.588900525207051E-03 -6.843513333951245E-03 -7.124867175042283E-03
 -7.565804395633683E-03 -7.912656934166746E-03 -8.286286240698552E-03
 -8.846824147412736E-03 -9.275834606593468E-03 -9.725638909041783E-03
 -1.035916567684172E-02 -1.083867031581207E-02 -1.132760798582651E-02
 -1.195804289841599E-02 -1.244070763671023E-02 -1.291900035433153E-02
 -1.346102570200435E-02 -1.389793224836278E-02 -1.431920832805730E-02
 -1.470969030173724E-02 -1.507042054498416E-02 -1.541275337761386E-02
 -1.564590813433038E-02 -1.593934811925250E-02 -1.622513898573380E-02
 -1.637966012933342E-02 -1.666800638390962E-02 -1.697485786601782E-02
 -1.721988013701805E-02 -1.761814251100531E-02 -1.807337774078050E-02
 -1.864327475490609E-02 -1.929909825824839E-02 -2.005386211408528E-02
 -2.118945492692262E-02 -2.224313016843773E-02 -2.342762415229737E-02
 -2.529191572255076E-02 -2.682301697636580E-02 -2.849120177299839E-02
 -3.107884358019955E-02 -3.305254198072217E-02 -3.513100244982464E-02
 -3.819948359041692E-02 -4.043039453321214E-02 -4.269003172184271E-02
 -4.574356554751915E-02 -4.789563861602130E-02 -4.996390170517319E-02
 -5.231392771902036E-02 -5.394868058776443E-02 -5.537159478866207E-02
 -5.627753105578048E-02 -5.694852900337935E-02 -5.729534032174087E-02
 -5.615808762126898E-02 -5.552996136469552E-02 -5.451337927253334E-02
 -5.106384762005244E-02 -4.901800814128938E-02 -4.658967657918919E-02
 -4.100328295194531E-02 -3.769053707220062E-02 -3.407450814233196E-02
 -2.696259552997190E-02 -2.277989061952621E-02 -1.842848648293277E-02
 -1.070368614194738E-02 -6.201517996493766E-03 -1.688297764413611E-03
  5.649856576555630E-03  9.896418143089319E-03  1.400873354784754E-02
  2.009485999403912E-02  2.360842615897559E-02  2.688244708672878E-02
  3.114679007178631E-02  3.362900239565798E-02  3.582003617998401E-02
  3.805556025096261E-02  3.941338313973428E-02  4.048125777926562E-02
  4.081815021888521E-02  4.114072609268005E-02  4.121590292012912E-02
  4.003103976996431E-02  3.953476245639186E-02  3.885810909192224E-02
  3.665647035007654E-02  3.561887737355442E-02  3.447533133585243E-02
  3.177645766683266E-02  3.047597534982146E-02  2.913760678639800E-02
  2.638914221855629E-02  2.506114793976397E-02  2.374824585981487E-02
  2.127594397737570E-02  2.008881969525362E-02  1.895107821202291E-02
  1.694401545968762E-02  1.599354919560154E-02  1.510864088201907E-02
  1.363158635996444E-02  1.294895763112591E-02  1.233324851259620E-02
  1.135544858970122E-02  1.092304825587218E-02  1.054870203131996E-02
  9.978884566743644E-03  9.748781231631439E-03  9.562346772897615E-03
  9.282140211207230E-03  9.193350983366558E-03  9.132372700547516E-03
  9.023273957433908E-03  9.015501912220799E-03  9.021178113653404E-03
  8.982864553574256E-03  9.005680014687207E-03  9.030841160494704E-03
  8.990672093555795E-03  9.008124532208636E-03  9.020736625344439E-03
  8.935691667712332E-03  8.927040732409991E-03  8.910067124150512E-03
  8.763181500489223E-03  8.720847831117021E-03  8.669642670675536E-03
  8.463286821285032E-03  8.389262029734971E-03  8.307738645110708E-03
  8.055926340768882E-03  7.957779117633654E-03  7.854437661885299E-03
  7.575851019547566E-03  7.463188267870683E-03  7.347774215885136E-03
  7.060527671199636E-03  6.942408291570732E-03  6.823603471600648E-03
  6.542103575100751E-03  6.425552462060706E-03  6.309764148005009E-03
  6.043493808314560E-03  5.932995205023956E-03  5.824067795972399E-03
  5.577803076129983E-03  5.475498436731063E-03  5.375048867941659E-03
  5.149906907502225E-03  5.056179422168307E-03  4.964240163797323E-03
  4.759012260259800E-03  4.673180285465241E-03  4.588890344557434E-03
  4.401265949260619E-03  4.322192993971599E-03  4.244369315654504E-03
  4.071837108238460E-03  3.998361470393738E-03  3.925877166541642E-03
  3.766247670256503E-03  3.697415008219893E-03  3.629384785919664E-03
  3.480987411071202E-03  3.416121728043515E-03  3.351939213354876E-03
  3.213599064835384E-03  3.152270267793977E-03  3.091557590879995E-03
  2.962463281939005E-03  2.904408787760340E-03  2.846933340950332E-03
  2.726483560938065E-03  2.671526902655000E-03  2.617123471496929E-03
  2.504804958330538E-03  2.452795301618993E-03  2.401312656542303E-03
  2.296629232337433E-03  2.247408921615932E-03  2.198684386741760E-03
  2.101133462889988E-03  2.054529618293957E-03  2.008385691481634E-03
  1.917467050038875E-03  1.873298326686514E-03  1.829551974161721E-03
  1.744791641876237E-03  1.702881136428167E-03  1.661357199993743E-03
  1.582333028505520E-03  1.542520839654827E-03  1.503063896120342E-03
  1.429425262877657E-03  1.391577423532106E-03  1.354059603597224E-03
  1.285538780101840E-03  1.249551892055424E-03  1.213876514383644E-03
  1.150292450101018E-03  1.116094841963475E-03  1.082196903888559E-03
  1.023453360625198E-03  9.910040205616678E-04  9.588487874323362E-04
  9.049285336809248E-04  8.742148137023443E-04  8.437953788582360E-04
  7.947513193305336E-04  7.657858961487486E-04  7.371200570839519E-04
  6.930633908874823E-04  6.658805212537840E-04  6.390069158609926E-04
  6.000920458029589E-04  5.747429300606453E-04  5.497162162507535E-04
  5.161222417753723E-04  4.926693223955493E-04  4.695542496458542E-04
  4.414633423212215E-04  4.199735409049771E-04  3.988379668938012E-04
  3.764115464928481E-04  3.569486819273306E-04  3.378558309944922E-04
  3.212100341934114E-04  3.038268803843406E-04  2.868273439736091E-04
  2.760096599860320E-04  2.607402400078083E-04  2.458643376179320E-04
  2.408333992287562E-04  2.276861527273818E-04  2.149372909422894E-04
  2.155476401171650E-04  2.045000461078797E-04  1.938496410584660E-04
  1.998428747919008E-04  1.908379809286503E-04  1.822223658706422E-04
  1.932254813344577E-04  1.861706087960815E-04  1.794901593097698E-04
  1.950212427552403E-04  1.897889311585261E-04  1.849094335518570E-04
  2.043901654573447E-04  2.008212222500394E-04  1.975773132059996E-04
  2.203511794137077E-04  2.182595257048106E-04  2.164598650876907E-04
  2.418145366900783E-04  2.409934141322386E-04  2.404271346513964E-04
  2.676192457310553E-04  2.678482772424518E-04  2.682921930107586E-04
  2.965727105430773E-04  2.976252924451077E-04  2.988513436482111E-04
  3.274898641840478E-04  3.291404033212579E-04  3.309228585954754E-04
  3.592294403758294E-04  3.612600240550957E-04  3.633820430058283E-04
  3.907255393630993E-04  3.929317243560323E-04  3.951909845356707E-04
  4.210132294069542E-04  4.232087438295039E-04  4.254219451546439E-04
  4.492475089724784E-04  4.512677657435714E-04  4.532739290628959E-04
  4.747154783445520E-04  4.764198920962398E-04  4.780824593310330E-04
  4.968419978888559E-04  4.981151730363854E-04  4.993229888898603E-04
  5.151894281052042E-04  5.159413421460011E-04  5.166086503442367E-04
  5.294522532060391E-04  5.296175964570537E-04  5.296832173988039E-04
  5.394474983386922E-04  5.389843502068542E-04  5.384102233060910E-04
  5.451018812834801E-04  5.439899058190044E-04  5.427591804885508E-04
  5.464366166696908E-04  5.446749479278687E-04  5.427897939127784E-04
  5.435507404031427E-04  5.411557029775047E-04  5.386349850884274E-04
  5.366037678555957E-04  5.336065419876354E-04  5.304834681786140E-04
  5.257984614628196E-04  5.222427564167083E-04  5.185625629124017E-04
  5.113644907625124E-04  5.073042334427670E-04  5.031219152881385E-04
  4.935438486606055E-04  4.890408248944100E-04  4.844188528283972E-04
  4.725790493615977E-04  4.677003567844690E-04  4.627062439197653E-04
  4.487053165005689E-04  4.435204206432024E-04  4.382239311507288E-04
  4.221479901243152E-04  4.167251653548365E-04  4.111949334515333E-04
  3.931259396272118E-04  3.875279867484092E-04  3.818273993878770E-04
  3.618605887629124E-04  3.561399913611280E-04  3.503224307584244E-04
  3.285882529995052E-04  3.227823254384283E-04  3.168862475965817E-04
  2.935714178419649E-04  2.876983551412977E-04  2.817430649336348E-04
  2.571033988792762E-04  2.511602404123498E-04  2.451433962208808E-04
  2.195015822942509E-04  2.134647836156434E-04  2.073624378269169E-04
  1.810875132444273E-04  1.749161172599650E-04  1.686854612554006E-04
  1.421566655683536E-04  1.357972540474191E-04  1.293814236885046E-04
  1.029448886590300E-04  9.633698727259399E-05  8.967069857398241E-05
  6.360011096827690E-05  5.668081556638692E-05  4.969557850083962E-05
  2.416590410867204E-05  1.687313993558991E-05  9.501348332137497E-06
 -1.542044704431785E-05 -2.314579820801870E-05 -3.096780896828324E-05
 -5.531130110659605E-05 -6.352365710126108E-05 -7.185299846738046E-05
 -9.571931760535851E-05 -1.044691720102538E-04 -1.133566799739749E-04
  2.453622252984098E-01  2.263794330281775E-01  2.075286782634585E-01
  2.528480234654324E-01  2.389034054900125E-01  2.244263767709488E-01
  1.106917649841597E-01  1.053756386782423E-01  9.970586490727379E-02
 -1.106917649841597E-01 -1.053756386782423E-01 -9.970586490727379E-02
 -2.528480234654324E-01 -2.389034054900125E-01 -2.244263767709488E-01
 -2.453622252984098E-01 -2.263794330281775E-01 -2.075286782634585E-01
 -1.649662767091369E-01 -1.433639715603355E-01 -1.226173747993399E-01
 -1.177014071046085E-01 -9.548488587934827E-02 -7.418459278165132E-02
 -1.274980994566181E-01 -1.067946018308437E-01 -8.654204861778803E-02
 -1.560122847352646E-01 -1.377240844623026E-01 -1.194196330623916E-01
 -1.706942799027684E-01 -1.543398473028851E-01 -1.377409709436669E-01
 -1.648759863074433E-01 -1.499568210110541E-01 -1.347374881770430E-01
 -1.433928334486364E-01 -1.300774231240173E-01 -1.164680730360152E-01
 -1.121254483884712E-01 -1.008366299152910E-01 -8.927616103751534E-02
 -7.625606528584192E-02 -6.718250623079088E-02 -5.786709617351325E-02
 -4.015831248587772E-02 -3.318218264206180E-02 -2.599860281229667E-02
 -6.993271415283880E-03 -1.839082583430444E-03  3.487596144335853E-03
  2.136715862710756E-02  2.501130608201062E-02  2.879655123311116E-02
  4.404411942019084E-02  4.648414848429099E-02  4.904052566317260E-02
  6.088597892019247E-02  6.241273836972227E-02  6.403868144585664E-02
  7.234197165446596E-02  7.322241393520844E-02  7.419119346923705E-02
  7.929872841172080E-02  7.976198287294781E-02  8.030686774709971E-02
  8.282297631601157E-02  8.304846444385335E-02  8.335136719338497E-02
  8.391656159752305E-02  8.403272751698158E-02  8.422403718139773E-02
  8.337903338120835E-02  8.347445594468600E-02  8.364497034818215E-02
  8.180529744690068E-02  8.194657510204230E-02  8.216551365027246E-02
  7.967890656209374E-02  7.992715991655351E-02  8.025806638598602E-02
  7.747385626697367E-02  7.789275906786948E-02  7.840047232421379E-02
  7.568915806911115E-02  7.634148543663692E-02  7.708773895790644E-02
  7.480038214549327E-02  7.573649379068335E-02  7.676820776298554E-02
  7.517209146646103E-02  7.641834420090994E-02  7.775683688041454E-02
  7.699450957496008E-02  7.854853171363078E-02  8.018616516859917E-02
  8.027968040986615E-02  8.211401584802538E-02  8.401904635222773E-02
  8.490711392324499E-02  8.697767582464169E-02  8.910323301975405E-02
  9.068358208104625E-02  9.293786808570327E-02  9.522995419544042E-02
  9.738614043827744E-02  9.976775168316208E-02  1.021690513684799E-01
  1.047758641641616E-01  1.072242480178138E-01  1.096730022918061E-01
  1.125850714704852E-01  1.150311997293158E-01  1.174561863124496E-01
  1.204884655017139E-01  1.228484192550359E-01  1.251623259967913E-01
  1.280723278231158E-01  1.302417870533909E-01  1.323362089353997E-01
  1.348180325738287E-01  1.366711910933428E-01  1.384167987250453E-01
  1.401152299662580E-01  1.415111199828801E-01  1.427657305361286E-01
  1.433139931307833E-01  1.441113970700101E-01  1.447366251514087E-01
  1.438141692576722E-01  1.438935521543250E-01  1.437778508897754E-01
  1.411764650977645E-01  1.404643882091310E-01  1.395473670613012E-01
  1.352271480278534E-01  1.337163578531960E-01  1.320072482011380E-01
  1.261215704815838E-01  1.238794907192672E-01  1.214626306005306E-01
  1.143365872130524E-01  1.114972898365114E-01  1.085204729648191E-01
  1.005820854242209E-01  9.732228328201174E-02  9.396984945173704E-02
  8.565484868682009E-02  8.216169070774240E-02  7.862157100190674E-02
  7.029112881891178E-02  6.673502725535838E-02  6.317361053065704E-02
  5.508574026141943E-02  5.161041157001772E-02  4.816640201595932E-02
  4.051606125656210E-02  3.724818588265227E-02  3.404531507097652E-02
  2.704363210787704E-02  2.411050717355099E-02  2.127504648580733E-02
  1.520427020354559E-02  1.274011676418282E-02  1.040370302374204E-02
  5.593068417237561E-03  3.721398558474978E-03  1.999215077194698E-03
 -1.280821447435557E-03 -2.483815711621868E-03 -3.531145424642354E-03
 -5.200271499826803E-03 -5.741484418757377E-03 -6.140963999432221E-03
 -6.388521686300794E-03 -6.371497644323838E-03 -6.245605391397706E-03
 -5.507883179595474E-03 -5.113826917816968E-03 -4.655457336591597E-03
 -3.493415584144690E-03 -2.934737958060067E-03 -2.356973801761041E-03
 -1.285473265778548E-03 -7.493850654127876E-04 -2.293085976084497E-04
  4.279992111907941E-04  8.234747956395293E-04  1.184459210059424E-03
  1.352349528267446E-03  1.572790867759997E-03  1.756795756144471E-03
  1.559346574661110E-03  1.635706431500625E-03  1.684410883633409E-03
  1.325609198056583E-03  1.316290143290959E-03  1.290824838047365E-03
  9.340224227056522E-04  8.884783411764030E-04  8.349268282898921E-04
  5.408166050532011E-04  4.813561439100022E-04  4.167279927450997E-04
  1.559620271282095E-04  8.098333616802975E-05  1.111334576806079E-07
 -2.889172783576541E-04 -3.895695898593472E-04 -4.973383095969551E-04
 -8.527576933837171E-04 -9.834596738174620E-04 -1.120856819918612E-03
 -1.535084501045388E-03 -1.689076124835203E-03 -1.847357230715097E-03
 -2.279329293788150E-03 -2.441991971829689E-03 -2.605492983541763E-03
 -3.007361702134208E-03 -3.162835082151715E-03 -3.315867574693058E-03
 -3.653575742241866E-03 -3.789927712637046E-03 -3.921624186319725E-03
 -4.181684317343232E-03 -4.293314452803779E-03 -4.399704153664288E-03
 -4.586815150887080E-03 -4.675399637525097E-03 -4.760244050563679E-03
 -4.893536999034358E-03 -4.968861235705182E-03 -5.044380263692803E-03
 -5.155613364773697E-03 -5.236048547952510E-03 -5.322983732415776E-03
 -5.454603731748020E-03 -5.565745001580365E-03 -5.691211370947530E-03
 -5.890638326562181E-03 -6.060838835470570E-03 -6.252954549199051E-03
 -6.561754308333495E-03 -6.814688731930894E-03 -7.094540466668952E-03
 -7.534648259688719E-03 -7.880696210925270E-03 -8.253820472081829E-03
 -8.815441208256208E-03 -9.244846790391047E-03 -9.695392952247852E-03
 -1.033197173949911E-02 -1.081305095269541E-02 -1.130384026535402E-02
 -1.193865302934329E-02 -1.242360399861405E-02 -1.290426115437892E-02
 -1.345065220547646E-02 -1.388966421046876E-02 -1.431282477677023E-02
 -1.470587359152464E-02 -1.506738970333360E-02 -1.540996130253762E-02
 -1.564213144688510E-02 -1.593397482075143E-02 -1.621737534966506E-02
 -1.636627086344634E-02 -1.665005063401203E-02 -1.695148769621355E-02
 -1.718641713640345E-02 -1.757739446903466E-02 -1.802471848248125E-02
 -1.858185375834186E-02 -1.922896122492819E-02 -1.997490045922446E-02
 -2.109842909914808E-02 -2.214420822330211E-02 -2.332144478146203E-02
 -2.517874334386011E-02 -2.670559181282907E-02 -2.837098395950206E-02
 -3.096105280234668E-02 -3.293685654691482E-02 -3.501955270835980E-02
 -3.810286961360239E-02 -4.034399348914817E-02 -4.261624456906168E-02
 -4.569732580293891E-02 -4.786768673616500E-02 -4.995631586587138E-02
 -5.234336181388574E-02 -5.400219562120431E-02 -5.545030953110233E-02
 -5.639608181312381E-02 -5.709262292842162E-02 -5.746467832706643E-02
 -5.636141256926973E-02 -5.575491343884752E-02 -5.475816636396545E-02
 -5.132855431906609E-02 -4.929556433422826E-02 -4.687717990585785E-02
 -4.129150070137363E-02 -3.798001340132354E-02 -3.436195506052322E-02
 -2.723118236378414E-02 -2.303822551952872E-02 -1.867370339877585E-02
 -1.091487891584601E-02 -6.393745803059792E-03 -1.859731605770049E-03
  5.520014756058891E-03  9.789789389437210E-03  1.392585716187609E-02
  2.005279158995053E-02  2.358910667491573E-02  2.688524784206244E-02
  3.118277461341757E-02  3.368353946825704E-02  3.589170779450003E-02
  3.814883214196105E-02  3.951893015649133E-02  4.059733887770129E-02
  4.094341960105577E-02  4.127161649659049E-02  4.135075845774947E-02
  4.016434339136957E-02  3.966796663280841E-02  3.898991177913832E-02
  3.677909633672765E-02  3.573734368046436E-02  3.458880334626264E-02
  3.187663185695112E-02  3.056976289894015E-02  2.922462832970302E-02
  2.646185047243783E-02  2.512685173359299E-02  2.380693131600390E-02
  2.132158074085036E-02  2.012801169439969E-02  1.898405628144926E-02
  1.696655426148883E-02  1.601090156636099E-02  1.512116460285551E-02
  1.363679449570810E-02  1.295051430216624E-02  1.233154271755675E-02
  1.134944407107953E-02  1.091488793358181E-02  1.053873932127970E-02
  9.967143666059008E-03  9.736140710935398E-03  9.549085921515413E-03
  9.268941725291037E-03  9.180172791893645E-03  9.119405274854107E-03
  9.011505763188345E-03  9.004322362864206E-03  9.010692165451610E-03
  8.974096882932782E-03  8.997759368265639E-03  9.023802056318479E-03
  8.985400316225545E-03  9.003722524004268E-03  9.017189349295421E-03
  8.933659116068353E-03  8.925750505538170E-03  8.909476170258401E-03
  8.763707384892483E-03  8.721917754186995E-03  8.671203965201895E-03
  8.465544842742615E-03  8.391856961959893E-03  8.310621336299456E-03
  8.059143754716468E-03  7.961157314190207E-03  7.857938371439334E-03
  7.579421268053741E-03  7.466792653920077E-03  7.351387720025792E-03
  7.064047869969845E-03  6.945887181862315E-03  6.827028127094261E-03
  6.545358543274609E-03  6.428733050126154E-03  6.312866477021558E-03
  6.046410897898322E-03  5.935833859361241E-03  5.826829644137738E-03
  5.580398702799286E-03  5.478027300498820E-03  5.377515018516035E-03
  5.152239167294917E-03  5.058461843213687E-03  4.966477045572210E-03
  4.761146917468792E-03  4.675280632375167E-03  4.590959747165167E-03
  4.403257189215436E-03  4.324160987506659E-03  4.246316119971612E-03
  4.073720614406198E-03  4.000227894410294E-03  3.927727402530445E-03
  3.768041867740999E-03  3.699194449527580E-03  3.631149586096761E-03
  3.482698667739833E-03  3.417818289793458E-03  3.353620825141877E-03
  3.215227596195564E-03  3.153883324901967E-03  3.093154860804335E-03
  2.964007829156655E-03  2.905937198015360E-03  2.848445418666213E-03
  2.727944127870171E-03  2.672971230494529E-03  2.618551535717987E-03
  2.506183746027853E-03  2.454158353995004E-03  2.402660093876524E-03
  2.297930337449121E-03  2.248695218806516E-03  2.199956079380318E-03
  2.102361984408910E-03  2.055744427536476E-03  2.009587011137069E-03
  1.918628111960401E-03  1.874446713804094E-03  1.830687880693759E-03
  1.745889623481576E-03  1.703967270074570E-03  1.662431624315819E-03
  1.583371097616015E-03  1.543547600835671E-03  1.504079422410788E-03
  1.430405178509836E-03  1.392546264522129E-03  1.355017377759244E-03
  1.286460877777395E-03  1.250462852970885E-03  1.214776285809240E-03
  1.151155725940278E-03  1.116946647441331E-03  1.083037131108006E-03
  1.024255601229300E-03  9.917942132889881E-04  9.596267742341516E-04
  9.056664742680513E-04  8.749399154132875E-04  8.445074387142585E-04
  7.954208366172739E-04  7.664416072492934E-04  7.377617208803815E-04
  6.936597464326818E-04  6.664619753999838E-04  6.395731987932549E-04
  6.006101906326729E-04  5.752450122873891E-04  5.502019498136864E-04
  5.165571804951055E-04  4.930870458079243E-04  4.699544706344398E-04
  4.418105406772826E-04  4.203024628909810E-04  3.991483412774914E-04
  3.766673546485109E-04  3.571853297847622E-04  3.380730805243157E-04
  3.213720909952211E-04  3.039691506568358E-04  2.869496390701400E-04
  2.760772415125174E-04  2.607877349899525E-04  2.458916205108387E-04
  2.408076794777083E-04  2.276404231710014E-04  2.148714992437402E-04
  2.154318395640588E-04  2.043647173604097E-04  1.936948107162330E-04
  1.996422828746624E-04  1.906187508550841E-04  1.819846042324442E-04
  1.929473511770745E-04  1.858751182190591E-04  1.791774913634582E-04
  1.946745681061287E-04  1.894265188054988E-04  1.845315353366071E-04
  2.039853600026251E-04  2.004025860690856E-04  1.971451559383229E-04
  2.198996856752351E-04  2.177963190435726E-04  2.159852996138481E-04
  2.413283955107851E-04  2.404978084024039E-04  2.399224483778482E-04
  2.671106578675739E-04  2.673325224533109E-04  2.677696704098531E-04
  2.960536191449359E-04  2.971013037335952E-04  2.983228577202933E-04
  3.269715815498942E-04  3.286193959328172E-04  3.303995148031580E-04
  3.587223358734253E-04  3.607522123919710E-04  3.628738900123092E-04
  3.902387988518490E-04  3.924460942646714E-04  3.947067996308897E-04
  4.205546898462065E-04  4.227529006918292E-04  4.249690959255072E-04
  4.488235661820208E-04  4.508478553179225E-04  4.528583072370276E-04
  4.743310616722595E-04  4.760405871432979E-04  4.777084791757626E-04
  4.965006025826110E-04  4.977797161492218E-04  4.989936402589901E-04
  5.148931947514954E-04  5.156516338357670E-04  5.163255950758514E-04
  5.292020827586721E-04  5.293743168261299E-04  5.294469172746600E-04
  5.392431910719635E-04  5.387871027725555E-04  5.382200884706069E-04
  5.449422894734893E-04  5.438373733357749E-04  5.426137281475960E-04
  5.463198023513982E-04  5.445650516942918E-04  5.426868088600965E-04
  5.434741298169199E-04  5.410857576918537E-04  5.385716747543226E-04
  5.365642971564417E-04  5.335734006307125E-04  5.304566066584084E-04
  5.257927102715880E-04  5.222429420905573E-04  5.185686209575050E-04
  5.113888021376340E-04  5.073340567284860E-04  5.031571750420297E-04
  4.935944367203711E-04  4.890964879192487E-04  4.844795085108102E-04
  4.726520983566043E-04  4.677780478302478E-04  4.627884920503198E-04
  4.487970775925557E-04  4.436164053568895E-04  4.383240564451346E-04
  4.222548825163803E-04  4.168358818475513E-04  4.113093979493542E-04
  3.932446601248071E-04  3.876501493793535E-04  3.819529404067234E-04
  3.619882277735729E-04  3.562707028205073E-04  3.504561686261946E-04
  3.287224074813950E-04  3.229191893417945E-04  3.170257971765935E-04
  2.937102859922609E-04  2.878395749304960E-04  2.818866379520301E-04
  2.572458368815346E-04  2.513046845299578E-04  2.452898742799617E-04
  2.196470958977576E-04  2.136119881050471E-04  2.075113858119389E-04
  1.812361567795719E-04  1.750661949728444E-04  1.688370472308355E-04
  1.423088596708666E-04  1.359507167135812E-04  1.295362461283118E-04
  1.031012608760729E-04  9.649458012022802E-05  8.982961581211389E-05
  6.376149665328134E-05  5.684350462032044E-05  4.985968261785411E-05
  2.433331329308410E-05  1.704207240893952E-05  9.671918396927929E-06
 -1.524685050012300E-05 -2.297030242208591E-05 -3.079030304209787E-05
 -5.513411562008004E-05 -6.334402397053512E-05 -7.167081565784974E-05
 -9.553706195827937E-05 -1.042839261540515E-04 -1.131683617972220E-04
