  7.521579784072915E+00  7.511054667653142E+00  7.500519467651962E+00

  1.860704005220437E-03  1.850397128039911E-03  1.840533384226013E-03
  1.861549185163305E-03  1.851213406808823E-03  1.841321154048134E-03
  1.861972423474742E-03  1.851622180872463E-03  1.841715660198945E-03
  1.861972423474742E-03  1.851622180872463E-03  1.841715660198945E-03
  1.861549185163305E-03  1.851213406808823E-03  1.841321154048134E-03
  1.860704005220437E-03  1.850397128039911E-03  1.840533384226013E-03
  1.859439472005195E-03  1.849175878376028E-03  1.839354830877612E-03
  1.857759455809069E-03  1.847553446505124E-03  1.837789202409835E-03
  1.855669094203861E-03  1.845534861607168E-03  1.835841421397321E-03
  1.853174773006690E-03  1.843126374689325E-03  1.833517606248279E-03
  1.850284102730207E-03  1.840335435444746E-03  1.830825048480199E-03
  1.847005890626790E-03  1.837170664833253E-03  1.827772185825976E-03
  1.843350108601118E-03  1.833641823576440E-03  1.824368571293538E-03
  1.839327856888263E-03  1.829759776513057E-03  1.820624838176290E-03
  1.834951323711003E-03  1.825536452998209E-03  1.816552661187600E-03
  1.830233741070971E-03  1.820984803507494E-03  1.812164713896820E-03
  1.825189336975266E-03  1.816118752723699E-03  1.807474622634888E-03
  1.819833284079648E-03  1.810953149155714E-03  1.802496917120010E-03
  1.814181645372564E-03  1.805503711874658E-03  1.797246978233866E-03
  1.808251316841508E-03  1.799786974239265E-03  1.791740982806357E-03
  1.802059967467140E-03  1.793820225127150E-03  1.785995846106258E-03
  1.795625976864265E-03  1.787621447823712E-03  1.780029161958669E-03
  1.788968371003933E-03  1.781209257096545E-03  1.773859141219184E-03
  1.782106756066539E-03  1.774602834480923E-03  1.767504548459982E-03
  1.775061251037663E-03  1.767821862391745E-03  1.760984637622643E-03
  1.767852419429398E-03  1.760886457385344E-03  1.754319086806529E-03
  1.760501200219820E-03  1.753817102835305E-03  1.747527932669039E-03
  1.753028838590757E-03  1.746634581399917E-03  1.740631504594493E-03
  1.745456816643909E-03  1.739359907502114E-03  1.733650358910869E-03
  1.737806784990883E-03  1.732014260680361E-03  1.726605213983496E-03
  1.730100495778198E-03  1.724618920344277E-03  1.719516886607597E-03
  1.722359737107473E-03  1.717195201983217E-03  1.712406229922173E-03
  1.714606269053864E-03  1.709764395141824E-03  1.705294073207053E-03
  1.706861760111410E-03  1.702347701900886E-03  1.698201162265820E-03
  1.699147724769194E-03  1.694966176237875E-03  1.691148100542788E-03
  1.691485464468232E-03  1.687640666075632E-03  1.684155292270360E-03
  1.683896015410427E-03  1.680391761399236E-03  1.677242890881276E-03
  1.676400104602950E-03  1.673239750626411E-03  1.670430755421285E-03
  1.669018108818698E-03  1.666204581408873E-03  1.663738412637156E-03
  1.661770006020711E-03  1.659305816021302E-03  1.657185015801690E-03
  1.654675311044464E-03  1.652562571547477E-03  1.650789289465851E-03
  1.647753004574014E-03  1.645993449500789E-03  1.644569460785369E-03
  1.641021486022681E-03  1.639616481671286E-03  1.638543199921083E-03
  1.634498585899370E-03  1.633449129489463E-03  1.632727606920396E-03
  1.628201638586789E-03  1.627508348386210E-03  1.627139265484893E-03
  1.622147548273661E-03  1.621810664484926E-03  1.621794325539034E-03
  1.616352728790987E-03  1.616372149885149E-03  1.616708509563028E-03
  1.610832834807209E-03  1.611208196547872E-03  1.611896930421191E-03
  1.605602360006525E-03  1.606333124551993E-03  1.607373719936470E-03
  1.600674386567855E-03  1.601759870590835E-03  1.603151672237592E-03
  1.596060855969504E-03  1.597500129607121E-03  1.599242266242764E-03
  1.591773519907622E-03  1.593565178479730E-03  1.595656352719222E-03
  1.587825217271065E-03  1.589967145883246E-03  1.592405383171021E-03
  1.584230568743798E-03  1.586719912787520E-03  1.589502470751441E-03
  1.581005026877890E-03  1.583838558731416E-03  1.586962204659249E-03
  1.578161796663095E-03  1.581336690911749E-03  1.584798406417125E-03
  1.575707356910145E-03  1.579222116470028E-03  1.583020025896702E-03
  1.573637548364684E-03  1.577492618400741E-03  1.581626704320210E-03
  1.571936608450065E-03  1.576134234754090E-03  1.580606369633236E-03
  1.570580600955227E-03  1.575123784236403E-03  1.579936852153455E-03
  1.569544672224183E-03  1.574435516377306E-03  1.579591833251362E-03
  1.568811490569647E-03  1.574049595459482E-03  1.579549229199053E-03
  1.568377325258864E-03  1.573958912353543E-03  1.579798615696012E-03
  1.568253141006814E-03  1.574171274378112E-03  1.580344482002462E-03
  1.568460407414668E-03  1.574706153566941E-03  1.581203991713432E-03
  1.569023774562598E-03  1.575587721170298E-03  1.582400512026290E-03
  1.569963992630379E-03  1.576837447040226E-03  1.583956016760434E-03
  1.571293866809863E-03  1.578469308018139E-03  1.585885599585433E-03
  1.573018139389824E-03  1.580488924342736E-03  1.588195830277461E-03
  1.575136181242154E-03  1.582895850875467E-03  1.590886560656524E-03
  1.577645354782188E-03  1.585686976818201E-03  1.593954281095227E-03
  1.580543229310714E-03  1.588859058472323E-03  1.597394935988576E-03
  1.583828000160258E-03  1.592409479221631E-03  1.601205039804654E-03
  1.587497617042080E-03  1.596335554096372E-03  1.605381198718361E-03
  1.591548625359319E-03  1.600633349372584E-03  1.609918943420783E-03
  1.595975487537056E-03  1.605296874979947E-03  1.614811804030694E-03
  1.600770563058849E-03  1.610317947627334E-03  1.620051046722384E-03
  1.605924457107403E-03  1.615686500883271E-03  1.625625928892438E-03
  1.611426340318368E-03  1.621390936903620E-03  1.631524072946697E-03
  1.617264025104571E-03  1.627418257043252E-03  1.637731651588815E-03
  1.623423828461902E-03  1.633753959172382E-03  1.644233326144336E-03
  1.629890374982951E-03  1.640381844581124E-03  1.651012063439144E-03
  1.636646465259894E-03  1.647283874243335E-03  1.658048982073380E-03
  1.643673036607029E-03  1.654440120875161E-03  1.665323294672742E-03
  1.650949171645322E-03  1.661828781473120E-03  1.672812322580422E-03
  1.658452103075979E-03  1.669426195509939E-03  1.680491526870509E-03
  1.666157196765442E-03  1.677206843293001E-03  1.688334522822744E-03
  1.674037927498456E-03  1.685143334144409E-03  1.696313081761716E-03
  1.682065870547658E-03  1.693206407780636E-03  1.704397143071374E-03
  1.690210720827126E-03  1.701364963384435E-03  1.712554853356981E-03
  1.698440339323522E-03  1.709586117931080E-03  1.720752636551453E-03
  1.706720821297176E-03  1.717835288254452E-03  1.728955289666364E-03
  1.715016584302745E-03  1.726076293731046E-03  1.737126100067719E-03
  1.723290478197778E-03  1.734271480836389E-03  1.745226984492295E-03
  1.731503921201408E-03  1.742381873360561E-03  1.753218653077287E-03
  1.739617064364472E-03  1.750367350618343E-03  1.761060800813649E-03
  1.747588984541506E-03  1.758186853857703E-03  1.768712326645428E-03
  1.755377905449746E-03  1.765798620004382E-03  1.776131579014784E-03
  1.762941445455926E-03  1.773160441055328E-03  1.783276625828793E-03
  1.770236891292236E-03  1.780229947848320E-03  1.790105547089765E-03
  1.777221495776652E-03  1.786964915949784E-03  1.796576747602193E-03
  1.783852797454629E-03  1.793323591296367E-03  1.802649287118012E-03
  1.790088958524594E-03  1.799265031628916E-03  1.808283223669352E-03
  1.795889117232403E-03  1.804749459587703E-03  1.813439965671448E-03
  1.801213749655926E-03  1.809738622296280E-03  1.818082627541875E-03
  1.806025035938151E-03  1.814196152055296E-03  1.822176383107082E-03
  1.810287224879851E-03  1.818087922135348E-03  1.825688810859762E-03
  1.813966990731630E-03  1.821382391371609E-03  1.828590224693126E-03
  1.817033775592421E-03  1.824050931026490E-03  1.830853983697795E-03
  1.819460110650228E-03  1.826068127349160E-03  1.832456774660706E-03
  1.821221909474805E-03  1.827412053178793E-03  1.833378860851323E-03
  1.822298726932563E-03  1.828064502604183E-03  1.833604291531215E-03
  1.822673977881231E-03  1.828011183136758E-03  1.833121067025147E-03
  1.822335109962858E-03  1.827241860331083E-03  1.831921254902001E-03
  1.821273726277164E-03  1.825750451151031E-03  1.830001054119026E-03
  1.819485653935286E-03  1.823535062758488E-03  1.827360804499466E-03
  1.816970956423921E-03  1.820597975332883E-03  1.824004940795866E-03
  1.813733888453454E-03  1.816945568259067E-03  1.819941891367163E-03
  1.809782793691864E-03  1.812588190772472E-03  1.815183923175037E-03
  1.805129946809740E-03  1.807539979175871E-03  1.809746935912427E-03
  1.799791342847711E-03  1.801818624243107E-03  1.803650209395322E-03
  1.793786438336853E-03  1.795445093660975E-03  1.796916109449282E-03
  1.787137849404906E-03  1.788443315302185E-03  1.789569758598468E-03
  1.779871013574668E-03  1.780839828250512E-03  1.781638678570893E-03
  1.772013822368846E-03  1.772663408881290E-03  1.773152412139759E-03
  1.763596232825403E-03  1.763944680213449E-03  1.764142132439688E-03
  1.754649866015726E-03  1.754715712445716E-03  1.754640247551556E-03
  1.745207601010743E-03  1.745009622948467E-03  1.744680008313194E-03
  1.735303172332134E-03  1.734860183543479E-03  1.734295126980804E-03
  1.724970778751157E-03  1.724301442298040E-03  1.723519413296211E-03
  1.714244710255164E-03  1.713367366331201E-03  1.712386434101114E-03
  1.703158999732828E-03  1.702091511565148E-03  1.700929201794057E-03
  1.691747104376387E-03  1.690506723766695E-03  1.689179895365799E-03
  1.680041621060452E-03  1.678644874656152E-03  1.677169617276201E-03
  1.668074038634376E-03  1.666536635345527E-03  1.664928187811526E-03
  1.655874529173929E-03  1.654211288615113E-03  1.652483977906134E-03
  1.643471778464759E-03  1.641696579818373E-03  1.639863779781507E-03
  1.630892855929297E-03  1.629018606109019E-03  1.627092714635125E-03
  1.618163122289752E-03  1.616201742059273E-03  1.614194175227074E-03
  1.605306173124061E-03  1.603268599370695E-03  1.601189800706749E-03
  1.592343815266490E-03  1.590240017544258E-03  1.588099480430465E-03
  1.579296073013315E-03  1.577135082313548E-03  1.574941383536292E-03
  1.566181220215280E-03  1.563971167815809E-03  1.561732010125399E-03
  1.553015834664398E-03  1.550763999028036E-03  1.548486260709012E-03
  1.539814870574002E-03  1.537527730279569E-03  1.535217519822716E-03
  1.526591745342929E-03  1.524275036123441E-03  1.521937750167482E-03
  1.513358436984658E-03  1.511017211241055E-03  1.508657594232597E-03
  1.500125588692380E-03  1.497764275880343E-03  1.495386479979279E-03
  1.486902617329807E-03  1.484525083929941E-03  1.482132727977576E-03
  1.473697823217734E-03  1.471307431198977E-03  1.468903657769902E-03
  1.460518498659087E-03  1.458118161518852E-03  1.455705691239212E-03
  1.447371033514910E-03  1.444963269235648E-03  1.442544451788278E-03
  1.434261015845271E-03  1.431847996202005E-03  1.429424857577908E-03
  1.421193326744691E-03  1.418776922713163E-03  1.416351208474019E-03
  1.408172228394721E-03  1.405754051449919E-03  1.403327265909651E-03
  1.395201444822246E-03  1.392782884077161E-03  1.390356325356869E-03
  1.382284234926564E-03  1.379866490161163E-03  1.377441281241390E-03
  1.369423458115533E-03  1.367007568873331E-03  1.364584684823194E-03
  1.356621632336630E-03  1.354208503305089E-03  1.351788794944471E-03
  1.343880984967138E-03  1.341471407842579E-03  1.339055622042137E-03
  1.331203497080145E-03  1.328798169304497E-03  1.326386966318333E-03
  1.318590941333347E-03  1.316190481914755E-03  1.313784449944630E-03
  1.306044914480140E-03  1.303649877276738E-03  1.301249544669127E-03
  1.293566864467530E-03  1.291177749211390E-03  1.288783594525390E-03
  1.281158113198424E-03  1.278775374557207E-03  1.276387834827637E-03
  1.268819875391710E-03  1.266443930345979E-03  1.264063407764866E-03
  1.256553273770976E-03  1.254184507578813E-03  1.251811374887875E-03
  1.244359351644364E-03  1.241998122581630E-03  1.239632727345752E-03
  1.232239082955548E-03  1.229885726080276E-03  1.227528394050624E-03
  1.220193380319917E-03  1.217848210413464E-03  1.215499248172018E-03
  1.208223101419828E-03  1.205886415288302E-03  1.203546112276631E-03
  1.196329053925817E-03  1.194001132145529E-03  1.191669762241979E-03
  1.184511999170486E-03  1.182193107457355E-03  1.179870930174628E-03
  1.172772654947919E-03  1.170463045191497E-03  1.168150306608585E-03
  1.161111697687726E-03  1.158811608748764E-03  1.156508542217036E-03
  1.149529764532531E-03  1.147239422857612E-03  1.144946249545273E-03
  1.138027455336795E-03  1.135747075426349E-03  1.133464004752850E-03
  1.126605334628740E-03  1.124335119440812E-03  1.122062349446579E-03
  1.115263932962842E-03  1.113004074240072E-03  1.110741791887368E-03
  1.104003747101963E-03  1.101754425673302E-03  1.099502807144686E-03
  1.092825239086448E-03  1.090586625147925E-03  1.088345836111566E-03
  1.081728835324625E-03  1.079501088680893E-03  1.077271284527375E-03
  1.070714926635310E-03  1.068498196967082E-03  1.066279523087381E-03
  1.059783871144114E-03  1.057578298235346E-03  1.055370890234432E-03
  1.048935999425213E-03  1.046741713413757E-03  1.044545697367067E-03
  1.038171620247262E-03  1.035988741881165E-03  1.033804234599754E-03
  1.027491023301882E-03  1.025319664197888E-03  1.023146773474272E-03
  1.016894475748232E-03  1.014734738700635E-03  1.012573563638517E-03
  1.006382213127969E-03  1.004234192417543E-03  1.002084823717345E-03
  9.959544283383594E-04  9.938182100182602E-04  9.916807302814709E-04
  9.856112650589823E-04  9.834869272219407E-04  9.813614112035381E-04
  9.753528252844288E-04  9.732404382870047E-04  9.711269531282517E-04
  9.651791831788084E-04  9.630788098942446E-04  9.609774153576177E-04
  9.550904246001648E-04  9.530021205608134E-04  9.509128691873855E-04
  9.450866336672912E-04  9.430104475513690E-04  9.409333851415285E-04
  9.351679911288616E-04  9.331039644229690E-04  9.310391297116967E-04
  9.253345143510418E-04  9.232826832013496E-04  9.212301096833678E-04
  9.155866592730421E-04  9.135470504046263E-04  9.115067622992715E-04
  9.059236334327117E-04  9.038962754622480E-04  9.018682989184183E-04
  8.963476859321487E-04  8.943325801688201E-04  8.923169143196005E-04
  8.868529664615111E-04  8.848501633152474E-04  8.828468559658430E-04
  8.774525236743021E-04  8.754619417779257E-04  8.734709102775107E-04
  8.680805564070423E-04  8.661027404136010E-04  8.641245220651065E-04
  1.927775333399968E-03  1.915226925182436E-03  1.903144246635997E-03
  1.928768785077112E-03  1.916188562740172E-03  1.904074518667240E-03
  1.929266243689296E-03  1.916670099019259E-03  1.904540357173460E-03
  1.929266243689296E-03  1.916670099019259E-03  1.904540357173460E-03
  1.928768785077112E-03  1.916188562740172E-03  1.904074518667240E-03
  1.927775333399968E-03  1.915226925182436E-03  1.903144246635997E-03
  1.926288814158183E-03  1.913788050838410E-03  1.901752345622594E-03
  1.924313601802802E-03  1.911876222875000E-03  1.899903009094068E-03
  1.921855503337497E-03  1.909497127016746E-03  1.897601803610555E-03
  1.918921736831001E-03  1.906657830461197E-03  1.894855648124913E-03
  1.915520904883586E-03  1.903366755849045E-03  1.891672788437964E-03
  1.911662963206967E-03  1.899633650452617E-03  1.888062766975240E-03
  1.907359184440921E-03  1.895469550689132E-03  1.884036387963357E-03
  1.902622117276741E-03  1.890886742009188E-03  1.879605678066543E-03
  1.897465541094835E-03  1.885898714360375E-03  1.874783842648985E-03
  1.891904416278585E-03  1.880520113404880E-03  1.869585217878505E-03
  1.885954830438401E-03  1.874766687684641E-03  1.864025218819770E-03
  1.879633940793731E-03  1.868655232036717E-03  1.858120283867803E-03
  1.872959912969629E-03  1.862203527491187E-03  1.851887815739590E-03
  1.865951856435729E-03  1.855430277857093E-03  1.845346119205881E-03
  1.858629756875321E-03  1.848355043352622E-03  1.838514335979422E-03
  1.851014405795951E-03  1.840998171499609E-03  1.831412376913785E-03
  1.843127327744173E-03  1.833380725727474E-03  1.824060852008044E-03
  1.834990705458462E-03  1.825524411960457E-03  1.816480998444014E-03
  1.826627303316834E-03  1.817451503610666E-03  1.808694607149523E-03
  1.818060389432133E-03  1.809184765321179E-03  1.800723948204723E-03
  1.809313656694544E-03  1.800747375777229E-03  1.792591695432138E-03
  1.800411143104340E-03  1.792162849884929E-03  1.784320850445039E-03
  1.791377152153915E-03  1.783454961009489E-03  1.775934666769025E-03
  1.782236174124548E-03  1.774647664131080E-03  1.767456574839184E-03
  1.773012808782854E-03  1.765765020511207E-03  1.758910108612981E-03
  1.763731689228762E-03  1.756831123800856E-03  1.750318833809397E-03
  1.754417406073404E-03  1.747870026732762E-03  1.741706277030317E-03
  1.745094431598559E-03  1.738905667805831E-03  1.733095854924111E-03
  1.735787046379224E-03  1.729961799711543E-03  1.724510804492512E-03
  1.726519273183858E-03  1.721061923972898E-03  1.715974118537225E-03
  1.717314821831341E-03  1.712229236174408E-03  1.707508491047931E-03
  1.708197041292296E-03  1.703486579907892E-03  1.699136272339642E-03
  1.699188865724269E-03  1.694856397770949E-03  1.690879424164027E-03
  1.690312739900762E-03  1.686360663743690E-03  1.682759458760297E-03
  1.681590527178732E-03  1.678020794873470E-03  1.674797355285952E-03
  1.673043434520000E-03  1.669857570404678E-03  1.667013475168509E-03
  1.664692007583913E-03  1.661891110580995E-03  1.659427526053779E-03
  1.656556218530517E-03  1.654140948982145E-03  1.652058616836049E-03
  1.648655582486035E-03  1.646626154722591E-03  1.644925379575089E-03
  1.641009148232771E-03  1.639365363707314E-03  1.638046034315268E-03
  1.633635215545412E-03  1.632376557182576E-03  1.631438227710800E-03
  1.626550808797465E-03  1.625676568049644E-03  1.625118582923468E-03
  1.619771229391340E-03  1.619280578451887E-03  1.619102163328974E-03
  1.613310201068276E-03  1.613202106883084E-03  1.613402319085753E-03
  1.607180947030927E-03  1.607453897595769E-03  1.608031383705628E-03
  1.601397908634858E-03  1.602049576412231E-03  1.603002227921122E-03
  1.595978013349224E-03  1.597005127255569E-03  1.598329883887148E-03
  1.590940017084993E-03  1.592338724411264E-03  1.594031821443502E-03
  1.586301025225726E-03  1.588067819531288E-03  1.590125613153258E-03
  1.582070848890084E-03  1.584203778982546E-03  1.586623940385323E-03
  1.578246631573879E-03  1.580746193571317E-03  1.583528718705123E-03
  1.574810993765695E-03  1.577680081311218E-03  1.580827464244339E-03
  1.571735920235843E-03  1.574978570594977E-03  1.578494777382190E-03
  1.568991942184633E-03  1.572611226094149E-03  1.576499691464277E-03
  1.566559200865479E-03  1.570555122535286E-03  1.574816560203971E-03
  1.564435519642003E-03  1.568803885808752E-03  1.573434898648054E-03
  1.562637730142814E-03  1.567370513554923E-03  1.572363651640480E-03
  1.561195735350561E-03  1.566282722545233E-03  1.571627928949524E-03
  1.560142339350590E-03  1.565573236250678E-03  1.571259944747611E-03
  1.559503693187495E-03  1.565269715265842E-03  1.571288608428056E-03
  1.559294340960845E-03  1.565388692820164E-03  1.571732416664619E-03
  1.559518002714890E-03  1.565935291933775E-03  1.572598044102363E-03
  1.560172225239216E-03  1.566907363995506E-03  1.573883836559985E-03
  1.561253574763325E-03  1.568300835788560E-03  1.575585193421738E-03
  1.562760674467076E-03  1.570113298384657E-03  1.577698663761492E-03
  1.564694310098031E-03  1.572344647378326E-03  1.580223155629894E-03
  1.567055635960019E-03  1.574995522193812E-03  1.583158679027561E-03
  1.569844196266700E-03  1.578065234406248E-03  1.586504235877987E-03
  1.573056957198939E-03  1.581550552742624E-03  1.590256370463623E-03
  1.576688502281274E-03  1.585445701226993E-03  1.594408948340020E-03
  1.580731782174569E-03  1.589743061495978E-03  1.598953781052907E-03
  1.585178704103667E-03  1.594433834440620E-03  1.603881344026072E-03
  1.590020229540546E-03  1.599508235942840E-03  1.609181073429466E-03
  1.595246094768374E-03  1.604955268240560E-03  1.614841201249043E-03
  1.600844462848705E-03  1.610762363384487E-03  1.620848400739635E-03
  1.606801726940824E-03  1.616915151704075E-03  1.627187522450862E-03
  1.613102486639804E-03  1.623397414414167E-03  1.633841519618467E-03
  1.619729591500893E-03  1.630191128944976E-03  1.640791491262685E-03
  1.626664148615307E-03  1.637276494801601E-03  1.648016725225590E-03
  1.633885466358335E-03  1.644631896148219E-03  1.655494681309236E-03
  1.641370969796940E-03  1.652233828210020E-03  1.663200931083816E-03
  1.649096133505408E-03  1.660056835216209E-03  1.671109102356585E-03
  1.657034451451006E-03  1.668073485775664E-03  1.679190860227536E-03
  1.665157436640693E-03  1.676254382245432E-03  1.687415925907667E-03
  1.673434636502303E-03  1.684568189640546E-03  1.695752119130089E-03
  1.681833658903747E-03  1.692981676621505E-03  1.704165414449662E-03
  1.690320214152514E-03  1.701459772226585E-03  1.712620013111396E-03
  1.698858181149704E-03  1.709965646405395E-03  1.721078438123435E-03
  1.707409702560523E-03  1.718460819856817E-03  1.729501658628532E-03
  1.715935309637130E-03  1.726905304146270E-03  1.737849244975385E-03
  1.724394076122364E-03  1.735257771232359E-03  1.746079553374219E-03
  1.732743801216848E-03  1.743475751767494E-03  1.754149938950728E-03
  1.740941222497307E-03  1.751515862579354E-03  1.762016997010425E-03
  1.748942259174835E-03  1.759334063392369E-03  1.769636832251763E-03
  1.756702285124205E-03  1.766885941937224E-03  1.776965354795549E-03
  1.764176430096809E-03  1.774127025510658E-03  1.783958600724148E-03
  1.771319906387783E-03  1.781013115933217E-03  1.790573073804801E-03
  1.778088357862063E-03  1.787500644320880E-03  1.796766104374057E-03
  1.784438227387079E-03  1.793547041474860E-03  1.802496220889759E-03
  1.790327138015229E-03  1.799111118825596E-03  1.807723528794518E-03
  1.795714282543489E-03  1.804153454381097E-03  1.812410090955067E-03
  1.800560815350443E-03  1.808636777397354E-03  1.816520303245555E-03
  1.804830239756593E-03  1.812526344924163E-03  1.820021258445070E-03
  1.808488783716750E-03  1.815790303048109E-03  1.822883091267987E-03
  1.811505756592024E-03  1.818400025600812E-03  1.825079297423853E-03
  1.813853879636928E-03  1.820330423209254E-03  1.826587019851737E-03
  1.815509583057762E-03  1.821560215846537E-03  1.827387295638353E-03
  1.816453262706681E-03  1.822072162381652E-03  1.827465257585139E-03
  1.816669490061430E-03  1.821853241270778E-03  1.826810285135296E-03
  1.816147169981752E-03  1.820894777490491E-03  1.825416100365615E-03
  1.814879641971170E-03  1.819192512089330E-03  1.823280806098049E-03
  1.812864721643136E-03  1.816746611812287E-03  1.820406864332172E-03
  1.810104680586968E-03  1.813561617729508E-03  1.816801014668613E-03
  1.806606164124063E-03  1.809646333134891E-03  1.812474133740990E-03
  1.802380048149800E-03  1.805013652635349E-03  1.807441038258911E-03
  1.797441237669029E-03  1.799680335697985E-03  1.801720235552971E-03
  1.791808411164484E-03  1.793666729461451E-03  1.795333627011674E-03
  1.785503716268854E-03  1.786996446715384E-03  1.788306170727238E-03
  1.778552423369799E-03  1.779696006136148E-03  1.780665510757909E-03
  1.770982544861622E-03  1.771794442666687E-03  1.772441581083426E-03
  1.762824428491531E-03  1.763322896641380E-03  1.763666192840799E-03
  1.754110333613157E-03  1.754314190440580E-03  1.754372613610757E-03
  1.744873999467945E-03  1.744802401619792E-03  1.744595147386292E-03
  1.735150214307901E-03  1.734822440967712E-03  1.734368723350177E-03
  1.724974394039061E-03  1.724409643803431E-03  1.723728501289660E-03
  1.714382178361441E-03  1.713599381939092E-03  1.712709500533583E-03
  1.703409051387029E-03  1.702426702715949E-03  1.701346258220911E-03
  1.692089992706037E-03  1.690926000471606E-03  1.689672521641549E-03
  1.680459163753798E-03  1.679130724588324E-03  1.677720978133935E-03
  1.668549633136897E-03  1.667073127175353E-03  1.665523024968345E-03
  1.656393143230944E-03  1.654784052058083E-03  1.653108580301522E-03
  1.644019919130104E-03  1.642292765599521E-03  1.640505935212477E-03
  1.631458519808152E-03  1.629626828739238E-03  1.627741645774418E-03
  1.618735730320689E-03  1.616812008624806E-03  1.614840463117054E-03
  1.605876492926743E-03  1.603872227375921E-03  1.601825298737443E-03
  1.592903874380383E-03  1.590829545029907E-03  1.588717221949041E-03
  1.579839065800639E-03  1.577704172877378E-03  1.575535485523758E-03
  1.566701411304620E-03  1.564514513335089E-03  1.562297575649991E-03
  1.553508461072502E-03  1.551277222027682E-03  1.549019281934771E-03
  1.540276044731565E-03  1.538007287995803E-03  1.535714783441011E-03
  1.527018360856723E-03  1.524718127999014E-03  1.522396746861690E-03
  1.513748078513606E-03  1.511421690978469E-03  1.509076433101310E-03
  1.500476446973229E-03  1.498128569050842E-03  1.495763808842445E-03
  1.487213410174262E-03  1.484848111789229E-03  1.482467660089595E-03
  1.473967722955840E-03  1.471588541054279E-03  1.469195705139764E-03
  1.460747066419333E-03  1.458357063956384E-03  1.455954704777363E-03
  1.447558160142948E-03  1.445159981903569E-03  1.442750567946155E-03
  1.434406869584934E-03  1.432002794297594E-03  1.429588451548840E-03
  1.421298307263632E-03  1.418890295614975E-03  1.416472853377583E-03
  1.408236926798443E-03  1.405826665137932E-03  1.403407697514821E-03
  1.395226609174980E-03  1.392815548838553E-03  1.390396411899525E-03
  1.382270740978266E-03  1.379860133299100E-03  1.377441998008555E-03
  1.369372284479342E-03  1.366963211621231E-03  1.364547092725776E-03
  1.356533839694166E-03  1.354127241540951E-03  1.351714022649427E-03
  1.343757698875576E-03  1.341354396233988E-03  1.338944851371667E-03
  1.331045893752476E-03  1.328646608170178E-03  1.326241420124216E-03
  1.318400236179624E-03  1.316005606728596E-03  1.313605382516258E-03
  1.305822352638117E-03  1.303432949975578E-03  1.301038233749305E-03
  1.293313713314664E-03  1.290930051350919E-03  1.288541335073540E-03
  1.280875656336000E-03  1.278498201821445E-03  1.276115934002059E-03
  1.268509407763035E-03  1.266138588088734E-03  1.263763180858889E-03
  1.256216097987962E-03  1.253852307476906E-03  1.251484142276613E-03
  1.243996775017584E-03  1.241640379938069E-03  1.239279812035831E-03
  1.231852415171312E-03  1.229503757701064E-03  1.227151119748156E-03
  1.219783931598274E-03  1.217443332930712E-03  1.215098937739755E-03
  1.207792180980397E-03  1.205459943729599E-03  1.203124086419801E-03
  1.195877968613475E-03  1.193554378676307E-03  1.191227338327431E-03
  1.184042052331161E-03  1.181727380313355E-03  1.179409421232405E-03
  1.172285145569900E-03  1.169979647862936E-03  1.167671020548133E-03
  1.160607919997169E-03  1.158311839620085E-03  1.156012781508287E-03
  1.149011007904149E-03  1.146724575135106E-03  1.144435311162034E-03
  1.137495004253139E-03  1.135218437138839E-03  1.132939180212965E-03
  1.126060468134867E-03  1.123793972910158E-03  1.121524924290609E-03
  1.114707923318611E-03  1.112451694748434E-03  1.110193044372935E-03
  1.103437857922271E-03  1.101192079609915E-03  1.098944006385161E-03
  1.092250724007086E-03  1.090015568682796E-03  1.087778240764302E-03
  1.081146938068563E-03  1.078922567845343E-03  1.076696142895112E-03
  1.070126883446115E-03  1.067913450079110E-03  1.065698075518943E-03
  1.059190914458393E-03  1.056988559597176E-03  1.054784372862120E-03
  1.048339360742821E-03  1.046148216191101E-03  1.043955344990774E-03
  1.037572529131902E-03  1.035392717119344E-03  1.033211279710052E-03
  1.026890701121821E-03  1.024722334595464E-03  1.022552440081843E-03
  1.016294126136022E-03  1.014137309075003E-03  1.011979057709860E-03
  1.005783013814183E-03  1.003637841502156E-03  1.001491324972800E-03
  9.953575305641446E-04  9.932240898776817E-04  9.910893915825775E-04
  9.850178053507834E-04  9.828961750012332E-04  9.807733702981442E-04
  9.747639445980593E-04  9.726541953833348E-04  9.705433518306739E-04
  9.645960537242430E-04  9.624982487675159E-04  9.603994263708253E-04
  9.545142497894148E-04  9.524284448087483E-04  9.503416962897725E-04
  9.445186736150519E-04  9.424449171148302E-04  9.403702881023079E-04
  9.346094520047433E-04  9.325477856519812E-04  9.304853150614589E-04
  9.247867360442998E-04  9.227371944321887E-04  9.206869142270682E-04
  9.150505210390915E-04  9.130131328522059E-04  9.109750691896804E-04
  9.054010954902144E-04  9.033758804353439E-04  9.013500506272040E-04
  8.958380702401827E-04  8.938250448075796E-04  8.918114630246304E-04
  8.863635744153945E-04  8.843627279523548E-04  8.823613815347542E-04
  8.769746107613150E-04  8.749859555497878E-04  8.729968545996448E-04
  2.009139631856587E-03  1.994097265030549E-03  1.979550129333213E-03
  2.010302974873508E-03  1.995225413887010E-03  1.980643599927287E-03
  2.010885476203175E-03  1.995790300975268E-03  1.981191131037367E-03
  2.010885476203175E-03  1.995790300975268E-03  1.981191131037367E-03
  2.010302974873508E-03  1.995225413887010E-03  1.980643599927287E-03
  2.009139631856587E-03  1.994097265030549E-03  1.979550129333213E-03
  2.007398760139779E-03  1.992409098825199E-03  1.977913896375277E-03
  2.005085313599332E-03  1.990165766536300E-03  1.975739651602216E-03
  2.002205868507275E-03  1.987373708103714E-03  1.973033701148844E-03
  1.998768599208786E-03  1.984040928274714E-03  1.969803883304365E-03
  1.994783248125940E-03  1.980176967223185E-03  1.966059539722595E-03
  1.990261090256530E-03  1.975792865776854E-03  1.961811481343074E-03
  1.985214892269417E-03  1.970901125353122E-03  1.957071949139763E-03
  1.979658866382537E-03  1.965515662743065E-03  1.951854569764591E-03
  1.973608619207705E-03  1.959651759924228E-03  1.946174306316662E-03
  1.967081095817640E-03  1.953326009182791E-03  1.940047404436976E-03
  1.960094519207813E-03  1.946556253646475E-03  1.933491333943215E-03
  1.952668325553122E-03  1.939361523718891E-03  1.926524726348143E-03
  1.944823095406492E-03  1.931761969485904E-03  1.919167308481386E-03
  1.936580481137971E-03  1.923778789449118E-03  1.911439832479152E-03
  1.927963130966653E-03  1.915434155882872E-03  1.903364002450399E-03
  1.918994609850874E-03  1.906751137095539E-03  1.894962398108433E-03
  1.909699317627571E-03  1.897753616987609E-03  1.886258395740691E-03
  1.900102404780735E-03  1.888466212265720E-03  1.877276086898748E-03
  1.890229686170451E-03  1.878914187718417E-03  1.868040195208282E-03
  1.880107552913220E-03  1.869123369753276E-03  1.858575991613841E-03
  1.869762882833403E-03  1.859120058596712E-03  1.848909208336519E-03
  1.859222949708861E-03  1.848930939360132E-03  1.839065951827179E-03
  1.848515332406357E-03  1.838582992974274E-03  1.829072615569958E-03
  1.837667824840361E-03  1.828103407952533E-03  1.818955793681565E-03
  1.826708347189603E-03  1.817519493647690E-03  1.808742196194786E-03
  1.815664857670746E-03  1.806858594527460E-03  1.798458565768190E-03
  1.804565263237771E-03  1.796148003849205E-03  1.788131594263871E-03
  1.793437329433076E-03  1.785414876340022E-03  1.777787838359827E-03
  1.782308593680526E-03  1.774686143238011E-03  1.767453636581094E-03
  1.771206289479516E-03  1.763988436821590E-03  1.757155034300937E-03
  1.760157285544269E-03  1.753348029905858E-03  1.746917723271600E-03
  1.749188031439411E-03  1.742790784815024E-03  1.736766992925768E-03
  1.738324488185130E-03  1.732342092168651E-03  1.726727676226426E-03
  1.727592025117970E-03  1.722026777892352E-03  1.716824066801043E-03
  1.717015296630352E-03  1.711868983349388E-03  1.707079804455446E-03
  1.706618158939108E-03  1.701892070049280E-03  1.697517771030520E-03
  1.696423703230362E-03  1.692118627392521E-03  1.688160074081750E-03
  1.686454417034901E-03  1.682570615781932E-03  1.679028167600013E-03
  1.676732346401163E-03  1.673269548202036E-03  1.670143043098319E-03
  1.667279016028107E-03  1.664236480756966E-03  1.661525281182996E-03
  1.658114926401094E-03  1.655491598055333E-03  1.653194727021947E-03
  1.649258763421999E-03  1.647053447868246E-03  1.645169770314795E-03
  1.640726887955271E-03  1.638938312919266E-03  1.637466631196198E-03
  1.632533856866749E-03  1.631160475941341E-03  1.630099389466405E-03
  1.624694300278183E-03  1.623733846414211E-03  1.623081341204768E-03
  1.617225431601997E-03  1.616674465297451E-03  1.616427429712412E-03
  1.610148359869082E-03  1.610002236815831E-03  1.610156307954617E-03
  1.603486137324954E-03  1.603739752285455E-03  1.604289890549298E-03
  1.597257770498433E-03  1.597907048055664E-03  1.598848909149262E-03
  1.591469957818815E-03  1.592513512608065E-03  1.593845145449692E-03
  1.586110697614644E-03  1.587550720894067E-03  1.589273686016173E-03
  1.581149349376331E-03  1.582990921080516E-03  1.585109949479396E-03
  1.576545299774208E-03  1.578794028487736E-03  1.581314948868217E-03
  1.572262951420921E-03  1.574921778481249E-03  1.577848373121998E-03
  1.568286772339332E-03  1.571353382042607E-03  1.574684548433786E-03
  1.564629224056408E-03  1.568095347665742E-03  1.571823955512904E-03
  1.561327488359454E-03  1.565180486948953E-03  1.569294537112150E-03
  1.558430498373460E-03  1.562656452711305E-03  1.567141980439107E-03
  1.555982633443438E-03  1.560569436995972E-03  1.565413735726178E-03
  1.554011710520602E-03  1.558950777297141E-03  1.564144457945940E-03
  1.552525981236081E-03  1.557812034598503E-03  1.563349180051905E-03
  1.551519698717728E-03  1.557149146612580E-03  1.563025880476641E-03
  1.550982626140908E-03  1.556951635281338E-03  1.563164155311115E-03
  1.550907883077366E-03  1.557211157075677E-03  1.563754315889385E-03
  1.551294783328313E-03  1.557925418320591E-03  1.564792370613864E-03
  1.552146874428158E-03  1.559096984359867E-03  1.566279707135541E-03
  1.553467895724460E-03  1.560729376244835E-03  1.568219454780722E-03
  1.555258625991977E-03  1.562823558120067E-03  1.570612682404034E-03
  1.557516057813797E-03  1.565376632853230E-03  1.573456606515563E-03
  1.560234460431493E-03  1.568382631136034E-03  1.576745050959243E-03
  1.563406925468915E-03  1.571834074653479E-03  1.580469975967213E-03
  1.567026230681432E-03  1.575723023542219E-03  1.584622692697812E-03
  1.571084736144815E-03  1.580041140127901E-03  1.589194110384294E-03
  1.575573752614468E-03  1.584779107605537E-03  1.594174230972072E-03
  1.580482977676653E-03  1.589926015401287E-03  1.599551498655211E-03
  1.585800296612492E-03  1.595469085327655E-03  1.605312450289381E-03
  1.591511870957235E-03  1.601393723341067E-03  1.611441721154860E-03
  1.597602274255048E-03  1.607683666734630E-03  1.617922196425623E-03
  1.604054508379716E-03  1.614321033076338E-03  1.624735092166162E-03
  1.610849893465546E-03  1.621286234622860E-03  1.631859898178706E-03
  1.617967920103933E-03  1.628557837221955E-03  1.639274247651283E-03
  1.625386142597497E-03  1.636112450973267E-03  1.646953806790977E-03
  1.633080130792066E-03  1.643924682513299E-03  1.654872227111558E-03
  1.641023453904384E-03  1.651967127637326E-03  1.663001146041435E-03
  1.649187668063568E-03  1.660210373353475E-03  1.671310203544992E-03
  1.657542302043261E-03  1.668622999038325E-03  1.679767059488744E-03
  1.666054853646819E-03  1.677171586878801E-03  1.688337419002345E-03
  1.674690810864500E-03  1.685820756398968E-03  1.696985080814160E-03
  1.683413703624481E-03  1.694533230499119E-03  1.705672017619378E-03
  1.692185185053113E-03  1.703269932605047E-03  1.714358488936212E-03
  1.700965140541395E-03  1.711990112627419E-03  1.723003183759223E-03
  1.709711825291561E-03  1.720651501567842E-03  1.731563391946286E-03
  1.718382033010106E-03  1.729210496865692E-03  1.739995205765052E-03
  1.726931297704299E-03  1.737622380245043E-03  1.748253753105444E-03
  1.735314129228064E-03  1.745841568511314E-03  1.756293462612496E-03
  1.743484281701865E-03  1.753821896090981E-03  1.764068359213696E-03
  1.751395053169501E-03  1.761516927273845E-03  1.771532387631977E-03
  1.758999614365718E-03  1.768880295511322E-03  1.778639760732586E-03
  1.766251363912948E-03  1.775866066689002E-03  1.785345329187268E-03
  1.773104306148725E-03  1.782429122153262E-03  1.791604967911979E-03
  1.779513447203991E-03  1.788525556802101E-03  1.797375974223741E-03
  1.785435203820184E-03  1.794113086418424E-03  1.802617471677583E-03
  1.790827818359680E-03  1.799151457539229E-03  1.807290812754650E-03
  1.795651773104095E-03  1.803602852691881E-03  1.811359973023331E-03
  1.799870196359102E-03  1.807432283475667E-03  1.814791929259162E-03
  1.803449252733870E-03  1.810607963860898E-03  1.817557013955832E-03
  1.806358509618573E-03  1.813101655925362E-03  1.819629238710406E-03
  1.808571271808082E-03  1.814888980275413E-03  1.820986579048849E-03
  1.810064876423626E-03  1.815949683661058E-03  1.821611213685042E-03
  1.810820941031000E-03  1.816267857182012E-03  1.821489712069219E-03
  1.810825558719968E-03  1.815832099408634E-03  1.820613165228471E-03
  1.810069434815712E-03  1.814635619840868E-03  1.818977256003182E-03
  1.808547961015802E-03  1.812676279262393E-03  1.816582266101551E-03
  1.806261224260507E-03  1.809956565067394E-03  1.813433018768738E-03
  1.803213949210702E-03  1.806483501269069E-03  1.809538757588875E-03
  1.799415374777896E-03  1.802268494440157E-03  1.804912963504038E-03
  1.794879066961189E-03  1.797327118637089E-03  1.799573113758549E-03
  1.789622671699221E-03  1.791678843662183E-03  1.793540387808397E-03
  1.783667613042594E-03  1.785346712618471E-03  1.786839326653248E-03
  1.777038743437576E-03  1.778356975944510E-03  1.779497453171260E-03
  1.769763954065707E-03  1.770738690278416E-03  1.771544862056274E-03
  1.761873753937317E-03  1.762523291017595E-03  1.763013788377861E-03
  1.753400827205970E-03  1.753744148052304E-03  1.753938164132865E-03
  1.744379578240853E-03  1.744436114074187E-03  1.744353172024856E-03
  1.734845674463888E-03  1.734635075174161E-03  1.734294805787243E-03
  1.724835596312967E-03  1.724377512663711E-03  1.723799445568521E-03
  1.714386203064716E-03  1.713700084430822E-03  1.712903456127291E-03
  1.703534322347523E-03  1.702639232936943E-03  1.701642814359572E-03
  1.692316370205225E-03  1.691230826133087E-03  1.690052771665724E-03
  1.680768007401919E-03  1.679509836181923E-03  1.678167555410422E-03
  1.668923836377607E-03  1.667510059796747E-03  1.666020112584557E-03
  1.656817141533909E-03  1.655263882160441E-03  1.653641897022121E-03
  1.644479674457230E-03  1.642802085453497E-03  1.641062700603860E-03
  1.631941484215822E-03  1.630153701494257E-03  1.628310527424406E-03
  1.619230791843179E-03  1.617345907157889E-03  1.615411509154607E-03
  1.606373907133974E-03  1.604403960316928E-03  1.602389859002872E-03
  1.593395184696758E-03  1.591351173004164E-03  1.589267860788622E-03
  1.580317015669898E-03  1.578208917929838E-03  1.576065889031388E-03
  1.567159850935253E-03  1.564996664169633E-03  1.562802455921932E-03
  1.553942251516699E-03  1.551732037637856E-03  1.549494280696342E-03
  1.540680961667141E-03  1.538430901907273E-03  1.536156377108233E-03
  1.527390999994551E-03  1.525107454893854E-03  1.522802154683012E-03
  1.514085764196384E-03  1.511774337136633E-03  1.509443529649126E-03
  1.500777145264430E-03  1.498442747727420E-03  1.496091041863951E-03
  1.487475647469375E-03  1.485122564416127E-03  1.482753974394040E-03
  1.474190510780903E-03  1.471822464797263E-03  1.469440472965577E-03
  1.460929832761488E-03  1.458550045918912E-03  1.456157662903082E-03
  1.447700687526539E-03  1.445311940068704E-03  1.442911761453804E-03
  1.434509239781857E-03  1.432113925016407E-03  1.429708184066929E-03
  1.421360852498860E-03  1.418961027447416E-03  1.416551643480914E-03
  1.408260187117485E-03  1.405857618687317E-03  1.403446240962621E-03
  1.395211295613129E-03  1.392807502180923E-03  1.390395549231291E-03
  1.382217704006892E-03  1.379813992485350E-03  1.377402687011150E-03
  1.369282487153928E-03  1.366879985650505E-03  1.364470385150366E-03
  1.356408335175658E-03  1.354008021480553E-03  1.351601044840021E-03
  1.343597611654982E-03  1.341200337826891E-03  1.338796788186981E-03
  1.330852404179328E-03  1.328458917568419E-03  1.326059501785749E-03
  1.318174567755605E-03  1.315785528793152E-03  1.313390873855037E-03
  1.305565761687827E-03  1.303181758802351E-03  1.300792425527580E-03
  1.293027480641800E-03  1.290649042617840E-03  1.288265536975728E-03
  1.280561080605006E-03  1.278188686740795E-03  1.275811469102483E-03
  1.268167800209554E-03  1.265801888592677E-03  1.263431381251322E-03
  1.255848778205548E-03  1.253489752370825E-03  1.251126345567267E-03
  1.243605067633291E-03  1.241253301878892E-03  1.238897358586678E-03
  1.231437647201744E-03  1.229093490771389E-03  1.226745350454704E-03
  1.219347430354747E-03  1.217011210728415E-03  1.214671192294279E-03
  1.207335272381863E-03  1.205007297825287E-03  1.202675701886160E-03
  1.195401975907643E-03  1.193082537434136E-03  1.190759648060721E-03
  1.183548295136286E-03  1.181237668001788E-03  1.178923754047914E-03
  1.171774939147402E-03  1.169473384001309E-03  1.167168700136606E-03
  1.160082574658625E-03  1.157790338415653E-03  1.155495125898314E-03
  1.148471828294850E-03  1.146189144820206E-03  1.143903632108476E-03
  1.136943288498741E-03  1.134670379135966E-03  1.132394782377469E-03
  1.125497506941616E-03  1.123234580947946E-03  1.120969104372161E-03
  1.114134999353060E-03  1.111882254253095E-03  1.109627090504345E-03
  1.102856245882903E-03  1.100613867798915E-03  1.098369198262402E-03
  1.091661691423482E-03  1.089429855364825E-03  1.087195850430412E-03
  1.080551746381788E-03  1.078330616520741E-03  1.076107435871030E-03
  1.069526788479128E-03  1.067316518420225E-03  1.065104311291067E-03
  1.058587165284097E-03  1.056387898327191E-03  1.054186803766301E-03
  1.047733196578318E-03  1.045545065995014E-03  1.043355213153041E-03
  1.036965175465786E-03  1.034788304789981E-03  1.032609813200396E-03
  1.026283367309374E-03  1.024117870615662E-03  1.021950850480460E-03
  1.015688007020403E-03  1.013533989217333E-03  1.011378541698971E-03
  1.005179296581156E-03  1.003036853701217E-03  1.000893071213830E-03
  9.947574055341473E-04  9.926266250129970E-04  9.904945914927276E-04
  9.844224760815836E-04  9.823034370137621E-04  9.801832281922068E-04
  9.741746323111549E-04  9.720674057326952E-04  9.699590893954089E-04
  9.640139898032308E-04  9.619186389364072E-04  9.598222751884015E-04
  9.539406618280933E-04  9.518572423418213E-04  9.497728838484383E-04
  9.439547564604753E-04  9.418833167096212E-04  9.398110089566828E-04
  9.340563730586714E-04  9.319969542574022E-04  9.299367357051713E-04
  9.242455878877387E-04  9.221982242935192E-04  9.201501265621808E-04
  9.145224815225861E-04  9.124872002740818E-04  9.104512479843785E-04
  9.048870604565769E-04  9.028638820938618E-04  9.008400933816002E-04
  8.953391261654347E-04  8.933280666673139E-04  8.913164552075927E-04
  8.858760624618678E-04  8.838771569689588E-04  8.818777554490007E-04
