  7.521579784072915E+00  7.511054667653142E+00  7.500519467651962E+00

 -1.866689991588282E-05  1.143553079264266E-05  4.194332470731050E-05
 -1.255572774445817E-04 -9.637034613319840E-05 -6.682688274665212E-05
 -2.286374827688995E-04 -2.001498898363924E-04 -1.713572967008576E-04
 -2.121516863415330E-05  8.854690210976477E-06  3.932971565553068E-05
 -1.278434389683885E-04 -9.868353026412520E-05 -6.916753617832100E-05
 -2.306276873309469E-04 -2.021585009877803E-04 -1.733847709464204E-04
 -2.291499365752153E-05  7.127764845078009E-06  3.757547506277566E-05
 -1.292208613131365E-04 -1.000806106225220E-04 -7.058459561396234E-05
 -2.316961202950944E-04 -2.032380953735907E-04 -1.744757840744813E-04
 -2.291499365752153E-05  7.127764845078009E-06  3.757547506277566E-05
 -1.292208613131365E-04 -1.000806106225220E-04 -7.058459561396234E-05
 -2.316961202950944E-04 -2.032380953735907E-04 -1.744757840744813E-04
 -2.121516863415330E-05  8.854690210976477E-06  3.932971565553068E-05
 -1.278434389683885E-04 -9.868353026412520E-05 -6.916753617832100E-05
 -2.306276873309469E-04 -2.021585009877803E-04 -1.733847709464204E-04
 -1.866689991588282E-05  1.143553079264266E-05  4.194332470731050E-05
 -1.255572774445817E-04 -9.637034613319840E-05 -6.682688274665212E-05
 -2.286374827688995E-04 -2.001498898363924E-04 -1.713572967008576E-04
 -1.544388758778350E-05  1.469266301608689E-05  4.523480527621379E-05
 -1.225317146561983E-04 -9.331468374415352E-05 -6.374056362916573E-05
 -2.258565327366552E-04 -1.973467397207492E-04 -1.685313151258582E-04
 -1.162194724508329E-05  1.854934751054817E-05  4.912661844543811E-05
 -1.188575181135347E-04 -8.960917849854498E-05 -6.000301774896373E-05
 -2.223753524592643E-04 -1.938417150283315E-04 -1.650016101736168E-04
 -7.241183300207486E-06  2.296570051840181E-05  5.357921964508634E-05
 -1.145886154220374E-04 -8.530835308300995E-05 -5.566927239112802E-05
 -2.182564737413052E-04 -1.896984548532633E-04 -1.608328623771656E-04
 -2.326306415154634E-06  2.791781196983332E-05  5.856959942587890E-05
 -1.097605069750599E-04 -8.044753170932095E-05 -5.077438020238230E-05
 -2.135446359616184E-04 -1.849620134098943E-04 -1.560703573281773E-04
  3.107335983871459E-06  3.339144837831293E-05  6.408470921441051E-05
 -1.043974490293153E-04 -7.505029251848736E-05 -4.534115794992346E-05
 -2.082725301890708E-04 -1.796647979695360E-04 -1.507461351630588E-04
  9.051484605462980E-06  3.937961339454789E-05  7.011885328828580E-05
 -9.851547416982633E-05 -6.913166840203893E-05 -3.938357879193654E-05
 -2.024637322680178E-04 -1.738296656103282E-04 -1.448822653242402E-04
  1.550374884674888E-05  4.588119764735771E-05  7.667220906637606E-05
 -9.212387386871711E-05 -6.269978095544840E-05 -3.290856273966884E-05
 -1.961342761333972E-04 -1.674716508259512E-04 -1.384927374421215E-04
  2.246661613879897E-05  5.289988686386084E-05  8.374963930685977E-05
 -8.522621081214526E-05 -5.575698235115437E-05 -2.591724758574141E-05
 -1.892937182388305E-04 -1.605991734680484E-04 -1.315848156817154E-04
  2.994643899431231E-05  6.044308282159225E-05  9.135955450654432E-05
 -7.782128393996934E-05 -4.830092047701493E-05 -1.840614936815683E-05
 -1.819461120228504E-04 -1.532151340279835E-04 -1.241602524139830E-04
  3.795241063242134E-05  6.852084891509142E-05  9.951283614486073E-05
 -6.990413691991703E-05 -4.032561150511662E-05 -1.036829218598949E-05
 -1.740910264202049E-04 -1.453180193072375E-04 -1.162164752374990E-04
  4.649562232471699E-05  7.714496741170842E-05  1.082219001474209E-04
 -6.146705410697327E-05 -3.182246452865305E-05 -1.794254555592687E-06
 -1.657245846415917E-04 -1.369029908313237E-04 -1.077477181178013E-04
  5.558828077934729E-05  8.632817654333147E-05  1.174999579687161E-04
 -5.250045668117122E-05 -2.278117782717423E-05  7.326939750749519E-06
 -1.568404414668439E-04 -1.279628781974270E-04 -9.874602461214979E-05
  6.524312031618187E-05  9.608361217141901E-05  1.273604898777196E-04
 -4.299363526081964E-05 -1.319045302735294E-05  1.700712959720663E-05
 -1.474306216602476E-04 -1.184890090150199E-04 -8.920206496929361E-05
  7.547300704379540E-05  1.064244429647487E-04  1.378169115835294E-04
 -3.293529272024970E-05 -3.038510660219042E-06  2.725852980261412E-05
 -1.374861743502723E-04 -1.084718408072479E-04 -7.910574314799632E-05
  8.629070896691560E-05  1.173636676715122E-04  1.488823980169228E-04
 -2.231390301837450E-05  7.686579300055480E-06  3.809342904832579E-05
 -1.269976338850583E-04 -9.790139445190016E-05 -6.844660216388949E-05
  9.770879544995277E-05  1.289140351419342E-04  1.605698226908893E-04
 -1.111791231748274E-05  1.899672070935605E-05  4.952403674074284E-05
 -1.159553047465885E-04 -8.676751318868238E-05 -5.721405762864943E-05
  1.097396276488606E-04  1.410880480859609E-04  1.728917733648330E-04
  6.641817604209392E-07  3.090373021094265E-05  6.156243889762504E-05
 -1.043494029073368E-04 -7.505998294631694E-05 -4.539749816621594E-05
  1.223954062090251E-04  1.538980173255541E-04  1.858606115089809E-04
  1.304383647547005E-05  4.341935510287073E-05  7.422062613585859E-05
 -9.217009042226728E-05 -6.276855208454970E-05 -3.298629164656509E-05
  1.356882487071613E-04  1.673561402454645E-04  1.994885505167521E-04
  2.603252394516294E-05  5.655533880637078E-05  8.751056324826665E-05
 -7.940743756148004E-05 -4.988288463189475E-05 -1.996973095512135E-05
  1.496302766326030E-04  1.814745843317740E-04  2.137877348329607E-04
  3.964181926234712E-05  7.032350941051512E-05  1.014442769299239E-04
 -6.605134116399812E-05 -3.639247492599488E-05 -6.336946255640868E-06
  1.642336974713086E-04  1.962655625266836E-04  2.287703077396614E-04
  5.388349770437991E-05  8.473587328322283E-05  1.160339447249749E-04
 -5.209142128679611E-05 -2.228654490482922E-05  7.923195897837411E-06
  1.795108724487029E-04  2.117413917527517E-04  2.444484600542987E-04
  6.876962810759528E-05  9.980470162135612E-05  1.312919738689417E-04
 -3.751691153326015E-05 -7.553938680661262E-06  2.282219272123407E-05
  1.954743642935160E-04  2.279145294881374E-04  2.608344550937357E-04
  8.431265428842974E-05  1.155426024387501E-04  1.472310631288845E-04
 -2.231655295797100E-05  7.816976308447562E-06  3.837199590239765E-05
  2.121369616767386E-04  2.447975856123237E-04  2.779406276467105E-04
  1.005254594727756E-04  1.319625735928332E-04  1.638642437809937E-04
 -6.478497839980402E-06  2.383839600840176E-05  5.458508796494666E-05
  2.295116789706835E-04  2.624033084444892E-04  2.957793561262943E-04
  1.174214099542589E-04  1.490780337492243E-04  1.812048973184688E-04
  1.000977084521743E-05  4.052314948965754E-05  7.147454030402505E-05
  2.476117291337363E-04  2.807445434411628E-04  3.143630069999263E-04
  1.350143734322694E-04  1.669028274391124E-04  1.992667466593069E-04
  2.716149751338629E-05  5.788474573164956E-05  8.905404779075915E-05
  2.664504669235534E-04  2.998341621102846E-04  3.337038494570009E-04
  1.533187075160037E-04  1.854511997541505E-04  2.180638166954399E-04
  4.499068346694142E-05  7.593739112534396E-05  1.073379336355255E-04
  2.860413001425838E-04  3.196849587373705E-04  3.538139379598985E-04
  1.723492168902906E-04  2.047377383952646E-04  2.376103612560304E-04
  6.351208738461696E-05  9.469597578768510E-05  1.263411213527953E-04
  3.063975691797560E-04  3.403095145905903E-04  3.747049618263744E-04
  1.921210839213115E-04  2.247772866214510E-04  2.579207588364961E-04
  8.274120612893047E-05  1.141760361346272E-04  1.460790793434811E-04
  3.275323999162514E-04  3.617200340436061E-04  3.963880656323402E-04
  2.126497815475933E-04  2.455848358042357E-04  2.790093852903015E-04
  1.026942489256345E-04  1.343937070906855E-04  1.665677511102217E-04
  3.494585358276157E-04  3.839281589974908E-04  4.188736470545069E-04
  2.339509709867009E-04  2.671754026058405E-04  3.008904704751405E-04
  1.233881048920942E-04  1.553656682461389E-04  1.878234789885979E-04
  3.721881480623157E-04  4.069447630270980E-04  4.421711358215707E-04
  2.560403686926304E-04  2.895638797836142E-04  3.235779322135559E-04
  1.448402745575749E-04  1.771090611495064E-04  2.098629050866623E-04
  3.957326080622357E-04  4.307797130501994E-04  4.662887449426004E-04
  2.789335490837994E-04  3.127648298239453E-04  3.470851603401945E-04
  1.670687138798118E-04  1.996413284587414E-04  2.327028040198127E-04
  4.201021990282660E-04  4.554415758245730E-04  4.912331733555166E-04
  3.026456568353366E-04  3.367921909691817E-04  3.714247179395714E-04
  1.900915615238011E-04  2.229799364124847E-04  2.563598022689063E-04
  4.453057567440416E-04  4.809372550057363E-04  5.170092421941926E-04
  3.271910498804401E-04  3.616589047552346E-04  3.966079581383739E-04
  2.139268003587007E-04  2.471420121131662E-04  2.808499975325288E-04
  4.713502709176882E-04  5.072715808757791E-04  5.436194782204954E-04
  3.525829592940132E-04  3.873765398162700E-04  4.226446185191076E-04
  2.385919944686878E-04  2.721440227868738E-04  3.061885881876173E-04
  4.982405198551808E-04  5.344469200198880E-04  5.710637046076544E-04
  3.788332698513006E-04  4.139550202698871E-04  4.495425016758987E-04
  2.641042389471165E-04  2.980016483549358E-04  3.323896710687106E-04
  5.259788033717118E-04  5.624628784300244E-04  5.993387174946836E-04
  4.059524313394888E-04  4.414024986519941E-04  4.773073067054199E-04
  2.904802813381805E-04  3.247298570318108E-04  3.594662616604096E-04
  5.545647481498923E-04  5.913160980124616E-04  6.284380711261693E-04
  4.339493191926728E-04  4.697252344838402E-04  5.059425151637072E-04
  3.177364800281907E-04  3.523429091561822E-04  3.874303242778412E-04
  5.839950192228600E-04  6.210000087243215E-04  6.583518638368356E-04
  4.628307129500028E-04  4.989271650046333E-04  5.354490446481156E-04
  3.458880997487392E-04  3.808537979808531E-04  4.162923452830688E-04
  6.142627017814760E-04  6.515043028439673E-04  6.890663013703278E-04
  4.926001572278870E-04  5.290088867206851E-04  5.658243574272239E-04
  3.749476998390362E-04  4.102727897582504E-04  4.460600403090464E-04
  6.453562535706892E-04  6.828139845733977E-04  7.205628541657829E-04
  5.232564055280454E-04  5.599661383221778E-04  5.970610144886894E-04
  4.049231047889177E-04  4.406053794572024E-04  4.767363478910727E-04
  6.772582895814272E-04  7.149081723600651E-04  7.528171057475018E-04
  5.547922257793287E-04  5.917884571408461E-04  6.291452313459488E-04
  4.358162507821768E-04  4.718508240634419E-04  5.083177176700032E-04
  7.099448485591097E-04  7.477592400328858E-04  7.857978040947036E-04
  5.871945858667197E-04  6.244590337933259E-04  6.620564352252659E-04
  4.676243096437024E-04  5.040027272074269E-04  5.407941873620911E-04
  7.433858372154729E-04  7.813330280392758E-04  8.194668574412790E-04
  6.204466646162204E-04  6.579564022203680E-04  6.957686146461052E-04
  5.003433129306265E-04  5.370522440419256E-04  5.741521123179143E-04
  7.775467752144063E-04  8.155904156794857E-04  8.537807078723171E-04
  6.545307468669853E-04  6.922573443798517E-04  7.302531477419631E-04
  5.339722936757152E-04  5.709923999314149E-04  6.083785145243625E-04
  8.123908850550088E-04  8.504895335695146E-04  8.886925940501043E-04
  6.894295935596305E-04  7.273388470148413E-04  7.654812290118253E-04
  5.685140778994945E-04  6.058199204508547E-04  6.434637877232524E-04
  8.478796130072950E-04  8.859868446735553E-04  9.241541070732191E-04
  7.251235299518552E-04  7.631762809317298E-04  8.014230715757465E-04
  6.039690789990487E-04  6.415306462224899E-04  6.793986782488583E-04
  8.839696830720093E-04  9.220350819698828E-04  9.601139736566681E-04
  7.615821253613096E-04  7.997361858795736E-04  8.380418558819286E-04
  6.403216677217591E-04  6.781072410594691E-04  7.161634836658055E-04
  9.206062478579592E-04  9.585772020424463E-04  9.965128724140310E-04
  7.987526025191228E-04  8.369650804546069E-04  8.752831411327850E-04
  6.775237757410443E-04  7.155028111450642E-04  7.537120287552065E-04
  9.577141670300551E-04  9.955378623688837E-04  1.033275268417461E-03
  8.365502773385541E-04  8.747790834953174E-04  9.130639308202793E-04
  7.154843132145587E-04  7.536284944970878E-04  7.919577963157279E-04
  9.951915586640337E-04  1.032816247145796E-03  1.070301702467146E-03
  8.748571259237063E-04  9.130605579453714E-04  9.512675692553190E-04
  7.540725359989068E-04  7.923536911117017E-04  8.307711881730803E-04
  1.032909981590472E-03  1.070284756704662E-03  1.107466098911926E-03
  9.135317554030964E-04  9.516658936093615E-04  9.897492959050607E-04
  7.931376836818585E-04  8.315227752396455E-04  8.699931244939620E-04
  1.070723241410270E-03  1.107796209932376E-03  1.144621312756296E-03
  9.524285569447530E-04  9.904433949204316E-04  1.028352592560994E-03
  8.325385416696816E-04  8.709836759856376E-04  9.094621450707086E-04
  1.108482759055535E-03  1.145198350496638E-03  1.181612556620241E-03
  9.914185813328156E-04  1.029254667953383E-03  1.066930694352295E-03
  8.721700552196180E-04  9.106163341049695E-04  9.490441474635423E-04
  1.146053848924792E-03  1.182350569539933E-03  1.218294280711425E-03
  1.030402953796330E-03  1.067990278024399E-03  1.105364194167187E-03
  9.119741561725470E-04  9.503475595744123E-04  9.886509647063992E-04
  1.183326300545093E-03  1.219136154346798E-03  1.254543874737492E-03
  1.069312844435853E-03  1.106572696308352E-03  1.143566923668296E-03
  9.519292677757583E-04  9.901448467415656E-04  1.028238616379373E-03
  1.220215121961389E-03  1.255465188565781E-03  1.290266693241143E-03
  1.108096574144398E-03  1.144945701194948E-03  1.181477881165127E-03
  9.920236693497964E-04  1.029992215573383E-03  1.067786120921869E-03
  1.256651948919115E-03  1.291267619062924E-03  1.325390938093306E-03
  1.146700662389340E-03  1.183056016801468E-03  1.219043826823272E-03
  1.032225836487118E-03  1.069860108613633E-03  1.107265529570983E-03
  1.292571893108068E-03  1.326480562926172E-03  1.359855675125782E-03
  1.185053989619559E-03  1.220836290793341E-03  1.256201368915095E-03
  1.072465459230448E-03  1.109683584791699E-03  1.146617640157131E-03
  1.327902186938368E-03  1.361036163996881E-03  1.393598105849417E-03
  1.223061641392101E-03  1.258196829873618E-03  1.292866661623018E-03
  1.112632090576225E-03  1.149357512558281E-03  1.185743681056961E-03
  1.362557232857337E-03  1.394855174508688E-03  1.426545738001699E-03
  1.260609332160041E-03  1.295028188598494E-03  1.328936000324939E-03
  1.152588731716315E-03  1.188747915066419E-03  1.224514045711884E-03
  1.396440894064187E-03  1.427847898291164E-03  1.458615884721668E-03
  1.297574102988553E-03  1.331211134330381E-03  1.364294787011874E-03
  1.192190909015207E-03  1.227710904094855E-03  1.262786644923393E-03
  1.429453375743405E-03  1.459920411828036E-03  1.489721052961643E-03
  1.333835053389234E-03  1.366627811026548E-03  1.398828909848696E-03
  1.231301318755553E-03  1.266108851837308E-03  1.300424342218895E-03
  1.461498645823852E-03  1.490982089452794E-03  1.519776427049717E-03
  1.369279645843300E-03  1.401169059017477E-03  1.432433008660336E-03
  1.269795047798297E-03  1.303817566587299E-03  1.337304089224085E-03
  1.492489330620633E-03  1.520951027112038E-03  1.548705765064272E-03
  1.403804791538956E-03  1.434736352184509E-03  1.465013330437682E-03
  1.307556783332474E-03  1.340724717545016E-03  1.373316755464014E-03
  1.522348276424052E-03  1.549756090005424E-03  1.576443965982092E-03
  1.437314939331282E-03  1.467240130848535E-03  1.496486424649042E-03
  1.344475277805537E-03  1.376724336757638E-03  1.408361873626514E-03
  1.551007916242571E-03  1.577336426789748E-03  1.602936804370241E-03
  1.469720200670734E-03  1.498597594046592E-03  1.526776684002010E-03
  1.380440064483646E-03  1.411712743873526E-03  1.442342865670773E-03
  1.578409233769308E-03  1.603640230237974E-03  1.628139545690299E-03
  1.500936333669006E-03  1.528732117641553E-03  1.555815203099848E-03
  1.415342349384460E-03  1.445588520767708E-03  1.475166056113653E-03
  1.604501525603882E-03  1.628624132579765E-03  1.652015991635006E-03
  1.530886539484912E-03  1.557574602039962E-03  1.583540631075304E-03
  1.449078817610638E-03  1.478255796107336E-03  1.506743323713244E-03
  1.629243097164405E-03  1.652253580562637E-03  1.674538519068097E-03
  1.559503847016426E-03  1.585065669179258E-03  1.609901130092458E-03
  1.481555757861626E-03  1.509628327991935E-03  1.536996052875941E-03
  1.652602291717984E-03  1.674503690698196E-03  1.695688740370489E-03
  1.586732862856092E-03  1.611157409763731E-03  1.634856100083536E-03
  1.512691624674179E-03  1.539632252000993E-03  1.565858045838186E-03
  1.674558171806697E-03  1.695359878035149E-03  1.715458073524017E-03
  1.612530417233967E-03  1.635814047950775E-03  1.658376877499981E-03
  1.542417752298890E-03  1.568206903460925E-03  1.593276487222858E-03
  1.695100546315168E-03  1.714817867306497E-03  1.733847750443285E-03
  1.636865382522805E-03  1.659011691081094E-03  1.680446447843246E-03
  1.570678071592295E-03  1.595304426697160E-03  1.619211493628171E-03
  1.714229455245128E-03  1.732883134572603E-03  1.750868238472000E-03
  1.659718202057129E-03  1.680737700744970E-03  1.701058686117352E-03
  1.597428800533878E-03  1.620889200328431E-03  1.643635303018270E-03
  1.731954401114343E-03  1.749570059704827E-03  1.766538335294439E-03
  1.681080467829264E-03  1.700990090526351E-03  1.720217588964681E-03
  1.622638504284085E-03  1.644937617057836E-03  1.666531779540950E-03
  1.748293542609606E-03  1.764901035597950E-03  1.780884207906778E-03
  1.700954552519882E-03  1.719777020043788E-03  1.737936636886362E-03
  1.646288320013030E-03  1.667438113245577E-03  1.687896243732165E-03
  1.763272897413911E-03  1.778905613991788E-03  1.793938489868172E-03
  1.719353121603813E-03  1.737116231462477E-03  1.754238161742002E-03
  1.668371941194989E-03  1.688391052510824E-03  1.707735258153282E-03
  1.776925496207272E-03  1.791619642056172E-03  1.805739407336382E-03
  1.736298388827537E-03  1.753034274071899E-03  1.769152552029243E-03
  1.688895133369697E-03  1.707808188545920E-03  1.726066052063211E-03
  1.789290433841452E-03  1.803084327512512E-03  1.816329865980629E-03
  1.751821116828581E-03  1.767565492584520E-03  1.782717244010007E-03
  1.707874829414172E-03  1.725711711042468E-03  1.742915539598166E-03
  1.800411824126635E-03  1.813345224195701E-03  1.825756475836950E-03
  1.765959463105945E-03  1.780750867166070E-03  1.794975570379178E-03
  1.725337993294964E-03  1.742133053929582E-03  1.758319092857015E-03
  1.810337714540165E-03  1.822451185514736E-03  1.834068550934190E-03
  1.778757778296194E-03  1.792636815798542E-03  1.805975577790238E-03
  1.741320408435310E-03  1.757111638919175E-03  1.772319255557073E-03
  1.819119022714481E-03  1.830453346532475E-03  1.841317141835283E-03
  1.790265414731087E-03  1.803274025335249E-03  1.815768887731772E-03
  1.755865443977934E-03  1.770693626435709E-03  1.784964488930111E-03
  1.826808533337099E-03  1.837404175387698E-03  1.847554143882177E-03
  1.800535559740951E-03  1.812716328598604E-03  1.824409622243091E-03
  1.769022788147231E-03  1.782930667972625E-03  1.796307951261148E-03
  1.833459970079247E-03  1.843356608821576E-03  1.852831496665200E-03
  1.809624097965841E-03  1.821019627514939E-03  1.831953391352009E-03
  1.780847142084289E-03  1.793878645159058E-03  1.806406289789591E-03
  1.839127147465970E-03  1.848363273924654E-03  1.857200474807121E-03
  1.817588519725954E-03  1.828240872261075E-03  1.838456345249279E-03
  1.791396903677715E-03  1.803596414138786E-03  1.815318452221607E-03
  1.843863209930163E-03  1.852475799098275E-03  1.860711069152795E-03
  1.824486903803823E-03  1.834437119344422E-03  1.843974308461040E-03
  1.800732892897229E-03  1.812144600302428E-03  1.823104555328719E-03
  1.847719968436850E-03  1.855744221498083E-03  1.863411462447486E-03
  1.830377001320499E-03  1.839664692755021E-03  1.848562017287910E-03
  1.808917164630518E-03  1.819584487461485E-03  1.829824852336922E-03
  1.850747343519628E-03  1.858216497728743E-03  1.865347604358545E-03
  1.835315436415600E-03  1.843978462494829E-03  1.852272473756780E-03
  1.816011934776668E-03  1.825977026583546E-03  1.835538823857622E-03
  1.852992917750687E-03  1.859938120022126E-03  1.866562887357444E-03
  1.839357028780452E-03  1.847431244090017E-03  1.855156418591172E-03
  1.822078630165817E-03  1.831381972341432E-03  1.840304399039976E-03
  1.854501595010015E-03  1.860951834376435E-03  1.867097919367054E-03
  1.842554237826909E-03  1.850073316658978E-03  1.857261919047801E-03
  1.827177067179723E-03  1.835857148843772E-03  1.844177305283296E-03
  1.855315360856354E-03  1.861297454099950E-03  1.866990386025162E-03
  1.844956726441211E-03  1.851952055541387E-03  1.858634065880462E-03
  1.831364763758198E-03  1.839457845762258E-03  1.847210544555608E-03
  1.855473136585402E-03  1.861011760601783E-03  1.866274993716207E-03
  1.846611041016752E-03  1.853111674760896E-03  1.859314773440686E-03
  1.834696387752813E-03  1.842236345543865E-03  1.849453994841375E-03
  1.855010719350220E-03  1.860128483373279E-03  1.864983485141310E-03
  1.847560402105765E-03  1.853593072929179E-03  1.859342675945769E-03
  1.837223340407639E-03  1.844241579179529E-03  1.850954133076136E-03
  1.853960799238985E-03  1.858678350048171E-03  1.863144718198709E-03
  1.847844597267616E-03  1.853433773871602E-03  1.858753111015632E-03
  1.838993468720468E-03  1.845518903444455E-03  1.851753871907768E-03
  1.852353043583860E-03  1.856689196862232E-03  1.860784798752626E-03
  1.847499965594006E-03  1.852667951265471E-03  1.857578179729564E-03
  1.840050896847635E-03  1.846109989180434E-03  1.851892499473177E-03
  1.850214238066035E-03  1.854186129423129E-03  1.857927257540451E-03
  1.846559462481074E-03  1.851326525929826E-03  1.855846872045535E-03
  1.840435965061405E-03  1.846052808706144E-03  1.851405710040572E-03
  1.847568474007764E-03  1.851191723621256E-03  1.854593261534761E-03
  1.845052792697912E-03  1.849437324028380E-03  1.853585246063262E-03
  1.840185263697182E-03  1.845381709657735E-03  1.850325712787252E-03
  1.844437371514187E-03  1.847726256672881E-03  1.850801850128261E-03
  1.843006599859877E-03  1.847025284574793E-03  1.850816649927061E-03
  1.839331749022610E-03  1.844127562331620E-03  1.848681406005798E-03
  1.840840328786547E-03  1.843807959237229E-03  1.846570187688178E-03
  1.840444700758777E-03  1.844112705246943E-03  1.847561975877035E-03
  1.837904927901656E-03  1.842317967726055E-03  1.846498604334331E-03
  1.836794788306739E-03  1.839453279872623E-03  1.841913824327482E-03
  1.837388353279881E-03  1.840719515803565E-03  1.843839936367633E-03
  1.835931098013391E-03  1.839977513623278E-03  1.843800306939159E-03
  1.832316511642482E-03  1.834677154127905E-03  1.836846957677457E-03
  1.833856547239742E-03  1.836863569118019E-03  1.839667352938085E-03
  1.833433630538096E-03  1.837128066309224E-03  1.840606994991644E-03
  1.827419854988219E-03  1.829493271137262E-03  1.831382689344344E-03
  1.829866308106454E-03  1.832560940522502E-03  1.835059449232676E-03
  1.830433282819754E-03  1.833789086154349E-03  1.836936947353702E-03
  1.822118038899311E-03  1.823914331663369E-03  1.825533270389445E-03
  1.825433004600524E-03  1.827826227051123E-03  1.830030140391916E-03
  1.826948529365243E-03  1.829977956110184E-03  1.832806564247894E-03
  1.816423406182492E-03  1.817952292229003E-03  1.819310331147594E-03
  1.820570652273137E-03  1.822672839416591E-03  1.824592312292304E-03
  1.822995900991746E-03  1.825710313614789E-03  1.828230690093090E-03
  1.810347663080167E-03  1.811618590930270E-03  1.812725091452387E-03
  1.815292206240506E-03  1.817113280488078E-03  1.818758085021207E-03
  1.818590323004096E-03  1.821000377630880E-03  1.823222927966711E-03
  1.803902099971154E-03  1.804924351777483E-03  1.805788548595179E-03
  1.809609837432785E-03  1.811159405310514E-03  1.812539056249408E-03
  1.813745444516945E-03  1.815861263615196E-03  1.817795939206692E-03
  1.797097788341656E-03  1.797880564690106E-03  1.798511640635958E-03
  1.803535187335483E-03  1.804822658283501E-03  1.805946520702382E-03
  1.808473951679774E-03  1.810305280028971E-03  1.811961722557342E-03
  1.789945751977921E-03  1.790498239681977E-03  1.790905383992423E-03
  1.797079597438286E-03  1.798114284210240E-03  1.798991662969079E-03
  1.802787858926229E-03  1.804344201058317E-03  1.805731868062436E-03
  1.782457110778804E-03  1.782788533886484E-03  1.782980984321169E-03
  1.790254310536334E-03  1.791045510865570E-03  1.791685721716810E-03
  1.796698773681033E-03  1.797989511612597E-03  1.799117782386729E-03
  1.774643196556390E-03  1.774762851257869E-03  1.774749920889916E-03
  1.783070642042392E-03  1.783627701703681E-03  1.784040124393286E-03
  1.790218131141440E-03  1.791252621788633E-03  1.792130883231248E-03
  1.766515640892106E-03  1.766432915247085E-03  1.766224004945411E-03
  1.775540120353760E-03  1.775872478153587E-03  1.776066592197027E-03
  1.783357396759483E-03  1.784145048928787E-03  1.784782761492837E-03
  1.758086435823593E-03  1.757810815494123E-03  1.757415413371317E-03
  1.767674596005652E-03  1.767791811598507E-03  1.767777215788883E-03
  1.776128234746685E-03  1.776678566130360E-03  1.777085310508955E-03
  1.749367968375521E-03  1.748909029805598E-03  1.748336699140725E-03
  1.759486319998442E-03  1.759398085764486E-03  1.759184502744983E-03
  1.768542641980073E-03  1.768865316983019E-03  1.769050822504364E-03
  1.740373030779865E-03  1.739740423376801E-03  1.739000780583455E-03
  1.750987992508544E-03  1.750704130935707E-03  1.750301398357238E-03
  1.760613047594495E-03  1.760717897132933E-03  1.760692053164015E-03
  1.731114808502932E-03  1.730318227515188E-03  1.729420911857473E-03
  1.742192783764806E-03  1.741723231983723E-03  1.741141281948928E-03
  1.752352379280876E-03  1.752249404016954E-03  1.752022255931248E-03
  1.721606848669268E-03  1.720656000521376E-03  1.719610637305606E-03
  1.733114329251982E-03  1.732469112566491E-03  1.731717941211935E-03
  1.743774097939489E-03  1.743473456701289E-03  1.743055188227676E-03
  1.711863011270924E-03  1.710767573136342E-03  1.709583732141610E-03
  1.723766701864463E-03  1.722955898199574E-03  1.722045527322882E-03
  1.734892202922630E-03  1.734404188245622E-03  1.733805092154156E-03
  1.701897406525119E-03  1.700666981914006E-03  1.699354132728167E-03
  1.714164363981049E-03  1.713198061199732E-03  1.712138493861756E-03
  1.725721210523186E-03  1.725056213337876E-03  1.724286652523241E-03
  1.691724321039801E-03  1.690368393072147E-03  1.688935858978488E-03
  1.704322102702464E-03  1.703210350736280E-03  1.702011522711556E-03
  1.716276109046307E-03  1.715444574630517E-03  1.714514935667586E-03
  1.681358135883682E-03  1.679886019841452E-03  1.678342931711354E-03
  1.694254951558273E-03  1.693007711268086E-03  1.691679440185287E-03
  1.706572293907447E-03  1.705584671275587E-03  1.704505312566490E-03
  1.670813239722844E-03  1.669234036411550E-03  1.667589288051535E-03
  1.683978102180845E-03  1.682605192789800E-03  1.681157126697692E-03
  1.696625486444331E-03  1.695492173309130E-03  1.694273369868174E-03
  1.660103939659864E-03  1.658426490845229E-03  1.656688696925301E-03
  1.673506809099869E-03  1.672017855896117E-03  1.670459422836364E-03
  1.686451639927291E-03  1.685182925292493E-03  1.683834812155984E-03
  1.649244372483385E-03  1.647477219537943E-03  1.645654677141764E-03
  1.662856290929108E-03  1.661260674738215E-03  1.659601034732184E-03
  1.676066836589685E-03  1.674672842895589E-03  1.673205358959694E-03
  1.638248418586621E-03  1.636399765325648E-03  1.634500419988242E-03
  1.652041631077715E-03  1.650348440847679E-03  1.648596441481525E-03
  1.665487179565218E-03  1.663977806097304E-03  1.662400639944154E-03
  1.627129620908074E-03  1.625207301333727E-03  1.623238718152212E-03
  1.641077680828978E-03  1.639295670443637E-03  1.637459807055917E-03
  1.654728683190909E-03  1.653113552302677E-03  1.651436091457167E-03
  1.615901110518267E-03  1.613912562003691E-03  1.611881902250491E-03
  1.629978967171144E-03  1.628116517406565E-03  1.626204898649468E-03
  1.643807164776959E-03  1.642095572304450E-03  1.640326857132358E-03
  1.604575540392496E-03  1.602527782653678E-03  1.600441786149804E-03
  1.618759607450541E-03  1.616824693774196E-03  1.614845013143766E-03
  1.632738140601181E-03  1.630939011596130E-03  1.629087694834882E-03
  1.593165028304864E-03  1.591064648311181E-03  1.588929621618193E-03
  1.607433232551180E-03  1.605433399211817E-03  1.603392912863363E-03
  1.621536728651762E-03  1.619658579224532E-03  1.617732891826032E-03
  1.581681109643674E-03  1.579534252450739E-03  1.577356062784863E-03
  1.596012920041792E-03  1.593955260636208E-03  1.591860771595932E-03
  1.610217560320459E-03  1.608268466166518E-03  1.606276189876456E-03
  1.570134700619497E-03  1.567947065915104E-03  1.565731140513469E-03
  1.584511138214737E-03  1.582402282796985E-03  1.580260131526962E-03
  1.598794702771033E-03  1.596782274720086E-03  1.594730721619522E-03
  1.558536071722170E-03  1.556312915783859E-03  1.554064246383834E-03
  1.572939701591976E-03  1.570785810189648E-03  1.568601871279796E-03
  1.587281593101412E-03  1.585212959861790E-03  1.583108958925304E-03
  1.546894831627495E-03  1.544640974242888E-03  1.542364126184601E-03
  1.561309737968751E-03  1.559116500174151E-03  1.556896184815435E-03
  1.575690984796189E-03  1.573572782783961E-03  1.571422673282976E-03
  1.535219920595359E-03  1.532939756448342E-03  1.530638881864968E-03
  1.549631666797400E-03  1.547404307021287E-03  1.545152570765864E-03
  1.564034906918720E-03  1.561873276891348E-03  1.559682908270298E-03
  1.523519612983930E-03  1.521217126898190E-03  1.518895981417150E-03
  1.537915188566350E-03  1.535658476364815E-03  1.533379831582377E-03
  1.552324636038474E-03  1.550125226052893E-03  1.547899963777085E-03
  1.511801527828088E-03  1.509480313313230E-03  1.507142275688031E-03
  1.526169284492266E-03  1.523887549355471E-03  1.521586081747363E-03
  1.540570680601210E-03  1.538338654747724E-03  1.536083391491232E-03
  1.500072646910800E-03  1.497735927241780E-03  1.495384021165962E-03
  1.514402225592142E-03  1.512099375527616E-03  1.509778764025227E-03
  1.528782776830874E-03  1.526522829091503E-03  1.524242000631256E-03
  1.488339338725307E-03  1.485989990079391E-03  1.483626907725611E-03
  1.502621590018496E-03  1.500301133226283E-03  1.497964672610110E-03
  1.516969895279835E-03  1.514686267797990E-03  1.512383872872881E-03
  1.476607387726854E-03  1.474247963666901E-03  1.471876090285460E-03
  1.490834287491757E-03  1.488499356437870E-03  1.486149981978507E-03
  1.505140256766224E-03  1.502836761747496E-03  1.500516385135718E-03
  1.464882027427845E-03  1.462514784195804E-03  1.460136223242071E-03
  1.479046589693440E-03  1.476699966877622E-03  1.474340280330107E-03
  1.493301356570754E-03  1.490981401031928E-03  1.488646239061485E-03
  1.453167976482593E-03  1.450794898569909E-03  1.448411496887888E-03
  1.467264165345656E-03  1.464908310126536E-03  1.462540606497512E-03
  1.481459995643157E-03  1.479126608229563E-03  1.476779495994642E-03
  1.441469476656952E-03  1.439092302185913E-03  1.436705674815057E-03
  1.455492118877738E-03  1.453129194767966E-03  1.450755489277460E-03
  1.469622317376010E-03  1.467278176592224E-03  1.464921616223680E-03
  1.429790331853512E-03  1.427410577388081E-03  1.425022131629308E-03
  1.443735031406642E-03  1.441366933322106E-03  1.438988988095751E-03
  1.457793848503150E-03  1.455441311646343E-03  1.453077500993650E-03
  1.418133947263832E-03  1.415752931670424E-03  1.413363890097399E-03
  1.431997003001728E-03  1.429625383992977E-03  1.427244734061324E-03
  1.445979542848769E-03  1.443620675071282E-03  1.441251536269050E-03
  1.406503367910782E-03  1.404122235033890E-03  1.401733657229442E-03
  1.420281695289626E-03  1.417907992340788E-03  1.415525970574566E-03
  1.434183826830867E-03  1.431820429767892E-03  1.429447637153641E-03
  1.394901315979469E-03  1.392521055909719E-03  1.390133858749748E-03
  1.408592373635663E-03  1.406217832253748E-03  1.403835592974553E-03
  1.422410645670921E-03  1.420044285208371E-03  1.417669292214926E-03
  1.383330226554633E-03  1.380951695345935E-03  1.378566671699653E-03
  1.396931948144053E-03  1.394557645473011E-03  1.392176186537733E-03
  1.410663509272310E-03  1.408295542091390E-03  1.405919606796847E-03
  1.371792281164684E-03  1.369416218892953E-03  1.367034054679782E-03
  1.385303012840590E-03  1.382929879144841E-03  1.380550062355979E-03
  1.398945536906169E-03  1.396577135540338E-03  1.394201344642809E-03
  1.360289439175049E-03  1.357916486323116E-03  1.355537775902753E-03
  1.373707882716825E-03  1.371336721093363E-03  1.368959290839805E-03
  1.387259500102505E-03  1.384891676247418E-03  1.382516967271737E-03
  1.348823466281911E-03  1.346454178440002E-03  1.344079438367396E-03
  1.362148628095002E-03  1.359780132383900E-03  1.357405732495421E-03
  1.375607863230385E-03  1.373241489211065E-03  1.370868670826364E-03
  1.337395960653130E-03  1.335030821572392E-03  1.332660502752271E-03
  1.350627106359731E-03  1.348261877219843E-03  1.345891066026239E-03
  1.363992821386198E-03  1.361628649660532E-03  1.359258420065948E-03
  1.326008376284064E-03  1.323647809324644E-03  1.321282307631470E-03
  1.339144990700573E-03  1.336783549900781E-03  1.334416813557212E-03
  1.352416335246784E-03  1.350055015976838E-03  1.347687979395124E-03
  1.314662043677277E-03  1.312306421773906E-03  1.309946087241194E-03
  1.327703795938748E-03  1.325346598928974E-03  1.322984363092197E-03
  1.340880162815368E-03  1.338522259504608E-03  1.336158940780593E-03
  1.303358188035297E-03  1.301007842285014E-03  1.298652987004115E-03
  1.316304901478959E-03  1.313952348331786E-03  1.311594988268166E-03
  1.329385887927533E-03  1.327031891194598E-03  1.324672748602075E-03
  1.292097945063225E-03  1.289753172037099E-03  1.287404076853177E-03
  1.304949571437816E-03  1.302602016281519E-03  1.300249865552002E-03
  1.317934945618552E-03  1.315585285203782E-03  1.313230721561434E-03
  1.280882374538715E-03  1.278543442428704E-03  1.276200362520031E-03
  1.293638972149696E-03  1.291296731193660E-03  1.288950089001567E-03
  1.306528644431156E-03  1.304183699527425E-03  1.301834071718593E-03
  1.269712471745830E-03  1.267379625498841E-03  1.265042795041006E-03
  1.282374187227621E-03  1.280037545529154E-03  1.277696682891878E-03
  1.295168185831811E-03  1.292828293920934E-03  1.290483920995823E-03
  1.258589177217102E-03  1.256262642744750E-03  1.253932278710119E-03
  1.271156230267654E-03  1.268825447380652E-03  1.266490612252847E-03
  1.283854680788550E-03  1.281520145100767E-03  1.279181315092514E-03
  1.247513384660486E-03  1.245193372289968E-03  1.242869677523727E-03
  1.259986055544202E-03  1.257661370184901E-03  1.255332791673979E-03
  1.272589163951619E-03  1.270260259686681E-03  1.267927235265425E-03
  1.236485947419231E-03  1.234172654649360E-03  1.231855820348060E-03
  1.248864566871725E-03  1.246546200694604E-03  1.244224092450778E-03
  1.261372605537701E-03  1.259049585002306E-03  1.256722608118486E-03
  1.225507683845857E-03  1.223201297534133E-03  1.220891505162128E-03
  1.237792624845627E-03  1.235480785500422E-03  1.233165348446847E-03
  1.250205921174558E-03  1.247889017958508E-03  1.245568313601820E-03
  1.214579381380915E-03  1.212280079437573E-03  1.209977502230794E-03
  1.226771052710359E-03  1.224465936253268E-03  1.222157360721274E-03
  1.239089979996311E-03  1.236779412351872E-03  1.234465191570199E-03
  1.203701799896876E-03  1.201409752605753E-03  1.199114556723705E-03
  1.215800641048815E-03  1.213502433832060E-03  1.211200901232061E-03
  1.228025611149082E-03  1.225721584670060E-03  1.223414046956105E-03
  1.192875674414878E-03  1.190591045416137E-03  1.188303390779478E-03
  1.204882151527944E-03  1.202591031651898E-03  1.200296715737150E-03
  1.217013609007481E-03  1.214716318718697E-03  1.212415653851721E-03
  1.182101717016240E-03  1.179824664021437E-03  1.177544704927079E-03
  1.194016319735089E-03  1.191732458141762E-03  1.189445525963669E-03
  1.206054737268157E-03  1.203764369251156E-03  1.201470758726556E-03
  1.171380618197334E-03  1.169111293516075E-03  1.166839179092771E-03
  1.183203857280142E-03  1.180927418560173E-03  1.178648031154213E-03
  1.195149732154415E-03  1.192866464761727E-03  1.190580082845617E-03
  1.160713047749682E-03  1.158451598649877E-03  1.156187473151407E-03
  1.172445453237713E-03  1.170176596224955E-03  1.167904909117729E-03
  1.184299304763820E-03  1.182023309537004E-03  1.179744324054911E-03
  1.150099655141965E-03  1.147846224114386E-03  1.145590227125299E-03
  1.161741775087686E-03  1.159480653268035E-03  1.157216816820119E-03
  1.173504142829092E-03  1.171235585154686E-03  1.168964158052615E-03
  1.139541069896743E-03  1.137295794796083E-03  1.135048061358816E-03
  1.151093469491513E-03  1.148840231286074E-03  1.146584390922418E-03
  1.162764911937640E-03  1.160503951518562E-03  1.158240239258731E-03
  1.129037902146977E-03  1.126800916286687E-03  1.124561576961633E-03
  1.140501163035011E-03  1.138255951970251E-03  1.136008248319586E-03
  1.152082256444686E-03  1.149829047616188E-03  1.147573201439837E-03
  1.118590743420002E-03  1.116362175625903E-03  1.114131356537899E-03
  1.129965463049589E-03  1.127728417888282E-03  1.125488986881051E-03
  1.141456800213485E-03  1.139211492166102E-03  1.136963658274298E-03
  1.108200167642048E-03  1.105980142288027E-03  1.103757965151968E-03
  1.119486958362044E-03  1.117258213155204E-03  1.115027186067359E-03
  1.130889147130062E-03  1.128651884038728E-03  1.126412203690706E-03
  1.097866731397398E-03  1.095655368412338E-03  1.093441950529075E-03
  1.109066219383121E-03  1.106845903520664E-03  1.104623407007366E-03
  1.120379881427711E-03  1.118150802536162E-03  1.115919412128643E-03
  1.087590972982837E-03  1.085388387883316E-03  1.083183842180552E-03
  1.098703797469084E-03  1.096492035706379E-03  1.094278191831057E-03
  1.109929567825301E-03  1.107708807513930E-03  1.105485838618757E-03
  1.077373410605611E-03  1.075179714501517E-03  1.072984149534404E-03
  1.088400223608191E-03  1.086197136091974E-03  1.083992062343349E-03
  1.099538751393569E-03  1.097326439194660E-03  1.095112018584789E-03
  1.067214540354014E-03  1.065029839990448E-03  1.062843359988235E-03
  1.078156007281538E-03  1.075961709564146E-03  1.073765518877502E-03
  1.089207957278223E-03  1.087004217915992E-03  1.084798467589109E-03
  1.057114835983915E-03  1.054939233741300E-03  1.052761938609678E-03
  1.067971636630828E-03  1.065786239699337E-03  1.063599040480746E-03
  1.078937690541027E-03  1.076742643947903E-03  1.074545681155293E-03
  1.047074751518238E-03  1.044908345460680E-03  1.042740330827193E-03
  1.057847580637739E-03  1.055671190929698E-03  1.053493087079090E-03
  1.068728436443240E-03  1.066542197790959E-03  1.064354135060080E-03
  1.037094726406293E-03  1.034937610274337E-03  1.032778967494591E-03
  1.047784292747129E-03  1.045617012176893E-03  1.043448103115508E-03
  1.058580661183360E-03  1.056403340919770E-03  1.054224286104677E-03
  1.027175190828030E-03  1.025027454120726E-03  1.022878270356946E-03
  1.037782214127515E-03  1.035624140145370E-03  1.033464520880379E-03
  1.048494812929097E-03  1.046326516825224E-03  1.044156573142951E-03
  1.017316567192892E-03  1.015178295234594E-03  1.013038653529489E-03
  1.027841773823763E-03  1.025692999483090E-03  1.023542760679169E-03
  1.038471322355239E-03  1.036312151559033E-03  1.034151417657660E-03
  1.007519264841761E-03  1.005390538883396E-03  1.003260518260698E-03
  1.017963384171272E-03  1.015823998215808E-03  1.013683226279262E-03
  1.028510602159844E-03  1.026360653267551E-03  1.024209223296986E-03
  9.977836683345584E-04  9.956645656672540E-04  9.935442412459337E-04
  1.008147432409735E-03  1.006017519378491E-03  1.003886296569780E-03
  1.018613045410727E-03  1.016472410551338E-03  1.014330374253432E-03
  9.881101250053079E-04  9.860007190580214E-04  9.838901621562353E-04
  9.983942727048978E-04  9.962739130200827E-04  9.941523175406462E-04
  1.008779023564138E-03  1.006647790488872E-03  1.004515233279549E-03
  9.784989381051738E-04  9.763992985300300E-04  9.742985767368029E-04
  9.887042238254948E-04  9.865934938742076E-04  9.844815999445931E-04
  9.990088855558205E-04  9.968871377096730E-04  9.947641407637351E-04
  9.689503761406614E-04  9.668605688360342E-04  9.647697460437349E-04
  9.790775769340596E-04  9.769765491280634E-04  9.748744270536442E-04
  9.893029593404450E-04  9.871907759624371E-04  9.850774163039362E-04
  9.594646893608364E-04  9.573847765580390E-04  9.553039130444501E-04
  9.695146117811207E-04  9.674233546379789E-04  9.653310708800724E-04
  9.796615562770337E-04  9.775590124903486E-04  9.754553630939989E-04
  9.500421509899136E-04  9.479721912332654E-04  9.459013436474893E-04
  9.600156172807241E-04  9.579341954910810E-04  9.558518127471941E-04
  9.700849769464355E-04  9.679921438700966E-04  9.658982737591176E-04
  9.406830430350972E-04  9.386230915251959E-04  9.365623132223621E-04
  9.505809002841606E-04  9.485093748490673E-04  9.464369521908874E-04
  9.605735152473156E-04  9.584904600973032E-04  9.564064344653871E-04
  9.313877499010374E-04  9.293378580157451E-04  9.272871986036972E-04
  9.412107913135803E-04  9.391492196104314E-04  9.370868125479401E-04
  9.511274586668020E-04  9.490542448952892E-04  9.469801252240563E-04
  9.221564910593854E-04  9.201167081171785E-04  9.180762151925906E-04
  9.319056002546177E-04  9.298540363063866E-04  9.278016970578898E-04
  9.417470813366011E-04  9.396837687467228E-04  9.376196129442511E-04
  9.129899156903818E-04  9.109602847716164E-04  9.089299997818739E-04
  9.226656490735955E-04  9.206241432644974E-04  9.185819204740760E-04
  9.324326393077607E-04  9.303792841789928E-04  9.283251466752834E-04
  9.038874060969337E-04  9.018679753496756E-04  8.998479447917367E-04
  9.134910893954481E-04  9.114596896116666E-04  9.094276294737082E-04
  9.231843572810648E-04  9.211410125178379E-04  9.190969444343618E-04
  8.948513743168600E-04  8.928421676927987E-04  8.908324141031967E-04
  9.043823448737126E-04  9.023610935926041E-04  9.003392369586675E-04
  9.140024546489805E-04  9.119691697106500E-04  9.099352187765745E-04
  8.858760624618678E-04  8.838771569689588E-04  8.818777554490007E-04
  8.953391261654347E-04  8.933280666673139E-04  8.913164552075927E-04
  9.048870604565769E-04  9.028638820938618E-04  9.008400933816002E-04
  8.769746107613150E-04  8.749859555497878E-04  8.729968545996448E-04
  8.863635744153945E-04  8.843627279523548E-04  8.823613815347542E-04
  8.958380702401827E-04  8.938250448075796E-04  8.918114630246304E-04
  8.680805564070423E-04  8.661027404136010E-04  8.641245220651065E-04
  8.774525236743021E-04  8.754619417779257E-04  8.734709102775107E-04
  8.868529664615111E-04  8.848501633152474E-04  8.828468559658430E-04
