  7.521579784072915E+00  7.511054667653142E+00  7.500519467651962E+00

  1.422883564387689E-03  1.413630479262906E-03  1.404182763678818E-03
  9.515700201774280E-04  9.462028749638307E-04  9.407339553249017E-04
  7.357877234355215E-04  7.322893795773666E-04  7.287352306093453E-04
  2.317346769961956E-03  2.301604317839828E-03  2.285491430242814E-03
  1.151815049323564E-03  1.144951793246523E-03  1.137945978513244E-03
  7.879412952031352E-04  7.840328750674528E-04  7.800572347073220E-04
  9.892697267055437E-03  9.824685877823923E-03  9.754866008471195E-03
  1.556959919568612E-03  1.547270320934046E-03  1.537360859238390E-03
  8.086915979532704E-04  8.046206362521956E-04  8.004778845105419E-04
  9.892697267055437E-03  9.824685877823923E-03  9.754866008471195E-03
  1.556959919568612E-03  1.547270320934046E-03  1.537360859238390E-03
  8.086915979532704E-04  8.046206362521956E-04  8.004778845105419E-04
  2.317346769961956E-03  2.301604317839828E-03  2.285491430242814E-03
  1.151815049323564E-03  1.144951793246523E-03  1.137945978513244E-03
  7.879412952031352E-04  7.840328750674528E-04  7.800572347073220E-04
  1.422883564387689E-03  1.413630479262906E-03  1.404182763678818E-03
  9.515700201774280E-04  9.462028749638307E-04  9.407339553249017E-04
  7.357877234355215E-04  7.322893795773666E-04  7.287352306093453E-04
  1.079835044478437E-03  1.073198642733742E-03  1.066437189100022E-03
  8.274341471729300E-04  8.230372446664438E-04  8.185648103397035E-04
  6.875515353064368E-04  6.844484512545910E-04  6.813005087873503E-04
  8.972049728390909E-04  8.920430374705062E-04  8.867940274186551E-04
  7.427808943784566E-04  7.390842339016904E-04  7.353305388152417E-04
  6.468613452640066E-04  6.441103369912458E-04  6.413240157248035E-04
  7.839671520503416E-04  7.797736473142271E-04  7.755168799091798E-04
  6.817203874717024E-04  6.785594374127937E-04  6.753550552750150E-04
  6.132876702612542E-04  6.108448446419652E-04  6.083747424394805E-04
  7.072676262720850E-04  7.037681276529937E-04  7.002213875143304E-04
  6.359301884936669E-04  6.331952971396520E-04  6.304271851157666E-04
  5.856566633301759E-04  5.834832878992032E-04  5.812892579242774E-04
  6.522057368572279E-04  6.492319816591893E-04  6.462221775357256E-04
  6.005691064072178E-04  5.981825519398853E-04  5.957705019312698E-04
  5.628173355371283E-04  5.608803931175367E-04  5.589281497538284E-04
  6.110056673442909E-04  6.084454645792380E-04  6.058571793120790E-04
  5.726227371174190E-04  5.705267331601707E-04  5.684110689482602E-04
  5.438100233111945E-04  5.420814293241371E-04  5.403417740269652E-04
  5.792039204313234E-04  5.769777296460227E-04  5.747291626407931E-04
  5.501184389849280E-04  5.482683207779383E-04  5.464029113300989E-04
  5.278737474185509E-04  5.263293919721935E-04  5.247772526349759E-04
  5.540539033385348E-04  5.521026419126792E-04  5.501330814616412E-04
  5.317135169773355E-04  5.300736555928338E-04  5.284217246075835E-04
  5.144140443979711E-04  5.130329828537828E-04  5.116465981626825E-04
  5.337727860224860E-04  5.320509713746429E-04  5.303137422597015E-04
  5.164637206346029E-04  5.150049796939178E-04  5.135364930226081E-04
  5.029668260386554E-04  5.017306738872946E-04  5.004909793862393E-04
  5.171530590851603E-04  5.156247109150058E-04  5.140829534224168E-04
  5.036863456970764E-04  5.023844472023597E-04  5.010744282509449E-04
  4.931677581777194E-04  4.920602606955526E-04  4.909504468233194E-04
  5.033480987939886E-04  5.019841594281487E-04  5.006081660330204E-04
  4.928759932021581E-04  4.917104308024448E-04  4.905378341890079E-04
  4.847285312339084E-04  4.837352584852366E-04  4.827404514832734E-04
  4.917471367289870E-04  4.905237676156421E-04  4.892892197955591E-04
  4.836509332513411E-04  4.826042197078621E-04  4.815511462243544E-04
  4.774190599435524E-04  4.765271823359284E-04  4.756342041886423E-04
  4.818989488368018E-04  4.807963547274585E-04  4.796831032809682E-04
  4.757178807982227E-04  4.747750028236589E-04  4.738261272371610E-04
  4.710542346744378E-04  4.702523463107956E-04  4.694495221856607E-04
  4.734634121395443E-04  4.724649964830988E-04  4.714561842163997E-04
  4.688481883571728E-04  4.679961934704102E-04  4.671383290142320E-04
  4.654840172349014E-04  4.647619863476235E-04  4.640389799138783E-04
  4.661797043806012E-04  4.652714413627531E-04  4.643528506514836E-04
  4.628613357663697E-04  4.620890064599018E-04  4.613107607946930E-04
  4.605859653039476E-04  4.599348003137560E-04  4.592824662558556E-04
  4.598448033411163E-04  4.590147575472780E-04  4.581743117256160E-04
  4.576132089665221E-04  4.569107975926878E-04  4.562022931617826E-04
  4.562595252915071E-04  4.556712511504764E-04  4.550814999425231E-04
  4.542985853876867E-04  4.535365360954956E-04  4.527639101865361E-04
  4.529876124284517E-04  4.523466207673289E-04  4.516992629945943E-04
  4.524216284558398E-04  4.518891714222439E-04  4.513548445929863E-04
  4.494132691909087E-04  4.487104114875594E-04  4.479967233267328E-04
  4.488900149212249E-04  4.483030084337591E-04  4.477092912413819E-04
  4.490032601327543E-04  4.485203407934427E-04  4.480350963752748E-04
  4.450857948506565E-04  4.444344988829793E-04  4.437720610548133E-04
  4.452428709292353E-04  4.447033211067598E-04  4.441566626589080E-04
  4.459467646594139E-04  4.455077995783638E-04  4.450660078695409E-04
  4.412322300711198E-04  4.406258453492828E-04  4.400079641726506E-04
  4.419820748139718E-04  4.414842249546587E-04  4.409788285066528E-04
  4.432037130725958E-04  4.428037254254877E-04  4.424003751452337E-04
  4.377836029450943E-04  4.372162982087947E-04  4.366371097620015E-04
  4.390542420125649E-04  4.385929928694849E-04  4.381237287840007E-04
  4.407332054126230E-04  4.403677447297106E-04  4.399983594102357E-04
  4.346827574440668E-04  4.341493889787858E-04  4.336037246572098E-04
  4.364146035637701E-04  4.359854159730691E-04  4.355477217038469E-04
  4.385005116481339E-04  4.381655824791866E-04  4.378261466660076E-04
  4.318819514229635E-04  4.313779543546965E-04  4.308612302003182E-04
  4.340253601286455E-04  4.336241721753868E-04  4.332139675315173E-04
  4.364759781994212E-04  4.361679772472403E-04  4.358548718544590E-04
  4.293410045375998E-04  4.288623028130679E-04  4.283704281078992E-04
  4.318543860544975E-04  4.314775426630386E-04  4.310911580513628E-04
  4.346341446461068E-04  4.343498057338165E-04  4.340597517513228E-04
  4.270258543733210E-04  4.265687860024669E-04  4.260980875460495E-04
  4.298742003274681E-04  4.295183934557668E-04  4.291525091320245E-04
  4.329530270284923E-04  4.326893731890007E-04  4.324193828910547E-04
  4.249074229464589E-04  4.244686777776764E-04  4.240158369980213E-04
  4.280611451960405E-04  4.277233630896068E-04  4.273749577571985E-04
  4.314135343256621E-04  4.311678363190484E-04  4.309151711673767E-04
  4.229607191309485E-04  4.225372869807165E-04  4.220992876134294E-04
  4.263947258360910E-04  4.260722100471745E-04  4.257385174250049E-04
  4.299989910978882E-04  4.297687317093267E-04  4.295308662237369E-04
  4.211641224470069E-04  4.207532498386768E-04  4.203273343672762E-04
  4.248570761517001E-04  4.245472852101249E-04  4.242257574062511E-04
  4.286947450553026E-04  4.284775885252488E-04  4.282521794355931E-04
  4.194988077638939E-04  4.190979618409941E-04  4.186815952302995E-04
  4.234325242300780E-04  4.231331029408372E-04  4.228213795871426E-04
  4.274878432221887E-04  4.272816090774190E-04  4.270664690211493E-04
  4.179482798202889E-04  4.175551182036058E-04  4.171459576804232E-04
  4.221072371498096E-04  4.218159905425339E-04  4.215118727056112E-04
  4.263667643870246E-04  4.261694048680328E-04  4.259624798237382E-04
  4.164979954420510E-04  4.161103409599070E-04  4.157062107559292E-04
  4.208689305297973E-04  4.205838016094468E-04  4.202852295948409E-04
  4.253211985976656E-04  4.251307789836269E-04  4.249301286945992E-04
  4.151350554196687E-04  4.147508748494118E-04  4.143497450121376E-04
  4.197066300893213E-04  4.194256808256825E-04  4.191307152472435E-04
  4.243418652267741E-04  4.241565467451422E-04  4.239603277203942E-04
  4.138479521427128E-04  4.134653383997628E-04  4.130653070553557E-04
  4.186104746416853E-04  4.183318700280393E-04  4.180386758990011E-04
  4.234203610327603E-04  4.232383865407532E-04  4.230448377252588E-04
  4.126263615658276E-04  4.122435190867396E-04  4.118427978543000E-04
  4.175715507661270E-04  4.172935460143959E-04  4.170003799105053E-04
  4.225490296523740E-04  4.223687124585502E-04  4.221761439511414E-04
  4.114609690727712E-04  4.110762022603214E-04  4.106731046933494E-04
  4.165817513140585E-04  4.163026820401051E-04  4.160078822800036E-04
  4.217208464875613E-04  4.215405621481080E-04  4.213473469768461E-04
  4.103433226676672E-04  4.099550270391799E-04  4.095479598180953E-04
  4.156336545608468E-04  4.153519291389122E-04  4.150539083292627E-04
  4.209293187371768E-04  4.207474985384755E-04  4.205520664614400E-04
  4.092657095269875E-04  4.088723647292956E-04  4.084598208799120E-04
  4.147204246981745E-04  4.144345173220084E-04  4.141317559102616E-04
  4.201684057222718E-04  4.199835297433653E-04  4.197843610713246E-04
  4.082210553394365E-04  4.078212188869020E-04  4.074017719142604E-04
  4.138357362740465E-04  4.135441794564680E-04  4.132352188944919E-04
  4.194324650820552E-04  4.192430534000246E-04  4.190386711209818E-04
  4.072028467221122E-04  4.067951477113983E-04  4.063674457558057E-04
  4.129737211995788E-04  4.126750979266264E-04  4.123585332670096E-04
  4.187162218095279E-04  4.185208249769483E-04  4.183097856688052E-04
  4.062050734250359E-04  4.057882067273565E-04  4.053509669349149E-04
  4.121289280244901E-04  4.118218659446257E-04  4.114963398082047E-04
  4.180147428384713E-04  4.178119358701495E-04  4.175928230561606E-04
  4.052221794972263E-04  4.047949023622101E-04  4.043469071393534E-04
  4.112962752031304E-04  4.109794463378014E-04  4.106436476704098E-04
  4.173233912130302E-04  4.171117761627370E-04  4.168832013034166E-04
  4.042490107569120E-04  4.038101440812011E-04  4.033502415517652E-04
  4.104709845416898E-04  4.101431122475699E-04  4.097957822065969E-04
  4.166377443596907E-04  4.164159627906043E-04  4.161765763640928E-04
  4.032807504942692E-04  4.028291851776804E-04  4.023562948114826E-04
  4.096484990525037E-04  4.093083692116206E-04  4.089483122923384E-04
  4.159534924688724E-04  4.157202414373624E-04  4.154687494572493E-04
  4.023128505461571E-04  4.018475557349849E-04  4.013606767601660E-04
  4.088244151807136E-04  4.084708834513152E-04  4.080969766030100E-04
  4.152663694981963E-04  4.150204079044723E-04  4.147555817787309E-04
  4.013409824437356E-04  4.008610092946380E-04  4.003592260230395E-04
  4.079944731355124E-04  4.076264590202371E-04  4.072376492562894E-04
  4.145721801727416E-04  4.143123131945696E-04  4.140329796737349E-04
  4.003610380876868E-04  3.998655130582483E-04  3.993479906883909E-04
  4.071546316112388E-04  4.067710963693976E-04  4.063663820372095E-04
  4.138669470553409E-04  4.135919884468962E-04  4.132969961777513E-04
  3.993691911909442E-04  3.988572984996192E-04  3.983232675039087E-04
  4.063012020853131E-04  4.059011198800266E-04  4.054795221897350E-04
  4.131471180846262E-04  4.128558492819637E-04  4.125440268331463E-04
  3.983619915825628E-04  3.978329536328340E-04  3.972816895447730E-04
  4.054309575900095E-04  4.050133009867754E-04  4.045738449022653E-04
  4.124096923105954E-04  4.121008518352633E-04  4.117709885795473E-04
  3.973364235511653E-04  3.967894955138519E-04  3.962203091530187E-04
  4.045411019054545E-04  4.041048648735063E-04  4.036465930779631E-04
  4.116521033227682E-04  4.113244369667560E-04  4.109753195195121E-04
  3.962898476174589E-04  3.957243419164287E-04  3.951365966124290E-04
  4.036290232033876E-04  4.031732918441816E-04  4.026953256959574E-04
  4.108717865078665E-04  4.105241635546771E-04  4.101546795720627E-04
  3.952197810098140E-04  3.946351264576728E-04  3.940282899657342E-04
  4.026918584310544E-04  4.022159153484753E-04  4.017175541129341E-04
  4.100655252205834E-04  4.096970881981914E-04  4.093063728812031E-04
  3.941235506772984E-04  3.935193731143591E-04  3.928930949253762E-04
  4.017260158219746E-04  4.012294406650824E-04  4.007102656601491E-04
  4.092288361501740E-04  4.088391222968266E-04  4.084266902505563E-04
  3.929979354654628E-04  3.923741310984614E-04  3.917283189939308E-04
  4.007268706215888E-04  4.002095914632903E-04  3.996695298721785E-04
  4.083557094387383E-04  4.079446814632560E-04  4.075104791199679E-04
  3.918389545212992E-04  3.911957234717264E-04  3.905305865176234E-04
  3.996888127533318E-04  3.991510781804850E-04  3.985903917717504E-04
  4.074389077949215E-04  4.070068653484876E-04  4.065512064456559E-04
  3.906419225783639E-04  3.899797425831818E-04  3.892957769619196E-04
  3.986056869190011E-04  3.980479615584051E-04  3.974671557346713E-04
  4.064707886810129E-04  4.060181853961224E-04  4.055415832366586E-04
  3.894017916374450E-04  3.887213356151141E-04  3.880192518252865E-04
  3.974714928335995E-04  3.968943130508512E-04  3.962939967882913E-04
  4.054443668336281E-04  4.049716026114553E-04  4.044745614881203E-04
  3.881136778252427E-04  3.874157024520386E-04  3.866963168158817E-04
  3.962810954165309E-04  3.956849389527071E-04  3.950656876458385E-04
  4.043542163102654E-04  4.038614858091459E-04  4.033443331301198E-04
  3.867733933764014E-04  3.860586369118119E-04  3.853227645429572E-04
  3.950306956613878E-04  3.944159101063916E-04  3.937781797070465E-04
  4.031968893170749E-04  4.026841391251515E-04  4.021469587462196E-04
  3.853778093961979E-04  3.846469304169533E-04  3.838953137617423E-04
  3.937179307823321E-04  3.930847366691605E-04  3.924288515188343E-04
  4.019707592057813E-04  4.014377543865637E-04  4.008804326755230E-04
  3.839249557291168E-04  3.831785244642219E-04  3.824118136215929E-04
  3.923416385669725E-04  3.916901898953029E-04  3.910163931482089E-04
  4.006754489305081E-04  4.001219031109940E-04  3.995442496968167E-04
  3.824138786173785E-04  3.816524102191989E-04  3.808711885277629E-04
  3.909014491057333E-04  3.902319142191765E-04  3.895404463818328E-04
  3.993111516721389E-04  3.987368568303703E-04  3.981387373496337E-04
  3.808443625311879E-04  3.800683678914505E-04  3.792732002684514E-04
  3.893973974511457E-04  3.887100241580388E-04  3.880011920938914E-04
  3.978781274901351E-04  3.972830349275284E-04  3.966644623298350E-04
  3.792166469662224E-04  3.784266765491755E-04  3.776181552232266E-04
  3.878296874825338E-04  3.871248335123483E-04  3.863990469961866E-04
  3.963765091343178E-04  3.957607477424652E-04  3.951219110344247E-04
  3.775312303378306E-04  3.767278970600214E-04  3.759066682354958E-04
  3.861986305281058E-04  3.854767615007486E-04  3.847345356683777E-04
  3.948063738280125E-04  3.941702237440439E-04  3.935114670081526E-04
  3.757887858290907E-04  3.749727665173482E-04  3.741395350084426E-04
  3.845046967449348E-04  3.837663671670373E-04  3.830083046291337E-04
  3.931679320071299E-04  3.925117853215787E-04  3.918335676048758E-04
  3.739901573333132E-04  3.731621813878133E-04  3.723177005763744E-04
  3.827485899024154E-04  3.819944238035134E-04  3.812211936408248E-04
  3.914616842998163E-04  3.907860177781579E-04  3.900888812704119E-04
  3.721363824718137E-04  3.712972180154724E-04  3.704422755904417E-04
  3.809312830055470E-04  3.801619631167132E-04  3.793742875082621E-04
  3.896884728949566E-04  3.889938405364637E-04  3.882783984079293E-04
  3.702287017386736E-04  3.693791455357888E-04  3.685145523082753E-04
  3.790540006568897E-04  3.782702657366578E-04  3.774689154732562E-04
  3.878494389989264E-04  3.871364774462889E-04  3.864034166853218E-04
  3.682685402062549E-04  3.674094121912879E-04  3.665359958158706E-04
  3.771181701413774E-04  3.763208148831107E-04  3.755066088068736E-04
  3.859459440551121E-04  3.852153787712561E-04  3.844654661926164E-04
  3.662574709470177E-04  3.653896108101106E-04  3.645082122947800E-04
  3.751253719945452E-04  3.743152442425904E-04  3.734890469707060E-04
  3.839795077860863E-04  3.832321518203551E-04  3.824662338975158E-04
  3.641971767832482E-04  3.633214397490175E-04  3.624329097560090E-04
  3.730773079014320E-04  3.722553013068021E-04  3.714180166426957E-04
  3.819517828416953E-04  3.811885271717772E-04  3.804075213444783E-04
  3.620894207981331E-04  3.612066713677312E-04  3.603118646908309E-04
  3.709757853868774E-04  3.701428288366049E-04  3.692953897064218E-04
  3.798645547705292E-04  3.790863540764817E-04  3.782912347657391E-04
  3.599360272670555E-04  3.590471314526470E-04  3.581468999008335E-04
  3.688227091823602E-04  3.679797554659371E-04  3.671231127866853E-04
  3.777197452212231E-04  3.769276035163091E-04  3.761193874500881E-04
  3.577388680905311E-04  3.568446854244023E-04  3.559398703195096E-04
  3.666200696727969E-04  3.657680850857459E-04  3.649031974891271E-04
  3.755194037465469E-04  3.747143620222786E-04  3.738940955569760E-04
  3.554998497309941E-04  3.546012260456671E-04  3.536926514186586E-04
  3.643699254572081E-04  3.635098806898079E-04  3.626377056812086E-04
  3.732656870572695E-04  3.724488126541258E-04  3.716175611882469E-04
  3.532208983994056E-04  3.523186596911190E-04  3.514071266016330E-04
  3.620743824608918E-04  3.612072443052003E-04  3.603287304672049E-04
  3.709608328046576E-04  3.701332092457293E-04  3.692920475119799E-04
  3.509039444620987E-04  3.499988916683857E-04  3.490851735218956E-04
  3.597355736381946E-04  3.588622970449422E-04  3.579783767481814E-04
  3.686071350560265E-04  3.677698515504049E-04  3.669198538158855E-04
  3.485509078802379E-04  3.476438123271019E-04  3.467286509152219E-04
  3.573556414482789E-04  3.564771618866897E-04  3.555887443496292E-04
  3.662069241314090E-04  3.653610648854176E-04  3.645032950055747E-04
  3.461636858649065E-04  3.452552853066689E-04  3.443393874365236E-04
  3.549367230645739E-04  3.540539494783984E-04  3.531619143997472E-04
  3.637625495371561E-04  3.629091835425755E-04  3.620446854557853E-04
  3.437441428299868E-04  3.428351381654625E-04  3.419191729216517E-04
  3.524809372476772E-04  3.515947459408091E-04  3.506999380263352E-04
  3.612763637915793E-04  3.604165356920631E-04  3.595463249738127E-04
  3.412941020855237E-04  3.403851548656802E-04  3.394697516091132E-04
  3.499903721592400E-04  3.491016017781358E-04  3.482048263441061E-04
  3.587507061861615E-04  3.578854284617274E-04  3.570104852211338E-04
  3.388153389672676E-04  3.379070697359090E-04  3.369928168861179E-04
  3.474670742213821E-04  3.465765218236949E-04  3.456785414732740E-04
  3.561878870387234E-04  3.553181334642977E-04  3.544393965486347E-04
  3.363095750834348E-04  3.354025625048838E-04  3.344900070647536E-04
  3.449130383850242E-04  3.440214565077249E-04  3.431229887815129E-04
  3.535901734874556E-04  3.527168737535837E-04  3.518352361204714E-04
  3.337784739403085E-04  3.328732546241870E-04  3.319629023549928E-04
  3.423302002507650E-04  3.414382949009561E-04  3.405400108043138E-04
  3.509597775141954E-04  3.500838129625722E-04  3.492001181324306E-04
  3.312236379415667E-04  3.303207068743304E-04  3.294130230245182E-04
  3.397204300586054E-04  3.388288595795365E-04  3.379313829230965E-04
  3.482988462482115E-04  3.474210467335668E-04  3.465360863065236E-04
  3.286466067088120E-04  3.277464182160696E-04  3.268418287237956E-04
  3.370855283589716E-04  3.361949031248846E-04  3.352988106259543E-04
  3.456094542936156E-04  3.447305961718785E-04  3.438451083995996E-04
  3.260488565325058E-04  3.251518257014710E-04  3.242507188008128E-04
  3.344272231754437E-04  3.335381060446759E-04  3.326439281197980E-04
  3.428935978685214E-04  3.420144030549666E-04  3.411290724105790E-04
  3.234318008900328E-04  3.225383053770392E-04  3.216410335365535E-04
  3.317471685550883E-04  3.308600759843364E-04  3.299682981384605E-04
  3.401531906771295E-04  3.392743266668416E-04  3.383897843052915E-04
  3.207967916964028E-04  3.199071738374533E-04  3.190140559542190E-04
  3.290469443221641E-04  3.281623480326205E-04  3.272734127378185E-04
  3.373900614730634E-04  3.365121421955330E-04  3.356289671738599E-04
  3.181451213415412E-04  3.172596904837905E-04  3.163710142555660E-04
  3.263280570068129E-04  3.254463860953378E-04  3.245606950544685E-04
  3.346059532354782E-04  3.337295406170583E-04  3.328482617469978E-04
  3.154780252373459E-04  3.145970602149173E-04  3.137130846184166E-04
  3.235919417179008E-04  3.227135851133232E-04  3.218315018126412E-04
  3.318025237763350E-04  3.309281298911744E-04  3.300492281061481E-04
  3.127966848850415E-04  3.119204365709220E-04  3.110413943829437E-04
  3.208399648531213E-04  3.199652740247940E-04  3.190871264878807E-04
  3.289813475756671E-04  3.281094372686702E-04  3.272333483937835E-04
  3.101022312061493E-04  3.092309250804566E-04  3.083570253873782E-04
  3.180734274029712E-04  3.172027192341224E-04  3.163288028960921E-04
  3.261439186112449E-04  3.252749124778990E-04  3.244020302944348E-04
  3.073957480665279E-04  3.065295867485612E-04  3.056610173969711E-04
  3.152935687251143E-04  3.144271284700570E-04  3.135577090976695E-04
  3.232916540010492E-04  3.224259316129460E-04  3.215566111134796E-04
  3.046782759686576E-04  3.038174416678255E-04  3.029543716164890E-04
  3.125015706825465E-04  3.116396549354324E-04  3.107749715271008E-04
  3.204258982833449E-04  3.195638015572821E-04  3.186983622964321E-04
  3.019508156399757E-04  3.010954724881817E-04  3.002380540286888E-04
  3.096985619141317E-04  3.088414015271054E-04  3.079816691368219E-04
  3.175479281329077E-04  3.166897647529448E-04  3.158284942105869E-04
  2.992143316161566E-04  2.983646278526803E-04  2.975129986741001E-04
  3.068856222192714E-04  3.060334251181611E-04  3.051788375572706E-04
  3.146589573712925E-04  3.138050041855348E-04  3.129481610713765E-04
  2.964697556387247E-04  2.956258256253216E-04  2.947801107043399E-04
  3.040637868853248E-04  3.032167407408602E-04  3.023674731210433E-04
  3.117601421083335E-04  3.109106484343118E-04  3.100584658748682E-04
  2.937179898670152E-04  2.928799559190204E-04  2.920402692248234E-04
  3.012340508978785E-04  3.003923256200963E-04  2.995485367103215E-04
  3.088525858837086E-04  3.080077766680155E-04  3.071604652282868E-04
  2.909599098676576E-04  2.901278838921040E-04  2.892943298999133E-04
  2.983973729616475E-04  2.975611229932987E-04  2.967229573709878E-04
  3.059373446969303E-04  3.050974234857438E-04  3.042551739883844E-04
  2.881963672796356E-04  2.873704522175636E-04  2.865431272303865E-04
  2.955546792259037E-04  2.947240456189924E-04  2.938916356033842E-04
  3.030154318184722E-04  3.021805835060767E-04  3.013435696206791E-04
  2.854281922321373E-04  2.846084833065085E-04  2.837874765886556E-04
  2.927068667420330E-04  2.918819790085132E-04  2.910554463705772E-04
  3.000878223271526E-04  2.992582156596683E-04  2.984265962441073E-04
  2.826561954274077E-04  2.818427812024469E-04  2.810281759319849E-04
  2.898548065603896E-04  2.890357842948060E-04  2.882152417440745E-04
  2.971554573017170E-04  2.963312471224761E-04  2.955051683067748E-04
  2.798811699605277E-04  2.790741332214901E-04  2.782660072719606E-04
  2.869993465024757E-04  2.861863007797966E-04  2.853718532336831E-04
  2.942192476343243E-04  2.934005768655011E-04  2.925801738762197E-04
  2.771038927708230E-04  2.763033112360486E-04  2.755017377998896E-04
  2.841413135274777E-04  2.833343480838532E-04  2.825260937287602E-04
  2.912800774240308E-04  2.904670787856051E-04  2.896524775147648E-04
  2.743251258935843E-04  2.735310727724980E-04  2.727361208404916E-04
  2.812815157918730E-04  2.804807279996423E-04  2.796787591565519E-04
  2.883388069544089E-04  2.875316044272544E-04  2.867229227547471E-04
  2.715456173676117E-04  2.707581617799542E-04  2.699698964920045E-04
  2.784207443051184E-04  2.776262259562309E-04  2.768306297657028E-04
  2.853962752346005E-04  2.845949852788950E-04  2.837923341612998E-04
  2.687661018969918E-04  2.679853091692339E-04  2.672037920525187E-04
  2.755597742715537E-04  2.747716121857857E-04  2.739824711292579E-04
  2.824533021281190E-04  2.816580346723128E-04  2.808615190144362E-04
  2.659873013451949E-04  2.652132332006107E-04  2.644385223111864E-04
  2.726993661394218E-04  2.719176426153684E-04  2.711350348907999E-04
  2.795106900870110E-04  2.787215493056531E-04  2.779312686337573E-04
  2.632099249793719E-04  2.624426396383123E-04  2.616747896223474E-04
  2.698402663369672E-04  2.690650594647643E-04  2.682890592355399E-04
  2.765692254995513E-04  2.757863104002361E-04  2.750023593576619E-04
  2.604346695266567E-04  2.596742217333757E-04  2.589132838237275E-04
  2.669832077393479E-04  2.662145915943320E-04  2.654452691302859E-04
  2.736296796829671E-04  2.728530845238858E-04  2.720755532105162E-04
  2.576622191155383E-04  2.569086601070888E-04  2.561546820700944E-04
  2.641289099314544E-04  2.633669546679184E-04  2.626043763970878E-04
  2.706928095667017E-04  2.699226241268719E-04  2.691515983043145E-04
  2.548932450821023E-04  2.541466225139784E-04  2.533996485603575E-04
  2.612780792566555E-04  2.605228511203264E-04  2.597670796094129E-04
  2.677593580875507E-04  2.669956678120449E-04  2.662312289962953E-04
  2.521284056714791E-04  2.513887635136826E-04  2.506488341863990E-04
  2.584314087006670E-04  2.576829699779245E-04  2.569340638586452E-04
  2.648300543409075E-04  2.640729403831456E-04  2.633151658460664E-04
  2.493683456927440E-04  2.486357241087677E-04  2.479028761594400E-04
  2.555895776526520E-04  2.548479865733368E-04  2.541060004306039E-04
  2.619056135252206E-04  2.611551527075468E-04  2.604041154075864E-04
  2.466136960949447E-04  2.458881313146468E-04  2.451623975786516E-04
  2.527532515457350E-04  2.520185621550595E-04  2.512835463916054E-04
  2.589867367120642E-04  2.582430014247449E-04  2.574987698860279E-04
  2.438650735705965E-04  2.431465977665016E-04  2.424280070454199E-04
  2.499230814485155E-04  2.491953434621807E-04  2.484673441526829E-04
  2.560741104864355E-04  2.553371685437880E-04  2.545998067012642E-04
  2.411230800787226E-04  2.404117212541809E-04  2.397002982131024E-04
  2.470997035699323E-04  2.463789622250342E-04  2.456580209713060E-04
  2.531684064791501E-04  2.524383209499708E-04  2.517078879765478E-04
  2.383883024530343E-04  2.376840843485910E-04  2.369798494339139E-04
  2.442837387861028E-04  2.435700346985825E-04  2.428561884956051E-04
  2.502702808432633E-04  2.495471098709854E-04  2.488236600010454E-04
  2.356613120081602E-04  2.349642540315254E-04  2.342672234137807E-04
  2.414757921457771E-04  2.407691611835971E-04  2.400624423045853E-04
  2.473803736904946E-04  2.466641703164564E-04  2.459477526778863E-04
  2.329426641757881E-04  2.322527813592357E-04  2.315629669041584E-04
  2.386764523952937E-04  2.379769255746185E-04  2.372773614814848E-04
  2.444993085176071E-04  2.437901205187703E-04  2.430807789837711E-04
  2.302328982159891E-04  2.295502012034974E-04  2.288676104729071E-04
  2.358862915493367E-04  2.351938949593563E-04  2.345015082433167E-04
  2.416276916514700E-04  2.409255614019556E-04  2.402233344648092E-04
  2.275325369600486E-04  2.268570320253898E-04  2.261816683086636E-04
  2.331058645046841E-04  2.324206192651439E-04  2.317354276207039E-04
  2.387661117297370E-04  2.380710760936624E-04  2.373759967819721E-04
  2.248420866445879E-04  2.241737757405936E-04  2.235056381164001E-04
  2.303357087287072E-04  2.296576309827358E-04  2.289796472169754E-04
  2.359151392405106E-04  2.352272295017104E-04  2.345393253256082E-04
  2.221620367998781E-04  2.215009176379611E-04  2.208400010649699E-04
  2.275763440066253E-04  2.269054449498241E-04  2.262346770273072E-04
  2.330753261245076E-04  2.323945679566036E-04  2.317138608986396E-04
  2.194928601790893E-04  2.188389263371836E-04  2.181852217716688E-04
  2.248282722593206E-04  2.241645582048919E-04  2.235010093274604E-04
  2.302472054574131E-04  2.295736189359745E-04  2.289001254826605E-04
  2.168350128046000E-04  2.161882538612695E-04  2.155417483990764E-04
  2.220919774577333E-04  2.214354499363043E-04  2.207791186560018E-04
  2.274312912219460E-04  2.267648908790698E-04  2.260986220936563E-04
  2.141889340352510E-04  2.135493357267752E-04  2.129100127663818E-04
  2.193679255971622E-04  2.187185814889975E-04  2.180694618514512E-04
  2.246280781672078E-04  2.239688730873949E-04  2.233098347222529E-04
  2.115550467068264E-04  2.109225911040517E-04  2.102904305274266E-04
  2.166565647546955E-04  2.160143964513349E-04  2.153724781664308E-04
  2.218380417593901E-04  2.211860357145323E-04  2.205342283605275E-04
  2.089337573415381E-04  2.083084230428795E-04  2.076834014105433E-04
  2.139583252224480E-04  2.133233208141026E-04  2.126885894501904E-04
  2.190616382222298E-04  2.184168298423854E-04  2.177722491116510E-04
  2.063254563632063E-04  2.057072186999922E-04  2.050893094565272E-04
  2.112736196893259E-04  2.106457631739795E-04  2.100182003714559E-04
  2.162993046587950E-04  2.156616876346340E-04  2.150243243724227E-04
  2.037305184131519E-04  2.031193496637418E-04  2.025085233503363E-04
  2.086028435126414E-04  2.079821150224516E-04  2.073616987223992E-04
  2.135514592610298E-04  2.129210225732045E-04  2.122908630939735E-04
  2.011493026417980E-04  2.005451722506498E-04  1.999413967209513E-04
  2.059463750125110E-04  2.053327510532261E-04  2.047194557368853E-04
  2.108185015841621E-04  2.101952297547991E-04  2.095722560977059E-04
  1.985821530859284E-04  1.979850278843825E-04  1.973882685206735E-04
  2.033045758387244E-04  2.026980295378002E-04  2.020918264726988E-04
  2.081008128909272E-04  2.074846862521240E-04  2.068688764509350E-04
  1.960293990051748E-04  1.954392434307509E-04  1.948494633574127E-04
  2.006777913441770E-04  2.000782927034600E-04  1.994791501923009E-04
  2.053987565428751E-04  2.047897515171450E-04  2.041810798796544E-04
  1.934913552953252E-04  1.929081316068649E-04  1.923252918986614E-04
  1.980663510187849E-04  1.974738671678297E-04  1.968817507964294E-04
  2.027126784445157E-04  2.021107678320701E-04  2.015092052241419E-04
  1.909683228579735E-04  1.903919913440138E-04  1.898160512268688E-04
  1.954705689161371E-04  1.948850643626098E-04  1.942999372435353E-04
  2.000429075163807E-04  1.994480607846218E-04  1.988535749144752E-04
  1.884605890105336E-04  1.878911081890451E-04  1.873220252315862E-04
  1.928907441151801E-04  1.923121809892745E-04  1.917340039984336E-04
  1.973897561985915E-04  1.968019397695941E-04  1.962144954683765E-04
  1.859684278741513E-04  1.854057546819323E-04  1.848434849763418E-04
  1.903271611715273E-04  1.897554994617517E-04  1.891842314654813E-04
  1.947535209670043E-04  1.941726984992121E-04  1.935922579943941E-04
  1.834921007562148E-04  1.829361907267381E-04  1.823806890578915E-04
  1.877800905768978E-04  1.872152883550196E-04  1.866508864257632E-04
  1.921344828607719E-04  1.915606155216562E-04  1.909871387002989E-04
  1.810318565375191E-04  1.804826639663603E-04  1.799338839685341E-04
  1.852497892158690E-04  1.846918028493038E-04  1.841342224683664E-04
  1.895329080110935E-04  1.889659547379732E-04  1.883993993974049E-04
  1.785879320348881E-04  1.780454101322810E-04  1.775033044331632E-04
  1.827365008101952E-04  1.821852851605450E-04  1.816344804068754E-04
  1.869490481655194E-04  1.863889659123610E-04  1.858292879962790E-04
  1.761605523659606E-04  1.756246533961586E-04  1.750891737479045E-04
  1.802404563527662E-04  1.796959649596544E-04  1.791518886839536E-04
  1.843831411996922E-04  1.838298851682870E-04  1.832770389870102E-04
  1.737499312644649E-04  1.732206066721058E-04  1.726917040698206E-04
  1.777618745121869E-04  1.772240597620060E-04  1.766866637459677E-04
  1.818354116116862E-04  1.812889354661431E-04  1.807428739001442E-04
  1.713562714203975E-04  1.708334719441258E-04  1.703110967320316E-04
  1.753009620397302E-04  1.747697753192162E-04  1.742390104199620E-04
  1.793060710015661E-04  1.787663270655080E-04  1.782270017518325E-04
  1.689797647736021E-04  1.684634405475389E-04  1.679475425135314E-04
  1.728579141391311E-04  1.723333059739558E-04  1.718091222539373E-04
  1.767953185262822E-04  1.762622579624568E-04  1.757296194639324E-04
  1.666205928093604E-04  1.661106934530061E-04  1.656012219121990E-04
  1.704329148293585E-04  1.699148350082332E-04  1.693971818512031E-04
  1.743033413329333E-04  1.737769143054846E-04  1.732509122630416E-04
  1.642789268262045E-04  1.637754015236456E-04  1.632723053917713E-04
  1.680261372757735E-04  1.675145349607675E-04  1.670033611745571E-04
  1.718303149657606E-04  1.713104707856266E-04  1.707910540543675E-04
  1.619549281806491E-04  1.614577257497973E-04  1.609609536072814E-04
  1.656377441027954E-04  1.651325679266789E-04  1.646278218336642E-04
  1.693764037486940E-04  1.688630910029418E-04  1.683502077727970E-04
  1.596487485536459E-04  1.591578175066274E-04  1.586673176543222E-04
  1.632678877031790E-04  1.627690858548515E-04  1.622707153711278E-04
  1.669417611481026E-04  1.664349278140956E-04  1.659285257160445E-04
  1.573605301551542E-04  1.568758187505802E-04  1.563915392579543E-04
  1.609167105032276E-04  1.604242308021374E-04  1.599321835063849E-04
  1.645265301043584E-04  1.640261236498567E-04  1.635261498488311E-04
  1.550904059520971E-04  1.546118622402289E-04  1.541337509869830E-04
  1.585843452291381E-04  1.580981351898462E-04  1.576123583829534E-04
  1.621308433457295E-04  1.616368108161206E-04  1.611432120917613E-04
  1.528384998678022E-04  1.523660717294851E-04  1.518940764414465E-04
  1.562709151505878E-04  1.557909220385428E-04  1.553113627950544E-04
  1.597548236809619E-04  1.592671117748376E-04  1.587798345913687E-04
  1.506049269791295E-04  1.501385621593648E-04  1.496726304394186E-04
  1.539765343135715E-04  1.535027051931361E-04  1.530293104055414E-04
  1.573985842721367E-04  1.569171394065188E-04  1.564361299729218E-04
  1.483897937052542E-04  1.479294398421248E-04  1.474695191969229E-04
  1.517013077565468E-04  1.512335895322601E-04  1.507663059490273E-04
  1.550622288892072E-04  1.545869972555588E-04  1.541122015772445E-04
  1.461931979810886E-04  1.457388026307836E-04  1.452848404939419E-04
  1.494453317177865E-04  1.489836711698356E-04  1.485224454281651E-04
  1.527458521494697E-04  1.522767797617331E-04  1.518081436848267E-04
  1.440152294331026E-04  1.435667400917766E-04  1.431186838441948E-04
  1.472086938291172E-04  1.467530376438835E-04  1.462978162979773E-04
  1.504495397416999E-04  1.499865724774349E-04  1.495240417267478E-04
  1.418559695472597E-04  1.414133336701872E-04  1.409711306579821E-04
  1.449914733108543E-04  1.445417681073648E-04  1.440924976529489E-04
  1.481733686416768E-04  1.477164522773941E-04  1.472599724890597E-04
  1.397154918379657E-04  1.392786568565724E-04  1.388422544070703E-04
  1.427937411484650E-04  1.423499335014052E-04  1.419065603971999E-04
  1.459174073120556E-04  1.454664875535859E-04  1.450160043032227E-04
  1.375938619886312E-04  1.371627753258911E-04  1.367321207622474E-04
  1.406155602612977E-04  1.401775967212837E-04  1.397400674080168E-04
  1.436817158944353E-04  1.432367384032806E-04  1.427921972305108E-04
  1.354911380262858E-04  1.350657471107460E-04  1.346407877653223E-04
  1.384569856799284E-04  1.380248127915652E-04  1.375930737089920E-04
  1.414663463958355E-04  1.410272568121903E-04  1.405886032421799E-04
  1.334073704574291E-04  1.329876227362996E-04  1.325683059632812E-04
  1.363180647035973E-04  1.358916290218232E-04  1.354656266242744E-04
  1.392713428643909E-04  1.388380868275274E-04  1.384052663901696E-04
  1.313426024316019E-04  1.309284453830990E-04  1.305147185704471E-04
  1.341988370617417E-04  1.337780851668088E-04  1.333577659375454E-04
  1.370967415578709E-04  1.366692647244301E-04  1.362422229716990E-04
  1.292968698843732E-04  1.288882510295504E-04  1.284800616105657E-04
  1.320993350658876E-04  1.316842135773953E-04  1.312695240421527E-04
  1.349425711058826E-04  1.345208191665940E-04  1.340995016885216E-04
  1.272702016794452E-04  1.268670685937517E-04  1.264643640584059E-04
  1.300195837594556E-04  1.296100393496886E-04  1.292009260896401E-04
  1.328088526685038E-04  1.323927713637078E-04  1.319771238033238E-04
  1.252626197614873E-04  1.248649200861823E-04  1.244676479923940E-04
  1.279596010745430E-04  1.275555804813445E-04  1.271519901457129E-04
  1.306956000962720E-04  1.302851352305637E-04  1.298751032981144E-04
  1.232741392928872E-04  1.228818207464110E-04  1.224899287312976E-04
  1.259193979757773E-04  1.255208480151690E-04  1.251227273336216E-04
  1.286028200833406E-04  1.281979175397004E-04  1.277934470264424E-04
  1.213047687777889E-04  1.209177791672602E-04  1.205312149585501E-04
  1.238989785944142E-04  1.235058461731901E-04  1.231131419682822E-04
  1.265305123120283E-04  1.261311180656578E-04  1.257321548574431E-04
  1.193545101816257E-04  1.189727974144057E-04  1.185915088419326E-04
  1.218983403572955E-04  1.215105724856382E-04  1.211232316853226E-04
  1.244786695849949E-04  1.240847297171086E-04  1.236912198079997E-04
  1.174233590686553E-04  1.170468711640902E-04  1.166708061715110E-04
  1.199174741068704E-04  1.195350179111792E-04  1.191529875615391E-04
  1.224472779407407E-04  1.220587386524781E-04  1.216706281585192E-04
  1.155113047281407E-04  1.151399898295492E-04  1.147690964862617E-04
  1.179563642139188E-04  1.175791669498665E-04  1.172023942281045E-04
  1.204363167578244E-04  1.200531243843535E-04  1.196703595575571E-04
  1.136183303280997E-04  1.132521367150172E-04  1.128863632283854E-04
  1.160149887033430E-04  1.156429977692283E-04  1.152714299969743E-04
  1.184457588633755E-04  1.180678598882981E-04  1.176903871309690E-04
  1.117444130397265E-04  1.113832891406390E-04  1.110225838686750E-04
  1.140933193747822E-04  1.137264823253309E-04  1.133600669823633E-04
  1.164755706537329E-04  1.161029117238584E-04  1.157306776033109E-04
  1.098895241345043E-04  1.095334185402597E-04  1.091777300049826E-04
  1.121913219238259E-04  1.118295864845666E-04  1.114682712231509E-04
  1.145257122295330E-04  1.141582401702524E-04  1.137911914340886E-04
  1.080536290240581E-04  1.077024905019525E-04  1.073517674034385E-04
  1.103089560349999E-04  1.099522701174378E-04  1.095960027774341E-04
  1.125961375170672E-04  1.122337993485847E-04  1.118718829408737E-04
  1.062366872492750E-04  1.058904647578735E-04  1.055446559890060E-04
  1.084461754120136E-04  1.080944871298264E-04  1.077432157548094E-04
  1.106867943250128E-04  1.103295372797926E-04  1.099727003584233E-04
  1.044386524762408E-04  1.040972951807927E-04  1.037563498426105E-04
  1.066029277473173E-04  1.062561854336995E-04  1.059098582882254E-04
  1.087976242958372E-04  1.084453958375644E-04  1.080935857931178E-04
  1.026594725402685E-04  1.023229298287688E-04  1.019867972464403E-04
  1.047791546316000E-04  1.044373068579184E-04  1.040958724460813E-04
  1.069285627424621E-04  1.065813105866452E-04  1.062344750628959E-04
  1.008990895858776E-04  1.005673110861142E-04  1.002359408258974E-04
  1.029747914768545E-04  1.026377870727256E-04  1.023011941581272E-04
  1.050795384384249E-04  1.047372105747192E-04  1.043952974908262E-04
  9.915744026942904E-05  9.883037586757909E-05  9.850371775528412E-05
  1.011897674985614E-04  1.008575555736783E-04  1.005257532011106E-04
  1.032504734701902E-04  1.029130181865778E-04  1.025759757611099E-04
  9.743445587161992E-05  9.711205573334819E-05  9.679005987530116E-05
  9.942400577240568E-05  9.909653574072697E-05  9.876947326019415E-05
  1.014412832505368E-04  1.011086491599111E-04  1.007764259372606E-04
  9.573006214180880E-05  9.541227673678427E-05  9.509489354417476E-05
  9.767742328322600E-05  9.735464489056829E-05  9.703227198469235E-05
  9.965187667328643E-05  9.932401274361831E-05  9.899655762393776E-05
  9.404417870634009E-05  9.373095883689520E-05  9.341813905425402E-05
  9.594993077502659E-05  9.563179413148670E-05  9.531406084767326E-05
  9.788215620247123E-05  9.755901179239785E-05  9.723627406691917E-05
  9.237671809368555E-05  9.206801492784292E-05  9.175970966581868E-05
  9.424143216484511E-05  9.392788778368882E-05  9.361474457273752E-05
  9.613201752147958E-05  9.581354242356478E-05  9.549547181751929E-05
  9.072758447952209E-05  9.042334958976425E-05  9.011951036360920E-05
  9.255182331377733E-05  9.224282215895856E-05  9.193421992221147E-05
  9.440134832856808E-05  9.408749282280521E-05  9.377403954852071E-05
  8.909667280221334E-05  8.879685820965056E-05  8.849743698304043E-05
  9.088099016500351E-05  9.057648370985167E-05  9.027237385740790E-05
  9.269002605540625E-05  9.238074097580875E-05  9.207185579877189E-05
  8.748386775546708E-05  8.718842598827385E-05  8.689337523123172E-05
  8.922880633495565E-05  8.892874663671375E-05  8.862908116135412E-05
  9.099791462999106E-05  9.069315144816029E-05  9.038878576989523E-05
  8.588904455755096E-05  8.559792871627474E-05  8.530720146991565E-05
  8.759513060719145E-05  8.729947040304935E-05  8.700420197546486E-05
  8.932486077286835E-05  8.902457170485518E-05  8.872467766888272E-05
  8.431206554446707E-05  8.402522942034796E-05  8.373877941417147E-05
  8.597980385503875E-05  8.568849669492024E-05  8.539757879533105E-05
  8.767069033022303E-05  8.737482847802756E-05  8.707935911014712E-05
  8.275278486121244E-05  8.247018302848607E-05  8.218796477188929E-05
  8.438264605026818E-05  8.409564647727171E-05  8.380903357432288E-05
  8.603520472114319E-05  8.574372426760906E-05  8.545263366906537E-05
  8.121102315455644E-05  8.093261130700971E-05  8.065458042300040E-05
  8.280344780190797E-05  8.252071164065793E-05  8.223835947728123E-05
  8.441817607776863E-05  8.413103256815589E-05  8.384427619478330E-05
  7.968660149880082E-05  7.941233644626740E-05  7.913844966802080E-05
  8.124196091913317E-05  8.096344567921228E-05  8.068531167256389E-05
  8.281933840366686E-05  8.253648916229941E-05  8.225402423752964E-05
  7.817918707361974E-05  7.790902815022720E-05  7.763924471729747E-05
  7.969785545739479E-05  7.942352115185664E-05  7.914956520478410E-05
  8.123836813924269E-05  8.095977290983064E-05  8.068155905951230E-05
  7.668855212125365E-05  7.642246007956004E-05  7.615674064143217E-05
  7.817068605644719E-05  7.790049630877211E-05  7.763068190705918E-05
  7.967485079551898E-05  7.940047268622277E-05  7.912647287545558E-05
  7.521359911055681E-05  7.495154416384339E-05  7.468985875250948E-05
  7.665967815458025E-05  7.639360323200729E-05  7.612790045149356E-05
  7.812822407553252E-05  7.785803091307683E-05  7.758821278850917E-05
  7.375396322979743E-05  7.349591799335969E-05  7.323823902624227E-05
  7.516368289856749E-05  7.490170295789641E-05  7.464009168154542E-05
  7.659774804193093E-05  7.633171358146521E-05  7.606605067038666E-05
  7.230201067690702E-05  7.204801911679950E-05  7.179438974006306E-05
  7.368018393066734E-05  7.342230125478856E-05  7.316478330118428E-05
  7.508254031232774E-05  7.482064401428033E-05  7.455911550266688E-05
