  7.521579784072915E+00  7.511054667653142E+00  7.500519467651962E+00

 -1.926562696831574E-01 -1.929132157299242E-01 -1.931713519877349E-01
 -1.945146217969585E-01 -1.947759694036118E-01 -1.950390786200866E-01
 -1.954444274467496E-01 -1.957080807279647E-01 -1.959738703301705E-01
 -2.011283222244016E-01 -2.013861927665638E-01 -2.016452349622639E-01
 -2.030569492949771E-01 -2.033192962636040E-01 -2.035833895718610E-01
 -2.040220752256593E-01 -2.042867727907348E-01 -2.045535948442139E-01
 -2.054199497497483E-01 -2.056782651486992E-01 -2.059377433910576E-01
 -2.073843164971211E-01 -2.076471445556751E-01 -2.079117117484224E-01
 -2.083674073232705E-01 -2.086326077344694E-01 -2.088999271105879E-01
 -2.054199497497483E-01 -2.056782651486992E-01 -2.059377433910576E-01
 -2.073843164971211E-01 -2.076471445556751E-01 -2.079117117484224E-01
 -2.083674073232705E-01 -2.086326077344694E-01 -2.088999271105879E-01
 -2.011283222244016E-01 -2.013861927665638E-01 -2.016452349622639E-01
 -2.030569492949771E-01 -2.033192962636040E-01 -2.035833895718610E-01
 -2.040220752256593E-01 -2.042867727907348E-01 -2.045535948442139E-01
 -1.926562696831574E-01 -1.929132157299242E-01 -1.931713519877349E-01
 -1.945146217969585E-01 -1.947759694036118E-01 -1.950390786200866E-01
 -1.954444274467496E-01 -1.957080807279647E-01 -1.959738703301705E-01
 -1.802207311887860E-01 -1.804762000649428E-01 -1.807328894217311E-01
 -1.819766041060508E-01 -1.822363561388621E-01 -1.824978949273332E-01
 -1.828549139545721E-01 -1.831169007212110E-01 -1.833810436221989E-01
 -1.641339053590896E-01 -1.643872263489840E-01 -1.646418129487119E-01
 -1.657584042413921E-01 -1.660158389299848E-01 -1.662750983149022E-01
 -1.665707183683120E-01 -1.668302865178412E-01 -1.670920413246284E-01
 -1.447886347374183E-01 -1.450389649046455E-01 -1.452906251257597E-01
 -1.462569478499758E-01 -1.465111611336528E-01 -1.467672539970345E-01
 -1.469908346195605E-01 -1.472470440838888E-01 -1.475054853706295E-01
 -1.226408679746536E-01 -1.228871286228277E-01 -1.231348087239132E-01
 -1.239327985302061E-01 -1.241826385959670E-01 -1.244344353002189E-01
 -1.245781651809135E-01 -1.248298215213733E-01 -1.250837745262142E-01
 -9.819064840168652E-02 -9.843145691824541E-02 -9.867380528223846E-02
 -9.929088809227486E-02 -9.953488718531951E-02 -9.978094762834971E-02
 -9.984011984764218E-02 -1.000857062317327E-01 -1.003336791472679E-01
 -7.196315608783331E-02 -7.219676677252404E-02 -7.243207315940968E-02
 -7.286130050961673E-02 -7.309761987309719E-02 -7.333613658803989E-02
 -7.330926611330521E-02 -7.354689079360681E-02 -7.378702049944472E-02
 -4.449120934695654E-02 -4.471549023338915E-02 -4.494165759134967E-02
 -4.518152319543228E-02 -4.540794115086688E-02 -4.563672195922331E-02
 -4.552544984577790E-02 -4.575284086500153E-02 -4.598288218048015E-02
 -1.630028601888339E-02 -1.651277403426205E-02 -1.672736419365971E-02
 -1.678123085276713E-02 -1.699521774797043E-02 -1.721175079036424E-02
 -1.702046198127614E-02 -1.723505304398995E-02 -1.745245434959476E-02
  1.210344054383079E-02  1.190535533430925E-02  1.170495098083451E-02
  1.182988952962009E-02  1.163096319269200E-02  1.142931462755590E-02
  1.169422775883447E-02  1.149507789599790E-02  1.129296879413347E-02
  4.024236132339008E-02  4.006107505790761E-02  3.987729104139545E-02
  4.017155386279295E-02  3.999003769183137E-02  3.980566970533426E-02
  4.013694883576938E-02  3.995556978028721E-02  3.977113260015856E-02
  6.767543831314336E-02  6.751255665648923E-02  6.734709439915228E-02
  6.780092022038475E-02  6.763829953673192E-02  6.747279836671126E-02
  6.786387725866820E-02  6.770170129325297E-02  6.753647140914794E-02
  9.400808433017450E-02  9.386359646033236E-02  9.371661362531628E-02
  9.432240700916839E-02  9.417847612618542E-02  9.403180604233780E-02
  9.447881839692590E-02  9.433555498672297E-02  9.418941203658429E-02
  1.189079899783632E-01  1.187792411877144E-01  1.186483216319650E-01
  1.194038450504582E-01  1.192756674001616E-01  1.191451295018380E-01
  1.196495925048065E-01  1.195221814703853E-01  1.193923016675285E-01
  1.421256838818451E-01  1.420066253467165E-01  1.418859781114464E-01
  1.427983174888966E-01  1.426794681641547E-01  1.425588899599480E-01
  1.431308019149884E-01  1.430126436143336E-01  1.428926754816189E-01
  1.635033706398898E-01  1.633852533508486E-01  1.632662947975008E-01
  1.643535070201663E-01  1.642348771023258E-01  1.641152924799146E-01
  1.647737890077214E-01  1.646555884642928E-01  1.645363651498624E-01
  1.829482122635912E-01  1.828224467824371E-01  1.826965583175283E-01
  1.839797085707288E-01  1.838526570208129E-01  1.837253465561979E-01
  1.844916412410863E-01  1.843647039187191E-01  1.842374212412777E-01
  2.003799739030966E-01  2.002417370552189E-01  2.001038800442803E-01
  2.015864290352307E-01  2.014467806135269E-01  2.013072928233172E-01
  2.021881244051127E-01  2.020486224203800E-01  2.019091372185599E-01
  2.157017374021490E-01  2.155522165310806E-01  2.154032398776972E-01
  2.170486644543804E-01  2.168993744910529E-01  2.167502803402415E-01
  2.177190907379795E-01  2.175711169909037E-01  2.174231096782022E-01
  2.287950687695292E-01  2.286416185112058E-01  2.284884823213709E-01
  2.302170149740350E-01  2.300676292445922E-01  2.299181175151988E-01
  2.309133407930771E-01  2.307678055798936E-01  2.306218704344384E-01
  2.395168563826937E-01  2.393690437111352E-01  2.392211225191026E-01
  2.409537460705645E-01  2.408132693130766E-01  2.406723403773900E-01
  2.416415901256798E-01  2.415066810324843E-01  2.413711459724677E-01
  2.477753256382831E-01  2.476366991877370E-01  2.474977502108174E-01
  2.492344643140606E-01  2.491022505387269E-01  2.489695755854781E-01
  2.499329007623408E-01  2.498049130069860E-01  2.496764364884893E-01
  2.536112334252692E-01  2.534780094388039E-01  2.533444709909291E-01
  2.551425492607534E-01  2.550124730064803E-01  2.548819957034608E-01
  2.558929497528551E-01  2.557647537874798E-01  2.556361367948085E-01
  2.571162824274719E-01  2.569850285963159E-01  2.568534608895934E-01
  2.587227056980754E-01  2.585923738617876E-01  2.584615930421081E-01
  2.595239568303507E-01  2.593942778940928E-01  2.592640824390022E-01
  2.583895769465622E-01  2.582597603333150E-01  2.581296260714827E-01
  2.600311528358440E-01  2.599009264725633E-01  2.597702319661992E-01
  2.608555366100163E-01  2.607252629443944E-01  2.605944393955448E-01
  2.575923726635796E-01  2.574645175795366E-01  2.573364095382818E-01
  2.592290509052488E-01  2.590997636788327E-01  2.589700937409711E-01
  2.600530003587028E-01  2.599230740885379E-01  2.597926928831675E-01
  2.549477862989052E-01  2.548228854786440E-01  2.546978806642511E-01
  2.565493752480687E-01  2.564223673232137E-01  2.562951638031689E-01
  2.573562802807793E-01  2.572282262197799E-01  2.570999247273569E-01
  2.507109221931759E-01  2.505904728498453E-01  2.504701421040765E-01
  2.522559764778171E-01  2.521331250590676E-01  2.520103436278605E-01
  2.530342948193965E-01  2.529102063564139E-01  2.527861596753354E-01
  2.451542775464026E-01  2.450401318357882E-01  2.449263743368711E-01
  2.466291123099647E-01  2.465126071016264E-01  2.463964787641530E-01
  2.473717087889788E-01  2.472539701265899E-01  2.471366008134994E-01
  2.385526427931461E-01  2.384467921130761E-01  2.383416093458999E-01
  2.399492458536965E-01  2.398413183146661E-01  2.397340727246831E-01
  2.406521130828184E-01  2.405430947863207E-01  2.404347650676724E-01
  2.311682482464589E-01  2.310725236911395E-01  2.309777220288595E-01
  2.324822326740442E-01  2.323848246861911E-01  2.322883658247858E-01
  2.331432620293715E-01  2.330449707359490E-01  2.329476421008883E-01
  2.232421074767240E-01  2.231579056585231E-01  2.230748337776876E-01
  2.244714519188145E-01  2.243859584466836E-01  2.243016225495059E-01
  2.250897402629932E-01  2.250035717078573E-01  2.249185752417542E-01
  2.149890570687825E-01  2.149172261570861E-01  2.148466760829984E-01
  2.161332946702322E-01  2.160604971995548E-01  2.159890029674728E-01
  2.167087037843391E-01  2.166354043201791E-01  2.165634199589734E-01
  2.065948801377573E-01  2.065357576973778E-01  2.064780157463487E-01
  2.076545847879196E-01  2.075947319025273E-01  2.075362740782174E-01
  2.081874598633956E-01  2.081272308466003E-01  2.080684046937533E-01
  1.982157733978915E-01  1.981693042428380E-01  1.981242764360767E-01
  1.991923627114078E-01  1.991453151371656E-01  1.990997158231276E-01
  1.996834390404426E-01  1.996360964947378E-01  1.995902060278751E-01
  1.899795753005282E-01  1.899454500717162E-01  1.899128021782289E-01
  1.908752785288042E-01  1.908406611448177E-01  1.908075218493060E-01
  1.913256816726988E-01  1.912908155398139E-01  1.912574281071743E-01
  1.819877965784172E-01  1.819655709167857E-01  1.819448448456250E-01
  1.828056210011359E-01  1.827829449196080E-01  1.827617648732642E-01
  1.832168607724573E-01  1.831939585286178E-01  1.831725506792087E-01
  1.743179715425072E-01  1.743071454696202E-01  1.742978340146712E-01
  1.750616120438737E-01  1.750503509140416E-01  1.750405982576134E-01
  1.754355422699609E-01  1.754240635182783E-01  1.754140902300809E-01
  1.670261756744857E-01  1.670262319557973E-01  1.670278125196868E-01
  1.676998772320669E-01  1.676995008397085E-01  1.677006414355999E-01
  1.680386287245950E-01  1.680380362311230E-01  1.680389570857359E-01
  1.601496251951182E-01  1.601600365363504E-01  1.601719747380661E-01
  1.607580235014620E-01  1.607680007561393E-01  1.607794975873239E-01
  1.610639244078673E-01  1.610736848684863E-01  1.610849612320541E-01
  1.537092939447300E-01  1.537295115562304E-01  1.537512476226457E-01
  1.542572576650038E-01  1.542770420304184E-01  1.542983384896344E-01
  1.545327541709517E-01  1.545523220057384E-01  1.545733986985270E-01
  1.477124914246388E-01  1.477419257834885E-01  1.477728544770529E-01
  1.482049805465854E-01  1.482339885488075E-01  1.482644861320745E-01
  1.484525656869393E-01  1.484813603751121E-01  1.485116422006778E-01
  1.421553442097195E-01  1.421933457196171E-01  1.422327972168778E-01
  1.425972900401857E-01  1.426348802565168E-01  1.426739177816421E-01
  1.428194433713339E-01  1.428568275675827E-01  1.428956576632857E-01
  1.370251246166120E-01  1.370709687361291E-01  1.371181946823090E-01
  1.374213323177010E-01  1.374667892398171E-01  1.375136276540100E-01
  1.376204707930038E-01  1.376657335271516E-01  1.377123775173293E-01
  1.323023787057910E-01  1.323552575533566E-01  1.324094239659707E-01
  1.326574517272641E-01  1.327099764522993E-01  1.327637908554784E-01
  1.328358914554741E-01  1.328882383441909E-01  1.329418759019288E-01
  1.279628176624257E-01  1.280218382293830E-01  1.280820250878334E-01
  1.282811029103619E-01  1.283398107774522E-01  1.283996894799373E-01
  1.284410312936403E-01  1.284995818771791E-01  1.285593055061523E-01
  1.239789503362542E-01  1.240431382022602E-01  1.241083443843835E-01
  1.242645023918890E-01  1.243284264150301E-01  1.243933756338980E-01
  1.244079598811504E-01  1.244717509137741E-01  1.245365705249719E-01
  1.203214488713682E-01  1.203897556614344E-01  1.204589073136399E-01
  1.205780108849473E-01  1.206461091219455E-01  1.207150612882205E-01
  1.207068812104372E-01  1.207748739914534E-01  1.208437251860762E-01
  1.169602527284245E-01  1.170315654337849E-01  1.171035258415451E-01
  1.171912509220880E-01  1.172624157585878E-01  1.173342393489598E-01
  1.173072582717415E-01  1.173783479201636E-01  1.174501018112084E-01
  1.138654281127729E-01  1.139385787604163E-01  1.140121582519597E-01
  1.140739763022376E-01  1.141470439857025E-01  1.142205532613929E-01
  1.141786876294413E-01  1.142517125578195E-01  1.143251854335018E-01
  1.110078093246538E-01  1.110815842153434E-01  1.111555494585448E-01
  1.111967196467579E-01  1.112704791814560E-01  1.113444430963441E-01
  1.112915501598375E-01  1.113653008004606E-01  1.114392628393918E-01
  1.083594554119635E-01  1.084326040760801E-01  1.085056871181598E-01
  1.085312516574854E-01  1.086044531876192E-01  1.086776038133195E-01
  1.086174716406657E-01  1.086906985381633E-01  1.087638819213556E-01
  1.058939592288117E-01  1.059652041357636E-01  1.060361124318468E-01
  1.060508899270395E-01  1.061222537349033E-01  1.061932955643475E-01
  1.061296314166824E-01  1.062010538593343E-01  1.062721616986144E-01
  1.035866461106709E-01  1.036546947650314E-01  1.037221239911419E-01
  1.037306957672100E-01  1.037989237161298E-01  1.038665458580846E-01
  1.038029582453869E-01  1.038712753650847E-01  1.039389935711072E-01
  1.014146958392190E-01  1.014782570339493E-01  1.015409085201179E-01
  1.015475942688639E-01  1.016113857126503E-01  1.016742790715189E-01
  1.016142493261864E-01  1.016781558182036E-01  1.017411701358197E-01
  9.935721522971454E-02  9.941502088319019E-02  9.947162503832568E-02
  9.948044635516137E-02  9.953852016283911E-02  9.959540118600445E-02
  9.954224201385652E-02  9.960045024093249E-02  9.965747014431045E-02
  9.739528126247192E-02  9.744611458343203E-02  9.749546089021179E-02
  9.751009362815079E-02  9.756121717305739E-02  9.761085882000702E-02
  9.756765947845888E-02  9.761892886500982E-02  9.766871900876413E-02
  9.551196816361446E-02  9.555469808219329E-02  9.559567135547292E-02
  9.561938945401705E-02  9.566241444145573E-02  9.570368396662665E-02
  9.567324379096692E-02  9.571641735177738E-02  9.575783612092249E-02
  9.369236733257459E-02  9.372598834347011E-02  9.375761010653406E-02
  9.379322440065670E-02  9.382712845774217E-02  9.385903060595341E-02
  9.384378415612589E-02  9.387783097116650E-02  9.390987459964444E-02
  9.192360599490634E-02  9.194728173748606E-02  9.196875471879114E-02
  9.201855061797930E-02  9.204248265759830E-02  9.206420594420087E-02
  9.206614422517198E-02  9.209020571272825E-02  9.211205547363049E-02
  9.019486703955257E-02  9.020797492389085E-02  9.021872764301096E-02
  9.028440629179085E-02  9.029773264762443E-02  9.030869538144244E-02
  9.032928893438646E-02  9.034272575910633E-02  9.035379472489209E-02
  8.849740680882826E-02  8.849957971369905E-02  8.849930686470794E-02
  8.858193595777508E-02  8.858428307911384E-02  8.858417461580893E-02
  8.862430614619290E-02  8.862674142847146E-02  8.862671617500062E-02
  8.682455950989799E-02  8.681571927928772E-02  8.680441243744434E-02
  8.690439487444862E-02  8.689568317892009E-02  8.688449482682771E-02
  8.694441104606349E-02  8.693576440459534E-02  8.692463602734511E-02
  8.517170886230681E-02  8.515208562714048E-02  8.513004835273952E-02
  8.524711806410863E-02  8.522758095418428E-02  8.520562061197526E-02
  8.528491389975995E-02  8.526542032219434E-02  8.524349884650162E-02
  8.353620378430905E-02  8.350633574861506E-02  8.347417811836777E-02
  8.360743114420818E-02  8.357761389781417E-02  8.354549955032733E-02
  8.364312845706075E-02  8.361333674496323E-02  8.358124410510377E-02
  8.191719887319444E-02  8.187790946188006E-02  8.183651963865728E-02
  8.198448424995096E-02  8.194521983225091E-02  8.190384968715650E-02
  8.201820258008773E-02  8.197895049070954E-02  8.193758994693591E-02
  8.031541242560118E-02  8.026776520234401E-02  8.021825932459942E-02
  8.037900254573389E-02  8.033136496763656E-02  8.028186574751774E-02
  8.041086497247654E-02  8.036323179182900E-02  8.031373541707507E-02
  7.873281108157433E-02  7.867804660095003E-02  7.862170195000645E-02
  7.879296335442779E-02  7.873820300091085E-02  7.868186161374234E-02
  7.882309851240277E-02  7.876833961282831E-02  7.871199920518562E-02
  7.717224516787030E-02  7.711170682194995E-02  7.704988584265135E-02
  7.722922500818864E-02  7.716869324918910E-02  7.710687965688014E-02
  7.725776581004505E-02  7.719723663242443E-02  7.713542599640527E-02
  7.563706793191134E-02  7.557212521829949E-02  7.550619896831250E-02
  7.569114149527617E-02  7.562621319172712E-02  7.556030321588732E-02
  7.571822151083464E-02  7.565329967846932E-02  7.558739709788788E-02
  7.413077361424822E-02  7.406275101667911E-02  7.399403003864229E-02
  7.418219834035381E-02  7.411420050891369E-02  7.404550661159758E-02
  7.420794703411496E-02  7.413996089984351E-02  7.407127986362490E-02
  7.265668483772438E-02  7.258680299999543E-02  7.251648184054731E-02
  7.270570016030201E-02  7.263585342639313E-02  7.256556961159812E-02
  7.273023817795761E-02  7.266040840997452E-02  7.259014269884609E-02
  7.121771122699053E-02  7.114704477552361E-02  7.107616389875739E-02
  7.126453129683352E-02  7.119390834459050E-02  7.112307276353047E-02
  7.128796673951202E-02  7.121736508186499E-02  7.114655171722993E-02
  6.981619049425221E-02  6.974564418205509E-02  6.967507030647135E-02
  6.986099996746252E-02  6.979050246867613E-02  6.971997856199803E-02
  6.988342619594881E-02  6.981295279038355E-02  6.974245358034474E-02
  6.845381212027396E-02  6.838411437086211E-02  6.831453774071536E-02
  6.849676522903853E-02  6.842711814881998E-02  6.835759266213168E-02
  6.851826032051175E-02  6.844863839625835E-02  6.837913832705177E-02
  6.713161385548007E-02  6.706332469761458E-02  6.699526988003814E-02
  6.717283630353402E-02  6.710459644213321E-02  6.703659078846652E-02
  6.719346394139623E-02  6.712524866552022E-02  6.705726755193517E-02
  6.585003410249925E-02  6.578356322142156E-02  6.571740897452286E-02
  6.588962692255870E-02  6.582320135461785E-02  6.575709182034274E-02
  6.590943829235307E-02  6.584303540855460E-02  6.577694827432587E-02
  6.460899985481083E-02  6.454463016608672E-02  6.448063381942422E-02
  6.464704424760331E-02  6.458271406390986E-02  6.451875631165396E-02
  6.466608044819275E-02  6.460177010755344E-02  6.453783175436852E-02
  6.340803039937802E-02  6.334594307325432E-02  6.328426554785052E-02
  6.344459268685430E-02  6.338253801020996E-02  6.332089205757167E-02
  6.346288721870212E-02  6.340084899515140E-02  6.333921896426806E-02
  6.224634065048001E-02  6.218663859515602E-02  6.212736735489295E-02
  6.228147672346546E-02  6.222180007101109E-02  6.216255310303324E-02
  6.229905773752440E-02  6.223939393204801E-02  6.218015924935425E-02
  6.112293336624944E-02  6.106566146086043E-02  6.100882997223776E-02
  6.115669228879266E-02  6.109943863383727E-02  6.104262428627343E-02
  6.117358442013995E-02  6.111634003798794E-02  6.105953440971699E-02
  6.003667509368824E-02  5.998183662489150E-02  5.992744000642933E-02
  6.006910176683782E-02  6.001427480089539E-02  5.995988863803626E-02
  6.008532749845751E-02  6.003050642378652E-02  5.997612562825500E-02
  5.898635529018901E-02  5.893392488047756E-02  5.888193216816636E-02
  5.901749223944894E-02  5.896506714973136E-02  5.891307878593439E-02
  5.903307282420939E-02  5.898065052138071E-02  5.892866445767719E-02
  5.797073102588782E-02  5.792066477599796E-02  5.787102857715965E-02
  5.800061945811251E-02  5.795055295319929E-02  5.790091559765415E-02
  5.801557546961643E-02  5.796550894942038E-02  5.791587112651595E-02
  5.698856090386429E-02  5.694080455530066E-02  5.689346888199726E-02
  5.701724120154399E-02  5.696947959094071E-02  5.692213780479172E-02
  5.703159279727776E-02  5.698382865391258E-02  5.693648390855603E-02
  5.603863171139808E-02  5.599312749203507E-02  5.594803439047854E-02
  5.606614352130261E-02  5.602062950662336E-02  5.597552578310063E-02
  5.607991049711064E-02  5.603439167120049E-02  5.598928272248777E-02
  5.511978043242061E-02  5.507647302198696E-02  5.503356838747159E-02
  5.514616248127935E-02  5.510284108935973E-02  5.505992163993886E-02
  5.515936418455990E-02  5.511603587933770E-02  5.507310909978038E-02
  5.423091321066567E-02  5.418975507022393E-02  5.414899386304396E-02
  5.425620295315824E-02  5.421502684900238E-02  5.417424680507339E-02
  5.426885810873409E-02  5.422767309419928E-02  5.418688370378221E-02
  5.337102208414855E-02  5.333197829381765E-02  5.329332929387618E-02
  5.339525526198103E-02  5.335618958055000E-02  5.331751774347037E-02
  5.340738175123638E-02  5.336830519263839E-02  5.332962200628231E-02
  5.253919997336499E-02  5.250225270612897E-02  5.246570293681959E-02
  5.256241014143140E-02  5.252543696281470E-02  5.248886023040072E-02
  5.257402476361660E-02  5.253703869708920E-02  5.250044855223648E-02
  5.173465436520922E-02  5.169980711859640E-02  5.166536604825168E-02
  5.175687242720205E-02  5.172199501738205E-02  5.168752259684232E-02
  5.176799066465923E-02  5.173309824234147E-02  5.169861021743281E-02
  5.095672001609967E-02  5.092400161281115E-02  5.089170508518732E-02
  5.097797381612004E-02  5.094522065053583E-02  5.091288801707084E-02
  5.098860962684268E-02  5.095583915166792E-02  5.092348853852816E-02
  5.020487030528210E-02  5.017433834475520E-02  5.014425179472207E-02
  5.022518435060812E-02  5.019461261485367E-02  5.016448478573824E-02
  5.023535002546148E-02  5.020475847607477E-02  5.017461008281278E-02
  4.947872520321724E-02  4.945046805359977E-02  4.942268791439965E-02
  4.949812064413159E-02  4.946981831685191E-02  4.944199136278705E-02
  4.950782679133716E-02  4.947950195002920E-02  4.945165166400844E-02
  4.877805118683648E-02  4.875218685476233E-02  4.872683830961623E-02
  4.879654623302003E-02  4.877063109946391E-02  4.874523005425307E-02
  4.880580197959134E-02  4.877986151738425E-02  4.875443429362678E-02
  4.810274555535601E-02  4.807941516719987E-02  4.805664389935888E-02
  4.812035652728202E-02  4.809696985228855E-02  4.807414066417574E-02
  4.812917003725824E-02  4.810575528270795E-02  4.808289719594470E-02
  4.745279602888981E-02  4.743214968595062E-02  4.741210554767000E-02
  4.746953918075011E-02  4.744883177199057E-02  4.742872517770327E-02
  4.747791856009974E-02  4.745718066707572E-02  4.743704288900727E-02
  4.682820830286780E-02  4.681038223513264E-02  4.679319425534071E-02
  4.684410237880399E-02  4.682621190352072E-02  4.680895857662579E-02
  4.685205695025283E-02  4.683413429736413E-02  4.681684831673821E-02
  4.622890106913154E-02  4.621398754323172E-02  4.619973254808974E-02
  4.624397027775051E-02  4.622899120871012E-02  4.621467037510017E-02
  4.625151207054879E-02  4.623650022785673E-02  4.622214646528106E-02
  4.565457997926899E-02  4.564259497608603E-02  4.563126578785574E-02
  4.566885676565699E-02  4.565680790094687E-02  4.564541532348642E-02
  4.567600191124922E-02  4.566392108303303E-02  4.565249677032912E-02
  4.510461653294072E-02  4.509547371390405E-02  4.508695615277631E-02
  4.511814332124878E-02  4.510894137274472E-02  4.510036592272003E-02
  4.512491294055355E-02  4.511568136615916E-02  4.510707690367120E-02
  4.457796948348762E-02  4.457147071587213E-02  4.456553966447802E-02
  4.459079860108319E-02  4.458424817754015E-02  4.457826733165702E-02
  4.459721878531635E-02  4.459064245116411E-02  4.458463662061883E-02
  4.407318794782716E-02  4.406903885993770E-02  4.406538074440257E-02
  4.408537932057256E-02  4.408118792293613E-02  4.407748970805642E-02
  4.409147999456614E-02  4.408726734787793E-02  4.408354898687729E-02
  4.358852074119395E-02  4.358637332287876E-02  4.358463471548964E-02
  4.360013765278009E-02  4.359795791052392E-02  4.359618922432358E-02
  4.360595046093395E-02  4.360375446083341E-02  4.360197063905506E-02
  4.312212344315242E-02  4.312163701907471E-02  4.312148758541001E-02
  4.313322751785343E-02  4.313271821168694E-02  4.313254794942804E-02
  4.313878330786929E-02  4.313826246896970E-02  4.313808170090403E-02
  4.267230829817771E-02  4.267320775371568E-02  4.267439345430291E-02
  4.268295560635250E-02  4.268384049360537E-02  4.268501349406566E-02
  4.268828245999663E-02  4.268915997427613E-02  4.269032653438283E-02
  4.223773531417273E-02  4.223983560086676E-02  4.224218962001147E-02
  4.224797577510897E-02  4.225006921815697E-02  4.225241842476266E-02
  4.225309867806697E-02  4.225518860345446E-02  4.225753530276175E-02
  4.181741488894292E-02  4.182057871781929E-02  4.182395810921249E-02
  4.182729669401283E-02  4.183046276891534E-02  4.183384731285165E-02
  4.183223971560009E-02  4.183540679374200E-02  4.183879378394485E-02
  4.141040226611249E-02  4.141440754359044E-02  4.141853649018003E-02
  4.141998181181173E-02  4.142400304222419E-02  4.142815270113853E-02
  4.142477305059750E-02  4.142880209406832E-02  4.143296193057647E-02
  4.101512357455276E-02  4.101943943758650E-02  4.102366520302878E-02
  4.102447960737855E-02  4.102883368994397E-02  4.103310530753344E-02
  4.102915826334178E-02  4.103353123235081E-02  4.103782553442246E-02
  4.062837873490212E-02  4.063188061508854E-02  4.063488127113576E-02
  4.063762754176747E-02  4.064120206192110E-02  4.064428661676098E-02
  4.064225153648249E-02  4.064586208703808E-02  4.064898828369767E-02
  4.024419784304050E-02  4.024488570590205E-02  4.024440174177592E-02
  4.025350493238637E-02  4.025431397703631E-02  4.025396622828655E-02
  4.025815679796111E-02  4.025902608646359E-02  4.025874608509177E-02
  3.985285245982048E-02  3.984766334465989E-02  3.984034930755632E-02
  3.986243570630955E-02  3.985742952524433E-02  3.985031648133228E-02
  3.986722422204032E-02  3.986230913029914E-02  3.985529620157303E-02
  3.944040627539008E-02  3.942522405549120E-02  3.940672326441016E-02
  3.945052611565418E-02  3.943559705039668E-02  3.941736866783536E-02
  3.945558147580008E-02  3.944077862435138E-02  3.942268609302826E-02
  3.898920009778756E-02  3.895915498583891E-02  3.892448339817703E-02
  3.900013399354970E-02  3.897041173870519E-02  3.893608053065332E-02
  3.900559510393485E-02  3.897603398894713E-02  3.894187271035409E-02
  3.847957961692074E-02  3.842969158369041E-02  3.837397057527278E-02
  3.849158050053733E-02  3.844207162723943E-02  3.838674176512717E-02
  3.849757425184705E-02  3.844825481594914E-02  3.839312043261781E-02
  3.789297198217126E-02  3.781912197396847E-02  3.773862109682179E-02
  3.790621371480408E-02  3.783277032812951E-02  3.775267834653805E-02
  3.791282773702262E-02  3.783958773832494E-02  3.775970034896040E-02
  3.721609198165307E-02  3.711620474539465E-02  3.700954941119326E-02
  3.723060895394090E-02  3.713111145670997E-02  3.702483469575914E-02
  3.723786140252767E-02  3.713855913493431E-02  3.703247210212280E-02
  3.644563886898040E-02  3.632084801520189E-02  3.619013536168038E-02
  3.646127133104927E-02  3.633679702439384E-02  3.620637408299228E-02
  3.646908348096594E-02  3.634476812623518E-02  3.621449080494695E-02
  3.559242772552376E-02  3.544790547638848E-02  3.529939784463584E-02
  3.560878789790024E-02  3.546444838402006E-02  3.531608127941719E-02
  3.561696705852786E-02  3.547271989783381E-02  3.532442411805135E-02
  3.468366139930804E-02  3.452878553448520E-02  3.437286877975786E-02
  3.470013559922060E-02  3.454525479547001E-02  3.438927895827081E-02
  3.470837597293719E-02  3.455349392194561E-02  3.439748981526441E-02
  3.376219182144719E-02  3.360983232701807E-02  3.346006847552452E-02
  3.377798857829047E-02  3.362540159524667E-02  3.347535059030902E-02
  3.378589508429230E-02  3.363319568605388E-02  3.348300244321312E-02
  3.288224240468296E-02  3.274717395716208E-02  3.261852189833495E-02
  3.289648565690061E-02  3.276096130504028E-02  3.263179647258472E-02
  3.290362032773558E-02  3.276786928876867E-02  3.263844929778840E-02
  3.210204159191606E-02  3.199875488737174E-02  3.190529463700221E-02
  3.211389456074220E-02  3.200995121262576E-02  3.191578871852999E-02
  3.211983837702336E-02  3.201556772939552E-02  3.192105505563430E-02
  3.147480383127099E-02  3.141519270877505E-02  3.136786187180969E-02
  3.148359827468312E-02  3.142318819161909E-02  3.137503078814996E-02
  3.148801583533184E-02  3.142720690445738E-02  3.137863673978811E-02
  3.104008772598647E-02  3.103154758882784E-02  3.103641507324350E-02
  3.104542953996163E-02  3.103602749828601E-02  3.104002693235799E-02
  3.104812205541050E-02  3.103828922295722E-02  3.104185467247219E-02
  3.081753415793084E-02  3.086190525045948E-02  3.091937006079142E-02
  3.081936108354442E-02  3.086289316411614E-02  3.091953376399783E-02
  3.082029553124162E-02  3.086340779994677E-02  3.091963587948522E-02
  3.080438323129503E-02  3.089795555574571E-02  3.100302294940900E-02
  3.080296185817484E-02  3.089579469063930E-02  3.100015409669149E-02
  3.080226982442212E-02  3.089473222439020E-02  3.099873687124919E-02
  3.097721431382169E-02  3.111174708267411E-02  3.125526860846812E-02
  3.097307828244691E-02  3.110702546161801E-02  3.125000279407647E-02
  3.097102535710320E-02  3.110467882120702E-02  3.124738309865361E-02
  3.129731425960960E-02  3.146177649945687E-02  3.163230808296556E-02
  3.129115999829106E-02  3.145521550122553E-02  3.162538404223772E-02
  3.128809381386933E-02  3.145194496268435E-02  3.162193099901150E-02
  3.171820788677037E-02  3.190078126334760E-02  3.208657761558983E-02
  3.171077454699269E-02  3.189311581121988E-02  3.207871952566728E-02
  3.170706475105305E-02  3.188928905512803E-02  3.207479557909233E-02
  3.219342920769067E-02  3.238328572887126E-02  3.257396045062986E-02
  3.218539194290576E-02  3.237516449900153E-02  3.256578639091867E-02
  3.218137668715890E-02  3.237110653254271E-02  3.256170132841257E-02
  3.268274765246933E-02  3.287124056012034E-02  3.305878070139191E-02
  3.267464646887275E-02  3.286316552172676E-02  3.305075328220137E-02
  3.267059659243905E-02  3.285912819563261E-02  3.304673928997544E-02
  3.315575432510079E-02  3.333688897319059E-02  3.351595275186550E-02
  3.314796709091052E-02  3.332919906206430E-02  3.350837295872609E-02
  3.314407237860062E-02  3.332535267125929E-02  3.350458132248107E-02
  3.359266274679453E-02  3.376294509992830E-02  3.393058757037834E-02
  3.358541662361844E-02  3.375583528048268E-02  3.392362045279599E-02
  3.358179134384798E-02  3.375227794056261E-02  3.392013427242128E-02
  3.398298116695947E-02  3.414088445950315E-02  3.429596933762111E-02
  3.397638752483335E-02  3.413444401765518E-02  3.428968464380409E-02
  3.397308780991916E-02  3.413122075900135E-02  3.428653912238297E-02
  3.432309277350652E-02  3.446840629235946E-02  3.461095824354248E-02
  3.431718888234494E-02  3.446266017693699E-02  3.460537068122007E-02
  3.431423358741671E-02  3.445978364673440E-02  3.460257330259418E-02
  3.461371279729734E-02  3.474696973494924E-02  3.487763999168937E-02
  3.460849767165091E-02  3.474191182162735E-02  3.487273959430699E-02
  3.460588636564604E-02  3.473937899271750E-02  3.487028538896139E-02
  3.485784957548755E-02  3.497992935952085E-02  3.509964526947881E-02
  3.485330781235017E-02  3.497554307172452E-02  3.509541482601507E-02
  3.485103278210122E-02  3.497334563797320E-02  3.509329516895828E-02
  3.505949915211455E-02  3.517141087858412E-02  3.528119874463514E-02
  3.505561237332044E-02  3.516767791636907E-02  3.527762003626577E-02
  3.505366441769313E-02  3.516580672459863E-02  3.527582582659652E-02
  3.522300158164523E-02  3.532580178964689E-02  3.542672853705006E-02
  3.521975063698450E-02  3.532270265398919E-02  3.542378145887736E-02
  3.521812021460267E-02  3.532114800501362E-02  3.542230271214906E-02
  3.535283431318455E-02  3.544761504757809E-02  3.554078460230132E-02
  3.535019661148992E-02  3.544512576120992E-02  3.553844351029208E-02
  3.534887252340024E-02  3.544387578062651E-02  3.553726753591469E-02
  3.545359452958018E-02  3.554148576280124E-02  3.562803856193552E-02
  3.545154040587104E-02  3.553957443486988E-02  3.562626918607967E-02
  3.545050797233294E-02  3.553861334363841E-02  3.562537902767592E-02
  3.552997918536625E-02  3.561213039084994E-02  3.569321670072788E-02
  3.552846990254171E-02  3.561075585197490E-02  3.569197547071543E-02
  3.552770994176879E-02  3.561006325907373E-02  3.569134954185379E-02
  3.558666062312797E-02  3.566418946392284E-02  3.574090991871625E-02
  3.558564909840876E-02  3.566330270421217E-02  3.574014609151871E-02
  3.558513826138125E-02  3.566285429658261E-02  3.573975921026439E-02
  3.562804255002404E-02  3.570195788409803E-02  3.577528234826929E-02
  3.562747659817198E-02  3.570150581448637E-02  3.577494221312968E-02
  3.562718896336131E-02  3.570127521187182E-02  3.577476768012703E-02
  3.565794588077615E-02  3.572906431788499E-02  3.579975017054992E-02
  3.565777289243739E-02  3.572899462208097E-02  3.579978197973345E-02
  3.565768228527413E-02  3.572895578545443E-02  3.579979402839153E-02
  3.567930765300765E-02  3.574818666950300E-02  3.581671930885848E-02
  3.567947926067431E-02  3.574845227698940E-02  3.581707747397424E-02
  3.567956157678657E-02  3.574858173785459E-02  3.581725336399239E-02
  3.569397792819838E-02  3.576088468413459E-02  3.582745747675552E-02
  3.569445333814367E-02  3.576144663394799E-02  3.582810491613657E-02
  3.569468820955267E-02  3.576172492870441E-02  3.582842611178574E-02
  3.570267448707317E-02  3.576760005736237E-02  3.583214051230388E-02
  3.570342166495854E-02  3.576842810597330E-02  3.583304868000899E-02
  3.570379306060107E-02  3.576884008904737E-02  3.583350087508334E-02
  3.570511339264271E-02  3.576783027616984E-02  3.583006726915890E-02
  3.570610799398542E-02  3.576890132414812E-02  3.583121411984670E-02
  3.570660369649430E-02  3.576943539341740E-02  3.583178623252983E-02
  3.570028839886279E-02  3.576043846649252E-02  3.581999541037899E-02
  3.570151100349095E-02  3.576173350592954E-02  3.582136212747797E-02
  3.570212123813958E-02  3.576238008794515E-02  3.582204467560076E-02
  3.568683690718392E-02  3.574403038768142E-02  3.580052405078709E-02
  3.568826954522449E-02  3.574553101853391E-02  3.580209162268976E-02
  3.568898525239018E-02  3.574628083558545E-02  3.580287502011283E-02
  3.566341407591497E-02  3.571731928930224E-02  3.577044456721341E-02
  3.566503711160311E-02  3.571900483896312E-02  3.577219119206239E-02
  3.566584839511748E-02  3.571984747475272E-02  3.577306445644390E-02
  3.562900254961218E-02  3.567941052760570E-02  3.572899704665090E-02
  3.563079273646521E-02  3.568125648532056E-02  3.573089696330978E-02
  3.563168789521425E-02  3.568217960587497E-02  3.573184713505072E-02
  3.558310884568429E-02  3.562996477190612E-02  3.567599948003365E-02
  3.558503891167911E-02  3.563194276868922E-02  3.567802332826382E-02
  3.558600423499954E-02  3.563293211507271E-02  3.567903565333284E-02
  3.552582956655639E-02  3.556923142139995E-02  3.561184956136621E-02
  3.552786921024209E-02  3.557131052794634E-02  3.561396594568337E-02
  3.552888947850729E-02  3.557235056779411E-02  3.561502466015198E-02
  3.545780100633040E-02  3.549797249484398E-02  3.553742534191735E-02
  3.545991883866564E-02  3.550012131314818E-02  3.553960303046875E-02
  3.546097829672004E-02  3.550119628894918E-02  3.554069246232371E-02
  3.538006661211134E-02  3.541731501330424E-02  3.545392544582322E-02
  3.538223244051245E-02  3.541950395481868E-02  3.545613560639601E-02
  3.538331594186685E-02  3.542059902492820E-02  3.545724129517627E-02
  3.529390494077930E-02  3.532857482785682E-02  3.536269136701752E-02
  3.529609184918225E-02  3.533077806959762E-02  3.536490937650738E-02
  3.529718589719545E-02  3.533188028703382E-02  3.536601897834160E-02
  3.520065753342734E-02  3.523308922205598E-02  3.526504664205973E-02
  3.520284339106364E-02  3.523528602865895E-02  3.526725321379628E-02
  3.520393689311089E-02  3.523638500146296E-02  3.526835706396082E-02
  3.510158564329376E-02  3.513208397169481E-02  3.516217520331325E-02
  3.510375388558273E-02  3.513425927848676E-02  3.516435677572294E-02
  3.510483854200476E-02  3.513534745941972E-02  3.516544808084152E-02
  3.499777174345897E-02  3.502658748583642E-02  3.505504833907679E-02
  3.499991144290566E-02  3.502873179677003E-02  3.505719681070527E-02
  3.500098178019178E-02  3.502980442987342E-02  3.505827151377315E-02
  3.489006987027701E-02  3.491739342209060E-02  3.494439920329481E-02
  3.489217522406576E-02  3.491950216755103E-02  3.494651117340779E-02
  3.489322833636869E-02  3.492055696482674E-02  3.494756757197758E-02
  3.477910002850251E-02  3.480506521963867E-02  3.483073675987235E-02
  3.478116943722882E-02  3.480713775373976E-02  3.483281245693037E-02
  3.478220452397731E-02  3.480817439222691E-02  3.483385066598157E-02
  3.466527647018390E-02  3.468997140523074E-02  3.471438724855958E-02
  3.466731138938598E-02  3.469200982229578E-02  3.471642932317649E-02
  3.466832918004985E-02  3.469302935150825E-02  3.471745067098247E-02
  3.454885719577729E-02  3.457233872504440E-02  3.459555007693611E-02
  3.455086092905904E-02  3.457434665901600E-02  3.459756241752623E-02
  3.455186307932476E-02  3.457535090038764E-02  3.459856885331871E-02
  3.443000184642490E-02  3.445231048418937E-02  3.447435584911103E-02
  3.443197842672380E-02  3.445429203064613E-02  3.447634255253033E-02
  3.443296695898068E-02  3.445528303841124E-02  3.447733613168490E-02
  3.430882671207845E-02  3.432999942502045E-02  3.435091655873518E-02
  3.431077998761026E-02  3.433195829321251E-02  3.435288115353715E-02
  3.431175683366126E-02  3.433293793009598E-02  3.435386364879073E-02
  3.418544843532449E-02  3.420552761361773E-02  3.422536136229674E-02
  3.418738143733094E-02  3.420746657396895E-02  3.422730633776211E-02
  3.418834812162208E-02  3.420843623419673E-02  3.422827900289052E-02
  3.406001167137978E-02  3.407904962237757E-02  3.409785526002739E-02
  3.406192629264159E-02  3.408097026511202E-02  3.409978190316281E-02
  3.406288377056695E-02  3.408193075270623E-02  3.410074539040888E-02
  3.393269985747305E-02  3.395075914435239E-02  3.396860176296220E-02
  3.393459682001035E-02  3.395266191496548E-02  3.397051025702135E-02
  3.393554546064317E-02  3.395361346036273E-02  3.397146466526042E-02
  3.380373164798116E-02  3.382088234892248E-02  3.383783352587220E-02
  3.380561069459884E-02  3.382276678572491E-02  3.383972322738728E-02
  3.380655037552550E-02  3.382370916368674E-02  3.384066823987605E-02
  3.367334786578159E-02  3.368966322244839E-02  3.370579647791608E-02
  3.367520808296896E-02  3.369152829955155E-02  3.370766627300317E-02
  3.367613835118716E-02  3.369246100023419E-02  3.370860133524636E-02
  3.354179466058697E-02  3.355734658147048E-02  3.357273303644086E-02
  3.354363483475649E-02  3.355919106092090E-02  3.357458168326412E-02
  3.354455508477624E-02  3.356011346606225E-02  3.357550617450143E-02
  3.340930798429606E-02  3.342416353451094E-02  3.343886877736615E-02
  3.341112690890098E-02  3.342598625167478E-02  3.344069516641841E-02
  3.341203653677055E-02  3.342689777786102E-02  3.344160853043418E-02
  3.327610287234539E-02  3.329032235670425E-02  3.330440497619600E-02
  3.327789955394141E-02  3.329212239616339E-02  3.330620827517664E-02
  3.327879806104773E-02  3.329302258359589E-02  3.330711009359017E-02
  3.314236894538924E-02  3.315600564191896E-02  3.316951735146022E-02
  3.314414269261482E-02  3.315778239705745E-02  3.317129703678764E-02
  3.314502973101267E-02  3.315867094017096E-02  3.317218704560466E-02
  3.300827161816822E-02  3.302137278674068E-02  3.303435967909845E-02
  3.301002202945823E-02  3.302312592578818E-02  3.303611548295202E-02
  3.301089739641609E-02  3.302400265689889E-02  3.303699354663985E-02
  3.287395717241924E-02  3.288656573164828E-02  3.289907002983929E-02
  3.287568405886823E-02  3.288829510998382E-02  3.290080184491300E-02
  3.287654765869150E-02  3.288915995574804E-02  3.290166790899785E-02
  3.273955932179538E-02  3.275171557068653E-02  3.276377727623103E-02
  3.274126260799879E-02  3.275342113190485E-02  3.276548505948961E-02
  3.274211440253040E-02  3.275427406385453E-02  3.276633910236461E-02
  3.260520512044249E-02  3.261694803352837E-02  3.262860605869417E-02
  3.260688475974907E-02  3.261862973255546E-02  3.263028976372852E-02
  3.260772472582062E-02  3.261947072843116E-02  3.263113176256548E-02
  3.247101880502457E-02  3.248238666974534E-02  3.249367929000962E-02
  3.247267473094354E-02  3.248404443528042E-02  3.249533884068898E-02
  3.247350283577563E-02  3.248487345993477E-02  3.249616875794183E-02
  3.233712308944538E-02  3.234815349549201E-02  3.235911818798595E-02
  3.233875520801422E-02  3.234978723237303E-02  3.236075349006010E-02
  3.233957140510061E-02  3.235060423866952E-02  3.236157127900443E-02
  3.220363825023920E-02  3.221436761519486E-02  3.222504049912832E-02
  3.220524646434140E-02  3.221597723489972E-02  3.222665147569490E-02
  3.220605070540485E-02  3.221678217879360E-02  3.222745709802743E-02
  3.207067984736229E-02  3.208114273843964E-02  3.209155788165487E-02
  3.207226409663986E-02  3.208272820050546E-02  3.209314451491558E-02
  3.207305635151940E-02  3.208352106171876E-02  3.209393796163018E-02
  3.193835605537569E-02  3.194858454704236E-02  3.195877336135309E-02
  3.193991635505273E-02  3.195014589555362E-02  3.196033572600118E-02
  3.194069663116202E-02  3.195092669588966E-02  3.196111703417329E-02
  3.180676539407954E-02  3.181678861700096E-02  3.182677946999551E-02
  3.180830186104466E-02  3.181832600231735E-02  3.182831775036392E-02
  3.180907021651959E-02  3.181909481663935E-02  3.182908701184338E-02
  3.167599528578045E-02  3.168583921670984E-02  3.169565728271923E-02
  3.167750814758381E-02  3.168735290004515E-02  3.169717177317472E-02
  3.167826469589859E-02  3.168810985867777E-02  3.169792913488690E-02
  3.154612148653146E-02  3.155580894021920E-02  3.156547623363951E-02
  3.154761107560311E-02  3.155729928478175E-02  3.156696732712493E-02
  3.154835598276297E-02  3.155804456915204E-02  3.156771298539821E-02
  3.141720816395493E-02  3.142675889992889E-02  3.143629439804147E-02
  3.141867490324572E-02  3.142822635535971E-02  3.143776256980024E-02
  3.141940838062495E-02  3.142896019021972E-02  3.143849676221906E-02
  3.128930828095475E-02  3.129873913394159E-02  3.130815890271805E-02
  3.129075266781828E-02  3.130018422060361E-02  3.130960469531838E-02
  3.129147496410698E-02  3.130090686617171E-02  3.131032769322444E-02
  3.116246398120039E-02  3.117178895211587E-02  3.118110622230688E-02
  3.116388657455970E-02  3.117321224954521E-02  3.118253023548299E-02
  3.116459796928433E-02  3.117392399566622E-02  3.118324233882892E-02
  3.103670680044079E-02  3.104593708583821E-02  3.105516226792829E-02
  3.103810821317387E-02  3.104733922649673E-02  3.105656515361862E-02
  3.103880901285858E-02  3.104804038948908E-02  3.105726668846171E-02
  3.091205767490340E-02  3.092120164835700E-02  3.093034230702794E-02
  3.091343857082666E-02  3.092258331551090E-02  3.093172476797501E-02
  3.091412910746056E-02  3.092327423708613E-02  3.093241608576207E-02
  3.078852682708566E-02  3.079759000543152E-02  3.080665082870019E-02
  3.078988792033719E-02  3.079895193276654E-02  3.080801361812816E-02
  3.079056855104578E-02  3.079963297982181E-02  3.080869509552382E-02
  3.066611365411155E-02  3.067509868308479E-02  3.068408147880970E-02
  3.066745570856751E-02  3.067644165381199E-02  3.068542539911562E-02
  3.066812681532294E-02  3.067711321798739E-02  3.068609743735447E-02
  3.054480672216071E-02  3.055371340309886E-02  3.056261714106397E-02
  3.054613054947296E-02  3.055503824738488E-02  3.056394304061705E-02
  3.054679253806797E-02  3.055570074373426E-02  3.056460606385874E-02
