  7.521579784072915E+00  7.511054667653142E+00  7.500519467651962E+00

  3.054480672216071E-02  3.055371340309886E-02  3.056261714106397E-02
  3.054613054947296E-02  3.055503824738488E-02  3.056394304061705E-02
  3.054679253806797E-02  3.055570074373426E-02  3.056460606385874E-02
  3.054679253806797E-02  3.055570074373426E-02  3.056460606385874E-02
  3.054613054947296E-02  3.055503824738488E-02  3.056394304061705E-02
  3.054480672216071E-02  3.055371340309886E-02  3.056261714106397E-02
  3.054282135630075E-02  3.055172650811795E-02  3.056062865947878E-02
  3.054017490114192E-02  3.054907800730449E-02  3.055797803628544E-02
  3.053686795427182E-02  3.054576849240664E-02  3.055466585732377E-02
  3.053290126051996E-02  3.054179870096745E-02  3.055069285276508E-02
  3.052827571037428E-02  3.053716951474885E-02  3.054605989554390E-02
  3.052299233883672E-02  3.053188195859494E-02  3.054076800022961E-02
  3.051705232273796E-02  3.052593719775605E-02  3.053481832036039E-02
  3.051045697913056E-02  3.051933653629169E-02  3.052821214685720E-02
  3.050320776214794E-02  3.051208141394226E-02  3.052095090490876E-02
  3.049530626087559E-02  3.050417340401410E-02  3.051303615187147E-02
  3.048675419565486E-02  3.049561420969927E-02  3.050446957360666E-02
  3.047755341550166E-02  3.048640566151197E-02  3.049525298193539E-02
  3.046770589399955E-02  3.047654971320131E-02  3.048538831057250E-02
  3.045721372618995E-02  3.046604843866342E-02  3.047487761206161E-02
  3.044607912390760E-02  3.045490402730064E-02  3.046372305315916E-02
  3.043430441244939E-02  3.044311878071610E-02  3.045192691155587E-02
  3.042189202583449E-02  3.043069510800196E-02  3.043949157119392E-02
  3.040884450213395E-02  3.041763552109886E-02  3.042641951765722E-02
  3.039516447911071E-02  3.040394263046733E-02  3.041271333387479E-02
  3.038085468945192E-02  3.038961914035314E-02  3.039837569541976E-02
  3.036591795555853E-02  3.037466784361159E-02  3.038340936536874E-02
  3.035035718426526E-02  3.035909161646240E-02  3.036781718909170E-02
  3.033417536215807E-02  3.034289341384355E-02  3.035160208964227E-02
  3.031737555014204E-02  3.032607626401527E-02  3.033476706239799E-02
  3.029996087764559E-02  3.030864326280087E-02  3.031731516933768E-02
  3.028193453754351E-02  3.029059756854581E-02  3.029924953403666E-02
  3.026329978075411E-02  3.027194239675072E-02  3.028057333633596E-02
  3.024405990989319E-02  3.025268101376093E-02  3.026128980606777E-02
  3.022421827443640E-02  3.023281673196355E-02  3.024140221828844E-02
  3.020377826475430E-02  3.021235290385768E-02  3.022091388738478E-02
  3.018274330631867E-02  3.019129291629560E-02  3.019982816135219E-02
  3.016111685395917E-02  3.016964018477507E-02  3.017814841612478E-02
  3.013890238668965E-02  3.014739814830232E-02  3.015587805047822E-02
  3.011610340133563E-02  3.012457026305849E-02  3.013302047973814E-02
  3.009272340714790E-02  3.010115999705406E-02  3.010957913048000E-02
  3.006876592004753E-02  3.007717082441868E-02  3.008555743486743E-02
  3.004423445719524E-02  3.005260622001931E-02  3.006095882532464E-02
  3.001913253154385E-02  3.002746965406580E-02  3.003578672919954E-02
  2.999346364614126E-02  3.000176458647180E-02  3.001004456318845E-02
  2.996723128867740E-02  2.997549446146541E-02  2.998373572801528E-02
  2.994043892691473E-02  2.994866270308859E-02  2.995686360400555E-02
  2.991309000251599E-02  2.992127270910109E-02  2.992943154507140E-02
  2.988518792652079E-02  2.989332784654054E-02  2.990144287436021E-02
  2.985673607493106E-02  2.986483144739768E-02  2.987290088002533E-02
  2.982773778320846E-02  2.983578680321025E-02  2.984380880992182E-02
  2.979819634236655E-02  2.980619716125408E-02  2.981416986790327E-02
  2.976811499432270E-02  2.977606571999728E-02  2.978398720938511E-02
  2.973749692807622E-02  2.974539562538527E-02  2.975326393774300E-02
  2.970634527555646E-02  2.971418996680667E-02  2.972200310040231E-02
  2.967466310888556E-02  2.968245177449387E-02  2.969020768638155E-02
  2.964245343588656E-02  2.965018401519695E-02  2.965788062213606E-02
  2.960971919801218E-02  2.961738959030466E-02  2.962502476987796E-02
  2.957646326671227E-02  2.958407133242428E-02  2.959164292437780E-02
  2.954268844041054E-02  2.955023200257466E-02  2.955773781038745E-02
  2.950839744237163E-02  2.951587428825842E-02  2.952331208093493E-02
  2.947359291820145E-02  2.948100080115095E-02  2.948836831521952E-02
  2.943827743425700E-02  2.944561407568890E-02  2.945290901739477E-02
  2.940245347738897E-02  2.940971656900205E-02  2.941693661670082E-02
  2.936612345476438E-02  2.937331066095826E-02  2.938045346773845E-02
  2.932928969457164E-02  2.933639865514017E-02  2.934346185172172E-02
  2.929195444773486E-02  2.929898278088331E-02  2.930596397884468E-02
  2.925411988984290E-02  2.926106519557201E-02  2.926796199095030E-02
  2.921578812343271E-02  2.922264798731525E-02  2.922945796460858E-02
  2.917696118163087E-02  2.918373317899284E-02  2.919045391557741E-02
  2.913764103069130E-02  2.914432273120374E-02  2.915095180217124E-02
  2.909782957583013E-02  2.910441854851948E-02  2.911095353194060E-02
  2.905752866626488E-02  2.906402248495569E-02  2.907046096757965E-02
  2.901674010110897E-02  2.902313635031718E-02  2.902947593372314E-02
  2.897546563738718E-02  2.898176191868324E-02  2.898800022589975E-02
  2.893370699789283E-02  2.893990093674804E-02  2.894603561935263E-02
  2.889146588081944E-02  2.889755513394519E-02  2.890358387965026E-02
  2.884874397029662E-02  2.885472623347694E-02  2.886064677420008E-02
  2.880554294694456E-02  2.881141596335888E-02  2.881722608377052E-02
  2.876186450226132E-02  2.876762607128846E-02  2.877332361782325E-02
  2.871771035075859E-02  2.872335833724699E-02  2.872894122755985E-02
  2.867308224527202E-02  2.867861458925440E-02  2.868408082209435E-02
  2.862798199375290E-02  2.863339672057606E-02  2.863874438604315E-02
  2.858241147555858E-02  2.858770670638737E-02  2.859293399652782E-02
  2.853637265984406E-02  2.854154662249125E-02  2.854665184217556E-02
  2.848986762499132E-02  2.849491866501223E-02  2.849990024303135E-02
  2.844289857884487E-02  2.844782517082676E-02  2.845268167112919E-02
  2.839546787939935E-02  2.840026863836310E-02  2.840499877134655E-02
  2.834757805627233E-02  2.835225174909315E-02  2.835685438285200E-02
  2.829923183349065E-02  2.830377739023369E-02  2.830825156165321E-02
  2.825043215168018E-02  2.825484867673479E-02  2.825919360231228E-02
  2.820118219140221E-02  2.820546897428886E-02  2.820968406055248E-02
  2.815148539520289E-02  2.815564192091737E-02  2.815972677430446E-02
  2.810134549077898E-02  2.810537144953011E-02  2.810932588558055E-02
  2.805076651268977E-02  2.805466180888018E-02  2.805848586059378E-02
  2.799975282362845E-02  2.800351758392407E-02  2.800721150912935E-02
  2.794830913415788E-02  2.795194371448922E-02  2.795550800206954E-02
  2.789644052142112E-02  2.789994551276025E-02  2.790338088758589E-02
  2.784415244561898E-02  2.784752867838015E-02  2.785083610480089E-02
  2.779145076555712E-02  2.779469931247656E-02  2.779787999623794E-02
  2.773834174903348E-02  2.774146392639360E-02  2.774451931485325E-02
  2.768483208405023E-02  2.768782945113021E-02  2.769076123166756E-02
  2.763092888386908E-02  2.763380324052054E-02  2.763661333705220E-02
  2.757663969036718E-02  2.757939307263732E-02  2.758208364017600E-02
  2.752197247352409E-02  2.752460714727421E-02  2.752718056449543E-02
  2.746693562612462E-02  2.746945407862120E-02  2.747191293843257E-02
  2.741153795619133E-02  2.741394288567966E-02  2.741628998382016E-02
  2.735578867398123E-02  2.735808297728478E-02  2.736032129901664E-02
  2.729969737551701E-02  2.730188413374305E-02  2.730401683873336E-02
  2.724327402171668E-02  2.724535648418359E-02  2.724738688970930E-02
  2.718652891412639E-02  2.718851048066529E-02  2.719044204330954E-02
  2.712947266652864E-02  2.713135686834625E-02  2.713319316438740E-02
  2.707211617310517E-02  2.707390665242666E-02  2.707565135714978E-02
  2.701447057317982E-02  2.701617106191943E-02  2.701782792810800E-02
  2.695654721464698E-02  2.695816151237820E-02  2.695973434826277E-02
  2.689835761290586E-02  2.689988956442121E-02  2.690138221137801E-02
  2.683991341033605E-02  2.684136688309918E-02  2.684278319339984E-02
  2.678122633287551E-02  2.678260519467332E-02  2.678394900958846E-02
  2.672230814694878E-02  2.672361624404971E-02  2.672489137260417E-02
  2.666317061651970E-02  2.666441175263502E-02  2.666562195129920E-02
  2.660382546001861E-02  2.660500337634693E-02  2.660615232992960E-02
  2.654428430928926E-02  2.654540266590121E-02  2.654649396988266E-02
  2.648455867028544E-02  2.648562102907604E-02  2.648665817358886E-02
  2.642465988551013E-02  2.642566969491135E-02  2.642665605053985E-02
  2.636459910004071E-02  2.636555968164759E-02  2.636649848717690E-02
  2.630438723026207E-02  2.630530176748390E-02  2.630619611968686E-02
  2.624403493599367E-02  2.624490646479816E-02  2.624575931030634E-02
  2.618355259725355E-02  2.618438399902757E-02  2.618519812828850E-02
  2.612295029365638E-02  2.612374429016445E-02  2.612452233344695E-02
  2.606223778915047E-02  2.606299693953203E-02  2.606374136490329E-02
  2.600142451972499E-02  2.600215121943373E-02  2.600286433259724E-02
  2.594051958530482E-02  2.594121606686169E-02  2.594190001271607E-02
  2.587953174562304E-02  2.588020008102783E-02  2.588085684678264E-02
  2.581846941920965E-02  2.581911152383376E-02  2.581974294349997E-02
  2.575734068549411E-02  2.575795832326249E-02  2.575856608332305E-02
  2.569615329063267E-02  2.569674808029369E-02  2.569733372635376E-02
  2.563491465481899E-02  2.563548807709738E-02  2.563605302131259E-02
  2.557363188223007E-02  2.557418528766048E-02  2.557473081674623E-02
  2.551231177273034E-02  2.551284638997566E-02  2.551337367360925E-02
  2.545096083449718E-02  2.545147777896774E-02  2.545198787840770E-02
  2.538958529880808E-02  2.539008558141164E-02  2.539057945817489E-02
  2.532819113384953E-02  2.532867566971938E-02  2.532915419417341E-02
  2.526678406088318E-02  2.526725367795178E-02  2.526771763770072E-02
  2.520536956802893E-02  2.520582501533311E-02  2.520627512329351E-02
  2.514395292640470E-02  2.514439488202964E-02  2.514483178411424E-02
  2.508253920378777E-02  2.508296828237707E-02  2.508339256472319E-02
  2.502113327929096E-02  2.502155003906856E-02  2.502196223476548E-02
  2.495973985596331E-02  2.496014480523174E-02  2.496054540051931E-02
  2.489836347402060E-02  2.489875707711479E-02  2.489914651703961E-02
  2.483700852128364E-02  2.483739120397481E-02  2.483776989750380E-02
  2.477567924508046E-02  2.477605139943640E-02  2.477641972403847E-02
  2.471437976141342E-02  2.471474175013064E-02  2.471510005584581E-02
  2.465311406321389E-02  2.465346622344679E-02  2.465381483647034E-02
  2.459188602948332E-02  2.459222867619972E-02  2.459256790201212E-02
  2.453069943105033E-02  2.453103285994839E-02  2.453136298602729E-02
  2.446955793759149E-02  2.446988242761501E-02  2.447020372576640E-02
  2.440846512287543E-02  2.440878093836618E-02  2.440909366671277E-02
  2.434742446966800E-02  2.434773186219325E-02  2.434803626685781E-02
  2.428643937367952E-02  2.428673858357270E-02  2.428703490009352E-02
  2.422551314764426E-02  2.422580440529487E-02  2.422609285980743E-02
  2.416464902424614E-02  2.416493255117266E-02  2.416521336139010E-02
  2.410385015862673E-02  2.410412616836376E-02  2.410439954438608E-02
  2.404311963139923E-02  2.404338833022766E-02  2.404365447520668E-02
  2.398246045003169E-02  2.398272203757672E-02  2.398298114826003E-02
  2.392187555151422E-02  2.392213022123470E-02  2.392238248841072E-02
  2.386136780309728E-02  2.386161574268558E-02  2.386186135154735E-02
  2.380094000447222E-02  2.380118139618150E-02  2.380142052662539E-02
  2.374059488862244E-02  2.374082990953642E-02  2.374106273640855E-02
  2.368033512327021E-02  2.368056394552699E-02  2.368079063882945E-02
  2.362016331186526E-02  2.362038610284591E-02  2.362060682791101E-02
  2.356008199484800E-02  2.356029891733739E-02  2.356051383497794E-02
  2.350009365036848E-02  2.350030486269597E-02  2.350051412933785E-02
  2.344020069539582E-02  2.344040635156071E-02  2.344061011936194E-02
  2.338040548647695E-02  2.338060573626247E-02  2.338080415322285E-02
  2.332071032118615E-02  2.332090531026605E-02  2.332109852033021E-02
  2.326111743841251E-02  2.326130730845189E-02  2.326149545160741E-02
  2.320162901941369E-02  2.320181390816610E-02  2.320199712053904E-02
  2.314224718895253E-02  2.314242723035489E-02  2.314260564430292E-02
  2.308297401578308E-02  2.308314934004864E-02  2.308332308425299E-02
  2.302381151426109E-02  2.302398224797161E-02  2.302415144752817E-02
  2.296476164417639E-02  2.296492791037338E-02  2.296509268688292E-02
  2.290582631228973E-02  2.290598823056497E-02  2.290614870222298E-02
  2.284700737335691E-02  2.284716505994248E-02  2.284732134162822E-02
  2.278830663040553E-02  2.278846019826312E-02  2.278861240162815E-02
  2.272972583604163E-02  2.272987539495098E-02  2.273002362850655E-02
  2.267126669371072E-02  2.267141235035717E-02  2.267155671956088E-02
  2.261293085739582E-02  2.261307271545659E-02  2.261321332279780E-02
  2.255471993357362E-02  2.255485809380300E-02  2.255499503888681E-02
  2.249663548158055E-02  2.249677004189372E-02  2.249690342152377E-02
  2.243867901435137E-02  2.243881006990630E-02  2.243893997816586E-02
  2.238085199979694E-02  2.238097964307524E-02  2.238110617140661E-02
  2.232315586121196E-02  2.232328018209757E-02  2.232340341937977E-02
  2.226559197789897E-02  2.226571306375510E-02  2.226583309637989E-02
  2.220816168682671E-02  2.220827962257119E-02  2.220839653451704E-02
  2.215086628245356E-02  2.215098115063198E-02  2.215109502353643E-02
  2.209370701831060E-02  2.209381889916779E-02  2.209392981239755E-02
  2.203668510710133E-02  2.203679407865085E-02  2.203690210937047E-02
  2.197980172234367E-02  2.197990786043535E-02  2.198001308367356E-02
  2.192305799836868E-02  2.192316137675447E-02  2.192326386546917E-02
  2.186645503148165E-02  2.186655572187930E-02  2.186665554702003E-02
  2.180999388053741E-02  2.181009195269275E-02  2.181018918326222E-02
  2.175367556772932E-02  2.175377108947678E-02  2.175386579259037E-02
  2.169750107933616E-02  2.169759411665819E-02  2.169768635760235E-02
  3.066611365411155E-02  3.067509868308479E-02  3.068408147880970E-02
  3.066745570856751E-02  3.067644165381199E-02  3.068542539911562E-02
  3.066812681532294E-02  3.067711321798739E-02  3.068609743735447E-02
  3.066812681532294E-02  3.067711321798739E-02  3.068609743735447E-02
  3.066745570856751E-02  3.067644165381199E-02  3.068542539911562E-02
  3.066611365411155E-02  3.067509868308479E-02  3.068408147880970E-02
  3.066410096989511E-02  3.067308462088510E-02  3.068206598861438E-02
  3.066141813202547E-02  3.067039993903426E-02  3.067937939600387E-02
  3.065806577386946E-02  3.066704526519283E-02  3.067602232285145E-02
  3.065404468486436E-02  3.066302138167717E-02  3.067199554425207E-02
  3.064935580902918E-02  3.065832922397733E-02  3.066729998704659E-02
  3.064400024328002E-02  3.065296987907858E-02  3.066193672815063E-02
  3.063797923526825E-02  3.064694458330768E-02  3.065590699240867E-02
  3.063129418111452E-02  3.064025472007494E-02  3.064921215034529E-02
  3.062394662270728E-02  3.063290181718289E-02  3.064185371548456E-02
  3.061593824489400E-02  3.062488754402896E-02  3.063383334156513E-02
  3.060727087223511E-02  3.061621370837190E-02  3.062515281932047E-02
  3.059794646569440E-02  3.060688225303709E-02  3.061581407320029E-02
  3.058796711890253E-02  3.059689525219578E-02  3.060581915766701E-02
  3.057733505435315E-02  3.058625490757979E-02  3.059517025343036E-02
  3.056605261918274E-02  3.057496354428118E-02  3.058386966326844E-02
  3.055412228098014E-02  3.056302360658448E-02  3.057191980788434E-02
  3.054154662317981E-02  3.055043765338444E-02  3.055932322134964E-02
  3.052832834030626E-02  3.053720835345758E-02  3.054608254640489E-02
  3.051447023313447E-02  3.052333848065172E-02  3.053220052967950E-02
  3.049997520363670E-02  3.050883090886461E-02  3.051768001670272E-02
  3.048484624971105E-02  3.049368860680542E-02  3.050252394670001E-02
  3.046908645980153E-02  3.047791463265059E-02  3.048673534728438E-02
  3.045269900754304E-02  3.046151212872523E-02  3.047031732917506E-02
  3.043568714615159E-02  3.044448431593129E-02  3.045327308066325E-02
  3.041805420271456E-02  3.042683448807576E-02  3.043560586197861E-02
  3.039980357248446E-02  3.040856600620292E-02  3.041731899965940E-02
  3.038093871311360E-02  3.038968229286701E-02  3.039841588086269E-02
  3.036146313865772E-02  3.037018682617265E-02  3.037889994744126E-02
  3.034138041380767E-02  3.035008313404300E-02  3.035877469024769E-02
  3.032069414793404E-02  3.032937478829893E-02  3.033804364324832E-02
  3.029940798909816E-02  3.030806539870367E-02  3.031671037760161E-02
  3.027752561812131E-02  3.028615860706436E-02  3.029477849579304E-02
  3.025505074270761E-02  3.026365808138642E-02  3.027225162582245E-02
  3.023198709138593E-02  3.024056750984724E-02  3.024913341521125E-02
  3.020833840761235E-02  3.021689059493038E-02  3.022542752517162E-02
  3.018410844387201E-02  3.019263104756116E-02  3.020113762477903E-02
  3.015930095586953E-02  3.016779258133288E-02  3.017626738523850E-02
  3.013391969675050E-02  3.014237890676709E-02  3.015082047418846E-02
  3.010796841131158E-02  3.011639372556612E-02  3.012480055000100E-02
  3.008145083034303E-02  3.008984072500294E-02  3.009821125622445E-02
  3.005437066516862E-02  3.006272357251427E-02  3.007105621623512E-02
  3.002673160201214E-02  3.003504591012722E-02  3.004333902772998E-02
  2.999853729673306E-02  3.000681134926354E-02  3.001506325760475E-02
  2.996979136969346E-02  2.997802346568060E-02  2.998623243697500E-02
  2.994049740056490E-02  2.994868579435642E-02  2.995685005614591E-02
  2.991065892351705E-02  2.991880182475754E-02  2.992691955996649E-02
  2.988027942252009E-02  2.988837499622239E-02  2.989644434329993E-02
  2.984936232694492E-02  2.985740869364922E-02  2.986542774680469E-02
  2.981791100736959E-02  2.982590624340762E-02  2.983387305295448E-02
  2.978592877168998E-02  2.979387090958051E-02  2.980178348241384E-02
  2.975341886106701E-02  2.976130589007337E-02  2.976916219031272E-02
  2.972038444623289E-02  2.972821431310409E-02  2.973601226292705E-02
  2.968682862359510E-02  2.969459923349500E-02  2.970233671417088E-02
  2.965275441156799E-02  2.966046362917587E-02  2.966813848228815E-02
  2.961816474738844E-02  2.962581039814364E-02  2.963342042697520E-02
  2.958306248440237E-02  2.959064235587009E-02  2.959818532692749E-02
  2.954745039016262E-02  2.955496223352194E-02  2.956243587819450E-02
  2.951133114541339E-02  2.951877267709884E-02  2.952617469347840E-02
  2.947470734365344E-02  2.948207624720568E-02  2.948940430211978E-02
  2.943758149124999E-02  2.944487541943831E-02  2.945212715075927E-02
  2.939995600801423E-02  2.940717258528268E-02  2.941434560456845E-02
  2.936183322810174E-02  2.936897005336940E-02  2.937606194887052E-02
  2.932321540128015E-02  2.933027005110691E-02  2.933727839115401E-02
  2.928410469486634E-02  2.929107472698644E-02  2.929799706376069E-02
  2.924450319612713E-02  2.925138615335770E-02  2.925822002704857E-02
  2.920441291588708E-02  2.921120633042865E-02  2.921794927379324E-02
  2.916383579272996E-02  2.917053719088487E-02  2.917718673423189E-02
  2.912277369805465E-02  2.912938060539346E-02  2.913593428201965E-02
  2.908122844220743E-02  2.908773838920930E-02  2.909419374131384E-02
  2.903920178141536E-02  2.904561230960184E-02  2.905196689469658E-02
  2.899669542579275E-02  2.900300409436899E-02  2.900925549219650E-02
  2.895371104837541E-02  2.895991544138799E-02  2.896606126135400E-02
  2.891025029513538E-02  2.891634802915391E-02  2.892238591827708E-02
  2.886631479652518E-02  2.887230352885121E-02  2.887823118023027E-02
  2.882190617970213E-02  2.882778361710408E-02  2.883359877889670E-02
  2.877702608222639E-02  2.878278999019299E-02  2.878849047509438E-02
  2.873167616708801E-02  2.873732437958382E-02  2.874290807478405E-02
  2.868585813866125E-02  2.869138856835955E-02  2.869685344594924E-02
  2.863957376000152E-02  2.864498440895987E-02  2.865032853674486E-02
  2.859282487138657E-02  2.859811384212125E-02  2.860333539479579E-02
  2.854561340992530E-02  2.855077891682937E-02  2.855587618744719E-02
  2.849794143014269E-02  2.850298181118145E-02  2.850795322285249E-02
  2.844981112557104E-02  2.845472485417644E-02  2.845956897190440E-02
  2.840122485131820E-02  2.840601054839114E-02  2.841072609095590E-02
  2.835218514723553E-02  2.835684159315239E-02  2.836142744492743E-02
  2.830269476172278E-02  2.830722090823049E-02  2.831167613081546E-02
  2.825275667572806E-02  2.825715165759987E-02  2.826147550113537E-02
  2.820237412708150E-02  2.820663727339432E-02  2.821082918741696E-02
  2.815155063461653E-02  2.815568147950089E-02  2.815974112318757E-02
  2.810029002189170E-02  2.810428831459703E-02  2.810821556623884E-02
  2.804859644020965E-02  2.805246215432015E-02  2.805625711986328E-02
  2.799647439065116E-02  2.800020773228514E-02  2.800387075277208E-02
  2.794392874475574E-02  2.794753015957823E-02  2.795106181732327E-02
  2.789096476361475E-02  2.789443494249595E-02  2.789783606583365E-02
  2.783758811451844E-02  2.784092799767628E-02  2.784419966412811E-02
  2.778380488569495E-02  2.778701566516910E-02  2.779015920288561E-02
  2.772962159785062E-02  2.773270471816847E-02  2.773572170551878E-02
  2.767504521278337E-02  2.767800236969700E-02  2.768089463289902E-02
  2.762008313851238E-02  2.762291627570679E-02  2.762568588441260E-02
  2.756474323055859E-02  2.756745453425824E-02  2.757010379503988E-02
  2.750903378950412E-02  2.751162568093410E-02  2.751415712864337E-02
  2.745296355417835E-02  2.745543867987013E-02  2.745785506688232E-02
  2.739654169062719E-02  2.739890291059556E-02  2.740120719398247E-02
  2.733977777665822E-02  2.734202815051307E-02  2.734422347722952E-02
  2.728268178214173E-02  2.728482455323909E-02  2.728691424344564E-02
  2.722526404496302E-02  2.722730262273810E-02  2.722929015142110E-02
  2.716753524285715E-02  2.716947318352133E-02  2.717136216060862E-02
  2.710950636140985E-02  2.711134734722999E-02  2.711314149643428E-02
  2.705118865872041E-02  2.705293647613164E-02  2.705463961278420E-02
  2.699259362666268E-02  2.699425214349411E-02  2.699586815165631E-02
  2.693373294982738E-02  2.693530609194396E-02  2.693683890110443E-02
  2.687461846213644E-02  2.687611018981608E-02  2.687756375149254E-02
  2.681526210213746E-02  2.681667638651124E-02  2.681805465108264E-02
  2.675567586744244E-02  2.675701666732849E-02  2.675832356141924E-02
  2.669587176886058E-02  2.669714300831425E-02  2.669838241304294E-02
  2.663586178511228E-02  2.663706733200085E-02  2.663824306238648E-02
  2.657565781867491E-02  2.657680146456325E-02  2.657791725035747E-02
  2.651527165325822E-02  2.651635709486183E-02  2.651741656304284E-02
  2.645471491371867E-02  2.645574573614505E-02  2.645675239527162E-02
  2.639399902875273E-02  2.639497869071104E-02  2.639593591729311E-02
  2.633313519688560E-02  2.633406701800089E-02  2.633497804499842E-02
  2.627213435623805E-02  2.627302150655879E-02  2.627388941407319E-02
  2.621100715810216E-02  2.621185264984292E-02  2.621268035802041E-02
  2.614976394484873E-02  2.615057062636266E-02  2.615136089048238E-02
  2.608841473194893E-02  2.608918528388081E-02  2.608994069155912E-02
  2.602696919427280E-02  2.602770612780134E-02  2.602842909820512E-02
  2.596543665665568E-02  2.596614231369869E-02  2.596683509862670E-02
  2.590382608837738E-02  2.590450264360103E-02  2.590516733026579E-02
  2.584214610147176E-02  2.584279556592169E-02  2.584343408124196E-02
  2.578040495264130E-02  2.578102917879457E-02  2.578164329499411E-02
  2.571861054817295E-02  2.571921123619746E-02  2.571980257749712E-02
  2.565677045166777E-02  2.565734915667228E-02  2.565791920686034E-02
  2.559489189414465E-02  2.559545003420168E-02  2.559600014487053E-02
  2.553298178606965E-02  2.553352065080080E-02  2.553405205004675E-02
  2.547104673108894E-02  2.547156749061294E-02  2.547208129200867E-02
  2.540909304069472E-02  2.540959675475415E-02  2.541009396641937E-02
  2.534712674991909E-02  2.534761437701849E-02  2.534809591063360E-02
  2.528515363312145E-02  2.528562603953103E-02  2.528609271915870E-02
  2.522317922024654E-02  2.522363718874623E-02  2.522408975934703E-02
  2.516120881265223E-02  2.516165305091318E-02  2.516209218646378E-02
  2.509924749873959E-02  2.509967864726140E-02  2.510010495840388E-02
  2.503730016880819E-02  2.503771880835142E-02  2.503813284952205E-02
  2.497537152936098E-02  2.497577818783293E-02  2.497618046383792E-02
  2.491346611629212E-02  2.491386127506243E-02  2.491425224708380E-02
  2.485158830750071E-02  2.485197240713785E-02  2.485235249816684E-02
  2.478974233422822E-02  2.479011577966174E-02  2.479048537936962E-02
  2.472793229141211E-02  2.472829545653660E-02  2.472865492560306E-02
  2.466616214729769E-02  2.466651537904309E-02  2.466686505296880E-02
  2.460443575172478E-02  2.460477937362409E-02  2.460511956606155E-02
  2.454275684379236E-02  2.454309115908307E-02  2.454342216472226E-02
  2.448112905851728E-02  2.448145435281618E-02  2.448177644986515E-02
  2.441955593272457E-02  2.441987247631557E-02  2.442018592861582E-02
  2.435804091017292E-02  2.435834895995000E-02  2.435865401876740E-02
  2.429658734610995E-02  2.429688714721418E-02  2.429718405274380E-02
  2.423519851112708E-02  2.423549029831705E-02  2.423577928093931E-02
  2.417387759451796E-02  2.417416159330871E-02  2.417444287463138E-02
  2.411262770729751E-02  2.411290413490253E-02  2.411317792862009E-02
  2.405145188468025E-02  2.405172095078549E-02  2.405198746338462E-02
  2.399035308839426E-02  2.399061499579253E-02  2.399087442712954E-02
  2.392933420852169E-02  2.392958915363091E-02  2.392984169740325E-02
  2.386839806530535E-02  2.386864623859171E-02  2.386889208272341E-02
  2.380754741062926E-02  2.380778899695367E-02  2.380802832391135E-02
  2.374678492943006E-02  2.374702010833301E-02  2.374725309538682E-02
  2.368611324095277E-02  2.368634218689081E-02  2.368656900633181E-02
  2.362553489994792E-02  2.362575778249246E-02  2.362597860181669E-02
  2.356505239771518E-02  2.356526938172204E-02  2.356548436378900E-02
  2.350466816316284E-02  2.350487940892040E-02  2.350508871209248E-02
  2.344438456379585E-02  2.344459022715651E-02  2.344479400542420E-02
  2.338420390677395E-02  2.338440413927435E-02  2.338460254237137E-02
  2.332412843974805E-02  2.332432338872035E-02  2.332451656223153E-02
  2.326416035180560E-02  2.326435016048330E-02  2.326453824594775E-02
  2.320430177444692E-02  2.320448658206641E-02  2.320466971707702E-02
  2.314455478245736E-02  2.314473472435701E-02  2.314491304265794E-02
  2.308492139490350E-02  2.308509660262075E-02  2.308527023420328E-02
  2.302540357587448E-02  2.302557417724184E-02  2.302574324843947E-02
  2.296600323548594E-02  2.296616935472596E-02  2.296633398830811E-02
  2.290672223082316E-02  2.290688398864275E-02  2.290704430390849E-02
  2.284756236674362E-02  2.284771988042742E-02  2.284787599329780E-02
  2.278852539685963E-02  2.278867878036281E-02  2.278883080347281E-02
  2.272961302447608E-02  2.272976238851617E-02  2.272991043130538E-02
  2.267082690330939E-02  2.267097235545676E-02  2.267111652425911E-02
  2.261216863850750E-02  2.261231028327491E-02  2.261245068140712E-02
  2.255363978748741E-02  2.255377772641813E-02  2.255391445426663E-02
  2.249524186078710E-02  2.249537619254123E-02  2.249550934764767E-02
  2.243697632302798E-02  2.243710714346751E-02  2.243723682061251E-02
  2.237884459368707E-02  2.237897199595907E-02  2.237909828724424E-02
  2.232084804794158E-02  2.232097212255934E-02  2.232109511748741E-02
  2.226298801762041E-02  2.226310885254281E-02  2.226322863809590E-02
  2.220526579191049E-02  2.220538347261965E-02  2.220550013333559E-02
  2.214768261826720E-02  2.214779722784377E-02  2.214791084589045E-02
  2.209023970316085E-02  2.209035132235765E-02  2.209046197760537E-02
  2.203293821300572E-02  2.203304692031899E-02  2.203315469041096E-02
  2.197577927483530E-02  2.197588514657445E-02  2.197599010699509E-02
  2.191876397713008E-02  2.191886708748518E-02  2.191896931162672E-02
  2.186189337055089E-02  2.186199379165841E-02  2.186209335088567E-02
  2.180516846869725E-02  2.180526627070438E-02  2.180536323441797E-02
  2.174859024880261E-02  2.174868549993013E-02  2.174877993562843E-02
  3.078852682708566E-02  3.079759000543152E-02  3.080665082870019E-02
  3.078988792033719E-02  3.079895193276654E-02  3.080801361812816E-02
  3.079056855104578E-02  3.079963297982181E-02  3.080869509552382E-02
  3.079056855104578E-02  3.079963297982181E-02  3.080869509552382E-02
  3.078988792033719E-02  3.079895193276654E-02  3.080801361812816E-02
  3.078852682708566E-02  3.079759000543152E-02  3.080665082870019E-02
  3.078648560733240E-02  3.079554753107991E-02  3.080460705768117E-02
  3.078376476432818E-02  3.079282500880085E-02  3.080188279993291E-02
  3.078036496758936E-02  3.078942310257065E-02  3.079847871380464E-02
  3.077628705164323E-02  3.078534264000442E-02  3.079439561989078E-02
  3.077153201448204E-02  3.078058461081640E-02  3.078963449949735E-02
  3.076610101573445E-02  3.077515016499810E-02  3.078419649282699E-02
  3.075999537450396E-02  3.076904061066402E-02  3.077808289683161E-02
  3.075321656694230E-02  3.076225741163294E-02  3.077129516280184E-02
  3.074576622351084E-02  3.075480218469789E-02  3.076383489364596E-02
  3.073764612597938E-02  3.074667669663454E-02  3.075570384090827E-02
  3.072885820414037E-02  3.073788286092580E-02  3.074690390150531E-02
  3.071940453226202E-02  3.072842273422639E-02  3.073743711420254E-02
  3.070928732528624E-02  3.071829851257316E-02  3.072730565583847E-02
  3.069850893478318E-02  3.070751252735374E-02  3.071651183730876E-02
  3.068707184465260E-02  3.069606724102306E-02  3.070505809929963E-02
  3.067497866663297E-02  3.068396524262996E-02  3.069294700783406E-02
  3.066223213555593E-02  3.067120924309101E-02  3.068018124956644E-02
  3.064883510440384E-02  3.065780207026952E-02  3.066676362688570E-02
  3.063479053920090E-02  3.064374666389069E-02  3.065269705285644E-02
  3.062010151371401E-02  3.062904607026940E-02  3.063798454597590E-02
  3.060477120396901E-02  3.061370343685588E-02  3.062262922475071E-02
  3.058880288265079E-02  3.059772200666825E-02  3.060663430216375E-02
  3.057219991337838E-02  3.058110511260263E-02  3.059000308002065E-02
  3.055496574486425E-02  3.056385617162950E-02  3.057273894318420E-02
  3.053710390494020E-02  3.054597867885874E-02  3.055484535367920E-02
  3.051861799455093E-02  3.052747620157394E-02  3.053632584476734E-02
  3.049951168165470E-02  3.050835237317389E-02  3.051718401492972E-02
  3.047978869506100E-02  3.048861088705187E-02  3.049742352178673E-02
  3.045945281827133E-02  3.046825549047707E-02  3.047704807601932E-02
  3.043850788327100E-02  3.044728997842585E-02  3.045606143523844E-02
  3.041695776432199E-02  3.042571818741215E-02  3.043446739785250E-02
  3.039480637174330E-02  3.040354398930331E-02  3.041226979691708E-02
  3.037205764572775E-02  3.038077128516987E-02  3.038947249401780E-02
  3.034871555014221E-02  3.035740399911645E-02  3.036607937313150E-02
  3.032478406636888E-02  3.033344607215209E-02  3.034209433452655E-02
  3.030026718718605E-02  3.030890145609863E-02  3.031752128870050E-02
  3.027516891071633E-02  3.028377410756631E-02  3.029236415038502E-02
  3.024949323439181E-02  3.025806798194627E-02  3.026662683256981E-02
  3.022324414899469E-02  3.023178702747973E-02  3.024031324060411E-02
  3.019642563276338E-02  3.020493517939559E-02  3.021342726637074E-02
  3.016904164560529E-02  3.017751635415917E-02  3.018597278257625E-02
  3.014109612335044E-02  3.014953444376942E-02  3.015795363709691E-02
  3.011259297214573E-02  3.012099331020359E-02  3.012937364748041E-02
  3.008353606295646E-02  3.009189677997572E-02  3.010023659556750E-02
  3.005392922615845E-02  3.006224863878688E-02  3.007054622220886E-02
  3.002377624635452E-02  3.003205262639951E-02  3.004030622220459E-02
  2.999308085739143E-02  3.000131243171241E-02  3.000952023944452E-02
  2.996184673766182E-02  2.997003168813087E-02  2.997819186235037E-02
  2.993007750560870E-02  2.993821396916271E-02  2.994632461956536E-02
  2.989777671537391E-02  2.990586278419362E-02  2.991392197585602E-02
  2.986494785241011E-02  2.987298157426063E-02  2.988098732804935E-02
  2.983159432903993E-02  2.983957370779175E-02  2.984752400096019E-02
  2.979771947996234E-02  2.980564247628197E-02  2.981353524325130E-02
  2.976332655791167E-02  2.977119109008412E-02  2.977902422337581E-02
  2.972841872984658E-02  2.973622267468088E-02  2.974399402595394E-02
  2.969299907383521E-02  2.970074026762195E-02  2.970844764877868E-02
  2.965707057688168E-02  2.966474681641066E-02  2.967238800077157E-02
  2.962063613357335E-02  2.962824517726201E-02  2.963581790085365E-02
  2.958369854533911E-02  2.959123811455103E-02  2.959874007758388E-02
  2.954626052003585E-02  2.955372830066734E-02  2.956115716928450E-02
  2.950832467170177E-02  2.951571831608817E-02  2.952307172444430E-02
  2.946989352047598E-02  2.947721064963593E-02  2.948448620233073E-02
  2.943096949281039E-02  2.943820769902171E-02  2.944540297388544E-02
  2.939155492222269E-02  2.939871177192047E-02  2.940582432314104E-02
  2.935165205074360E-02  2.935872508774480E-02  2.936575244933646E-02
  2.931126303123973E-02  2.931824978031812E-02  2.932518946995159E-02
  2.927038993053044E-02  2.927728790138097E-02  2.928413742461077E-02
  2.922903473330764E-02  2.923584142493902E-02  2.924259827986718E-02
  2.918719934689720E-02  2.919391225248653E-02  2.920057393489582E-02
  2.914488560685741E-02  2.915150221908948E-02  2.915806622806966E-02
  2.910209528353620E-02  2.910861310044524E-02  2.911507694452774E-02
  2.905883008962250E-02  2.906524662095121E-02  2.907160782476509E-02
  2.901509168879628E-02  2.902140446288818E-02  2.902766057434966E-02
  2.897088170554404E-02  2.897708827678407E-02  2.898323687483102E-02
  2.892620173609959E-02  2.893229969291464E-02  2.893833839579411E-02
  2.888105336062686E-02  2.888704033405125E-02  2.889296680816123E-02
  2.883543815666034E-02  2.884131182946350E-02  2.884712379874215E-02
  2.878935771379451E-02  2.879511583016114E-02  2.880081108600839E-02
  2.874281364965805E-02  2.874845402540124E-02  2.875403043710848E-02
  2.869580762720412E-02  2.870132816048471E-02  2.870678368613957E-02
  2.864834137326156E-02  2.865374005577582E-02  2.865907275359842E-02
  2.860041669830285E-02  2.860569162689029E-02  2.861089966694619E-02
  2.855203551739677E-02  2.855718490600732E-02  2.856226658223029E-02
  2.850319987229333E-02  2.850822206424001E-02  2.851317580668447E-02
  2.845391195450610E-02  2.845880543491702E-02  2.846362982214707E-02
  2.840417412924685E-02  2.840893753761571E-02  2.841363130912452E-02
  2.835398896008737E-02  2.835862110280909E-02  2.836318317134864E-02
  2.830335923414757E-02  2.830785909691169E-02  2.831228856060081E-02
  2.825228798760528E-02  2.825665474750713E-02  2.826095090157363E-02
  2.820077853124423E-02  2.820501156846202E-02  2.820917391646301E-02
  2.814883447578369E-02  2.815293338465899E-02  2.815696164901524E-02
  2.809645975670425E-02  2.810042435605522E-02  2.810431848772735E-02
  2.804365865821992E-02  2.804748900070961E-02  2.805124918784004E-02
  2.799043583604064E-02  2.799413221641966E-02  2.799775889176133E-02
  2.793679633852798E-02  2.794035930057014E-02  2.794385314752564E-02
  2.788274562593566E-02  2.788617596788856E-02  2.788953792498850E-02
  2.782828958725326E-02  2.783158836563367E-02  2.783481962929193E-02
  2.777343455433594E-02  2.777660308591027E-02  2.777970511130853E-02
  2.771818731289425E-02  2.772122717470232E-02  2.772420167467470E-02
  2.766255511001178E-02  2.766546813731127E-02  2.766831707912176E-02
  2.760654565787641E-02  2.760933393991257E-02  2.761205953984651E-02
  2.755016713341167E-02  2.755283300694477E-02  2.755543772266683E-02
  2.749342817357272E-02  2.749597421413180E-02  2.749846073479712E-02
  2.743633786613257E-02  2.743876687699938E-02  2.744113811114436E-02
  2.737890573587306E-02  2.738122073484170E-02  2.738347979611923E-02
  2.732114172610902E-02  2.732334593010730E-02  2.732549612097498E-02
  2.726305617560822E-02  2.726515298331056E-02  2.726719777682049E-02
  2.720465979107676E-02  2.720665276368027E-02  2.720859578356117E-02
  2.714596361541782E-02  2.714785645579361E-02  2.714970145505340E-02
  2.708697899205589E-02  2.708877552252536E-02  2.709052636083810E-02
  2.702771752577637E-02  2.702942166479593E-02  2.703108228496667E-02
  2.696819104051344E-02  2.696980677857842E-02  2.697138118240401E-02
  2.690841153468860E-02  2.690994290978868E-02  2.691143513364945E-02
  2.684839113470859E-02  2.684984220768101E-02  2.685125629820803E-02
  2.678814204724121E-02  2.678951687737260E-02  2.679085686753626E-02
  2.672767651103441E-02  2.672897913226033E-02  2.673024901821848E-02
  2.666700674894907E-02  2.666824114698671E-02  2.666944486601457E-02
  2.660614492089713E-02  2.660731501162792E-02  2.660845642142862E-02
  2.654510307840185E-02  2.654621268779056E-02  2.654729554745217E-02
  2.648389312139157E-02  2.648494596719448E-02  2.648597392002301E-02
  2.642252675783795E-02  2.642352643330957E-02  2.642450299172287E-02
  2.636101546675457E-02  2.636196542651736E-02  2.636289395913805E-02
  2.629937046496230E-02  2.630027401315328E-02  2.630115773418967E-02
  2.623760267800451E-02  2.623846295876339E-02  2.623930491971698E-02
  2.617572271539995E-02  2.617654270571100E-02  2.617734578939986E-02
  2.611374085040794E-02  2.611452335526044E-02  2.611529027210189E-02
  2.605166700433660E-02  2.605241465412240E-02  2.605314794057424E-02
  2.598951073533278E-02  2.599022598535899E-02  2.599092800438276E-02
  2.592728123151589E-02  2.592796636347539E-02  2.592863930685127E-02
  2.586498730823647E-02  2.586564443345025E-02  2.586629032574978E-02
  2.580263740911901E-02  2.580326847334213E-02  2.580388917734561E-02
  2.574023961055177E-02  2.574084640012081E-02  2.574144362345586E-02
  2.567780162923623E-02  2.567838577832778E-02  2.567896108110030E-02
  2.561533083237659E-02  2.561589383114571E-02  2.561644863433703E-02
  2.555283425006622E-02  2.555337745343914E-02  2.555391304785068E-02
  2.549031858940334E-02  2.549084322630898E-02  2.549136078184811E-02
  2.542779024995184E-02  2.542829743279156E-02  2.542879800790849E-02
  2.536525534006253E-02  2.536574607423668E-02  2.536623062534267E-02
  2.530271969376967E-02  2.530319488710018E-02  2.530366427781808E-02
  2.524018888784807E-02  2.524064935975872E-02  2.524110436987986E-02
  2.517766825875398E-02  2.517811474909412E-02  2.517855608313851E-02
  2.511516291917736E-02  2.511559609659730E-02  2.511602439189716E-02
  2.505267777401787E-02  2.505309824382667E-02  2.505351407807385E-02
  2.499021753554810E-02  2.499062584700623E-02  2.499102974522516E-02
  2.492778673774241E-02  2.492818339075929E-02  2.492857583168383E-02
  2.486538974957017E-02  2.486577520079541E-02  2.486615662264477E-02
  2.480303078724692E-02  2.480340545555734E-02  2.480377626121890E-02
  2.474071392544704E-02  2.474107819684408E-02  2.474143875848230E-02
  2.467844310742372E-02  2.467879733936636E-02  2.467914800248544E-02
  2.461622215411066E-02  2.461656667931548E-02  2.461690776631042E-02
  2.455405477224063E-02  2.455438990198678E-02  2.455472171522107E-02
  2.449194456153093E-02  2.449227058851085E-02  2.449259341296276E-02
  2.442989502098585E-02  2.443021222174482E-02  2.443052632726482E-02
  2.436790955444037E-02  2.436821819144785E-02  2.436852383466944E-02
  2.430599147536817E-02  2.430629179876352E-02  2.430658922470950E-02
  2.424414401105397E-02  2.424443626010755E-02  2.424472570353026E-02
  2.418237030624164E-02  2.418265471056926E-02  2.418293639706215E-02
  2.412067342625344E-02  2.412095020681986E-02  2.412122435373422E-02
  2.405905635972493E-02  2.405932572966896E-02  2.405959254686618E-02
  2.399752202095967E-02  2.399778418626973E-02  2.399804387673667E-02
  2.393607325201120E-02  2.393632841207680E-02  2.393658117242796E-02
  2.387471282449649E-02  2.387496117255855E-02  2.387520719344632E-02
  2.381344344122154E-02  2.381368516474052E-02  2.381392463119135E-02
  2.375226773763490E-02  2.375250301859329E-02  2.375273611028456E-02
  2.369118828316683E-02  2.369141729831997E-02  2.369164418981089E-02
  2.363020758243129E-02  2.363043050351767E-02  2.363065136444418E-02
  2.356932807638034E-02  2.356954507030123E-02  2.356976006554357E-02
  2.350855214339008E-02  2.350876337236555E-02  2.350897266219520E-02
  2.344788210030826E-02  2.344808772201594E-02  2.344829146222779E-02
  2.338732020343746E-02  2.338752037113857E-02  2.338771871317173E-02
  2.332686864952161E-02  2.332706351217816E-02  2.332725660322940E-02
  2.326652957670979E-02  2.326671927909512E-02  2.326690726222667E-02
  2.320630506551277E-02  2.320648974831793E-02  2.320667276256158E-02
  2.314619713974603E-02  2.314637693968299E-02  2.314655512014192E-02
  2.308620776744505E-02  2.308638281734823E-02  2.308655629529692E-02
  2.302633886180516E-02  2.302650929073118E-02  2.302667819371430E-02
  2.296659228212058E-02  2.296675821544709E-02  2.296692266737724E-02
  2.290696983470586E-02  2.290713139422957E-02  2.290729151548428E-02
  2.284747327383175E-02  2.284763057786543E-02  2.284778648538333E-02
  2.278810430263736E-02  2.278825746610593E-02  2.278840927348183E-02
  2.272886457403021E-02  2.272901370856584E-02  2.272916152614489E-02
  2.266975569160833E-02  2.266990090564423E-02  2.267004484061471E-02
  2.261077921055980E-02  2.261092060942282E-02  2.261106076590750E-02
  2.255193663856013E-02  2.255207432456172E-02  2.255221080370791E-02
  2.249322943668191E-02  2.249336350920750E-02  2.249349640927519E-02
  2.243465902027071E-02  2.243478957586729E-02  2.243491899231566E-02
  2.237622675980797E-02  2.237635389226991E-02  2.237647991784197E-02
  2.231793398180122E-02  2.231805778225394E-02  2.231818050705893E-02
  2.225978196962343E-02  2.225990252660524E-02  2.226002203819951E-02
  2.220177196437044E-02  2.220188936391238E-02  2.220200574737779E-02
  2.214390516568876E-02  2.214401949139215E-02  2.214413282941264E-02
  2.208618273262739E-02  2.208629406573953E-02  2.208640443867567E-02
  2.202860578443496E-02  2.202871420392246E-02  2.202882168988366E-02
  2.197117540135935E-02  2.197128098397979E-02  2.197138565889483E-02
  2.191389262543334E-02  2.191399544580485E-02  2.191409738349023E-02
  2.185675846124658E-02  2.185685859191535E-02  2.185695786414216E-02
  2.179977387666888E-02  2.179987138817578E-02  2.179996806473487E-02
