  7.521579784072915E+00  7.511054667653142E+00  7.500519467651962E+00

 -1.926562696831574E-01 -1.929132157299242E-01 -1.931713519877349E-01
 -1.945146217969585E-01 -1.947759694036118E-01 -1.950390786200866E-01
 -1.954444274467496E-01 -1.957080807279647E-01 -1.959738703301705E-01
 -1.954444274467496E-01 -1.957080807279647E-01 -1.959738703301705E-01
 -1.945146217969585E-01 -1.947759694036118E-01 -1.950390786200866E-01
 -1.926562696831574E-01 -1.929132157299242E-01 -1.931713519877349E-01
 -1.898775776815119E-01 -1.901283672096545E-01 -1.903797651851963E-01
 -1.861999791049993E-01 -1.864432569420917E-01 -1.866866420794955E-01
 -1.816612372744729E-01 -1.818959951977079E-01 -1.821304546529024E-01
 -1.763143324662542E-01 -1.765398175336329E-01 -1.767646809091762E-01
 -1.702236330816850E-01 -1.704392718415906E-01 -1.706540370614669E-01
 -1.634612515011123E-01 -1.636665879232446E-01 -1.638708655254839E-01
 -1.561045171061530E-01 -1.562991841441312E-01 -1.564926709491504E-01
 -1.482340184788478E-01 -1.484177494355327E-01 -1.486002402439041E-01
 -1.399319801710890E-01 -1.401046471885050E-01 -1.402760743736006E-01
 -1.312810692046084E-01 -1.314427393507424E-01 -1.316032305035566E-01
 -1.223636198799035E-01 -1.225146225840291E-01 -1.226645684015644E-01
 -1.132611209193116E-01 -1.134021138118162E-01 -1.135422323244299E-01
 -1.040537688019370E-01 -1.041857848542556E-01 -1.043171662199824E-01
 -9.481995380509034E-02 -9.494442585248715E-02 -9.506855734353331E-02
 -8.563568815075102E-02 -8.575446874309924E-02 -8.587325933040224E-02
 -7.657407950339701E-02 -7.668947020447853E-02 -7.680528327498516E-02
 -6.770483128744116E-02 -6.781958996334463E-02 -6.793524267737287E-02
 -5.909347887114384E-02 -5.921072737195396E-02 -5.932937512214556E-02
 -5.079998747661051E-02 -5.092295744814952E-02 -5.104781027286554E-02
 -4.287666440362263E-02 -4.300830148116892E-02 -4.314220915912417E-02
 -3.536585285262631E-02 -3.550838485602847E-02 -3.565340731855135E-02
 -2.829813742657861E-02 -2.845273415762944E-02 -2.860982325471596E-02
 -2.169160943789951E-02 -2.185821389883884E-02 -2.202707569132848E-02
 -1.555229999523218E-02 -1.572963737430055E-02 -1.590876968764875E-02
 -9.875499989206149E-03 -1.006121537888759E-02 -1.024806408343840E-02
 -4.647508378132776E-03 -4.838360571197601E-03 -5.029518931223418E-03
  1.526422735826208E-04 -3.939679631234717E-05 -2.307759019610135E-04
  4.551828029279741E-03  4.363155811869556E-03  4.176238573165195E-03
  8.582033345743435E-03  8.401880102838617E-03  8.224714537920145E-03
  1.228010471931291E-02  1.211430011661998E-02  1.195287441165530E-02
  1.568784277757074E-02  1.554299801473759E-02  1.540409908109457E-02
  1.885204078910125E-02  1.873558602174675E-02  1.862681302719698E-02
  2.182400318429395E-02  2.174406235627997E-02  2.167365916175879E-02
  2.465814152354424E-02  2.462317333532976E-02  2.459961559860739E-02
  2.740942452560417E-02  2.742760169608778E-02  2.745892013576700E-02
  3.012968972599056E-02  3.020803700581736E-02  3.030090696073406E-02
  3.286305733869978E-02  3.300641769509335E-02  3.316509540495519E-02
  3.564092380783696E-02  3.585087835853366E-02  3.607612375258137E-02
  3.847727515820028E-02  3.875120663097017E-02  3.903939754892819E-02
  4.136530338454611E-02  4.169584089390628E-02  4.203852373037242E-02
  4.427637463070352E-02  4.465144382685392E-02  4.503553333707053E-02
  4.716210117291596E-02  4.756569673943845E-02  4.797440982942996E-02
  4.995958157503517E-02  5.037320023943067E-02  5.078762030456790E-02
  5.259902948949113E-02  5.300352660467759E-02  5.340452940007438E-02
  5.501239851832621E-02  5.538994027528144E-02  5.576014364459227E-02
  5.714149718928852E-02  5.747729991816340E-02  5.780273907136025E-02
  5.894442727001499E-02  5.922806200236285E-02  5.949938539985882E-02
  6.039966798333735E-02  6.062579426589300E-02  6.083885718737039E-02
  6.150748591708821E-02  6.167593464151108E-02  6.183172207393652E-02
  6.228855634957552E-02  6.240373923379152E-02  6.250761739500607E-02
  6.277995100840872E-02  6.284968080808512E-02  6.291009628347694E-02
  6.302913478008551E-02  6.306308538840652E-02  6.308997515435255E-02
  6.308716352843638E-02  6.309530452909977E-02  6.309856323500801E-02
  6.300251673801549E-02  6.299384522452954E-02  6.298215302983000E-02
  6.281670734882402E-02  6.279846938235289E-02  6.277863347450581E-02
  6.256212894246965E-02  6.253954840984827E-02  6.251633830507013E-02
  6.226190057149640E-02  6.223830025268607E-02  6.221464052870937E-02
  6.193105460996953E-02  6.190820288688004E-02  6.188555401596972E-02
  6.157834903759660E-02  6.155688312097783E-02  6.153566997843388E-02
  6.120815223527379E-02  6.118797821085170E-02  6.116797839943929E-02
  6.082208141062544E-02  6.080270112422381E-02  6.078335294435087E-02
  6.042026756297644E-02  6.040101772017319E-02  6.038163945722493E-02
  6.000223877548812E-02  5.998244778980379E-02  5.996237724683361E-02
  5.956747350370408E-02  5.954655130566420E-02  5.952522234613177E-02
  5.911570016013120E-02  5.909317975833277E-02  5.907015508302248E-02
  5.864702446284822E-02  5.862257389117061E-02  5.859755233971175E-02
  5.816195879035045E-02  5.813537923356435E-02  5.810819245324848E-02
  5.766141154523606E-02  5.763263259008011E-02  5.760324061826723E-02
  5.714667221052326E-02  5.711574906333556E-02  5.708423802143053E-02
  5.661940268039819E-02  5.658651376580858E-02  5.655309249142215E-02
  5.608162142858439E-02  5.604705925231879E-02  5.601204660883402E-02
  5.553564886058229E-02  5.549979384648531E-02  5.546358614552573E-02
  5.498397514485198E-02  5.494724279195272E-02  5.491025260810372E-02
  5.442902068964346E-02  5.439177776347678E-02  5.435434208454971E-02
  5.387278619769108E-02  5.383524154450869E-02  5.379750805402572E-02
  5.331643078264361E-02  5.327851887252860E-02  5.324033186315211E-02
  5.275986343930331E-02  5.272115030242731E-02  5.268196824720400E-02
  5.220146966208133E-02  5.216111658219201E-02  5.211999664934514E-02
  5.163810216948218E-02  5.159491725063237E-02  5.155059317519737E-02
  5.106542518569816E-02  5.101801330436057E-02  5.096906946743983E-02
  5.047860789619932E-02  5.042559634425969E-02  5.037070493882043E-02
  4.987322589444394E-02  4.981350335627108E-02  4.975165217540629E-02
  4.924608631005808E-02  4.917896056499586E-02  4.910957153648868E-02
  4.859560127747704E-02  4.852077351989438E-02  4.844361388979478E-02
  4.792135804631272E-02  4.783864297973416E-02  4.775347382151049E-02
  4.722271124239869E-02  4.713150521947291E-02  4.703749496647928E-02
  4.649654402771412E-02  4.639514644758209E-02  4.629018432149196E-02
  4.573474426332554E-02  4.561974417251729E-02  4.549989052334560E-02
  4.492230657775816E-02  4.478832084030709E-02  4.464769026709698E-02
  4.403715695993708E-02  4.387720601334151E-02  4.370855134750197E-02
  4.305264348575789E-02  4.285933445310695E-02  4.265544746451141E-02
  4.194301670856832E-02  4.171045489291563E-02  4.146621947544534E-02
  4.069115266649667E-02  4.041716986788949E-02  4.013176817017414E-02
  3.929655844188636E-02  3.898457045706086E-02  3.866311354853444E-02
  3.778095876567149E-02  3.744073154698408E-02  3.709464308297478E-02
  3.618911365236011E-02  3.583602903875700E-02  3.548190619795181E-02
  3.458406844163864E-02  3.423702823516718E-02  3.389427113479153E-02
  3.303810086236159E-02  3.271670505780772E-02  3.240463788900203E-02
  3.162209420828847E-02  3.134390878270891E-02  3.107919058501638E-02
  3.039620306700297E-02  3.017474469942915E-02  2.996960386367179E-02
  2.940364184520087E-02  2.924732586391654E-02  2.910876113942815E-02
  2.866800843974672E-02  2.857996778660940E-02  2.850976010644112E-02
  2.819352266196705E-02  2.817204244415965E-02  2.816730896666168E-02
  2.796720032122367E-02  2.800651490158543E-02  2.806057003987990E-02
  2.796212978677354E-02  2.805341032206722E-02  2.815678520355412E-02
  2.814132977044582E-02  2.827376631282636E-02  2.841530456426372E-02
  2.846189079182717E-02  2.862380539304875E-02  2.879177306888522E-02
  2.887915695755900E-02  2.905907649422912E-02  2.924220951429493E-02
  2.935064312429779E-02  2.953823928449447E-02  2.972663171757430E-02
  2.983931330509436E-02  3.002611040017722E-02  3.021184712921806E-02
  3.031586075563016E-02  3.049563525512876E-02  3.067310397381902E-02
  3.075976207032444E-02  3.092860872769838E-02  3.109448213804709E-02
  3.115909505579378E-02  3.131519651810589E-02  3.146813695688680E-02
  3.150933880683374E-02  3.165252708062099E-02  3.179271151126253E-02
  3.181153693587426E-02  3.194276005506234E-02  3.207134021475221E-02
  3.207025642492298E-02  3.219105806453434E-02  3.230965777688349E-02
  3.229171692786350E-02  3.240380784448275E-02  3.251412661402808E-02
  3.248233695924587E-02  3.258729821666997E-02  3.269085085602939E-02
  3.264779558535418E-02  3.274691717849599E-02  3.284490507070963E-02
  3.279258326771566E-02  3.288681595274845E-02  3.298010310490789E-02
  3.291993570990698E-02  3.300992102498795E-02  3.309907849454225E-02
  3.303201273177771E-02  3.311815467558714E-02  3.320353783813659E-02
  3.313019045086790E-02  3.321273838738757E-02  3.329456895550354E-02
  3.321536450358534E-02  3.329448660544334E-02  3.337292144060735E-02
  3.328820037593547E-02  3.336403704498855E-02  3.343921563732185E-02
  3.334930327188184E-02  3.342199833095655E-02  3.349406850245983E-02
  3.339930778876354E-02  3.346902078903059E-02  3.353814694065814E-02
  3.343890448867399E-02  3.350581012020915E-02  3.357217028899600E-02
  3.346882688379187E-02  3.353310775012813E-02  3.359688552410398E-02
  3.348982098457370E-02  3.355165876038425E-02  3.361303460517513E-02
  3.350261374339477E-02  3.356218185743504E-02  3.362132648755586E-02
  3.350788957290698E-02  3.356534874135673E-02  3.362241944756645E-02
  3.350627786392239E-02  3.356177445476712E-02  3.361691411132270E-02
  3.349835021714732E-02  3.355201668758129E-02  3.360535457932620E-02
  3.348462411746347E-02  3.353658056057468E-02  3.358823407802006E-02
  3.346556956222604E-02  3.351592554661360E-02  3.356600200498674E-02
  3.344161598179461E-02  3.349047217144154E-02  3.353907032691684E-02
  3.341315796919420E-02  3.346060731661315E-02  3.350781844196448E-02
  3.338055937875298E-02  3.342668790484684E-02  3.347259647828402E-02
  3.334415602630281E-02  3.338904331115736E-02  3.343372745554490E-02
  3.330425750230910E-02  3.334797703067980E-02  3.339150884145172E-02
  3.326114859597401E-02  3.330376806666924E-02  3.334621392416635E-02
  3.321509066595575E-02  3.325667232214930E-02  3.329809323198166E-02
  3.316632310400198E-02  3.320692409673842E-02  3.324737606135157E-02
  3.311506489516729E-02  3.315473766589937E-02  3.319427206932394E-02
  3.306151620633646E-02  3.310030886608690E-02  3.313897284958410E-02
  3.300585992303590E-02  3.304381660963069E-02  3.308165342179878E-02
  3.294826307759806E-02  3.298542428114486E-02  3.302247359507053E-02
  3.288887814468983E-02  3.292528099967618E-02  3.296157919722865E-02
  3.282784420677762E-02  3.286352275424885E-02  3.289910318174911E-02
  3.276528800625109E-02  3.280027343126716E-02  3.283516663175795E-02
  3.270132490381014E-02  3.273564575284737E-02  3.276987967928003E-02
  3.263605975919371E-02  3.266974214070184E-02  3.270334235284204E-02
  3.256958774467974E-02  3.260265551462858E-02  3.263564536122715E-02
  3.250199509738962E-02  3.253447003079630E-02  3.256687081788699E-02
  3.243335981394679E-02  3.246526176308070E-02  3.249709290908830E-02
  3.236375229040434E-02  3.239509933041444E-02  3.242637850885358E-02
  3.229323591051744E-02  3.232404447338805E-02  3.235478774409409E-02
  3.222186758592942E-02  3.225215258379392E-02  3.228237451372548E-02
  3.214969825188951E-02  3.217947319077102E-02  3.220918696543786E-02
  3.207677332192784E-02  3.210605040694310E-02  3.213526793346955E-02
  3.200313310451274E-02  3.203192333752154E-02  3.206065534029609E-02
  3.192881318420596E-02  3.195712645483761E-02  3.198538256465563E-02
  3.185384476939720E-02  3.188168994036063E-02  3.190947877794771E-02
  3.177825500833779E-02  3.180563999591090E-02  3.183296925071052E-02
  3.170206727501493E-02  3.172899912560462E-02  3.175587563071338E-02
  3.162530142616356E-02  3.165178638980821E-02  3.167821619392914E-02
  3.154797403075031E-02  3.157401763239664E-02  3.160000606964457E-02
  3.147009857320829E-02  3.149570568251984E-02  3.152125744084572E-02
  3.139168563186179E-02  3.141686053220838E-02  3.144197972110690E-02
  3.131274303417513E-02  3.133748949129921E-02  3.136217970932041E-02
  3.123327599083280E-02  3.125759732147324E-02  3.128186172385587E-02
  3.115328721125843E-02  3.117718635170517E-02  3.120102771816145E-02
  3.107277700407798E-02  3.109625657818295E-02  3.111967738044522E-02
  3.099174336741276E-02  3.101480575295523E-02  3.103780822109998E-02
  3.091018207566928E-02  3.093282946714825E-02  3.095541565291256E-02
  3.082808677166194E-02  3.085032123660993E-02  3.087249307093487E-02
  3.074544907489909E-02  3.076727259980670E-02  3.078903194078148E-02
  3.066225871793810E-02  3.068367323904921E-02  3.070502190547211E-02
  3.057850372191339E-02  3.059951113574491E-02  3.062045092089944E-02
  3.049417061846232E-02  3.051477276712817E-02  3.053530542732675E-02
  3.040924471781001E-02  3.042944334518258E-02  3.044957055829075E-02
  3.032371041142520E-02  3.034350708775102E-02  3.036323037825144E-02
  3.023755148359516E-02  3.025694749809388E-02  3.027626812704483E-02
  3.015075139106000E-02  3.016974761379913E-02  3.018866643387565E-02
  3.006329345625664E-02  3.008189017166735E-02  3.010040744882206E-02
  2.997516091024253E-02  2.999335762456337E-02  3.001147282822637E-02
  2.988633671836245E-02  2.990413194186528E-02  2.992184350476762E-02
  2.979680312642680E-02  2.981419412874219E-02  2.983149917559778E-02
  2.970654087812758E-02  2.972352341220707E-02  2.974041745446842E-02
  2.961552807595472E-02  2.963209606473280E-02  2.964857265804478E-02
  2.952373868857573E-02  2.953988387035280E-02  2.955593423434870E-02
  2.943114074965038E-02  2.944685228589282E-02  2.946246489489072E-02
  2.933769434855621E-02  2.935295841286386E-02  2.936811858231850E-02
  2.924334958212857E-02  2.925814897142830E-02  2.927283848812206E-02
  2.914804470886756E-02  2.916235854485348E-02  2.917655541561228E-02
  2.905170481563669E-02  2.906550842362761E-02  2.907918683386083E-02
 -2.011283222244016E-01 -2.013861927665638E-01 -2.016452349622639E-01
 -2.030569492949771E-01 -2.033192962636040E-01 -2.035833895718610E-01
 -2.040220752256593E-01 -2.042867727907348E-01 -2.045535948442139E-01
 -2.040220752256593E-01 -2.042867727907348E-01 -2.045535948442139E-01
 -2.030569492949771E-01 -2.033192962636040E-01 -2.035833895718610E-01
 -2.011283222244016E-01 -2.013861927665638E-01 -2.016452349622639E-01
 -1.982451352589018E-01 -1.984967664293217E-01 -1.987489866936898E-01
 -1.944300021536381E-01 -1.946740469479763E-01 -1.949181808729270E-01
 -1.897223336860677E-01 -1.899577961101125E-01 -1.901929437207640E-01
 -1.841771561055042E-01 -1.844032916231377E-01 -1.846287907530877E-01
 -1.778612005985121E-01 -1.780774390240875E-01 -1.782927904451519E-01
 -1.708491986688380E-01 -1.710550835983748E-01 -1.712598971156337E-01
 -1.632213147737711E-01 -1.634164769201709E-01 -1.636104468896742E-01
 -1.550611512529343E-01 -1.552453213014000E-01 -1.554282397965707E-01
 -1.464540784586945E-01 -1.466271265704702E-01 -1.467989239761561E-01
 -1.374859858424594E-01 -1.376479782188807E-01 -1.378087813604063E-01
 -1.282424472368191E-01 -1.283937136986770E-01 -1.285439138710977E-01
 -1.188081484969561E-01 -1.189493483585554E-01 -1.190896655523229E-01
 -1.092663851630308E-01 -1.093985542909073E-01 -1.095300818176578E-01
 -9.969849829579770E-02 -9.982307319191776E-02 -9.994730211514087E-02
 -9.018325697543757E-02 -9.030209380552130E-02 -9.042093667256919E-02
 -8.079629198296874E-02 -8.091169545409305E-02 -8.102751877681912E-02
 -7.160956916811059E-02 -7.172430107986097E-02 -7.183992630695815E-02
 -6.269061881899886E-02 -6.280780908481737E-02 -6.292640064851060E-02
 -5.410114443003015E-02 -5.422404084016254E-02 -5.434882639760873E-02
 -4.589494969597149E-02 -4.602652417326290E-02 -4.616038126910729E-02
 -3.811563611521668E-02 -3.825815144681966E-02 -3.840317586533687E-02
 -3.079479658177942E-02 -3.094946154686835E-02 -3.110664401003930E-02
 -2.395126041215340E-02 -2.411805489722752E-02 -2.428713718682890E-02
 -1.759151009715438E-02 -1.776918853649861E-02 -1.794869572603684E-02
 -1.171099854387622E-02 -1.189722402843009E-02 -1.208461755729355E-02
 -6.295912164335012E-03 -6.487449164043695E-03 -6.679325588110752E-03
 -1.324927754060767E-03 -1.517821096155907E-03 -1.710084358777203E-03
  3.229386316985695E-03  3.039703313727086E-03  2.851749903023452E-03
  7.399721149402442E-03  7.218417387802046E-03  7.040080734277305E-03
  1.122373485968016E-02  1.105665749834066E-02  1.089394304989318E-02
  1.474410837856490E-02  1.459788569785900E-02  1.445759715428974E-02
  1.800856182183532E-02  1.789064210888077E-02  1.778039698174964E-02
  2.106936521884065E-02  2.098789540363197E-02  2.091596173139089E-02
  2.398193734443605E-02  2.394540916688555E-02  2.392029807291558E-02
  2.680230324909850E-02  2.681893777820593E-02  2.684873194719209E-02
  2.958341125904805E-02  2.966030067940888E-02  2.975174726601239E-02
  3.237054293695725E-02  3.251261726348442E-02  3.267006381829613E-02
  3.519628614532645E-02  3.540522860562213E-02  3.562953998223610E-02
  3.807580524867945E-02  3.834910491291876E-02  3.863676515048185E-02
  4.100339101639473E-02  4.133377111073264E-02  4.167641647596957E-02
  4.395134821323683E-02  4.432679742630087E-02  4.471139720429296E-02
  4.687199217646665E-02  4.727652106596480E-02  4.768629629896819E-02
  4.970284085530335E-02  5.011790622663641E-02  5.053388733148692E-02
  5.237423636410488E-02  5.278059858194829E-02  5.318355401460173E-02
  5.481800170399146E-02  5.519768567235411E-02  5.557008211311638E-02
  5.697561432623966E-02  5.731366319431098E-02  5.764135661082698E-02
  5.880471999486907E-02  5.909051896653275E-02  5.936397119405758E-02
  6.028331050788668E-02  6.051134539904145E-02  6.072624380443496E-02
  6.141124763084053E-02  6.158121616472982E-02  6.173842511612423E-02
  6.220900267476388E-02  6.232524849641974E-02  6.243008308083590E-02
  6.271372516251564E-02  6.278406772077877E-02  6.284499802269622E-02
  6.297324066634086E-02  6.300742410087899E-02  6.303446939565022E-02
  6.303916332883779E-02  6.304726364208149E-02  6.305042994674798E-02
  6.296059644293728E-02  6.295172230845189E-02  6.293979986868717E-02
  6.277962168623527E-02  6.276111296113729E-02  6.274099738289510E-02
  6.252907603367278E-02  6.250622237097075E-02  6.248274242106897E-02
  6.223238086158800E-02  6.220854304800133E-02  6.218465551534599E-02
  6.190474977871899E-02  6.188171231461031E-02  6.185888952577629E-02
  6.155503439506031E-02  6.153343606858711E-02  6.151210184072674E-02
  6.118764182781051E-02  6.116738235914346E-02  6.114730666818135E-02
  6.080419925330358E-02  6.078477119390985E-02  6.076538276988378E-02
  6.040483715773830E-02  6.038556823079167E-02  6.036617666839132E-02
  5.998908340288410E-02  5.996929491219024E-02  5.994923138469957E-02
  5.955642078884239E-02  5.953551760673594E-02  5.951421130000798E-02
  5.910658606757607E-02  5.908409745924734E-02  5.906110745369138E-02
  5.863969401018061E-02  5.861528448565079E-02  5.859030594966036E-02
  5.815626301937542E-02  5.812972956020652E-02  5.810258964483545E-02
  5.765720228102738E-02  5.762846934971474E-02  5.759912275648391E-02
  5.714379754759690E-02  5.711291498936996E-02  5.708144261133719E-02
  5.661770664541463E-02  5.658484887500288E-02  5.655145622318274E-02
  5.608095060897104E-02  5.604640959188461E-02  5.601141627367914E-02
  5.553586687940847E-02  5.550002791962018E-02  5.546383683314406E-02
  5.498498298424177E-02  5.494827278994505E-02  5.491130942716713E-02
  5.443077773815450E-02  5.439357969465766E-02  5.435619878561634E-02
  5.387532459551111E-02  5.383786646190369E-02  5.380023454704488E-02
  5.331985531264781E-02  5.328208777274655E-02  5.324406374787213E-02
  5.276433168475753E-02  5.272582856475605E-02  5.268687559447575E-02
  5.220715251439915E-02  5.216706987896054E-02  5.212623595316759E-02
  5.164513210706968E-02  5.160225847555433E-02  5.155825412759148E-02
  5.107384708378547E-02  5.102675699401523E-02  5.097813450684883E-02
  5.048835170509352E-02  5.043564041863676E-02  5.038104142858860E-02
  4.988411949195274E-02  4.982465507147946E-02  4.976305211081175E-02
  4.925791840077026E-02  4.919101306062536E-02  4.912184115694255E-02
  4.860822889342680E-02  4.853362255552424E-02  4.845669761342739E-02
  4.793483449594964E-02  4.785241466900928E-02  4.776757852248932E-02
  4.723739412891908E-02  4.714665105061576E-02  4.705316828516713E-02
  4.651313558924695E-02  4.641245778814058E-02  4.630830022690276E-02
  4.575422251626408E-02  4.564024886010987E-02  4.552151005820883E-02
  4.494572749003263E-02  4.481305046849173E-02  4.467379557651929E-02
  4.406534397752726E-02  4.390686202378549E-02  4.373969355586056E-02
  4.308582593951668E-02  4.289392732715567E-02  4.269139507416880E-02
  4.198052079439091E-02  4.174902903014582E-02  4.150572663637518E-02
  4.073126707927442E-02  4.045773458180044E-02  4.017257770199699E-02
  3.933666848130372E-02  3.902431405324704E-02  3.870225070541168E-02
  3.781796063967008E-02  3.747650129739207E-02  3.712895242267008E-02
  3.622001111459042E-02  3.586495118344746E-02  3.550868068128670E-02
  3.460657209510369E-02  3.425707727688960E-02  3.391177803219227E-02
  3.305104576292533E-02  3.272705095562747E-02  3.241238889522232E-02
  3.162556806223388E-02  3.134496342322655E-02  3.107790835073469E-02
  3.039138973310348E-02  3.016794088032557E-02  2.996094407297635E-02
  2.939247309293822E-02  2.923473673211562E-02  2.909490863257582E-02
  2.865274801666838E-02  2.856389008408869E-02  2.849301830972026E-02
  2.817638693127618E-02  2.815463768392982E-02  2.814976541201653E-02
  2.795007677292375E-02  2.798955798047556E-02  2.804387613393526E-02
  2.794641377940153E-02  2.803815703589099E-02  2.814205383232187E-02
  2.812787215361226E-02  2.826092728120822E-02  2.840310874918288E-02
  2.845103430733020E-02  2.861360188238101E-02  2.878221927484587E-02
  2.887083315093648E-02  2.905134908775396E-02  2.923505609176748E-02
  2.934450051143757E-02  2.953258042807551E-02  2.972142403441745E-02
  2.983485024689624E-02  3.002199542182061E-02  3.020804533715582E-02
  3.031254217256515E-02  3.049253278737763E-02  3.067018626304934E-02
  3.075710673794472E-02  3.092605937374538E-02  3.109201444268279E-02
  3.115672826541023E-02  3.131285653881710E-02  3.146580780404764E-02
  3.150701216165501E-02  3.165018042760775E-02  3.179033675123779E-02
  3.180912196004280E-02  3.194030636934172E-02  3.206884602860503E-02
  3.206772111455138E-02  3.218848608474797E-02  3.230705156874045E-02
  3.228909456008504E-02  3.240116333495270E-02  3.251146457928684E-02
  3.247969496548259E-02  3.258465367167414E-02  3.268820886873278E-02
  3.264520982727400E-02  3.274434794384756E-02  3.284235682000803E-02
  3.279012035722003E-02  3.288438473510682E-02  3.297770680561686E-02
  3.291764366708489E-02  3.300767056035767E-02  3.309687146957016E-02
  3.302991862740533E-02  3.311610688713450E-02  3.320153704174844E-02
  3.312830284061675E-02  3.321089772747429E-02  3.329277506828440E-02
  3.321367833892123E-02  3.329284531478276E-02  3.337132435010500E-02
  3.328670245917408E-02  3.336258054053161E-02  3.343779967596965E-02
  3.334797695899117E-02  3.342070960280696E-02  3.349281650067366E-02
  3.339813631063974E-02  3.346788333709375E-02  3.353704277663589E-02
  3.343787280620523E-02  3.350480946054222E-02  3.357120006621173E-02
  3.346792234084423E-02  3.353223181611811E-02  3.359603774921623E-02
  3.348903317296594E-02  3.355089762704871E-02  3.361229979871363E-02
  3.350193398845338E-02  3.356152718008309E-02  3.362069659552545E-02
  3.350731035046886E-02  3.356479318740608E-02  3.362188729904185E-02
  3.350579233058518E-02  3.356131127757198E-02  3.361647303916850E-02
  3.349795191955827E-02  3.355163948276477E-02  3.360499822187284E-02
  3.348430686675589E-02  3.353628317643770E-02  3.358795632150995E-02
  3.346532742078544E-02  3.351570209105864E-02  3.356579700662027E-02
  3.344144330345010E-02  3.349031705841304E-02  3.353893256459919E-02
  3.341304944728349E-02  3.346051531148731E-02  3.350774275550493E-02
  3.338051007665504E-02  3.342665414857852E-02  3.347257808683618E-02
  3.334416138303227E-02  3.338906331959571E-02  3.343376195103757E-02
  3.330431331726195E-02  3.334804667507973E-02  3.339159216550738E-02
  3.326125100162522E-02  3.330388354456198E-02  3.334634233771151E-02
  3.321523609696378E-02  3.325683012645739E-02  3.329826328472171E-02
  3.316650826836386E-02  3.320712098790706E-02  3.324758456500511E-02
  3.311528674984050E-02  3.315497064871202E-02  3.319451607560835E-02
  3.306177193735707E-02  3.310057517075660E-02  3.313924963218914E-02
  3.300614692901674E-02  3.304411367590965E-02  3.308196046101573E-02
  3.294857895524970E-02  3.298574974415123E-02  3.302280856386406E-02
  3.288922067543147E-02  3.292563267663639E-02  3.296193994808537E-02
  3.282821134393213E-02  3.286389863177099E-02  3.289948773402937E-02
  3.276567786276172E-02  3.280067165315484E-02  3.283557315961753E-02
  3.270173574057259E-02  3.273606460856916E-02  3.277030650028720E-02
  3.263648997413502E-02  3.267018005463751E-02  3.270378791739648E-02
  3.257003586266095E-02  3.260311103614754E-02  3.263610824281356E-02
  3.250245976090450E-02  3.253494182512241E-02  3.256734970410205E-02
  3.243383977457091E-02  3.246574860288885E-02  3.249758659337965E-02
  3.236424640088270E-02  3.239560008804607E-02  3.242688588285884E-02
  3.229374311745329E-02  3.232455811365172E-02  3.235530779054982E-02
  3.222238692296059E-02  3.225267815724246E-02  3.228290629984209E-02
  3.215022883332438E-02  3.218000982742954E-02  3.220972963671860E-02
  3.207731433681479E-02  3.210659731046563E-02  3.213582070795166E-02
  3.200368381108015E-02  3.203247977971249E-02  3.206121750315213E-02
  3.192937290465017E-02  3.195769177051747E-02  3.198595346313450E-02
  3.185441288497591E-02  3.188226352253276E-02  3.191005781661277E-02
  3.177883095475087E-02  3.180622129121329E-02  3.183355588695975E-02
  3.170265053800512E-02  3.172958762997925E-02  3.175646937051511E-02
  3.162589153732628E-02  3.165238164437852E-02  3.167881658776488E-02
  3.154857056348832E-02  3.157461921948908E-02  3.160061270859538E-02
  3.147070113881983E-02  3.149631322181890E-02  3.152186995281189E-02
  3.139229387571943E-02  3.141747367700180E-02  3.144259776711802E-02
  3.131335663195561E-02  3.133810792477322E-02  3.136280297989488E-02
  3.123389464479923E-02  3.125822075305786E-02  3.128248993540899E-02
  3.115391064656257E-02  3.117781451343483E-02  3.120166060942567E-02
  3.107340496511516E-02  3.109688922110116E-02  3.112031470892777E-02
  3.099237561425524E-02  3.101544264358324E-02  3.103844975959293E-02
  3.091081838066508E-02  3.093347038409811E-02  3.095606118612950E-02
  3.082872691633079E-02  3.085096596746574E-02  3.087314239239096E-02
  3.074609284730203E-02  3.076792093844556E-02  3.078968485008264E-02
  3.066290591075153E-02  3.068432498363273E-02  3.070567820624341E-02
  3.057915413144132E-02  3.060016608762393E-02  3.062111041960220E-02
  3.049482404486723E-02  3.051543073096185E-02  3.053596793328400E-02
  3.040990096673655E-02  3.043010413047948E-02  3.045023588516014E-02
  3.032436929718648E-02  3.034417051204655E-02  3.036389834720175E-02
  3.023821283396052E-02  3.025761339185263E-02  3.027693857177497E-02
  3.015141505361158E-02  3.017041582705677E-02  3.018933920753900E-02
  3.006395930620061E-02  3.008256058233309E-02  3.010108243281499E-02
  2.997582885953958E-02  2.999403014826284E-02  3.001214994273971E-02
  2.988700672605601E-02  2.990480654319055E-02  2.992252272095971E-02
  2.979747521011392E-02  2.981487083381034E-02  2.983218052924645E-02
  2.970721512663038E-02  2.972420232250713E-02  2.974110106099950E-02
  2.961620466321795E-02  2.963277737216904E-02  2.964925872871609E-02
  2.952441788878221E-02  2.954056787331310E-02  2.955662309323531E-02
  2.943182295315585E-02  2.944753940573160E-02  2.946315699582563E-02
  2.933838007765985E-02  2.935364920955717E-02  2.936881452426529E-02
  2.924403950478666E-02  2.925884415622705E-02  2.927353902651203E-02
  2.914873964740786E-02  2.916305898673235E-02  2.917726146619429E-02
  2.905240574690206E-02  2.906621514582152E-02  2.907989946525428E-02
 -2.054199497497483E-01 -2.056782651486992E-01 -2.059377433910576E-01
 -2.073843164971211E-01 -2.076471445556751E-01 -2.079117117484224E-01
 -2.083674073232705E-01 -2.086326077344694E-01 -2.088999271105879E-01
 -2.083674073232705E-01 -2.086326077344694E-01 -2.088999271105879E-01
 -2.073843164971211E-01 -2.076471445556751E-01 -2.079117117484224E-01
 -2.054199497497483E-01 -2.056782651486992E-01 -2.059377433910576E-01
 -2.024836279775588E-01 -2.027356640529456E-01 -2.029882800299801E-01
 -1.985985723678448E-01 -1.988429863335482E-01 -1.990874808151836E-01
 -1.938050388577700E-01 -1.940408409164084E-01 -1.942763204209915E-01
 -1.881591011720786E-01 -1.883855510251139E-01 -1.886113575249488E-01
 -1.817286991485773E-01 -1.819452281981030E-01 -1.821608638412049E-01
 -1.745899032612237E-01 -1.747960548054139E-01 -1.750011289212461E-01
 -1.668243260469648E-01 -1.670197295361494E-01 -1.672139351098866E-01
 -1.585171074611625E-01 -1.587014921184791E-01 -1.588846197104303E-01
 -1.497552208760259E-01 -1.499284557135944E-01 -1.501004345589037E-01
 -1.406261957526480E-01 -1.407883463747706E-01 -1.409493027551553E-01
 -1.312172525899072E-01 -1.313686488451965E-01 -1.315189741895398E-01
 -1.216147003860315E-01 -1.217560022612888E-01 -1.218964173735029E-01
 -1.119034061717432E-01 -1.120356508156696E-01 -1.121672504225679E-01
 -1.021662055966738E-01 -1.022908311920629E-01 -1.024151081052442E-01
 -9.248326258784655E-02 -9.260212697535081E-02 -9.272099540226021E-02
 -8.293148316472446E-02 -8.304689250425275E-02 -8.316272040254888E-02
 -7.358397536014422E-02 -7.369869329436000E-02 -7.381430413146972E-02
 -6.450927521398746E-02 -6.462643554182000E-02 -6.474499812003216E-02
 -5.576996111394270E-02 -5.589281953356146E-02 -5.601757015452635E-02
 -4.742058851992347E-02 -4.755212994900967E-02 -4.768595989767689E-02
 -3.950538996658438E-02 -3.964789459140752E-02 -3.979291750796934E-02
 -3.205646322841080E-02 -3.221115933837079E-02 -3.236838542134120E-02
 -2.509300660252767E-02 -2.525989266983112E-02 -2.542908172428343E-02
 -1.862172767874624E-02 -1.879957300996185E-02 -1.897926399693915E-02
 -1.263815919262034E-02 -1.282463618824349E-02 -1.301229864686842E-02
 -7.128429362838124E-03 -7.320305641216614E-03 -7.512538076135150E-03
 -2.071034245436019E-03 -2.264352256949005E-03 -2.457055266370227E-03
  2.561739503575860E-03  2.371552781036705E-03  2.183082816608186E-03
  6.802941323872435E-03  6.621063177539070E-03  6.442141732079305E-03
  1.069064108916541E-02  1.052292752869912E-02  1.035956880381775E-02
  1.426796644767102E-02  1.412105445892190E-02  1.398007071889367E-02
  1.758310772044217E-02  1.746445481556437E-02  1.735347289319395E-02
  2.068882433181777E-02  2.060658902532007E-02  2.053388911679219E-02
  2.364104476425560E-02  2.360373530067767E-02  2.357784621853503E-02
  2.649632768959091E-02  2.651218918909157E-02  2.654121945171300E-02
  2.930818168047165E-02  2.938433985192961E-02  2.947507231700492E-02
  3.212247344319208E-02  3.226390164218789E-02  3.242072934209677E-02
  3.497239098330609E-02  3.518082341697028E-02  3.540466362592832E-02
  3.787369258135749E-02  3.814667160671026E-02  3.843406163038270E-02
  4.082122363511930E-02  4.115151986822944E-02  4.149414129580151E-02
  4.378776384689065E-02  4.416339799902341E-02  4.454824791953511E-02
  4.672598572860864E-02  4.713097686650147E-02  4.754127897318688E-02
  4.957362218310252E-02  4.998940770253831E-02  5.040616646746212E-02
  5.226108427173322E-02  5.266837754402500E-02  5.307230826099440E-02
  5.472013395687304E-02  5.510088968782824E-02  5.547438387677132E-02
  5.689208690789502E-02  5.723126195973959E-02  5.756008620979590E-02
  5.873436346223668E-02  5.902125006055049E-02  5.929577271166623E-02
  6.022471190451111E-02  6.045370832744372E-02  6.066953197013213E-02
  6.136278869299194E-02  6.153352481231418E-02  6.169145214157146E-02
  6.216895804896621E-02  6.228574201527472E-02  6.239106112148343E-02
  6.268040351036439E-02  6.275105706017006E-02  6.281224886174228E-02
  6.294512876929292E-02  6.297943087493157E-02  6.300655568158189E-02
  6.301502830701711E-02  6.302310858472955E-02  6.302622861995565E-02
  6.293952079471095E-02  6.293054443442105E-02  6.291850574391475E-02
  6.276097617098016E-02  6.274233061262353E-02  6.272207366682789E-02
  6.251245615162930E-02  6.248946440414684E-02  6.246584802036141E-02
  6.221753517111047E-02  6.219357728449032E-02  6.216957457575251E-02
  6.189151846195136E-02  6.186838710281465E-02  6.184547639978039E-02
  6.154330489111005E-02  6.152163964307729E-02  6.150024421991603E-02
  6.117732103297704E-02  6.115701837762273E-02  6.113690432920200E-02
  6.079519892999015E-02  6.077574668806530E-02  6.075633787295538E-02
  6.039706862316870E-02  6.037778994864167E-02  6.035839154304536E-02
  5.998245772354357E-02  5.996267031649262E-02  5.994261013893901E-02
  5.955085117998942E-02  5.952995737197255E-02  5.950866226679318E-02
  5.910199001184263E-02  5.907951721451857E-02  5.905654447537863E-02
  5.863599368746348E-02  5.861160467819899E-02  5.858664766632966E-02
  5.815338378550539E-02  5.812687346044066E-02  5.809975708750530E-02
  5.765506995384512E-02  5.762636019444284E-02  5.759703646281451E-02
  5.714233599305749E-02  5.711147389856028E-02  5.708002100853089E-02
  5.661683743924786E-02  5.658399531330887E-02  5.655061699782961E-02
  5.608059623602006E-02  5.604606565233532E-02  5.601108177004573E-02
  5.553595797423246E-02  5.550012657940729E-02  5.546394323754537E-02
  5.498546864962479E-02  5.494876872687150E-02  5.491181787119000E-02
  5.443163636752935E-02  5.439445968260394E-02  5.435710501534248E-02
  5.387657141938242E-02  5.383915536444031E-02  5.380157305838799E-02
  5.332154268023647E-02  5.328384629857869E-02  5.324590281697882E-02
  5.276653930878264E-02  5.272814058694748E-02  5.268930169283119E-02
  5.220996760875504E-02  5.217002018385318E-02  5.212932942364846E-02
  5.164862308078241E-02  5.160590569192582E-02  5.156206195195934E-02
  5.107803822553644E-02  5.103111002628054E-02  5.098264925918820E-02
  5.049320869615021E-02  5.044064849685032E-02  5.038619657140409E-02
  4.988955516075984E-02  4.983022014263713E-02  4.976874137305947E-02
  4.926382394107757E-02  4.919702799156864E-02  4.912796344709944E-02
  4.861452803806618E-02  4.854003012492395E-02  4.846321981446753E-02
  4.794154862061967E-02  4.785927274759174E-02  4.777459911402520E-02
  4.724469793145679E-02  4.715418188733458E-02  4.706095835023590E-02
  4.652137909902529E-02  4.642105707865347E-02  4.631729798428347E-02
  4.576389815805417E-02  4.565043535291340E-02  4.553225231773694E-02
  4.495737174734251E-02  4.482534984578920E-02  4.468678461189331E-02
  4.407938132409685E-02  4.392163866662801E-02  4.375521929535305E-02
  4.310238557953207E-02  4.291120100461383E-02  4.270935597780617E-02
  4.199927836192621E-02  4.176833329744692E-02  4.152550962584027E-02
  4.075137334578333E-02  4.047807830396443E-02  4.019305595977021E-02
  3.935681352400174E-02  3.904428614406789E-02  3.872192895005297E-02
  3.783658075129234E-02  3.749451131929767E-02  3.714623683157845E-02
  3.623558994429561E-02  3.587954291827900E-02  3.552219766662575E-02
  3.461794518779900E-02  3.426721854684150E-02  3.392064249887499E-02
  3.305761436378921E-02  3.273231194970892E-02  3.241634362404478E-02
  3.162736651850588E-02  3.134554260734946E-02  3.107730926488299E-02
  3.038900806548628E-02  3.016455465995584E-02  2.995662083652298E-02
  2.938688158973867E-02  2.922842746187286E-02  2.908796065403113E-02
  2.864508688347818E-02  2.855581516833039E-02  2.848460686417142E-02
  2.816777411264060E-02  2.814588774058435E-02  2.814094408878741E-02
  2.794146520969371E-02  2.798102932226428E-02  2.803547908180923E-02
  2.793850850282483E-02  2.803048434144302E-02  2.813464366324263E-02
  2.812110351647817E-02  2.825447014233483E-02  2.839697560694367E-02
  2.844557616369212E-02  2.860847281782115E-02  2.877741770294488E-02
  2.886665167563946E-02  2.904746831889966E-02  2.923146476033935E-02
  2.934141885550843E-02  2.952974275731134E-02  2.971881393459487E-02
  2.983261560052847E-02  3.001993636587471E-02  3.020614427811043E-02
  3.031088468627270E-02  3.049098432652460E-02  3.066873100684193E-02
  3.075578360413759E-02  3.092478968096812E-02  3.109078591360451E-02
  3.115555032742220E-02  3.131169206218245E-02  3.146464871252536E-02
  3.150585394233166E-02  3.164901200199788E-02  3.178915402043940E-02
  3.180791847541262E-02  3.193908319790173E-02  3.206760225568638E-02
  3.206645607360564E-02  3.218720235008253E-02  3.230575036347302E-02
  3.228778464717322E-02  3.239984203352392E-02  3.251013421338420E-02
  3.247837414302803E-02  3.258333133260389E-02  3.268688758859518E-02
  3.264391635439338E-02  3.274306257648973E-02  3.284108180896272E-02
  3.278888786068256E-02  3.288316800351773E-02  3.297650746822066E-02
  3.291649641683779E-02  3.300654407310696E-02  3.309576668717785E-02
  3.302887033676860E-02  3.311508176253974E-02  3.320053542728472E-02
  3.312735788641689E-02  3.320997627252439E-02  3.329187702582968E-02
  3.321283423397615E-02  3.329202367407151E-02  3.337052483628429E-02
  3.328595260178020E-02  3.336185141242981E-02  3.343709084098113E-02
  3.334731300463970E-02  3.342006445721171E-02  3.349218973287620E-02
  3.339754984773902E-02  3.346731389726804E-02  3.353648998933891E-02
  3.343735629249701E-02  3.350430846363311E-02  3.357071429228658E-02
  3.346746943336819E-02  3.353179321603976E-02  3.359561323128400E-02
  3.348863866032054E-02  3.355051645570805E-02  3.361193179298776E-02
  3.350159353143704E-02  3.356119926430847E-02  3.362038107504234E-02
  3.350702018800297E-02  3.356451486231481E-02  3.362162068001141E-02
  3.350554904271331E-02  3.356107917154878E-02  3.361625198961047E-02
  3.349775228078542E-02  3.355145039454541E-02  3.360481956159006E-02
  3.348414778275116E-02  3.353613402997651E-02  3.358781699313606E-02
  3.346520592181828E-02  3.351558993914890E-02  3.356569408738696E-02
  3.344135656481145E-02  3.349023910626953E-02  3.353886329159371E-02
  3.341299481370306E-02  3.346046893981559E-02  3.350770454662529E-02
  3.338048507786249E-02  3.342663692591210E-02  3.347256854974125E-02
  3.334416373672554E-02  3.338907300209155E-02  3.343377887996859E-02
  3.330434092153435E-02  3.334808119680382E-02  3.339163352975541E-02
  3.326130192129204E-02  3.330394100289060E-02  3.334640626637987E-02
  3.321530854807683E-02  3.325690876659458E-02  3.329834805142279E-02
  3.316660060373899E-02  3.320721918890312E-02  3.324768857443460E-02
  3.311539744682860E-02  3.315508691183657E-02  3.319463785250788E-02
  3.306189958790341E-02  3.310070811004800E-02  3.313938781234017E-02
  3.300629023139702E-02  3.304426201021906E-02  3.308211378354512E-02
  3.294873670684550E-02  3.298591229007138E-02  3.302297586429540E-02
  3.288939176602575E-02  3.292580834186236E-02  3.296212015175259E-02
  3.282839474932449E-02  3.286408640875377E-02  3.289967984976832E-02
  3.276587263860645E-02  3.280087061298741E-02  3.283577627370556E-02
  3.270194101655613E-02  3.273627389523229E-02  3.277051977076281E-02
  3.263670494851170E-02  3.267039887961910E-02  3.270401056876455E-02
  3.257025979718889E-02  3.260333867346651E-02  3.263633956115726E-02
  3.250269197620050E-02  3.253517760676692E-02  3.256758903260230E-02
  3.243407964583280E-02  3.246599191461224E-02  3.249783332818209E-02
  3.236449335393354E-02  3.239585036547525E-02  3.242713946924407E-02
  3.229399662507675E-02  3.232481483867842E-02  3.235556771937894E-02
  3.222264650149193E-02  3.225294085466426E-02  3.228317210424676E-02
  3.215049403946805E-02  3.218027806181416E-02  3.221000088901038E-02
  3.207758476467634E-02  3.210687068322583E-02  3.213609701673955E-02
  3.200395908938423E-02  3.203275792636514E-02  3.206149851064129E-02
  3.192965269413450E-02  3.195797435811611E-02  3.198623884259662E-02
  3.185469687593435E-02  3.188255024724775E-02  3.191034727000190E-02
  3.177911886472145E-02  3.180651187605506E-02  3.183384914266980E-02
  3.170294210957399E-02  3.172988182263663E-02  3.175676618125134E-02
  3.162618653602085E-02  3.165267921514595E-02  3.167911672850383E-02
  3.154886877576710E-02  3.157491995928974E-02  3.160091597464044E-02
  3.147100237010122E-02  3.149661694026700E-02  3.152217615788792E-02
  3.139259794847651E-02  3.141778020053074E-02  3.144290674153212E-02
  3.131366338382898E-02  3.133841709478088E-02  3.136311456871354E-02
  3.123420392673170E-02  3.125853242407325E-02  3.128280399665663E-02
  3.115422232095273E-02  3.117812855130048E-02  3.120197701229649E-02
  3.107371890399288E-02  3.109720550117369E-02  3.112063333201289E-02
  3.099269169749750E-02  3.101576104896672E-02  3.103877048913433E-02
  3.091113649429045E-02  3.093379080394531E-02  3.095638391433305E-02
  3.082904695094995E-02  3.085128829542127E-02  3.087346701586860E-02
  3.074641469680010E-02  3.076824507130365E-02  3.079001126849409E-02
  3.066322947132790E-02  3.068465082033529E-02  3.070600632126228E-02
  3.057947930111968E-02  3.060049352871657E-02  3.062144013432795E-02
  3.049515072360444E-02  3.051575967864647E-02  3.053629915224719E-02
  3.041022905723923E-02  3.043043448938931E-02  3.045056851506302E-02
  3.032469870650761E-02  3.034450219083811E-02  3.036423229850980E-02
  3.023854347588465E-02  3.025794630564844E-02  3.027727376121762E-02
  3.015174685183311E-02  3.017074990076586E-02  3.018967556157142E-02
  3.006429219822129E-02  3.008289575479469E-02  3.010141989200480E-02
  2.997616280122079E-02  2.999436637715480E-02  3.001248846703013E-02
  2.988734169677421E-02  2.990514381064574E-02  2.992286229574740E-02
  2.979781121847601E-02  2.981520915267617E-02  2.983252117218808E-02
  2.970755221679084E-02  2.972454174325045E-02  2.974144282950777E-02
  2.961654292181965E-02  2.963311799039000E-02  2.964960172804426E-02
  2.952475745249115E-02  2.954090983775742E-02  2.955696748494922E-02
  2.943216401663596E-02  2.944788292654092E-02  2.946350300628495E-02
  2.933872290146276E-02  2.935399456610365E-02  2.936916245231979E-02
  2.924438442224385E-02  2.925919170347957E-02  2.927388924921425E-02
  2.914908706901692E-02  2.916340915851503E-02  2.917761444076356E-02
  2.905275616034848E-02  2.906656845303957E-02  2.908025572531857E-02
