  7.521579784072915E+00  7.511054667653142E+00  7.500519467651962E+00

 -2.913300241811476E-01 -2.948629257044383E-01 -2.981418654122262E-01
 -2.952251832536511E-01 -2.994887105347008E-01 -3.034650603407923E-01
 -2.971764617221140E-01 -3.019091923869698E-01 -3.063333489254287E-01
 -2.923082387954374E-01 -2.958335449811681E-01 -2.991047989911947E-01
 -2.962777741832007E-01 -3.005390685782436E-01 -3.045123486096389E-01
 -2.982729823519145E-01 -3.030084063653078E-01 -3.074338639739551E-01
 -2.927787624692575E-01 -2.963005593478360E-01 -2.995682833106005E-01
 -2.967843065367066E-01 -3.010447047599217E-01 -3.050167075113011E-01
 -2.988007943955733E-01 -3.035377284288650E-01 -3.079640473952496E-01
 -2.927787624692575E-01 -2.963005593478360E-01 -2.995682833106005E-01
 -2.967843065367066E-01 -3.010447047599217E-01 -3.050167075113011E-01
 -2.988007943955733E-01 -3.035377284288650E-01 -3.079640473952496E-01
 -2.923082387954374E-01 -2.958335449811681E-01 -2.991047989911947E-01
 -2.962777741832007E-01 -3.005390685782436E-01 -3.045123486096389E-01
 -2.982729823519145E-01 -3.030084063653078E-01 -3.074338639739551E-01
 -2.913300241811476E-01 -2.948629257044383E-01 -2.981418654122262E-01
 -2.952251832536511E-01 -2.994887105347008E-01 -3.034650603407923E-01
 -2.971764617221140E-01 -3.019091923869698E-01 -3.063333489254287E-01
 -2.897660591414899E-01 -2.933118599815364E-01 -2.966039685114710E-01
 -2.935436627649904E-01 -2.978117083792637E-01 -3.017940300195025E-01
 -2.954255899364233E-01 -3.001551758110307E-01 -3.045785235898115E-01
 -2.874901695176163E-01 -2.910561430832337E-01 -2.943690674616463E-01
 -2.910996877393838E-01 -2.953761102163535E-01 -2.993691486279716E-01
 -2.928826631532306E-01 -2.976099268567100E-01 -3.020345575697073E-01
 -2.843183192075761E-01 -2.879145347097529E-01 -2.912590360510686E-01
 -2.876994460713218E-01 -2.919903858481584E-01 -2.960015789166151E-01
 -2.893483959832480E-01 -2.940761024458144E-01 -2.985065254975841E-01
 -2.799988873029945E-01 -2.836388885279411E-01 -2.870296977197945E-01
 -2.830798350669159E-01 -2.873942874474417E-01 -2.914345171269003E-01
 -2.845533519796810E-01 -2.892868133901658E-01 -2.937307325822988E-01
 -2.742085029118753E-01 -2.779092573918919E-01 -2.813652604970051E-01
 -2.769063267214702E-01 -2.812559952235494E-01 -2.853396435014419E-01
 -2.781569259870551E-01 -2.829039938277937E-01 -2.873724669330339E-01
 -2.665631682366126E-01 -2.703432677221907E-01 -2.738859869955815E-01
 -2.687884169358963E-01 -2.731858190646627E-01 -2.773290599183430E-01
 -2.697651731987956E-01 -2.745345886301775E-01 -2.790404823395384E-01
 -2.566588507107077E-01 -2.605338365955241E-01 -2.641829959143058E-01
 -2.583275278457850E-01 -2.627812099432667E-01 -2.669972953356846E-01
 -2.589828702174639E-01 -2.637796826602604E-01 -2.683330299266742E-01
 -2.441570811237069E-01 -2.481313421430418E-01 -2.518967787208471E-01
 -2.452110453734226E-01 -2.497174114050783E-01 -2.540083338565726E-01
 -2.455119536934177E-01 -2.503292198416612E-01 -2.549286470015699E-01
 -2.289233273019323E-01 -2.329792177974996E-01 -2.368495847513979E-01
 -2.293538140957465E-01 -2.338868347217069E-01 -2.382325604283365E-01
 -2.292928677126843E-01 -2.341011869472991E-01 -2.387230159183036E-01
 -2.112155996905832E-01 -2.153007556357418E-01 -2.192298821337763E-01
 -2.110803006116873E-01 -2.155809014466936E-01 -2.199278322917114E-01
 -2.106811242466343E-01 -2.154187418349638E-01 -2.200062548453914E-01
 -1.919238187892597E-01 -1.959355825696510E-01 -1.998256410510237E-01
 -1.913530388220915E-01 -1.957159280098789E-01 -1.999625064296388E-01
 -1.906701186238263E-01 -1.952309984772232E-01 -1.996812644693694E-01
 -1.728720415765402E-01 -1.766396934503321E-01 -1.803223622825642E-01
 -1.720736092992454E-01 -1.761294996122718E-01 -1.801075967890618E-01
 -1.711924538143377E-01 -1.754086376418086E-01 -1.795541134618083E-01
 -1.571147566358439E-01 -1.603953446847519E-01 -1.636263460001159E-01
 -1.564014969356690E-01 -1.599104080355394E-01 -1.633777761291597E-01
 -1.554528083859535E-01 -1.590865711972254E-01 -1.626867166511023E-01
 -1.487063166383684E-01 -1.512338417582009E-01 -1.537394098007085E-01
 -1.485168813361739E-01 -1.512198994488157E-01 -1.539090690165646E-01
 -1.476976151048108E-01 -1.504949307297922E-01 -1.532867502260865E-01
 -1.509300514823222E-01 -1.525488838217302E-01 -1.541569391821528E-01
 -1.516756869878885E-01 -1.534461572506691E-01 -1.552122315763071E-01
 -1.511917486981264E-01 -1.530441849103563E-01 -1.548998269729567E-01
 -1.632676997973521E-01 -1.640695811215758E-01 -1.648518909646779E-01
 -1.649090309546957E-01 -1.659034056683071E-01 -1.668800152376421E-01
 -1.647652958959332E-01 -1.658701689479908E-01 -1.669619160943852E-01
 -1.801029515486635E-01 -1.804071002002920E-01 -1.806719315451161E-01
 -1.816674774567855E-01 -1.822775304678550E-01 -1.828445771209623E-01
 -1.813413620165211E-01 -1.821374703463661E-01 -1.828911618686086E-01
 -1.928235306664874E-01 -1.930459622199038E-01 -1.932124619573097E-01
 -1.920859577724175E-01 -1.927578125461133E-01 -1.933691395782759E-01
 -1.901764381646071E-01 -1.911279481982409E-01 -1.920187027189142E-01
 -1.936006270361986E-01 -1.941267181508738E-01 -1.945936141653723E-01
 -1.882299678232015E-01 -1.892624677371608E-01 -1.902406685023477E-01
 -1.833322330863441E-01 -1.846643999624908E-01 -1.859489624124344E-01
 -1.813255453190282E-01 -1.822412659377500E-01 -1.831167000621035E-01
 -1.725778669035096E-01 -1.738345631077549E-01 -1.750701792211521E-01
 -1.660388875013021E-01 -1.674504236504523E-01 -1.688567384119072E-01
 -1.652594858157750E-01 -1.662584131844215E-01 -1.672474852038006E-01
 -1.581666488210950E-01 -1.592698595924882E-01 -1.603829008085370E-01
 -1.535763543625305E-01 -1.546738124536808E-01 -1.557944304763256E-01
 -1.544649065582906E-01 -1.553390836038175E-01 -1.562177839953319E-01
 -1.512240709315251E-01 -1.521737673085866E-01 -1.531371808766908E-01
 -1.493432634455745E-01 -1.503020858227757E-01 -1.512796338143055E-01
 -1.481489882862937E-01 -1.489576006591220E-01 -1.497689505673525E-01
 -1.472410221892356E-01 -1.481966685626715E-01 -1.491590821780014E-01
 -1.465967674598913E-01 -1.476247629387496E-01 -1.486618771110651E-01
 -1.430328890849270E-01 -1.437974377025742E-01 -1.445581494027252E-01
 -1.434716452780492E-01 -1.444062273878223E-01 -1.453387101482026E-01
 -1.435180065803775E-01 -1.445435554168050E-01 -1.455683208660859E-01
 -1.380285357145262E-01 -1.386812787079614E-01 -1.393212476955343E-01
 -1.395324444177863E-01 -1.403367701078200E-01 -1.411274052733647E-01
 -1.401940651914881E-01 -1.410815489582046E-01 -1.419551339352049E-01
 -1.325860952218563E-01 -1.330417195209853E-01 -1.334744435746406E-01
 -1.348102329469621E-01 -1.353789849856759E-01 -1.359216521435276E-01
 -1.359067352579178E-01 -1.365385291928129E-01 -1.371426564118092E-01
 -1.260909327535873E-01 -1.262739350876040E-01 -1.264251775618318E-01
 -1.286433646920167E-01 -1.288941206735547E-01 -1.291088087885743E-01
 -1.299524988962230E-01 -1.302416605016090E-01 -1.304924560136651E-01
 -1.180830475771361E-01 -1.179449391805528E-01 -1.177696913664543E-01
 -1.206063635747321E-01 -1.204948501558801E-01 -1.203420886802508E-01
 -1.219221967909157E-01 -1.218264225732261E-01 -1.216871626295114E-01
 -1.083415402835118E-01 -1.078729198091147E-01 -1.073663786317521E-01
 -1.105754263679811E-01 -1.101035260101761E-01 -1.095907169602895E-01
 -1.117468746492644E-01 -1.112741512976555E-01 -1.107588779609417E-01
 -9.698865112283889E-02 -9.621868095463645E-02 -9.541427290672826E-02
 -9.880780058843051E-02 -9.801823013585481E-02 -9.719264781019460E-02
 -9.976153051769149E-02 -9.896199575925743E-02 -9.812557492236489E-02
 -8.445810510220840E-02 -8.344328626297076E-02 -8.240028893283584E-02
 -8.585675408133508E-02 -8.481777954655505E-02 -8.375025529204319E-02
 -8.658757121441868E-02 -8.553594762589470E-02 -8.445555099362026E-02
 -7.131774397817661E-02 -7.012567577942284E-02 -6.891257805663654E-02
 -7.236110001165254E-02 -7.114800501063749E-02 -6.991427690121355E-02
 -7.290314752704527E-02 -7.167892806248209E-02 -7.043426525754204E-02
 -5.810294738077268E-02 -5.679730536684779E-02 -5.547711099653736E-02
 -5.888229461816160E-02 -5.756215226466812E-02 -5.622819895265068E-02
 -5.928400485679813E-02 -5.795611540467261E-02 -5.661479022662644E-02
 -4.522564619679002E-02 -4.385702236289397E-02 -4.247879610929785E-02
 -4.582877241327393E-02 -4.445250808942411E-02 -4.306743270614227E-02
 -4.613685507418949E-02 -4.475641582060193E-02 -4.336756965002526E-02
 -3.294818071746457E-02 -3.155171607098993E-02 -3.014893743340548E-02
 -3.344435501112226E-02 -3.204587890587924E-02 -3.064177368770576E-02
 -3.369564132457750E-02 -3.229592863518516E-02 -3.089093825944996E-02
 -2.140260301082424E-02 -2.000044832980724E-02 -1.859397675810692E-02
 -2.183912389298636E-02 -2.043887640936836E-02 -1.903483037602928E-02
 -2.205872759643931E-02 -2.065929963175306E-02 -1.925634104062801E-02
 -1.063269403986009E-02 -9.238612679240810E-03 -7.841513021704728E-03
 -1.103804280559701E-02 -9.648158993301853E-03 -8.255597102595290E-03
 -1.124111652417839E-02 -9.853270229333208E-03 -8.462924226625321E-03
 -6.370473246984937E-04  7.389369899393533E-04  2.116752314427222E-03
 -1.025943681906721E-03  3.449034651135517E-04  1.717412720545199E-03
 -1.220401502428243E-03  1.478852967808088E-04  1.517742433873156E-03
  8.598704295129834E-03  9.946776008054185E-03  1.129515389548079E-02
  8.220792879116244E-03  9.563841696625721E-03  1.090718518732754E-02
  8.031892997057076E-03  9.372402707650853E-03  1.071319545442185E-02
  1.708305110536521E-02  1.839154534207673E-02  1.969822149073532E-02
  1.671654854893531E-02  1.802092041347098E-02  1.932360042157893E-02
  1.653324696334047E-02  1.783550894625575E-02  1.913613796985443E-02
  2.481094894837823E-02  2.606562919064315E-02  2.731568657728934E-02
  2.445978502023850E-02  2.571178899457971E-02  2.695940839197468E-02
  2.428397631810204E-02  2.553458424008690E-02  2.678092403937374E-02
  3.176372903221954E-02  3.294804852476623E-02  3.412432451002603E-02
  3.143362748653861E-02  3.261704407879946E-02  3.379273771546656E-02
  3.126816521989957E-02  3.245107122495646E-02  3.362641300629200E-02
  3.791315417337003E-02  3.900911145094016E-02  4.009315166548969E-02
  3.761039903252354E-02  3.870736484182231E-02  3.979278656296397E-02
  3.745844747430111E-02  3.855586147771036E-02  3.964191704363278E-02
  4.322698457339369E-02  4.421622530906148E-02  4.518943394368301E-02
  4.295758185623929E-02  4.394973275184837E-02  4.492625111363483E-02
  4.282217478715422E-02  4.381572933341934E-02  4.479385071884789E-02
  4.767427338236640E-02  4.853916250345622E-02  4.938387677293329E-02
  4.744346536506865E-02  4.831305708876245E-02  4.916288049059745E-02
  4.732725175218169E-02  4.819914836002635E-02  4.905147988942584E-02
  5.122935350279601E-02  5.195382463327967E-02  5.265412969557121E-02
  5.104142254079836E-02  5.177222413888142E-02  5.247925905989033E-02
  5.094656650367850E-02  5.168049250289105E-02  5.239085206816194E-02
  5.387408154202124E-02  5.444415946918606E-02  5.498635339643562E-02
  5.373234134131444E-02  5.431018523963273E-02  5.486052564179451E-02
  5.366052217639793E-02  5.424221546780108E-02  5.479659691450277E-02
  5.559839025880112E-02  5.600237130798212E-02  5.637508200037161E-02
  5.550523663727974E-02  5.591820342199781E-02  5.630024774433710E-02
  5.545768098773345E-02  5.587511718854830E-02  5.626180736446879E-02
  5.639957168823687E-02  5.662792825501790E-02  5.682196608579748E-02
  5.635646935950486E-02  5.659477462717896E-02  5.679905710624204E-02
  5.633395020222843E-02  5.657722014531325E-02  5.678661891879981E-02
  5.628095273503193E-02  5.632609062732829E-02  5.633418034076465E-02
  5.628827412799691E-02  5.634399537292994E-02  5.636288625921831E-02
  5.629103198259987E-02  5.635205240907994E-02  5.637635600020533E-02
  5.525070645619949E-02  5.510673603583974E-02  5.492329783881383E-02
  5.530740734066206E-02  5.517422722173430E-02  5.500168827649329E-02
  5.533498481170893E-02  5.520722657528705E-02  5.504016912328485E-02
  5.332144943285889E-02  5.298412637117502E-02  5.260526247259140E-02
  5.342464814649187E-02  5.309778703476638E-02  5.272935566408649E-02
  5.347567139417393E-02  5.315408694383788E-02  5.279092254214271E-02
  5.051102765672234E-02  4.997797639442648E-02  4.940176698248305E-02
  5.065562514148823E-02  5.013208913041767E-02  4.956520697262522E-02
  5.072760251796831E-02  5.020888567629807E-02  4.964673288039941E-02
  4.684455908408970E-02  4.611582181985380E-02  4.534295610992568E-02
  4.702306813668903E-02  4.630225886092067E-02  4.553697163095831E-02
  4.711229295510266E-02  4.639551929294085E-02  4.563409565620827E-02
  4.235748784761693E-02  4.143636301261286E-02  4.047104812578881E-02
  4.256021305102350E-02  4.164485420503733E-02  4.068481375591687E-02
  4.266184443721079E-02  4.174944262849040E-02  4.079211431092239E-02
  3.709921377143151E-02  3.599328120554145E-02  3.484430624985832E-02
  3.731484046551439E-02  3.621209825565380E-02  3.506572217018840E-02
  3.742319413460190E-02  3.632211534790965E-02  3.517710585277508E-02
  3.113682287199177E-02  2.985900985026324E-02  2.854080499822048E-02
  3.135336131586496E-02  3.007598858894970E-02  2.875759216690786E-02
  3.146238447751402E-02  3.018528698824700E-02  2.886684704393547E-02
  2.455848921820728E-02  2.312800800069859E-02  2.166152154481288E-02
  2.476442069384561E-02  2.333173519048273E-02  2.186243984368544E-02
  2.486827361724375E-02  2.343452258376329E-02  2.196385531002581E-02
  1.747611339847022E-02  1.591908359335091E-02  1.433228829394661E-02
  1.766153406869882E-02  1.610003455692304E-02  1.450825683180977E-02
  1.775517381860194E-02  1.619145494501614E-02  1.459719674211982E-02
  1.002661957776170E-02  8.376171530834363E-03  6.704000127321209E-03
  1.018418692520824E-02  8.527606101469689E-03  6.848932466837618E-03
  1.026385279481827E-02  8.604200054910921E-03  6.922264979557584E-03
  2.371107386631900E-03  6.667626453992223E-04 -1.049719071648093E-03
  2.496648008768096E-03  7.852498837398016E-04 -9.384807510232244E-04
  2.560175742799038E-03  8.452268530764749E-04 -8.821566031712693E-04
 -5.309043556694389E-03 -7.022866202104034E-03 -8.738174530861053E-03
 -5.216335208953318E-03 -6.937349385924522E-03 -8.659864707631838E-03
 -5.169406755608210E-03 -6.894055076934085E-03 -8.620215633142463E-03
 -1.281974037850530E-02 -1.449611095686526E-02 -1.616292535716486E-02
 -1.275751803797569E-02 -1.444049745425026E-02 -1.611377430375851E-02
 -1.272605079450166E-02 -1.441238198603141E-02 -1.608893957441124E-02
 -1.996528778508448E-02 -2.155785815634700E-02 -2.313023698275491E-02
 -1.992863872464119E-02 -2.152666499193899E-02 -2.310423019965646E-02
 -1.991018676654462E-02 -2.151099156969339E-02 -2.309120140482012E-02
 -2.656189089907018E-02 -2.802830294451768E-02 -2.946510555904107E-02
 -2.654420231754048E-02 -2.801456133338690E-02 -2.945497037621817E-02
 -2.653544620763783E-02 -2.800782701489050E-02 -2.945008717591401E-02
 -3.245153410301797E-02 -3.375662785277717E-02 -3.502461585245947E-02
 -3.244551286044910E-02 -3.375293108105925E-02 -3.502288812555292E-02
 -3.244277294026227E-02 -3.375139475324506E-02 -3.502237623409593E-02
 -3.751392157207877E-02 -3.863224107911435E-02 -3.970837366060623E-02
 -3.751260996909715E-02 -3.863174789876931E-02 -3.970837900602249E-02
 -3.751235970844066E-02 -3.863193794377965E-02 -3.970884725141195E-02
 -4.167453945250878E-02 -4.259177205079386E-02 -4.346437053236958E-02
 -4.167216561642283E-02 -4.258900734843987E-02 -4.346096720903755E-02
 -4.167146372577011E-02 -4.258812920723137E-02 -4.345978645553650E-02
 -4.490772620050718E-02 -4.562091487402371E-02 -4.628958492508255E-02
 -4.490026078436823E-02 -4.561225128158208E-02 -4.627956582189563E-02
 -4.489703695718436E-02 -4.560843569041821E-02 -4.627507736530915E-02
 -4.723457704751399E-02 -4.775115440461875E-02 -4.822556140507889E-02
 -4.721993419253555E-02 -4.773493050268015E-02 -4.820768930517969E-02
 -4.721309627221704E-02 -4.772729904090187E-02 -4.819922864949944E-02
 -4.871632256888286E-02 -4.905219024757545E-02 -4.934994908266064E-02
 -4.869422240968466E-02 -4.902850072157641E-02 -4.932467819083561E-02
 -4.868359259192866E-02 -4.901706538764528E-02 -4.931243981663671E-02
 -4.944442258667466E-02 -4.962142336213669E-02 -4.976547290756170E-02
 -4.941599995247203E-02 -4.959167904243457E-02 -4.973446637475580E-02
 -4.940212174528139E-02 -4.957712433133460E-02 -4.971926399319665E-02
 -4.952898266432372E-02 -4.957217144098340E-02 -4.958804499511386E-02
 -4.949626396309247E-02 -4.953855669831501E-02 -4.955361948666205E-02
 -4.948014081620320E-02 -4.952196795452958E-02 -4.953660746011905E-02
 -4.908719889649616E-02 -4.902230367612369E-02 -4.893567301092167E-02
 -4.905257113845859E-02 -4.898725268413857E-02 -4.890028768056587E-02
 -4.903539910011947E-02 -4.896985196330181E-02 -4.888270285834943E-02
 -4.823333801975774E-02 -4.808471550801146E-02 -4.791948505353013E-02
 -4.819910687392597E-02 -4.805049608925675E-02 -4.788535442605214E-02
 -4.818205040975477E-02 -4.803343063103055E-02 -4.786831893654386E-02
 -4.707129435022618E-02 -4.686054884273824E-02 -4.663763353707383E-02
 -4.703938520769266E-02 -4.682899734989179E-02 -4.660649703169820E-02
 -4.702342397675383E-02 -4.681320320565385E-02 -4.659089921289300E-02
 -4.569014720960442E-02 -4.543543221809238E-02 -4.517220566569417E-02
 -4.566195903756869E-02 -4.540783969538288E-02 -4.514524497765740E-02
 -4.564781126303873E-02 -4.539398134621891E-02 -4.513169472703197E-02
 -4.416253585264894E-02 -4.387843340748480E-02 -4.358871828495452E-02
 -4.413892373698433E-02 -4.385555264189700E-02 -4.356658683570907E-02
 -4.412703465903061E-02 -4.384402389164380E-02 -4.355542790203027E-02
 -4.254522079905598E-02 -4.224301930970085E-02 -4.193743130350263E-02
 -4.252656535862979E-02 -4.222514864302455E-02 -4.192035020631093E-02
 -4.251714012004372E-02 -4.221611291597462E-02 -4.191170677720810E-02
 -4.088099074641413E-02 -4.056916586326536E-02 -4.025561857492227E-02
 -4.086731071089725E-02 -4.055626703529409E-02 -4.024349797481219E-02
 -4.086036981246979E-02 -4.054971565286832E-02 -4.023733488134586E-02
 -3.920110047153771E-02 -3.888583443477054E-02 -3.857005224789259E-02
 -3.919217371313529E-02 -3.887765253669540E-02 -3.856260913949007E-02
 -3.918761348686951E-02 -3.887346478679130E-02 -3.855879098060656E-02
 -3.752762084029043E-02 -3.721325369252689E-02 -3.689920060235937E-02
 -3.752309243968723E-02 -3.720942089270065E-02 -3.689605780044054E-02
 -3.752073955202199E-02 -3.720741643951875E-02 -3.689439904053125E-02
 -3.587535138071163E-02 -3.556471947514106E-02 -3.525491221206167E-02
 -3.587481943050552E-02 -3.556483559675604E-02 -3.525567371063082E-02
 -3.587447450086865E-02 -3.556481551485324E-02 -3.525597712457558E-02
 -3.425319823431979E-02 -3.394786393845452E-02 -3.364358144295908E-02
 -3.425627626050921E-02 -3.395155412442755E-02 -3.364788552883051E-02
 -3.425774583350552E-02 -3.395333048894862E-02 -3.364996950826508E-02
 -3.266509448268285E-02 -3.236549686257362E-02 -3.206691852352075E-02
 -3.267145343960325E-02 -3.237244980726301E-02 -3.207447250003452E-02
 -3.267457166371233E-02 -3.237586547031242E-02 -3.207818905302633E-02
 -3.111061367412857E-02 -3.081617339849815E-02 -3.052247752873711E-02
 -3.112000777366341E-02 -3.082616447190709E-02 -3.053307837184557E-02
 -3.112464985743313E-02 -3.083110513933203E-02 -3.053832393840433E-02
 -2.958541434913342E-02 -2.929461428742780E-02 -2.900405453423153E-02
 -2.959769499946690E-02 -2.930751770514065E-02 -2.901759947888850E-02
 -2.960378456957753E-02 -2.931391838445738E-02 -2.902432056241811E-02
 -2.808159137995997E-02 -2.779203848157904E-02 -2.750200084078402E-02
 -2.809671298100055E-02 -2.780783201216681E-02 -2.751849108538541E-02
 -2.810422523505054E-02 -2.781567960249813E-02 -2.752668632448819E-02
 -2.658794778531399E-02 -2.629641366415460E-02 -2.600345211618363E-02
 -2.660596792291577E-02 -2.631517791230194E-02 -2.602299109468296E-02
 -2.661492989148525E-02 -2.632451100382201E-02 -2.603271055324001E-02
 -2.509018550898061E-02 -2.479263237979902E-02 -2.449249557553794E-02
 -2.511125963960764E-02 -2.481454386678902E-02 -2.451528005772216E-02
 -2.512174766386449E-02 -2.482544942368895E-02 -2.452662092861181E-02
 -2.357107862444365E-02 -2.326270796724689E-02 -2.295040502317967E-02
 -2.359544541881254E-02 -2.328802102676529E-02 -2.297670289043382E-02
 -2.360757799102097E-02 -2.330062552364582E-02 -2.298979859357169E-02
 -2.201084147866570E-02 -2.168624940017050E-02 -2.135625101925493E-02
 -2.203879048031838E-02 -2.171525755553374E-02 -2.138635554006466E-02
 -2.205271231559666E-02 -2.172970793067312E-02 -2.140135314507412E-02
 -2.038809430831620E-02 -2.004166076400299E-02 -1.968836973727544E-02
 -2.041990483218671E-02 -2.007462646984652E-02 -1.972251955920697E-02
 -2.043575661979133E-02 -2.009105530458113E-02 -1.973954008918313E-02
 -1.868195871932554E-02 -1.830860488810679E-02 -1.792722247322731E-02
 -1.871780136971514E-02 -1.834565078452253E-02 -1.796548280195902E-02
 -1.873567080053447E-02 -1.836412216886626E-02 -1.798456201942649E-02
 -1.687574006911659E-02 -1.647212216566919E-02 -1.605994820493497E-02
 -1.691554277016867E-02 -1.651308972194847E-02 -1.610206355734762E-02
 -1.693539762152544E-02 -1.653352856627690E-02 -1.612307823763218E-02
 -1.496223976515961E-02 -1.452828666733053E-02 -1.408630726855610E-02
 -1.500553874367657E-02 -1.457258819159918E-02 -1.413155747417968E-02
 -1.502715205609566E-02 -1.459470579435117E-02 -1.415415283884249E-02
 -1.294995889364862E-02 -1.249042382693255E-02 -1.202479286247428E-02
 -1.299577665693279E-02 -1.253693493663033E-02 -1.207190393023663E-02
 -1.301866491451296E-02 -1.256017428050783E-02 -1.209544801597261E-02
 -1.086847423308309E-02 -1.039393350508711E-02 -9.916733781655491E-03
 -1.091528125590773E-02 -1.044098433133872E-02 -9.963902135137698E-03
 -1.093868399647496E-02 -1.046451437095455E-02 -9.987496536905614E-03
 -8.770485114786614E-03 -8.297105397834091E-03 -7.825715947215102E-03
 -8.816297803113389E-03 -8.342618402820185E-03 -7.870787384856085E-03
 -8.839225243558914E-03 -8.365401643638148E-03 -7.893355467047882E-03
 -6.727979438848794E-03 -6.275523543235942E-03 -5.830148398775530E-03
 -6.770616026636999E-03 -6.317307832443947E-03 -5.870948251069306E-03
 -6.791976017248649E-03 -6.338246657985217E-03 -5.891399597745661E-03
 -4.821106671318798E-03 -4.409131454908233E-03 -4.008612604392335E-03
 -4.858567120964075E-03 -4.445283141205634E-03 -4.043359582612900E-03
 -4.877354973894532E-03 -4.463420153527703E-03 -4.060797381561549E-03
 -3.120779455792646E-03 -2.763748098699947E-03 -2.420601963132890E-03
 -3.151650217363351E-03 -2.793041879783820E-03 -2.448276378926291E-03
 -3.167152146010329E-03 -2.807757061189850E-03 -2.462183210946220E-03
 -1.669291804808013E-03 -1.372167764033071E-03 -1.088603350038871E-03
 -1.693026680127411E-03 -1.394283288577608E-03 -1.109108647213880E-03
 -1.704962387475873E-03 -1.405409568575287E-03 -1.119429824848353E-03
 -4.662835016186944E-04 -2.227577545642112E-04  1.010275463444278E-05
 -4.832048765661571E-04 -2.381914667519336E-04 -3.876085816953923E-06
 -4.917308790812376E-04 -2.459733827142873E-04 -1.093040368360710E-05
  5.312275703854551E-04  7.357692182047413E-04  9.334956334136545E-04
  5.203097786362668E-04  7.261869194865200E-04  9.252446041265280E-04
  5.147883058616030E-04  7.213324926168255E-04  9.210546222661132E-04
  1.387598630511324E-03  1.567185575946001E-03  1.741655430898106E-03
  1.382142080917986E-03  1.563125194893796E-03  1.739081213817633E-03
  1.379347770357168E-03  1.561025825297897E-03  1.737720963512912E-03
  2.144090653806236E-03  2.297952623020250E-03  2.442116683900201E-03
  2.144799335923102E-03  2.300585737447199E-03  2.446918345369546E-03
  2.145072851951459E-03  2.301814901966448E-03  2.449224264979177E-03
  2.757189401007479E-03  2.853064681946839E-03  2.924277298105241E-03
  2.766938340017499E-03  2.865926845879483E-03  2.940682437753199E-03
  2.771703573060605E-03  2.872238674369134E-03  2.948754941754777E-03
  3.034560606722278E-03  2.994399262709349E-03  2.901579305050382E-03
  3.058927366872123E-03  3.023774351597297E-03  2.936561847413378E-03
  3.070961398698974E-03  3.038300223352645E-03  2.953878780307796E-03
  2.590081970006679E-03  2.284033520160880E-03  1.884593273926471E-03
  2.637184064146079E-03  2.338583046470638E-03  1.947284705656030E-03
  2.660540341319029E-03  2.365650613622402E-03  1.978411146094585E-03
  8.409386637870516E-04  9.498625200928707E-05 -7.934782619133143E-04
  9.204116877436632E-04  1.845028110327655E-04 -6.932575568569579E-04
  9.599126247925543E-04  2.290158940471896E-04 -6.434008661774017E-04
 -2.935133290210481E-03 -4.314657348785474E-03 -5.885406517776645E-03
 -2.813990709802734E-03 -4.181296696749548E-03 -5.739371132328309E-03
 -2.753679436788799E-03 -4.114880068898910E-03 -5.666618845762705E-03
 -9.475062662939692E-03 -1.166016118235487E-02 -1.407211218321735E-02
 -9.305765958651612E-03 -1.147758977658989E-02 -1.387620161055979E-02
 -9.221373969383561E-03 -1.138655522526077E-02 -1.377848955455675E-02
 -1.934507534783757E-02 -2.243198156790818E-02 -2.575332982978582E-02
 -1.912670843217544E-02 -2.220111493242334E-02 -2.551046907111599E-02
 -1.901773929471626E-02 -2.208587936214014E-02 -2.538921656907074E-02
 -3.271754613817709E-02 -3.666799502132808E-02 -4.081791641618945E-02
 -3.245736484031125E-02 -3.639853080360846E-02 -4.054037740406333E-02
 -3.232740028999020E-02 -3.626389516400824E-02 -4.040167110624128E-02
 -4.914905348790339E-02 -5.373928338454158E-02 -5.844113699370172E-02
 -4.886443118857772E-02 -5.345139561904548E-02 -5.815193742729886E-02
 -4.872210779181998E-02 -5.330739639414434E-02 -5.800723568694353E-02
 -6.741421930815958E-02 -7.220776019766532E-02 -7.697059342389802E-02
 -6.713331641364510E-02 -7.193233632542136E-02 -7.670324996752156E-02
 -6.699266662435964E-02 -7.179437124134294E-02 -7.656926760489884E-02
 -8.546151056620305E-02 -8.982338141256861E-02 -9.396913438717637E-02
 -8.522194701426739E-02 -8.960007120920345E-02 -9.376504328812538E-02
 -8.510174548260811E-02 -8.948793482607612E-02 -9.366245407574052E-02
 -1.005562602333967E-01 -1.037226742673689E-01 -1.064711394172937E-01
 -1.004011368922046E-01 -1.035951642854344E-01 -1.063740945011614E-01
 -1.003229248311340E-01 -1.035306995353813E-01 -1.063248048905976E-01
 -1.096504683083404E-01 -1.108565845111878E-01 -1.114663510681573E-01
 -1.096215351388300E-01 -1.108650876149064E-01 -1.115144137060158E-01
 -1.096062186336389E-01 -1.108684441518982E-01 -1.115375102969878E-01
 -1.099601257607576E-01 -1.086086212924191E-01 -1.065509355385358E-01
 -1.100888342753312E-01 -1.087806201140260E-01 -1.067670122770481E-01
 -1.101522190939899E-01 -1.088656320728161E-01 -1.068740536131139E-01
 -9.964598864302998E-02 -9.547654388114798E-02 -9.059707531942499E-02
 -9.994438982534191E-02 -9.581805034717779E-02 -9.098074026817328E-02
 -1.000926260394445E-01 -9.598785759628926E-02 -9.117165509692830E-02
 -7.841279265067384E-02 -7.161771760311922E-02 -6.423026312539171E-02
 -7.886718437611098E-02 -7.210807174128449E-02 -6.475389370230965E-02
 -7.909356861490605E-02 -7.235249349906935E-02 -6.501501899491008E-02
 -4.781082743335229E-02 -3.904674417284516E-02 -2.991375448143815E-02
 -4.838100607310385E-02 -3.963958847566525E-02 -3.052530329497832E-02
 -4.866557173864682E-02 -3.993557259231539E-02 -3.083073078770200E-02
 -1.108085883106276E-02 -1.355462998217763E-03  8.455110121740661E-03
 -1.170638451687010E-02 -1.986743230531397E-03  7.822478013718099E-03
 -1.201899588471980E-02 -2.302329482550508E-03  7.506117834258934E-03
  2.747152497994535E-02  3.701340610254224E-02  4.635896369876993E-02
  2.685914551818955E-02  3.641219572480977E-02  4.577281857808457E-02
  2.655272797111122E-02  3.611127396215316E-02  4.547934537894309E-02
  6.340646664530021E-02  7.173232744807945E-02  7.964186210584472E-02
  6.286923985994862E-02  7.121968364156400E-02  7.915643686719030E-02
  6.260009110363661E-02  7.096276395967216E-02  7.891307209952815E-02
  9.309235764056960E-02  9.948667072712340E-02  1.053436154723288E-01
  9.267357344759761E-02  9.910005431859815E-02  1.049902059538371E-01
  9.246346494559539E-02  9.890600228514290E-02  1.048127387140192E-01
  1.143624642403629E-01  1.185260184784018E-01  1.221366904520444E-01
  1.140805104321673E-01  1.182774818187389E-01  1.219211433082716E-01
  1.139387775783373E-01  1.181524632212983E-01  1.218126322112050E-01
  1.267111053309202E-01  1.287388807762097E-01  1.302827476909424E-01
  1.265605376427598E-01  1.286178270553460E-01  1.301897811545280E-01
  1.264845757801769E-01  1.285566509715661E-01  1.301426814058159E-01
  1.310412004878993E-01  1.313082658936832E-01  1.312085513379605E-01
  1.309995024990960E-01  1.312891968262760E-01  1.312102718436602E-01
  1.309781226413089E-01  1.312791700812459E-01  1.312106792609235E-01
  1.291297438809278E-01  1.281401541966026E-01  1.269119513465698E-01
  1.291665255168168E-01  1.281919748865394E-01  1.269770626386098E-01
  1.291845495186645E-01  1.282175551834768E-01  1.270093233637226E-01
  1.230355499970005E-01  1.212873404790082E-01  1.194124045603572E-01
  1.231208990016332E-01  1.213811419984749E-01  1.195133074916035E-01
  1.231633475245614E-01  1.214278443376735E-01  1.195635853375365E-01
  1.146311355448547E-01  1.125292954858972E-01  1.103828310329089E-01
  1.147410565691490E-01  1.126429440537441E-01  1.104993492477025E-01
  1.147958883047586E-01  1.126996555619382E-01  1.105575088221402E-01
  1.053440015455760E-01  1.031675753898700E-01  1.009975028992760E-01
  1.054624655313730E-01  1.032869904267874E-01  1.011174444115240E-01
  1.055216204124169E-01  1.033466267595299E-01  1.011773478575167E-01
  9.609864769008279E-02  9.400958442865781E-02  9.195296530410596E-02
  9.621697139751728E-02  9.412762434742779E-02  9.207059300766793E-02
  9.627607262625469E-02  9.418658303021994E-02  9.212934384912067E-02
  8.739458262299904E-02  8.546874038315659E-02  8.358548989564973E-02
  8.750936118026403E-02  8.558294945214272E-02  8.369915060385485E-02
  8.756668641784221E-02  8.563998657138450E-02  8.375590998033261E-02
  7.944275366965008E-02  7.770537762117354E-02  7.601290538633695E-02
  7.955348305172251E-02  7.781565445831067E-02  7.612278613879758E-02
  7.960877480559514E-02  7.787071697531951E-02  7.617764809983064E-02
  7.229924530872006E-02  7.075361003823852E-02  6.925284818721367E-02
  7.240638135521325E-02  7.086043394898267E-02  6.935938546226424E-02
  7.245987241383976E-02  7.091376832697455E-02  6.941257669458575E-02
  6.596236040961355E-02  6.460705428027121E-02  6.329682413307858E-02
  6.606612823772967E-02  6.471048838325157E-02  6.339989756994943E-02
  6.611794135587273E-02  6.476213711505381E-02  6.345136929195776E-02
  6.042390672943887E-02  5.925923842301482E-02  5.814033967111759E-02
  6.052384809912388E-02  5.935863733237953E-02  5.823912721813514E-02
  6.057376520359976E-02  5.940828854416472E-02  5.828847879505842E-02
  5.568174102823228E-02  5.470844342286747E-02  5.378101330157137E-02
  5.577680701070425E-02  5.480264681822666E-02  5.387427005304594E-02
  5.582431232098777E-02  5.484972817818850E-02  5.392088588742588E-02
  5.172805930553814E-02  5.094226845647428E-02  5.020039044910112E-02
  5.181699682968692E-02  5.103002672869118E-02  5.028689923955006E-02
  5.186146836487532E-02  5.107391684603380E-02  5.033017298259293E-02
  4.852886470306528E-02  4.791694266355635E-02  4.734386352568534E-02
  4.861066423330821E-02  4.799735291521714E-02  4.742284882987548E-02
  4.865159721691757E-02  4.803759920398287E-02  4.746239047950172E-02
  4.600715543444193E-02  4.554287912718469E-02  4.510904622143305E-02
  4.608138627664760E-02  4.561567557264574E-02  4.518041401281139E-02
  4.611856141255716E-02  4.565214029672472E-02  4.521617088945645E-02
  4.403766605740012E-02  4.368300237984938E-02  4.334780347560260E-02
  4.410460247949489E-02  4.374862434305556E-02  4.341215051783268E-02
  4.413815031790559E-02  4.378152004433513E-02  4.344441343745128E-02
  4.245577641649884E-02  4.216516558069061E-02  4.188198546867945E-02
  4.251629748769822E-02  4.222460529857774E-02  4.194039896430238E-02
  4.254664990270356E-02  4.225442027281758E-02  4.196970362735190E-02
  4.107841807442703E-02  4.080541512534480E-02  4.052863840351598E-02
  4.113373408574285E-02  4.085991330758487E-02  4.058236747846002E-02
  4.116148888215183E-02  4.088726070428939E-02  4.060933143670629E-02
  3.973128838740560E-02  3.943577086266142E-02  3.912785212469032E-02
  3.978259339062119E-02  3.948646697943277E-02  3.917796323793701E-02
  3.980834150920815E-02  3.951191075220405E-02  3.920311426984774E-02
  3.827510473921747E-02  3.792917464888852E-02  3.756596793912815E-02
  3.832326741910788E-02  3.797682212142812E-02  3.761308994033501E-02
  3.834743874023602E-02  3.800073486137911E-02  3.763673869490292E-02
  3.662427180578547E-02  3.621545060051722E-02  3.578858294013629E-02
  3.666965362271303E-02  3.626027547042091E-02  3.583280833367396E-02
  3.669242593196310E-02  3.628276754963467E-02  3.585499869976307E-02
  3.475385430852040E-02  3.428500967256462E-02  3.380097888052418E-02
  3.479629454021565E-02  3.432673781268740E-02  3.384193149034351E-02
  3.481758569722584E-02  3.434767061337828E-02  3.386247404240393E-02
  3.269422757626855E-02  3.218058655850683E-02  3.165715304142314E-02
  3.273317853068817E-02  3.221860940507545E-02  3.169417983384897E-02
  3.275271371810307E-02  3.223767785197473E-02  3.171274744049085E-02
  3.051603982218451E-02  2.998033901614363E-02  2.944138733883576E-02
  3.055079234700657E-02  3.001395042322356E-02  2.947380135814768E-02
  3.056821661243751E-02  3.003080123777561E-02  2.949005051481430E-02
  2.831017788377499E-02  2.777729403945491E-02  2.724751884776394E-02
  2.834010042293420E-02  2.780592146902438E-02  2.727481828868847E-02
  2.835509815567956E-02  2.782026873686372E-02  2.728849864263369E-02
  2.616784057308242E-02  2.566011615774354E-02  2.516066319811378E-02
  2.619256567898199E-02  2.568348616796403E-02  2.518267375466412E-02
  2.620495388912517E-02  2.569519409919330E-02  2.519369928057838E-02
  2.416477849402129E-02  2.369883292310454E-02  2.324455366517452E-02
  2.418429963531482E-02  2.371704253788587E-02  2.326147461424690E-02
  2.419407634032059E-02  2.372616110272168E-02  2.326994657147475E-02
  2.235188827088672E-02  2.193718187816438E-02  2.153563904524745E-02
  2.236656293267699E-02  2.195067965141690E-02  2.154800403141743E-02
  2.237390857941133E-02  2.195743494718745E-02  2.155419115668523E-02
  2.075240234884154E-02  2.039137345541765E-02  2.004332637157655E-02
  2.076288266326330E-02  2.040087602989073E-02  2.005190826074779E-02
  2.076812521158295E-02  2.040562830709224E-02  2.005619892682954E-02
  1.936446290932736E-02  1.905378918091459E-02  1.875466946229582E-02
  1.937158649159504E-02  1.906016686765116E-02  1.876036278283405E-02
  1.937514656733708E-02  1.906335305885263E-02  1.876320597006280E-02
  1.816715040210280E-02  1.789960617592259E-02  1.764145785582832E-02
  1.817182263881940E-02  1.790376698425728E-02  1.764516598494682E-02
  1.817415446752131E-02  1.790584253552229E-02  1.764701472243486E-02
  1.712798498562990E-02  1.689442574221448E-02  1.666786860499479E-02
  1.713107499871329E-02  1.689721723653210E-02  1.667041219041792E-02
  1.713261429111206E-02  1.689860697556238E-02  1.667167774329114E-02
  1.621028792969556E-02  1.600141966977941E-02  1.579732882642084E-02
  1.621254983906784E-02  1.600355775386680E-02  1.579938223522349E-02
  1.621367444620614E-02  1.600462033640599E-02  1.580040241042523E-02
  1.537931414856923E-02  1.518704070607954E-02  1.499776753887032E-02
  1.538133710866040E-02  1.518906722908366E-02  1.499982390583271E-02
  1.538234214299622E-02  1.519007405936113E-02  1.500084570347753E-02
  1.460656467459808E-02  1.442482032007490E-02  1.424488766984485E-02
  1.460875060308728E-02  1.442708769898129E-02  1.424725018373830E-02
  1.460983742208561E-02  1.442821535757521E-02  1.424842555006501E-02
  1.387208718992656E-02  1.369715039681917E-02  1.352343780540050E-02
  1.387465313841496E-02  1.369982990865523E-02  1.352623363495605E-02
  1.387593061194383E-02  1.370116436660756E-02  1.352762647731974E-02
  1.316487707808332E-02  1.299523000296414E-02  1.282672946320092E-02
  1.316787815170480E-02  1.299833939228894E-02  1.282994168233973E-02
  1.316937414244037E-02  1.299988981915928E-02  1.283154382030489E-02
  1.248172462962761E-02  1.231757567518767E-02  1.215484695358967E-02
  1.248509215760911E-02  1.232102041747654E-02  1.215835842630653E-02
  1.248677257410021E-02  1.232273977011401E-02  1.216011148258054E-02
  1.182502224758297E-02  1.166764308422007E-02  1.151212571483925E-02
  1.182861047861054E-02  1.167126423413755E-02  1.151576755871135E-02
  1.183040256857464E-02  1.167307312505532E-02  1.151758713629435E-02
  1.120013151240907E-02  1.105116834419445E-02  1.090450809072509E-02
  1.120376512840150E-02  1.105478915362426E-02  1.090810488453959E-02
  1.120558119441080E-02  1.105659912593765E-02  1.090990314533657E-02
  1.061289175260038E-02  1.047378946196134E-02  1.033730816727887E-02
  1.061640672795892E-02  1.047725357596593E-02  1.034071310054030E-02
  1.061816455377903E-02  1.047898620942453E-02  1.034241635999416E-02
  1.006772628718609E-02  9.939357189981598E-03  9.813742649363234E-03
  1.007099838797740E-02  9.942553378528594E-03  9.816858317239829E-03
  1.007263552873621E-02  9.944152706398741E-03  9.818417502423583E-03
  9.566597629619537E-03  9.449125820490657E-03  9.334356220466281E-03
  9.569555832382708E-03  9.451997407692142E-03  9.337140132143330E-03
  9.571036396222305E-03  9.453434709110265E-03  9.338533617562482E-03
  9.108831534245165E-03  9.001785219762104E-03  8.897247024606267E-03
  9.111457051718249E-03  9.004325755502588E-03  8.899704186883139E-03
  9.112771293493039E-03  9.005597471025846E-03  8.900934163186646E-03
  8.691631163488801E-03  8.594113378317685E-03  8.498835499360988E-03
  8.693945666214320E-03  8.596352749174507E-03  8.501002791261999E-03
  8.695104163471063E-03  8.597473594667428E-03  8.502087503058184E-03
  8.310982156189682E-03  8.221933020708224E-03  8.134849790358011E-03
  8.313030457200823E-03  8.223919492496984E-03  8.136777739353099E-03
  8.314055485304303E-03  8.224913503539922E-03  8.137742386510757E-03
  7.962625052340831E-03  7.881056424026481E-03  7.801225419429281E-03
  7.964457683092689E-03  7.882839876755572E-03  7.802962379972868E-03
  7.965374498993236E-03  7.883732012781407E-03  7.803831184928358E-03
  7.642832322559387E-03  7.567981634775597E-03  7.494711674100820E-03
  7.644492239223451E-03  7.569601770050036E-03  7.496293674726887E-03
  7.645322400713016E-03  7.570411978211280E-03  7.497084761328542E-03
  7.348840897813911E-03  7.280224749695513E-03  7.213103564161496E-03
  7.350356536912708E-03  7.281705906405937E-03  7.214550869131410E-03
  7.351114381985453E-03  7.282446479483094E-03  7.215274493248972E-03
  7.078917108930581E-03  7.016296244177953E-03  6.955136351077801E-03
  7.080301833999689E-03  7.017648334767826E-03  6.956455755664899E-03
  7.080994157896973E-03  7.018324335605224E-03  6.957115412614996E-03
  6.832133480712353E-03  6.775421478385321E-03  6.720160005798830E-03
  6.833389742378296E-03  6.776645027854649E-03  6.721350569141304E-03
  6.834017846329095E-03  6.777256782622146E-03  6.721945839280635E-03
  6.607993664790796E-03  6.557148666255042E-03  6.507740250571735E-03
  6.609119323060774E-03  6.558241310936860E-03  6.508799797016050E-03
  6.609682164588503E-03  6.558787653064839E-03  6.509329596166304E-03
  6.406047778133765E-03  6.360981044556672E-03  6.317314637667505E-03
  6.407042086398368E-03  6.361943123334049E-03  6.318244841270202E-03
  6.407539278851628E-03  6.362424200576602E-03  6.318709977791688E-03
  6.225605513732675E-03  6.186126967438197E-03  6.147982469777170E-03
  6.226473031577869E-03  6.186964743169758E-03  6.148791350605850E-03
  6.226906818913101E-03  6.187383648280469E-03  6.149195794444607E-03
  6.065597961481238E-03  6.031402910592635E-03  5.998447847100260E-03
  6.066349761432869E-03  6.032129082018286E-03  5.999149625220948E-03
  6.066725641819341E-03  6.032492128219932E-03  5.999500453207953E-03
  5.924582491846931E-03  5.895270696411108E-03  5.867085492654812E-03
  5.925235040476096E-03  5.895902801842458E-03  5.867698592030198E-03
  5.925561221706568E-03  5.896218737413133E-03  5.868005000230520E-03
  5.800845043725172E-03  5.775956354365280E-03  5.752071680405159E-03
  5.801417768328395E-03  5.776514171405699E-03  5.752616043785784E-03
  5.801703957069242E-03  5.776792883062183E-03  5.752888006150021E-03
  5.692538701491725E-03  5.671589287814180E-03  5.651520337598457E-03
  5.693051388668924E-03  5.672092341328507E-03  5.652015101808772E-03
  5.693307487501304E-03  5.672343604159390E-03  5.652262202230494E-03
  5.597805092751943E-03  5.580313121198823E-03  5.563581462175324E-03
  5.598275985310031E-03  5.580779048404001E-03  5.564043612246951E-03
  5.598511133968789E-03  5.581011700521899E-03  5.564274363339491E-03
  5.514847450258742E-03  5.500344075899212E-03  5.486484806314806E-03
  5.515292416528369E-03  5.500788084395937E-03  5.486928909426562E-03
  5.515514568497067E-03  5.501009748200412E-03  5.487150612281455E-03
  5.441950013831512E-03  5.429977826807604E-03  5.418535499058017E-03
  5.442382686413719E-03  5.430413037477014E-03  5.418974219701157E-03
  5.442598672589310E-03  5.430630286287507E-03  5.419193217609556E-03
  5.377458291759047E-03  5.367563003580681E-03  5.358082568097950E-03
  5.377890774167445E-03  5.368001233236531E-03  5.358527493003092E-03
  5.378106654047286E-03  5.368219981453295E-03  5.358749583676685E-03
  5.319743553855453E-03  5.311465234619865E-03  5.303484018967512E-03
  5.320187228573942E-03  5.311917767805953E-03  5.303946369825986E-03
  5.320408695352610E-03  5.312143658492779E-03  5.304177163965708E-03
  5.267172947067113E-03  5.260041280066968E-03  5.253085741432152E-03
  5.267639041114559E-03  5.260519337609014E-03  5.253576739371230E-03
  5.267871707207602E-03  5.260757979720330E-03  5.253821845903138E-03
  5.218097783981387E-03  5.211632977158617E-03  5.205221103138522E-03
  5.218597554767298E-03  5.212147801416319E-03  5.205751959221619E-03
  5.218847047497185E-03  5.212404815003320E-03  5.206016982917908E-03
  5.170862115896156E-03  5.164580632837142E-03  5.158228646679368E-03
  5.171406707245784E-03  5.165143278501153E-03  5.158810299447189E-03
  5.171678598606172E-03  5.165424191520621E-03  5.159100710742937E-03
  5.123824702465513E-03  5.117247870725428E-03  5.110479168969949E-03
  5.124424807770675E-03  5.117868848898094E-03  5.111121921218566E-03
  5.124724446439219E-03  5.118178919371279E-03  5.111442874416593E-03
