  7.521579784072915E+00  7.511054667653142E+00  7.500519467651962E+00

 -2.913300241811476E-01 -2.948629257044383E-01 -2.981418654122262E-01
 -2.952251832536511E-01 -2.994887105347008E-01 -3.034650603407923E-01
 -2.971764617221140E-01 -3.019091923869698E-01 -3.063333489254287E-01
 -2.971764617221140E-01 -3.019091923869698E-01 -3.063333489254287E-01
 -2.952251832536511E-01 -2.994887105347008E-01 -3.034650603407923E-01
 -2.913300241811476E-01 -2.948629257044383E-01 -2.981418654122262E-01
 -2.855796526558031E-01 -2.883399400989133E-01 -2.908821262518823E-01
 -2.781969711011533E-01 -2.802543660040003E-01 -2.821274533534101E-01
 -2.694453157743562E-01 -2.708935247096710E-01 -2.721879773020309E-01
 -2.595584391117823E-01 -2.604823767882750E-01 -2.612801931727349E-01
 -2.487199323544513E-01 -2.491966472904422E-01 -2.495725572878585E-01
 -2.370583843234127E-01 -2.371634100627906E-01 -2.371911795837325E-01
 -2.246819197358254E-01 -2.244911245908098E-01 -2.242451921181043E-01
 -2.117234983295773E-01 -2.113132385022449E-01 -2.108686928387941E-01
 -1.983712857735071E-01 -1.978194636730675E-01 -1.972530396653411E-01
 -1.848879482642935E-01 -1.842754424943131E-01 -1.836668195311585E-01
 -1.716215734412249E-01 -1.710321608610441E-01 -1.704635561374133E-01
 -1.589987829480869E-01 -1.585163011742799E-01 -1.580693716846207E-01
 -1.474945308837967E-01 -1.471987156177074E-01 -1.469507530140886E-01
 -1.375948226274251E-01 -1.375601403571217E-01 -1.375839451627671E-01
 -1.297808622641168E-01 -1.300807687511939E-01 -1.304495834993582E-01
 -1.245359441489995E-01 -1.252471950857802E-01 -1.260379460769742E-01
 -1.223292535587191E-01 -1.235255328847973E-01 -1.248097281169537E-01
 -1.235269681214776E-01 -1.252571032045235E-01 -1.270766586221711E-01
 -1.282431936445840E-01 -1.305026906660144E-01 -1.328415204386198E-01
 -1.362103338432477E-01 -1.389223055432479E-01 -1.416899065090687E-01
 -1.467487244163557E-01 -1.497645321969309E-01 -1.528001303267178E-01
 -1.588517633172691E-01 -1.619694314616643E-01 -1.650628200172672E-01
 -1.713383487818613E-01 -1.743287325972586E-01 -1.772470491183153E-01
 -1.830057035843563E-01 -1.856362850216990E-01 -1.881469818649825E-01
 -1.927366631148163E-01 -1.947869970944468E-01 -1.966716852838594E-01
 -1.995447099670781E-01 -2.008112980702077E-01 -2.018686794397926E-01
 -2.025584969657284E-01 -2.028491425266926E-01 -2.028874729192149E-01
 -2.009582558601434E-01 -2.000784394944594E-01 -1.989007637859610E-01
 -1.938895052604118E-01 -1.916272480852008E-01 -1.890168856963304E-01
 -1.803968076618966E-01 -1.765167129874671E-01 -1.722344909101790E-01
 -1.594324735602716E-01 -1.536911559661658E-01 -1.474964764425517E-01
 -1.299883660889889E-01 -1.221795043360478E-01 -1.138819914858158E-01
 -9.136567973880749E-02 -8.139295745701182E-02 -7.093028721213181E-02
 -4.354294695702666E-02 -3.150584139930186E-02 -1.902978652153453E-02
  1.245515127226517E-02  2.618920544813862E-02  4.024688043853861E-02
  7.432101455319907E-02  8.908831146586331E-02  1.040000032302181E-01
  1.384831661074314E-01  1.533617130863492E-01  1.681576251591254E-01
  2.004432657026660E-01  2.143607107744818E-01  2.279506694007327E-01
  2.553932245140561E-01  2.672844493108527E-01  2.786225401623152E-01
  2.989721981196679E-01  3.079470687381003E-01  3.161967165139470E-01
  3.279638422669666E-01  3.334404220948943E-01  3.380960873536896E-01
  3.407495379057013E-01  3.425203771543548E-01  3.434578352028511E-01
  3.374207499813635E-01  3.356443311064558E-01  3.330973345442133E-01
  3.195733461595623E-01  3.147075884705571E-01  3.091921142772764E-01
  2.899019062018288E-01  2.826102488586122E-01  2.748278649992052E-01
  2.517415732325103E-01  2.427997720269858E-01  2.335460762377035E-01
  2.086652393718608E-01  1.988828349806664E-01  1.889713896922251E-01
  1.641683035989982E-01  1.543230681580049E-01  1.445207470270325E-01
  1.214121346622786E-01  1.121890417104227E-01  1.031546952462721E-01
  8.298812698327142E-02  7.492028225502195E-02  6.714678483442721E-02
  5.070582224401882E-02  4.412714768575589E-02  3.789905797167394E-02
  2.545913464735872E-02  2.048543451117576E-02  1.586870494798448E-02
  7.234081515292416E-03  3.782948327584829E-03  6.541011019309573E-04
 -4.724253742322809E-03 -6.879525883523546E-03 -8.773295854851444E-03
 -1.163426907940251E-02 -1.279478701079242E-02 -1.376449110703335E-02
 -1.487774391051671E-02 -1.535404374333506E-02 -1.570696602832052E-02
 -1.575630424172814E-02 -1.582232341896650E-02 -1.582105900130366E-02
 -1.534345479773756E-02 -1.521317202002577E-02 -1.505717813401449E-02
 -1.442943174729090E-02 -1.425219484746089E-02 -1.407666172234472E-02
 -1.353230387433304E-02 -1.339988860065353E-02 -1.328475760905656E-02
 -1.294462874129485E-02 -1.290366581849806E-02 -1.288677064778153E-02
 -1.279202609017710E-02 -1.285742942362281E-02 -1.294785016600852E-02
 -1.308932867634923E-02 -1.325624376102599E-02 -1.344575465228664E-02
 -1.378704505759255E-02 -1.404013093389841E-02 -1.431179471219691E-02
 -1.480525477774452E-02 -1.512492934260236E-02 -1.545862993812338E-02
 -1.605479164250888E-02 -1.642062842198726E-02 -1.679585235926861E-02
 -1.744748303781636E-02 -1.783936666415584E-02 -1.823593703394961E-02
 -1.889859405759751E-02 -1.929654774159095E-02 -1.969429191815547E-02
 -2.032549373729999E-02 -2.070926388607726E-02 -2.108772588047910E-02
 -2.164683525487338E-02 -2.199630686212889E-02 -2.233554289359690E-02
 -2.278606410597497E-02 -2.308332527092559E-02 -2.336649009404829E-02
 -2.368165878157232E-02 -2.391499842597221E-02 -2.413282079936021E-02
 -2.430411937952906E-02 -2.447346603189426E-02 -2.462988845629994E-02
 -2.467661874512073E-02 -2.479905609979311E-02 -2.491645386467568E-02
 -2.489311452506733E-02 -2.500639945691192E-02 -2.512817984848066E-02
 -2.512566509356647E-02 -2.528745198066045E-02 -2.547579733478101E-02
 -2.561291459075657E-02 -2.589395949331723E-02 -2.622129536270868E-02
 -2.662517605625251E-02 -2.709631139839024E-02 -2.763084638740118E-02
 -2.840846551219594E-02 -2.912346895915880E-02 -2.991163533524004E-02
 -3.111919043467526E-02 -3.209828637765481E-02 -3.314945963368796E-02
 -3.477036819502486E-02 -3.599104964037330E-02 -3.727150525804734E-02
 -3.921529430150745E-02 -4.061727498545766E-02 -4.205979605185705E-02
 -4.419130734741902E-02 -4.569977614996606E-02 -4.723187922980197E-02
 -4.943219307688096E-02 -5.099801185797871E-02 -5.258557203388078E-02
 -5.483398870969731E-02 -5.648211605004421E-02 -5.817764446993500E-02
 -6.063119914200823E-02 -6.250162926645290E-02 -6.448000521318027E-02
 -6.751792648995410E-02 -6.987954400756215E-02 -7.244138717077105E-02
 -7.664125146474786E-02 -7.986072722537087E-02 -8.338715282952253E-02
 -8.941064005936294E-02 -9.386747617177967E-02 -9.872102742565309E-02
 -1.071113644613251E-01 -1.130665782716589E-01 -1.194512433139556E-01
 -1.303790618789776E-01 -1.378262184973421E-01 -1.456410376634102E-01
 -1.586714566343138E-01 -1.672179799309804E-01 -1.759557134720724E-01
 -1.899301627544701E-01 -1.987631171369588E-01 -2.075062725208582E-01
 -2.206183866664632E-01 -2.285919678192671E-01 -2.361345596225791E-01
 -2.462219156082162E-01 -2.520631841441411E-01 -2.571414122731842E-01
 -2.621307957560421E-01 -2.647111589753233E-01 -2.662791624154824E-01
 -2.646532496025737E-01 -2.632417512510180E-01 -2.607058484312531E-01
 -2.518445677688552E-01 -2.462644962176150E-01 -2.396053182357702E-01
 -2.239059211460327E-01 -2.145559526648674E-01 -2.043133995238076E-01
 -1.830794828841611E-01 -1.708311734295166E-01 -1.579758243089817E-01
 -1.331396320849295E-01 -1.191581699848482E-01 -1.049009371457788E-01
 -7.867429959870977E-02 -6.421758767176201E-02 -4.981087236707844E-02
 -2.434949569151306E-02 -1.058842244952131E-02  2.843271034921387E-03
  2.570794158859164E-02  3.782385204904622E-02  4.940430861459703E-02
  6.834112116652967E-02  7.816388723032651E-02  8.733090326408018E-02
  1.015889327849022E-01  1.087991131611836E-01  1.153183800580617E-01
  1.247193149386622E-01  1.293066891432142E-01  1.332418571014002E-01
  1.381014331428441E-01  1.403100502657433E-01  1.419604339171185E-01
  1.429609218502385E-01  1.432116624133479E-01  1.430311494722327E-01
  1.410698267456229E-01  1.398746121173786E-01  1.383858926830499E-01
  1.344243663212203E-01  1.323053972127073E-01  1.300223950889940E-01
  1.249582288170270E-01  1.223830491613770E-01  1.197514009734813E-01
  1.143269717037422E-01  1.116660316648646E-01  1.090270402098208E-01
  1.037820018539385E-01  1.012904982300540E-01  9.886905752875431E-02
  9.413406770956380E-02  9.195525580895669E-02  8.986791986593495E-02
  8.579039293995237E-02  8.397431706885342E-02  8.225090452437477E-02
  7.883988722191443E-02  7.737013933451831E-02  7.598144495890498E-02
  7.315856171630047E-02  7.198019250069330E-02  7.086530067594908E-02
  6.851132138519382E-02  6.755482886505960E-02  6.664353942670947E-02
  6.463414006169048E-02  6.383277452071927E-02  6.306098200171542E-02
  6.128935828410367E-02  6.058912870579858E-02  5.990701988647354E-02
  5.829424140401503E-02  5.765757030362858E-02  5.703188185266234E-02
  5.552783237155453E-02  5.493264876753384E-02  5.434488698426380E-02
  5.292335577982944E-02  5.235961521857178E-02  5.180219727609575E-02
  5.045345440268914E-02  4.991881531683073E-02  4.939074545610835E-02
  4.811413269477938E-02  4.761001263919557E-02  4.711316804836623E-02
  4.591122834441088E-02  4.543989970365558E-02  4.497644559083563E-02
  4.385117530160718E-02  4.341407346327660E-02  4.298507487908337E-02
  4.193618416520869E-02  4.153326589574170E-02  4.113827321371169E-02
  4.016294176825093E-02  3.979276444702010E-02  3.943002381773749E-02
  3.852351677162800E-02  3.818368430415134E-02  3.785062967805721E-02
  3.700721379877549E-02  3.669490333918880E-02  3.638867078782775E-02
  3.560244842461027E-02  3.531484046258020E-02  3.503265700461538E-02
  3.429813051221707E-02  3.403267068869459E-02  3.377207005512733E-02
  3.308440664539331E-02  3.283890536580748E-02  3.259779144101115E-02
  3.195285342649064E-02  3.172547077410960E-02  3.150208164064885E-02
  3.089632164233708E-02  3.068549490139372E-02  3.047832352986829E-02
  2.990863550478910E-02  2.971299595794972E-02  2.952070954450253E-02
  2.898429608155574E-02  2.880260269662749E-02  2.862398304424064E-02
  2.811826564492896E-02  2.794936503296558E-02  2.778327535008741E-02
  2.730584865543540E-02  2.714865822953615E-02  2.699403111556144E-02
  2.654264824156410E-02  2.639615390441421E-02  2.625199134269068E-02
  2.582456428079362E-02  2.568782375396261E-02  2.555320075851428E-02
  2.514780321229688E-02  2.501994883625982E-02  2.489401549714852E-02
  2.450888134737095E-02  2.438911957714128E-02  2.427109955061326E-02
  2.390461533873315E-02  2.379222280726493E-02  2.368140862411315E-02
  2.333210160619830E-02  2.322641900853165E-02  2.312216562088527E-02
  2.278868999539224E-02  2.268911530810123E-02  2.259083332751526E-02
  2.227195685338194E-02  2.217793900244444E-02  2.208508858524324E-02
  2.177968082274652E-02  2.169071431444348E-02  2.160280005878244E-02
  2.130982252747251E-02  2.122544307087357E-02  2.114200986119627E-02
  2.086050782892951E-02  2.078028872313233E-02  2.070091826451721E-02
  2.043001368925593E-02  2.035356270026324E-02  2.027787047878575E-02
  2.001675569372456E-02  1.994371221656488E-02  1.987134470881617E-02
  1.961927661173469E-02  1.954930901520549E-02  1.947994106920966E-02
  1.923623573263552E-02  1.916903886157409E-02  1.910237123819981E-02
  1.886639894723330E-02  1.880169179342369E-02  1.873744888305150E-02
  1.850862963450413E-02  1.844615319003494E-02  1.838408091592237E-02
  1.816188040167797E-02  1.810139569541783E-02  1.804125960040381E-02
  1.782518567794899E-02  1.776647198116894E-02  1.770805548104594E-02
  1.749765512105823E-02  1.744050829998032E-02  1.738361108053181E-02
  1.717846777999606E-02  1.712269877178343E-02  1.706713530670667E-02
  1.686686696254674E-02  1.681230035446120E-02  1.675789852501220E-02
  1.656215577093837E-02  1.650862846724051E-02  1.645522826903330E-02
  1.626369328142628E-02  1.621105324701218E-02  1.615850557311146E-02
  1.597089134782332E-02  1.591899642144683E-02  1.586716191407625E-02
  1.568321200340628E-02  1.563192877676636E-02  1.558067674287860E-02
  1.540016542308628E-02  1.534936818564044E-02  1.529857557488489E-02
  1.512130839041285E-02  1.507087814362403E-02  1.502042859089234E-02
  1.484624319394764E-02  1.479606674304385E-02  1.474584968191497E-02
  1.457461685251874E-02  1.452458598943916E-02  1.447449584776397E-02
  1.430612053289306E-02  1.425613133242691E-02  1.420606682827497E-02
  1.404048896796182E-02  1.399044123174901E-02  1.394030479882193E-02
  1.377749960231351E-02  1.372729650301185E-02  1.367699389013713E-02
  1.351697108738347E-02  1.346651908491495E-02  1.341595919300024E-02
  1.325876063973150E-02  1.320796975569690E-02  1.315706479101595E-02
  1.300275969967730E-02  1.295154423228099E-02  1.290021025618403E-02
  1.274888733226925E-02  1.269716705798090E-02  1.264532498529886E-02
  1.249708094194675E-02  1.244478277001310E-02  1.239235979881486E-02
  1.224728414317268E-02  1.219434406294694E-02  1.214127540145361E-02
  1.199943201457473E-02  1.194579701563720E-02  1.189202761686294E-02
  1.175343438579989E-02  1.169906386547238E-02  1.164454971152293E-02
  1.150915814961551E-02  1.145402419174925E-02  1.139873252676792E-02
  1.126640973535294E-02  1.121049559039492E-02  1.115440342720878E-02
  1.102491873208036E-02  1.096821488258035E-02  1.091130513884207E-02
  1.078432318578556E-02  1.072682055312986E-02  1.066907532370477E-02
  1.054415637580176E-02  1.048583649654108E-02  1.042722723216701E-02
  1.030383406306568E-02  1.024465640323863E-02  1.018513111601450E-02
  1.006264055460999E-02  1.000252750545094E-02  9.941995535360090E-03
  9.819711784196957E-03  9.758532284049031E-03  9.696847632776919E-03
  9.574014343279888E-03  9.511567523283809E-03  9.448512311950695E-03
  9.324321322908198E-03  9.260322121574247E-03  9.195592381440958E-03
  9.069189042850850E-03  9.003258392015649E-03  8.936455130454634E-03
  8.806942930096057E-03  8.738605803447687E-03  8.669234974246624E-03
  8.535685006402335E-03  8.464380123268085E-03  8.391865507736542E-03
  8.253338288174055E-03  8.178443272678611E-03  8.102156021403472E-03
  7.957739525795119E-03  7.878613974085480E-03  7.797920842991535E-03
 -2.923082387954374E-01 -2.958335449811681E-01 -2.991047989911947E-01
 -2.962777741832007E-01 -3.005390685782436E-01 -3.045123486096389E-01
 -2.982729823519145E-01 -3.030084063653078E-01 -3.074338639739551E-01
 -2.982729823519145E-01 -3.030084063653078E-01 -3.074338639739551E-01
 -2.962777741832007E-01 -3.005390685782436E-01 -3.045123486096389E-01
 -2.923082387954374E-01 -2.958335449811681E-01 -2.991047989911947E-01
 -2.864745165073984E-01 -2.892246200065710E-01 -2.917570939673201E-01
 -2.790167827582625E-01 -2.810639410289830E-01 -2.829275035870426E-01
 -2.702034945622408E-01 -2.716424595717835E-01 -2.729283654576605E-01
 -2.602647040600884E-01 -2.611803757248459E-01 -2.619704856985531E-01
 -2.493783309086123E-01 -2.498473337584023E-01 -2.502159319529555E-01
 -2.376685245543607E-01 -2.377659609819719E-01 -2.377864128769046E-01
 -2.252407662887438E-01 -2.250422068349062E-01 -2.247887040036207E-01
 -2.122270850614802E-01 -2.118087346724288E-01 -2.113562683934811E-01
 -1.988159956598892E-01 -1.982557593850800E-01 -1.976811149415224E-01
 -1.852712204656191E-01 -1.846501472300003E-01 -1.840332124194676E-01
 -1.719422484430321E-01 -1.713444442933540E-01 -1.707677904088107E-01
 -1.592573228812769E-01 -1.587670620791289E-01 -1.583127868006048E-01
 -1.476930909604937E-01 -1.473905406013485E-01 -1.471363417240232E-01
 -1.377368719756304E-01 -1.376967742640980E-01 -1.377156806937012E-01
 -1.298702721239765E-01 -1.301661427247690E-01 -1.305314225244947E-01
 -1.245763508658277E-01 -1.252849683377340E-01 -1.260735926753637E-01
 -1.223250855509925E-01 -1.235204943763801E-01 -1.248044182579305E-01
 -1.234866203609073E-01 -1.252186316092754E-01 -1.270408584914058E-01
 -1.281829252047840E-01 -1.304485694952841E-01 -1.327945888204033E-01
 -1.361564505016891E-01 -1.388804564711727E-01 -1.416613375182823E-01
 -1.467365071688940E-01 -1.497713902077376E-01 -1.528273846059745E-01
 -1.589214655665655E-01 -1.620655596772169E-01 -1.651865982386840E-01
 -1.715298337990379E-01 -1.745533516399490E-01 -1.775057560559958E-01
 -1.833533685937880E-01 -1.860223149363023E-01 -1.885719174571276E-01
 -1.932657220615575E-01 -1.953575988560434E-01 -1.972838673345937E-01
 -2.002693287355444E-01 -2.015783459588283E-01 -2.026776689308542E-01
 -2.034818500835184E-01 -2.038136325064614E-01 -2.038921354266005E-01
 -2.020741318214892E-01 -2.012323579592810E-01 -2.000913769055908E-01
 -1.951845505238640E-01 -1.929558642521947E-01 -1.903774273695082E-01
 -1.818520721475117E-01 -1.779998797761501E-01 -1.737436332639226E-01
 -1.610229620916740E-01 -1.553023766612706E-01 -1.491261285444525E-01
 -1.316800379440763E-01 -1.238824179952045E-01 -1.155932868927144E-01
 -9.311063822524347E-02 -8.313628982278384E-02 -7.266837871391472E-02
 -4.527490935714773E-02 -3.321917363824992E-02 -2.072004030534851E-02
  1.082228946994646E-02  2.459596262181906E-02  3.869838018328225E-02
  7.288910580543542E-02  8.771951650045393E-02  1.026996694236391E-01
  1.373593837781378E-01  1.523242477437669E-01  1.672113516431869E-01
  1.997247542126130E-01  2.137478325768906E-01  2.274470390657971E-01
  2.551503790102795E-01  2.671591837614669E-01  2.786165412965563E-01
  2.992351629743210E-01  3.083298059671730E-01  3.166986274302105E-01
  3.287161540883476E-01  3.343043277263578E-01  3.390687435540155E-01
  3.419305408674487E-01  3.437956389552184E-01  3.448226559616064E-01
  3.389353622779025E-01  3.372291907856716E-01  3.347464588158844E-01
  3.213053837828833E-01  3.164820357712486E-01  3.110022865106248E-01
  2.917267785209257E-01  2.844483684151002E-01  2.766723459927237E-01
  2.535361153319167E-01  2.445791056406180E-01  2.353035890937076E-01
  2.103155823481745E-01  2.004922538005927E-01  1.905341178182672E-01
  1.655785827664414E-01  1.556719837045709E-01  1.458040751858145E-01
  1.225154193919311E-01  1.132186110808289E-01  1.041085012345414E-01
  8.375682244840757E-02  7.561293645538786E-02  6.776377128128570E-02
  5.115569912117038E-02  4.450845061611449E-02  3.821423577984213E-02
  2.564275140241139E-02  2.061502025368758E-02  1.594794775802601E-02
  7.225040447978076E-03  3.737337777004370E-03  5.758692032127713E-04
 -4.849760460538639E-03 -7.025150907732884E-03 -8.935602090001398E-03
 -1.181173437840497E-02 -1.297942671498595E-02 -1.395377589702463E-02
 -1.506115534033344E-02 -1.553601515193095E-02 -1.588593145173459E-02
 -1.591832313852882E-02 -1.597822530162814E-02 -1.597008605706099E-02
 -1.547179706440490E-02 -1.533368579513424E-02 -1.516967507951378E-02
 -1.452206747342873E-02 -1.433717484253830E-02 -1.415412841387243E-02
 -1.359300177255204E-02 -1.345404773688611E-02 -1.333265615349824E-02
 -1.297947890060036E-02 -1.293334596306421E-02 -1.291156240903202E-02
 -1.280712477301726E-02 -1.286856402801950E-02 -1.295523967161384E-02
 -1.308959793992882E-02 -1.325343654163121E-02 -1.344001882264113E-02
 -1.377600833775223E-02 -1.402663283008915E-02 -1.429594360278041E-02
 -1.478546742646806E-02 -1.510318602916066E-02 -1.543504797150925E-02
 -1.602855868100422E-02 -1.639301899246748E-02 -1.676703275064972E-02
 -1.741749316153330E-02 -1.780876624404131E-02 -1.820495033016220E-02
 -1.886815468204682E-02 -1.926641972789747E-02 -1.966472088265733E-02
 -2.029816926850673E-02 -2.068312479802836E-02 -2.106295648546735E-02
 -2.162547254009682E-02 -2.197660649388072E-02 -2.231751682599382E-02
 -2.277141654715058E-02 -2.307001920556394E-02 -2.335426063592242E-02
 -2.367104217409749E-02 -2.390429847868374E-02 -2.412144284768330E-02
 -2.429067037342542E-02 -2.445735535555925E-02 -2.461023169219354E-02
 -2.464970036259135E-02 -2.476607367489366E-02 -2.487638712225156E-02
 -2.484017243263760E-02 -2.494389756734111E-02 -2.505521496992385E-02
 -2.503539643764742E-02 -2.518504407661940E-02 -2.536075824271723E-02
 -2.547906172861062E-02 -2.574732004576343E-02 -2.606202929700888E-02
 -2.644976615569219E-02 -2.691004512553221E-02 -2.743461298669570E-02
 -2.820308623178030E-02 -2.891163862973635E-02 -2.969479729808192E-02
 -3.090310289957806E-02 -3.188154048169182E-02 -3.293359750100467E-02
 -3.456499756801244E-02 -3.579017169260456E-02 -3.707609280671345E-02
 -3.903582439982832E-02 -4.044424950564855E-02 -4.189290918080920E-02
 -4.403745216777612E-02 -4.554879075402313E-02 -4.708167718562958E-02
 -4.928126908838681E-02 -5.083970533962420E-02 -5.241598218892142E-02
 -5.463967626308797E-02 -5.626436780470644E-02 -5.793136504475171E-02
 -6.033052857144591E-02 -6.215900840282464E-02 -6.409044166559709E-02
 -6.704704776522129E-02 -6.935129074709830E-02 -7.185265272968082E-02
 -7.595779957372958E-02 -7.911426656841213E-02 -8.257831406803881E-02
 -8.851761558291291E-02 -9.292164526638731E-02 -9.772809388003639E-02
 -1.060752021916137E-01 -1.120068209432755E-01 -1.183788675087482E-01
 -1.293339013997818E-01 -1.368039473692652E-01 -1.446565277071199E-01
 -1.578035780135414E-01 -1.664291188786729E-01 -1.752616797119784E-01
 -1.894417429781512E-01 -1.984068959338711E-01 -2.072950785920806E-01
 -2.206774639052946E-01 -2.288191092957082E-01 -2.365359065392898E-01
 -2.469129253776828E-01 -2.529293618295709E-01 -2.581800477274058E-01
 -2.634230735167181E-01 -2.661527955145271E-01 -2.678588611027787E-01
 -2.664004250062919E-01 -2.650846478877649E-01 -2.626272549452917E-01
 -2.538166784422254E-01 -2.482635881736146E-01 -2.416123982362671E-01
 -2.258435164506659E-01 -2.164526267023985E-01 -2.061525601976381E-01
 -1.847513836706539E-01 -1.724090724282409E-01 -1.594485288816416E-01
 -1.343867507798510E-01 -1.202813364737785E-01 -1.058955598617005E-01
 -7.942945025014399E-02 -6.484343618126245E-02 -5.030891477486586E-02
 -2.463272407858751E-02 -1.075739485098372E-02  2.782648047458739E-03
  2.581170971528500E-02  3.801387289586773E-02  4.967240078718196E-02
  6.871231171244843E-02  7.858845702653436E-02  8.780038358215693E-02
  1.021024355580343E-01  1.093350239331802E-01  1.158694029971630E-01
  1.252664885332761E-01  1.298516315460053E-01  1.337792460753570E-01
  1.386025873544330E-01  1.407926009261198E-01  1.424212336937552E-01
  1.433688201668751E-01  1.435927414620655E-01  1.433842056582493E-01
  1.413665204687028E-01  1.401429925994345E-01  1.386262293358813E-01
  1.346142266993844E-01  1.324701300171058E-01  1.301631975686339E-01
  1.250597248874827E-01  1.224651923505220E-01  1.198158117245533E-01
  1.143650082505068E-01  1.116912946886473E-01  1.090411743715710E-01
  1.037818534422038E-01  1.012836563781692E-01  9.885692359892324E-02
  9.411731344196138E-02  9.193660584225895E-02  8.984839427209480E-02
  8.577281567835572E-02  8.395804824600478E-02  8.223655426127371E-02
  7.883102287789703E-02  7.736425083157301E-02  7.597878239568406E-02
  7.316243311283921E-02  7.198746592151831E-02  7.087596042749131E-02
  6.852784521667626E-02  6.757434412326215E-02  6.666587165604815E-02
  6.466073891095922E-02  6.386152204407972E-02  6.309164088161311E-02
  6.132241983863665E-02  6.062339475234088E-02  5.994226100670846E-02
  5.833021099096716E-02  5.769392009643640E-02  5.706843160749978E-02
  5.556386669952929E-02  5.496846893151359E-02  5.438037677767526E-02
  5.295757680550423E-02  5.239327736027068E-02  5.183524414758766E-02
  5.048490818164203E-02  4.994957625767052E-02  4.942080223055172E-02
  4.814257916947962E-02  4.763777739427169E-02  4.714026696806956E-02
  4.593687481902963E-02  4.546495320313913E-02  4.500093344694951E-02
  4.387443379559596E-02  4.343685153466718E-02  4.300740022354606E-02
  4.195749515807537E-02  4.155419867292145E-02  4.115884988951537E-02
  4.018267442509783E-02  3.981219528598204E-02  3.944916763346330E-02
  3.854193399661794E-02  3.820184861143146E-02  3.786854948188172E-02
  3.702448033606774E-02  3.671194439260843E-02  3.640549050217961E-02
  3.561865953404014E-02  3.533084056880022E-02  3.504844814749784E-02
  3.431334385007800E-02  3.404768208062382E-02  3.378688103968169E-02
  3.309866721903230E-02  3.285297258824077E-02  3.261166721812635E-02
  3.196620812005876E-02  3.173864250758283E-02  3.151507293442832E-02
  3.090882435985188E-02  3.069782709426672E-02  3.049048819597130E-02
  2.992034613847892E-02  2.972454972289727E-02  2.953210963035567E-02
  2.899527675890929E-02  2.881344028661333E-02  2.863468065973133E-02
  2.812857683643009E-02  2.795954616985255E-02  2.779332929653070E-02
  2.731554650196152E-02  2.715823783459228E-02  2.700349502948031E-02
  2.655178341180478E-02  2.640518132425695E-02  2.626091326140377E-02
  2.583318203119970E-02  2.569634305359271E-02  2.556162360647791E-02
  2.515594409791904E-02  2.502799959918682E-02  2.490197794293268E-02
  2.451658209494084E-02  2.439673776649006E-02  2.427863683797451E-02
  2.391190958449281E-02  2.379944144522697E-02  2.368855318827824E-02
  2.333902039527085E-02  2.323326861388586E-02  2.312894746761343E-02
  2.279526207050791E-02  2.269562414189264E-02  2.259728024197105E-02
  2.227820881508881E-02  2.218413320821493E-02  2.209122625762926E-02
  2.178563724056727E-02  2.169661802629316E-02  2.160865219233246E-02
  2.131550605172922E-02  2.123107852994868E-02  2.114759829412681E-02
  2.086593932061216E-02  2.078567641277942E-02  2.070626310990440E-02
  2.043521236386488E-02  2.035872149218924E-02  2.028299027210316E-02
  2.002173926672325E-02  1.994865951524417E-02  1.987625655053602E-02
  1.962406143465121E-02  1.955406089072443E-02  1.948466075406526E-02
  1.924083691416849E-02  1.917361016681258E-02  1.910691336846314E-02
  1.887083045885357E-02  1.880609626608713E-02  1.874182696717805E-02
  1.851290440294931E-02  1.845040354233875E-02  1.838830745563490E-02
  1.816601039159894E-02  1.810550369458275E-02  1.804534616918675E-02
  1.782918196725356E-02  1.777044852301818E-02  1.771201279607664E-02
  1.750152797056527E-02  1.744436347699023E-02  1.738744906916912E-02
  1.718222669834747E-02  1.712644193638201E-02  1.707086316817074E-02
  1.687052076686129E-02  1.681594017803110E-02  1.676152478778368E-02
  1.656571264380313E-02  1.651217299542224E-02  1.645876084447781E-02
  1.626716082484415E-02  1.621450995195650E-02  1.616195180609114E-02
  1.597427663475629E-02  1.592237225169834E-02  1.587052863119959E-02
  1.568652162758208E-02  1.563523020547663E-02  1.558397029914849E-02
  1.540340554745999E-02  1.535260125752416E-02  1.530180189914799E-02
  1.512448479450676E-02  1.507404852095534E-02  1.502359323050565E-02
  1.484936132012126E-02  1.479917975079601E-02  1.474895784672839E-02
  1.457768185072787E-02  1.452764665928531E-02  1.447755245329490E-02
  1.430913730316274E-02  1.425914444500278E-02  1.420907653770182E-02
  1.404346219905126E-02  1.399341135598814E-02  1.394327206282122E-02
  1.378043380410440E-02  1.373022803043613E-02  1.367992298287601E-02
  1.351987061362368E-02  1.346941625595696E-02  1.341885424176599E-02
  1.326162969680761E-02  1.321083667410659E-02  1.315992979599748E-02
  1.300560233718259E-02  1.295438486350803E-02  1.290304909646632E-02
  1.275170741253572E-02  1.269998520845483E-02  1.264814140794345E-02
  1.249988208895299E-02  1.244758204703845E-02  1.239515739017569E-02
  1.225006967675647E-02  1.219712781997195E-02  1.214405754443607E-02
  1.200220488275940E-02  1.194856829427502E-02  1.189479744413877E-02
  1.175619711535980E-02  1.170182535305246E-02  1.164731007205189E-02
  1.151191284096080E-02  1.145677821960156E-02  1.140148598968929E-02
  1.126915813031834E-02  1.121324420134704E-02  1.115715235119809E-02
  1.102766238115567E-02  1.097095999519297E-02  1.091405183493093E-02
  1.078706373392649E-02  1.072956424352935E-02  1.067182233389767E-02
  1.054689597386852E-02  1.048858140723885E-02  1.042997773516606E-02
  1.030657589671891E-02  1.024740627258501E-02  1.018788945534916E-02
  1.006538946497226E-02  1.000528779245330E-02  9.944767844885270E-03
  9.822474936334796E-03  9.761310842057997E-03  9.699642510207915E-03
  9.576801878007388E-03  9.514375251567791E-03  9.451341462652916E-03
  9.327146903998964E-03  9.263173496188888E-03  9.198471122972143E-03
  9.072070185097722E-03  9.006171747870419E-03  8.939402616377129E-03
  8.809900967909030E-03  8.741603214243108E-03  8.672273971917195E-03
  8.538744547237010E-03  8.467486716237579E-03  8.395021562010904E-03
  8.256526002401407E-03  8.181685833771725E-03  8.105455867547713E-03
  7.961082188203654E-03  7.882018778075497E-03  7.801390026534981E-03
 -2.927787624692575E-01 -2.963005593478360E-01 -2.995682833106005E-01
 -2.967843065367066E-01 -3.010447047599217E-01 -3.050167075113011E-01
 -2.988007943955733E-01 -3.035377284288650E-01 -3.079640473952496E-01
 -2.988007943955733E-01 -3.035377284288650E-01 -3.079640473952496E-01
 -2.967843065367066E-01 -3.010447047599217E-01 -3.050167075113011E-01
 -2.927787624692575E-01 -2.963005593478360E-01 -2.995682833106005E-01
 -2.869048281959987E-01 -2.896501731680048E-01 -2.921781386544411E-01
 -2.794111842364385E-01 -2.814535695355534E-01 -2.833127223602325E-01
 -2.705688064602902E-01 -2.720034803235087E-01 -2.732854457767958E-01
 -2.606058476516660E-01 -2.615176893291943E-01 -2.623042470520218E-01
 -2.496973030512599E-01 -2.501627201301091E-01 -2.505279280053529E-01
 -2.379650298574524E-01 -2.380589079974917E-01 -2.380759315870704E-01
 -2.255131534746675E-01 -2.253109148463040E-01 -2.250538236463421E-01
 -2.124732247842981E-01 -2.120509995236438E-01 -2.115947372788735E-01
 -1.990339248728789E-01 -1.984696198560353E-01 -1.978909977864762E-01
 -1.854594945729395E-01 -1.848342442194682E-01 -1.842132547699933E-01
 -1.721001134308941E-01 -1.714981888296977E-01 -1.709175808722956E-01
 -1.593848282774300E-01 -1.588907230303429E-01 -1.584328157865301E-01
 -1.477911324724960E-01 -1.474852318651941E-01 -1.472279289943632E-01
 -1.378070132398197E-01 -1.377642017657764E-01 -1.377806509602786E-01
 -1.299142986470632E-01 -1.302081268212909E-01 -1.305716134945863E-01
 -1.245959484590898E-01 -1.253032086441419E-01 -1.260907279890588E-01
 -1.223223351145279E-01 -1.235172502258337E-01 -1.248009781775016E-01
 -1.234655659801503E-01 -1.251984348142711E-01 -1.270219143561910E-01
 -1.281515245314838E-01 -1.304201380772295E-01 -1.327696451376150E-01
 -1.361276955965502E-01 -1.388575949189583E-01 -1.416449906767691E-01
 -1.467279341044084E-01 -1.497722236558308E-01 -1.528382858605721E-01
 -1.589531940592865E-01 -1.621103806845232E-01 -1.652451277594862E-01
 -1.716219072922065E-01 -1.746619026786653E-01 -1.776312689582812E-01
 -1.835232114896604E-01 -1.862113001457445E-01 -1.887803255367829E-01
 -1.935262506717256E-01 -1.956389198507330E-01 -1.975860108841248E-01
 -2.006279683279387E-01 -2.019582837238797E-01 -2.030786715539098E-01
 -2.039405027891751E-01 -2.042929895185404E-01 -2.043917216067694E-01
 -2.026299238192067E-01 -2.018073388686849E-01 -2.006848746535408E-01
 -1.958309200971616E-01 -1.936191936029800E-01 -1.910568901547712E-01
 -1.825795418901094E-01 -1.787414595071254E-01 -1.744983518858425E-01
 -1.618189477074076E-01 -1.561088592433840E-01 -1.499419485930246E-01
 -1.325274009328535E-01 -1.247355048563591E-01 -1.164506600064042E-01
 -9.398533050574856E-02 -8.401025408632191E-02 -7.353980347085272E-02
 -4.614373287264360E-02 -3.407876208198839E-02 -2.156816897500921E-02
  1.000241290256114E-02  2.379581352612116E-02  3.792051929264886E-02
  7.216914271517144E-02  8.703103188368298E-02  1.020453375841869E-01
  1.367930340010483E-01  1.518010013317091E-01  1.667336515467943E-01
  1.993608183542150E-01  2.134367095840755E-01  2.271905481541068E-01
  2.550243966713184E-01  2.670920638695295E-01  2.786091441813183E-01
  2.993626058464587E-01  3.085172934030286E-01  3.169458782430504E-01
  3.290891565405434E-01  3.347333605440865E-01  3.395524001816805E-01
  3.425190294799605E-01  3.444315407090577E-01  3.455036307589764E-01
  3.396919224336483E-01  3.380211848125910E-01  3.355709009859741E-01
  3.221719748632877E-01  3.173701569403392E-01  3.119085989948583E-01
  2.926411488105979E-01  2.853696981590558E-01  2.775971928335728E-01
  2.544367080764545E-01  2.454724203836030E-01  2.361863110823797E-01
  2.111453430420746E-01  2.013018141085782E-01  1.913205694701578E-01
  1.662891519668496E-01  1.563519904021553E-01  1.464513659897101E-01
  1.230725749007221E-01  1.137388313069677E-01  1.045907155281139E-01
  8.414589466864514E-02  7.596372778755998E-02  6.807643389445479E-02
  5.138393107638754E-02  4.470203724472639E-02  3.837439026816514E-02
  2.573624505739268E-02  2.068114998402775E-02  1.598856842521748E-02
  7.220858553248999E-03  3.714609128720037E-03  5.365903384180850E-04
 -4.913043373056037E-03 -7.098646072577078E-03 -9.017567761003528E-03
 -1.190140202403300E-02 -1.307274296250953E-02 -1.404945815987720E-02
 -1.515387274462222E-02 -1.562801297058093E-02 -1.597641528395159E-02
 -1.600023368236184E-02 -1.605704447391541E-02 -1.604542914208149E-02
 -1.553667591991246E-02 -1.539460491064673E-02 -1.522653881492421E-02
 -1.456888694207104E-02 -1.438012286674416E-02 -1.419327772780016E-02
 -1.362367855873964E-02 -1.348142221492467E-02 -1.335687038691988E-02
 -1.299711228920533E-02 -1.294837469885774E-02 -1.292413022301649E-02
 -1.281481626359760E-02 -1.287426443664592E-02 -1.295906022716779E-02
 -1.308984411760654E-02 -1.325214026580603E-02 -1.343725415315985E-02
 -1.377058190554857E-02 -1.401997023613069E-02 -1.428809781777310E-02
 -1.477563613561294E-02 -1.509236611328090E-02 -1.542329638377629E-02
 -1.601545581627721E-02 -1.637921203324889E-02 -1.675260384603914E-02
 -1.740245029835246E-02 -1.779340139457548E-02 -1.818937647783998E-02
 -1.885283422900440E-02 -1.925124519642052E-02 -1.964981843895174E-02
 -2.028439239598280E-02 -2.066994660394809E-02 -2.105047478142255E-02
 -2.161472983020953E-02 -2.196672301346456E-02 -2.230850528017804E-02
 -2.276416523422109E-02 -2.306348918442469E-02 -2.334832520549105E-02
 -2.366600880620809E-02 -2.389928885923236E-02 -2.411616204614313E-02
 -2.428445099332871E-02 -2.444987004562258E-02 -2.460103544349975E-02
 -2.463694014410711E-02 -2.475032587771444E-02 -2.485713306171546E-02
 -2.481448681601242E-02 -2.491343732431408E-02 -2.501951556523872E-02
 -2.499097194983039E-02 -2.513450567459621E-02 -2.530384595683280E-02
 -2.541259374151498E-02 -2.567436905535875E-02 -2.598266494432368E-02
 -2.636213690075212E-02 -2.681687417781387E-02 -2.733634314043607E-02
 -2.810006289979577E-02 -2.880528927548725E-02 -2.958585361478236E-02
 -3.079443594913221E-02 -3.177250053843937E-02 -3.282497768801589E-02
 -3.446166922806720E-02 -3.568913990090439E-02 -3.697787409753351E-02
 -3.894579785933580E-02 -4.035760542637311E-02 -4.180952484174529E-02
 -4.396095918877408E-02 -4.547398556500796E-02 -4.700753631200137E-02
 -4.920721665567177E-02 -5.076225197433757E-02 -5.233317652808071E-02
 -5.454490032684990E-02 -5.615811531069582E-02 -5.781105992329352E-02
 -6.018320384580535E-02 -6.199080136086280E-02 -6.389880015994512E-02
 -6.681457025639591E-02 -6.908998457812281E-02 -7.156088927448295E-02
 -7.561807032293112E-02 -7.874261564828117E-02 -8.217497872043250E-02
 -8.807118442937209E-02 -9.244814603174108E-02 -9.723031999713955E-02
 -1.055545772545812E-01 -1.114735965929416E-01 -1.178385160467881E-01
 -1.288059662363737E-01 -1.362866994408494E-01 -1.441574447109516E-01
 -1.573620024926991E-01 -1.660265504323093E-01 -1.749061222289333E-01
 -1.891888638174323E-01 -1.982200455167943E-01 -2.071808068123351E-01
 -2.206990193799478E-01 -2.289251280375160E-01 -2.367295941363939E-01
 -2.472528633815191E-01 -2.533577417427095E-01 -2.586956081475074E-01
 -2.640672790046930E-01 -2.668727585839254E-01 -2.686489578293830E-01
 -2.672760370419900E-01 -2.660091494770779E-01 -2.635919920386389E-01
 -2.548080728575375E-01 -2.492692147803079E-01 -2.426226605079297E-01
 -2.268196136248053E-01 -2.174085864219915E-01 -2.070799699198116E-01
 -1.855949879183589E-01 -1.732055821876978E-01 -1.601922481575415E-01
 -1.350169235408496E-01 -1.208491298309648E-01 -1.063986157447226E-01
 -7.981171794019698E-02 -6.516049578552829E-02 -5.056149392942304E-02
 -2.477682481599658E-02 -1.084380553495177E-02  2.750960522150222E-03
  2.586310296979375E-02  3.810885440929401E-02  4.980684602382045E-02
  6.889890171588486E-02  7.880204785801968E-02  8.803670048586523E-02
  1.023610581388143E-01  1.096050074609664E-01  1.161470626671327E-01
  1.255422669798948E-01  1.301263237776336E-01  1.340501630099292E-01
  1.388552573900059E-01  1.410359107081107E-01  1.426535920108700E-01
  1.435745048337737E-01  1.437849100236182E-01  1.435622481614025E-01
  1.415161311053002E-01  1.402783249478500E-01  1.387474171293960E-01
  1.347099440125551E-01  1.325531697949419E-01  1.302341621879725E-01
  1.251108489497374E-01  1.225065477899535E-01  1.198482150190313E-01
  1.143840927874892E-01  1.117039275568199E-01  1.090481848764418E-01
  1.037816456263450E-01  1.012800639458338E-01  9.885065363600015E-02
  9.410870219632018E-02  9.192703164274098E-02  8.983837219926023E-02
  8.576377000280927E-02  8.394965820400441E-02  8.222912827046790E-02
  7.882636212160148E-02  7.736108924201476E-02  7.597724674656775E-02
  7.316419507952861E-02  7.199094411443673E-02  7.088114740747332E-02
  6.853599456113593E-02  6.758400404837302E-02  6.667695446480482E-02
  6.467397982072395E-02  6.387584926384182E-02  6.310693484690302E-02
  6.133893229379200E-02  6.064051756315719E-02  5.995987847675385E-02
  5.834820241295940E-02  5.771210604841837E-02  5.708672112852745E-02
  5.558190234373742E-02  5.498639906963036E-02  5.439814272121905E-02
  5.297470835564498E-02  5.241012923669595E-02  5.185178783429765E-02
  5.050065336579336E-02  4.996497393147323E-02  4.943584661827574E-02
  4.815681592861946E-02  4.765167203432469E-02  4.715382745616788E-02
  4.594970693734173E-02  4.547748780406598E-02  4.501318428620166E-02
  4.388606849174684E-02  4.344824536638958E-02  4.301856713953444E-02
  4.196815412693831E-02  4.156466823643434E-02  4.116914118553734E-02
  4.019254345307185E-02  3.982191335872829E-02  3.945874219762678E-02
  3.855114529187834E-02  3.821093353172201E-02  3.787751225467438E-02
  3.703311659378587E-02  3.672046802484082E-02  3.641390358180633E-02
  3.562676839812489E-02  3.533884402143465E-02  3.505634719947544E-02
  3.432095400271611E-02  3.405519130173120E-02  3.379429008783234E-02
  3.310580098001740E-02  3.286000966911558E-02  3.261860856419102E-02
  3.197288878349346E-02  3.174523165547660E-02  3.152157182391961E-02
  3.091507879336331E-02  3.070399621582464E-02  3.049657350547280E-02
  2.992620426301775E-02  2.973032936211397E-02  2.953781238260202E-02
  2.900076965254639E-02  2.881886159127149E-02  2.864003193644728E-02
  2.813373476653637E-02  2.796463903493484E-02  2.779835853328938E-02
  2.732039757269549E-02  2.716302975328491E-02  2.700822907543151E-02
  2.655635298439244E-02  2.640969699445677E-02  2.626537615742639E-02
  2.583749275198041E-02  2.570060452379090E-02  2.556583682883094E-02
  2.516001625563053E-02  2.503202667099485E-02  2.490596083461689E-02
  2.452043406030539E-02  2.440054842825445E-02  2.428240702725197E-02
  2.391555818174805E-02  2.380305221411795E-02  2.369212689887210E-02
  2.334248115332702E-02  2.323669475580497E-02  2.313233970910056E-02
  2.279854936774432E-02  2.269887979454327E-02  2.260050491424656E-02
  2.228133595922439E-02  2.218723145088152E-02  2.209429621332975E-02
  2.178861652381943E-02  2.169957093343263E-02  2.161157929039845E-02
  2.131834880631679E-02  2.123389722909106E-02  2.115039346049628E-02
  2.086865598352566E-02  2.078837115197871E-02  2.070893640737304E-02
  2.043781254876855E-02  2.036130171312727E-02  2.028555097413278E-02
  2.002423183674592E-02  1.995113392549928E-02  1.987871321264095E-02
  1.962645457052545E-02  1.955643753029409E-02  1.948702127854718E-02
  1.924313817487260E-02  1.917589646678059E-02  1.910918506109462E-02
  1.887304683444587E-02  1.880829909966054E-02  1.874401658656144E-02
  1.851504236084829E-02  1.845252926971856E-02  1.839042125675160E-02
  1.816807591791052E-02  1.810755820320820E-02  1.804738994265041E-02
  1.783118060444679E-02  1.777243726437271E-02  1.771399190409281E-02
  1.750346485230836E-02  1.744629150063373E-02  1.738936847878699E-02
  1.718410658196464E-02  1.712831392159227E-02  1.707272748213357E-02
  1.687234806369954E-02  1.681776046335191E-02  1.676333827323302E-02
  1.656749144773147E-02  1.651394560630735E-02  1.646052745979604E-02
  1.626889493924361E-02  1.621623862691845E-02  1.616367522620307E-02
  1.597596959833331E-02  1.592406046728580E-02  1.587221227173978E-02
  1.568817673928233E-02  1.563688120038328E-02  1.558561733977638E-02
  1.540502589070871E-02  1.535421805609122E-02  1.530341530632272E-02
  1.512607326095669E-02  1.507563395623584E-02  1.502517577985085E-02
  1.485092063276825E-02  1.480073648711107E-02  1.475051214502406E-02
  1.457921458634566E-02  1.452917721426628E-02  1.447908096011565E-02
  1.431064591354205E-02  1.426065121074416E-02  1.421058158641759E-02
  1.404494903032871E-02  1.399489661870945E-02  1.394475588052050E-02
  1.378190111295517E-02  1.373169398762028E-02  1.368138770836605E-02
  1.352132057854837E-02  1.347086502944854E-02  1.342030194032634E-02
  1.326306442247209E-02  1.321227031725289E-02  1.316136246919305E-02
  1.300702384955896E-02  1.295580536022708E-02  1.290446868504602E-02
  1.275311764349478E-02  1.270139446269213E-02  1.264954978620002E-02
  1.250128285054244E-02  1.244898186255082E-02  1.239655635142076E-02
  1.225146262810344E-02  1.219851987272562E-02  1.214544877939638E-02
  1.200359149605707E-02  1.194995410326585E-02  1.189618251734739E-02
  1.175757865101601E-02  1.170320625892391E-02  1.164869040491767E-02
  1.151329034496811E-02  1.145815538365606E-02  1.140286286228340E-02
  1.127053246812708E-02  1.121461863927167E-02  1.115852693686813E-02
  1.102903432136110E-02  1.097233265920707E-02  1.091542528173463E-02
  1.078843409124458E-02  1.073093616336744E-02  1.067319590394571E-02
  1.054826581495231E-02  1.048995389466150E-02  1.043135300759822E-02
  1.030794680464341E-02  1.024878118617843E-02  1.018926859051707E-02
  1.006676384962822E-02  1.000666785016605E-02  9.946153897276128E-03
  9.823856368686240E-03  9.762699958144523E-03  9.701039765419202E-03
  9.578195416123638E-03  9.515778862639372E-03  9.452755759696044E-03
  9.328559367051608E-03  9.264598827197636E-03  9.199910107274176E-03
  9.073510318216491E-03  9.007627954166290E-03  8.940875852914589E-03
  8.811379427940561E-03  8.743101323208964E-03  8.673792835988806E-03
  8.540273631610395E-03  8.469039286984540E-03  8.396598823578788E-03
  8.258119046950644E-03  8.183306262707702E-03  8.107104900748745E-03
  7.962752592252018E-03  7.883720218286960E-03  7.803123623850258E-03
