  7.521579784072915E+00  7.511054667653142E+00  7.500519467651962E+00

  5.603368946848635E-01  5.599805863567798E-01  5.595539996262539E-01
  5.498156313102006E-01  5.496162918537061E-01  5.493237455387779E-01
  5.448518865883097E-01  5.447392398603284E-01  5.445160433724300E-01
  5.375500808656404E-01  5.372269875714246E-01  5.368365857234951E-01
  5.271618973250246E-01  5.269783921072756E-01  5.267059263839493E-01
  5.222847615028994E-01  5.221761071424713E-01  5.219618368423548E-01
  5.264169871369830E-01  5.261108342288472E-01  5.257388045548949E-01
  5.161040951211768E-01  5.159293644457627E-01  5.156677319603110E-01
  5.112743737935764E-01  5.111688483566365E-01  5.109600988091006E-01
  5.264169871369830E-01  5.261108342288472E-01  5.257388045548949E-01
  5.161040951211768E-01  5.159293644457627E-01  5.156677319603110E-01
  5.112743737935764E-01  5.111688483566365E-01  5.109600988091006E-01
  5.375500808656404E-01  5.372269875714246E-01  5.368365857234951E-01
  5.271618973250246E-01  5.269783921072756E-01  5.267059263839493E-01
  5.222847615028994E-01  5.221761071424713E-01  5.219618368423548E-01
  5.603368946848635E-01  5.599805863567798E-01  5.595539996262539E-01
  5.498156313102006E-01  5.496162918537061E-01  5.493237455387779E-01
  5.448518865883097E-01  5.447392398603284E-01  5.445160433724300E-01
  5.958027746001704E-01  5.953981586313762E-01  5.949185642444237E-01
  5.851225102990719E-01  5.849040657620228E-01  5.845857183092537E-01
  5.800499735054671E-01  5.799381450672263E-01  5.797079679984113E-01
  6.454109540996418E-01  6.449463765382285E-01  6.444000966388240E-01
  6.345974663084651E-01  6.343643902694712E-01  6.340218626343676E-01
  6.294211895324351E-01  6.293258273983028E-01  6.291009591241826E-01
  7.109301166911954E-01  7.104022072853969E-01  7.097834336424529E-01
  7.000868946447748E-01  6.998583114545568E-01  6.995073140683015E-01
  6.948534581181278E-01  6.948093305591454E-01  6.946204966360916E-01
  7.942045322109988E-01  7.936271286733667E-01  7.929466975194073E-01
  7.835446035454019E-01  7.833655863827437E-01  7.830470663940062E-01
  7.783610320260188E-01  7.784347480196956E-01  7.783436659516342E-01
  8.968189754529597E-01  8.962364293645654E-01  8.955348451896422E-01
  8.866981620800419E-01  8.866553745589231E-01  8.864509083807428E-01
  8.817535784379098E-01  8.820603778641147E-01  8.821763136254185E-01
  1.019697892973167E+00  1.019198475641149E+00  1.018559206651559E+00
  1.010633851153398E+00  1.010869073277802E+00  1.010914359474457E+00
  1.006214240192801E+00  1.006930959338663E+00  1.007423711791713E+00
  1.162752051730626E+00  1.162477003724259E+00  1.162036756810773E+00
  1.155388708250812E+00  1.156103978596063E+00  1.156595871963636E+00
  1.151856664040682E+00  1.153223567346361E+00  1.154327645445796E+00
  1.324845591172814E+00  1.324998063942765E+00  1.324958150931779E+00
  1.319882025088275E+00  1.321346411504988E+00  1.322553420364164E+00
  1.317630386944581E+00  1.319956204349089E+00  1.321980479017130E+00
  1.504284345634635E+00  1.505134696481569E+00  1.505767314590658E+00
  1.502557290875088E+00  1.505112677732328E+00  1.507381950658249E+00
  1.502059947591759E+00  1.505728251674053E+00  1.509063665153394E+00
  1.699156606282278E+00  1.701027558241168E+00  1.702660206010622E+00
  1.702026428043337E+00  1.706065644647003E+00  1.709799136626311E+00
  1.704090958582515E+00  1.709533892071728E+00  1.714624399685878E+00
  1.906197878007373E+00  1.909442091435906E+00  1.912435587053450E+00
  1.916053341115559E+00  1.921991183674517E+00  1.927615984571249E+00
  1.922180501871376E+00  1.929845776881758E+00  1.937153924148454E+00
  2.117901467684558E+00  2.122889962716082E+00  2.127628336125668E+00
  2.138009741375701E+00  2.146281529443231E+00  2.154248844525704E+00
  2.150372784471242E+00  2.160729193049853E+00  2.170741405059839E+00
  2.321429202148840E+00  2.328504064688749E+00  2.335346961216645E+00
  2.354014300590095E+00  2.365043104200284E+00  2.375794844975951E+00
  2.374197439966501E+00  2.387710129671380E+00  2.400911329582598E+00
  2.509568239853072E+00  2.518838236103191E+00  2.527913966698100E+00
  2.554372987220478E+00  2.568355538804669E+00  2.582109643974213E+00
  2.582138107548872E+00  2.599046917124414E+00  2.615699855615732E+00
  2.708139731016721E+00  2.718988743880399E+00  2.729699111780803E+00
  2.770674683081107E+00  2.787028332402985E+00  2.803221637142455E+00
  2.809290913211081E+00  2.829027832612449E+00  2.848585295830255E+00
  2.988210155136741E+00  2.998766646927271E+00  3.009249839000487E+00
  3.100426192006073E+00  3.117172743486026E+00  3.133828963713444E+00
  3.171593798804003E+00  3.192140516115011E+00  3.212578427767323E+00
  3.407601760139538E+00  3.415354832575820E+00  3.423079717312275E+00
  3.629092733803610E+00  3.643622940134386E+00  3.658088693387535E+00
  3.774689801507505E+00  3.793475716543987E+00  3.812158460387098E+00
  3.896023810121392E+00  3.900759564191817E+00  3.905421616610246E+00
  4.246890679740811E+00  4.259670543484543E+00  4.272297561012261E+00
  4.478117920242775E+00  4.496286367799518E+00  4.514227498621144E+00
  4.241861113072161E+00  4.247759820740983E+00  4.253430791072529E+00
  4.629765834198817E+00  4.646115942631685E+00  4.662154528676881E+00
  4.874047064436731E+00  4.897801260773917E+00  4.921175959390052E+00
  4.297729119491300E+00  4.308560892238855E+00  4.319085410671407E+00
  4.596845286400227E+00  4.619000387107279E+00  4.640869413272942E+00
  4.766438798965788E+00  4.796593153962127E+00  4.826488131187788E+00
  4.160632863665803E+00  4.173756664926648E+00  4.186700139672280E+00
  4.349467589596010E+00  4.370990445402658E+00  4.392459793619596E+00
  4.438814929669504E+00  4.466038195516655E+00  4.493313579470441E+00
  4.031302333462158E+00  4.041182348317831E+00  4.051051368146400E+00
  4.179901009649420E+00  4.193821469452756E+00  4.207844456847963E+00
  4.243332281725559E+00  4.259782508607974E+00  4.276423789488738E+00
  3.960041687937195E+00  3.964926202760457E+00  3.969848875040513E+00
  4.126231970221464E+00  4.132506112013379E+00  4.138854192562921E+00
  4.206015071583608E+00  4.212998164824533E+00  4.220082054811565E+00
  3.841782785374503E+00  3.843930101691757E+00  3.846075654866457E+00
  4.018474267630181E+00  4.021478311973798E+00  4.024468565672745E+00
  4.111440467351261E+00  4.114882718369183E+00  4.118302245491629E+00
  3.603589078460117E+00  3.605306473533051E+00  3.606993231855397E+00
  3.752864962891115E+00  3.755526463701004E+00  3.758146954284848E+00
  3.832970027575621E+00  3.836208751879101E+00  3.839399767297744E+00
  3.290970668364094E+00  3.292614016976497E+00  3.294240243050734E+00
  3.398516609885077E+00  3.400830376028925E+00  3.403130240808399E+00
  3.455176282792911E+00  3.457899814949949E+00  3.460612792307578E+00
  2.986465460474454E+00  2.987581930042907E+00  2.988703837781030E+00
  3.064434855257435E+00  3.065824540313328E+00  3.067224025434146E+00
  3.105233125500352E+00  3.106769011901598E+00  3.108318027317702E+00
  2.726132312663545E+00  2.726737873730814E+00  2.727357475082999E+00
  2.787014776874143E+00  2.787724789116175E+00  2.788448941899504E+00
  2.819308817004710E+00  2.820068269169699E+00  2.820841685658928E+00
  2.504850764483332E+00  2.505285711458077E+00  2.505736158172599E+00
  2.553269974262379E+00  2.553788171712146E+00  2.554321152226831E+00
  2.579110350569374E+00  2.579675325193813E+00  2.580254406404555E+00
  2.312641230385439E+00  2.313103244809897E+00  2.313583282422165E+00
  2.350912242409273E+00  2.351441267312176E+00  2.351988771807828E+00
  2.371322061617162E+00  2.371888918086742E+00  2.372474465118098E+00
  2.145490900171586E+00  2.146017793068699E+00  2.146565288770736E+00
  2.175844508876506E+00  2.176416361565699E+00  2.177009739630978E+00
  2.192053538991097E+00  2.192648790899344E+00  2.193266064610299E+00
  2.000557015596284E+00  2.001156129440421E+00  2.001776440263897E+00
  2.024538105789291E+00  2.025171673684304E+00  2.025827215931632E+00
  2.037352991009836E+00  2.038003952617902E+00  2.038677277614433E+00
  1.874606314542151E+00  1.875282025899604E+00  1.875977973446063E+00
  1.893286930321523E+00  1.893993578178720E+00  1.894721072496116E+00
  1.903240585433550E+00  1.903962958419287E+00  1.904706482542136E+00
  1.765017150436588E+00  1.765760894146427E+00  1.766523289794363E+00
  1.779420556654070E+00  1.780192656492463E+00  1.780983902558940E+00
  1.787057095920517E+00  1.787843549862562E+00  1.788649402878856E+00
  1.669785146419817E+00  1.670580905465441E+00  1.671393550034018E+00
  1.680885866784243E+00  1.681707597858551E+00  1.682546606922992E+00
  1.686740735443121E+00  1.687575580135894E+00  1.688427904041345E+00
  1.587147109517209E+00  1.587979232792447E+00  1.588826488825065E+00
  1.595758956573018E+00  1.596614879894575E+00  1.597486248362558E+00
  1.600280668227495E+00  1.601148637523798E+00  1.602032211643381E+00
  1.515506597348779E+00  1.516362301338577E+00  1.517231517581855E+00
  1.522247383285168E+00  1.523124674696769E+00  1.524015733700044E+00
  1.525774922518303E+00  1.526663162217727E+00  1.527565300085297E+00
  1.453468249009866E+00  1.454338051196037E+00  1.455219933196982E+00
  1.458781473648663E+00  1.459670587100888E+00  1.460571993462377E+00
  1.461555722053857E+00  1.462454631983862E+00  1.463365943862274E+00
  1.399836689956479E+00  1.400714394640781E+00  1.401602945371257E+00
  1.404036455782037E+00  1.404931261825134E+00  1.405837093916118E+00
  1.406225608636905E+00  1.407129083983279E+00  1.408043677437746E+00
  1.353588987432234E+00  1.354471277153368E+00  1.355363361677041E+00
  1.356905350298403E+00  1.357802701707440E+00  1.358710001430492E+00
  1.358631166844247E+00  1.359536146554895E+00  1.360451152944271E+00
  1.313840790527510E+00  1.314726578973670E+00  1.315621258503584E+00
  1.316451802824158E+00  1.317350823187136E+00  1.318258867473278E+00
  1.317808081475231E+00  1.318713798121466E+00  1.319628606190762E+00
  1.279816687815311E+00  1.280706405577452E+00  1.281604207140290E+00
  1.281865690025700E+00  1.282767022960661E+00  1.283676558401097E+00
  1.282927990452405E+00  1.283835196815872E+00  1.284750665487174E+00
  1.250829101649626E+00  1.251723958277864E+00  1.252626121133869E+00
  1.252432653407500E+00  1.253337725674873E+00  1.254250217065798E+00
  1.253262506063641E+00  1.254172737488712E+00  1.255090444243041E+00
  1.226263973747627E+00  1.227165175992943E+00  1.228072853853224E+00
  1.227516055170957E+00  1.228426316955810E+00  1.229343171816452E+00
  1.228163027662948E+00  1.229077854419299E+00  1.229999332064660E+00
  1.205569414224884E+00  1.206477327725118E+00  1.207390735749533E+00
  1.206545050303991E+00  1.207461157391993E+00  1.208382892781235E+00
  1.207048551484786E+00  1.207968772831383E+00  1.208894687887699E+00
  1.188244914454708E+00  1.189158200079103E+00  1.190075742401878E+00
  1.189004061456866E+00  1.189925016616101E+00  1.190850390129937E+00
  1.189395379691991E+00  1.190320168946650E+00  1.191249455546454E+00
  1.173830830690043E+00  1.174745639751736E+00  1.175663108280631E+00
  1.174422188349465E+00  1.175344522201657E+00  1.176269714132922E+00
  1.174726556405550E+00  1.175652635205051E+00  1.176581669476482E+00
  1.161899103026859E+00  1.162808460234510E+00  1.163718440426295E+00
  1.162363291124260E+00  1.163280412660076E+00  1.164198396663596E+00
  1.162601635264897E+00  1.163522608001005E+00  1.164444561283613E+00
  1.152046495621402E+00  1.152940023346949E+00  1.153831664980951E+00
  1.152418249653469E+00  1.153320123822762E+00  1.154220388595333E+00
  1.152608410041196E+00  1.153514417925171E+00  1.154418953664851E+00
  1.143891428163352E+00  1.144755556242750E+00  1.145614852182380E+00
  1.144200766280112E+00  1.145074070096253E+00  1.145942843149419E+00
  1.144358152969517E+00  1.145236002750253E+00  1.146109472175566E+00
  1.137074968979197E+00  1.137893714997275E+00  1.138704363288474E+00
  1.137347515221847E+00  1.138176369035261E+00  1.138997430465720E+00
  1.137485300408236E+00  1.138319170261444E+00  1.139145401049360E+00
  1.131265809885438E+00  1.132022099739987E+00  1.132766900540020E+00
  1.131522594774762E+00  1.132289853169477E+00  1.133045906021459E+00
  1.131651618319558E+00  1.132424332836197E+00  1.133185985077741E+00
  1.126168072483473E+00  1.126845417553563E+00  1.127507997888691E+00
  1.126425173812705E+00  1.127114105464557E+00  1.127788508349905E+00
  1.126553758785260E+00  1.127248469161773E+00  1.127928770902767E+00
  1.121529815153012E+00  1.122114017036461E+00  1.122680533946990E+00
  1.121798162953730E+00  1.122394195944090E+00  1.122972712731148E+00
  1.121932012327185E+00  1.122533961299431E+00  1.123118480885515E+00
  1.117149508903115E+00  1.117629990421565E+00  1.118090403800526E+00
  1.117435079119929E+00  1.117927204146592E+00  1.118399353835802E+00
  1.117577369024492E+00  1.118075330078788E+00  1.118553364539679E+00
  1.112877933849612E+00  1.113248352741655E+00  1.113596937538582E+00
  1.113182417041831E+00  1.113563886668987E+00  1.113923542967947E+00
  1.113334130104793E+00  1.113721150046137E+00  1.114086369002481E+00
  1.108614102428724E+00  1.108872105924411E+00  1.109107095478302E+00
  1.108935980198936E+00  1.109204137115613E+00  1.109449243325551E+00
  1.109096445892259E+00  1.109369711002937E+00  1.109619908469111E+00
  1.104295713583239E+00  1.104441984035636E+00  1.104564537300384E+00
  1.104631539010833E+00  1.104786900654414E+00  1.104918470470782E+00
  1.104799080406379E+00  1.104959021816828E+00  1.105095135063363E+00
  1.099886617699120E+00  1.099923625623718E+00  1.099936566825322E+00
  1.100232220222817E+00  1.100277225623543E+00  1.100298070049460E+00
  1.100404767790018E+00  1.100453806241579E+00  1.100478637305758E+00
  1.095364946744773E+00  1.095295936652234E+00  1.095202796397017E+00
  1.095716303578457E+00  1.095654254994395E+00  1.095567974282685E+00
  1.095891845180505E+00  1.095833310986173E+00  1.095750494359434E+00
  1.090715284543138E+00  1.090543896905876E+00  1.090348627818396E+00
  1.091068921762145E+00  1.090903546426260E+00  1.090714184014815E+00
  1.091245716526996E+00  1.091083380930599E+00  1.090897006262038E+00
  1.085926515465956E+00  1.085657135343286E+00  1.085364541965833E+00
  1.086279474763036E+00  1.086015223570172E+00  1.085727648144274E+00
  1.086456044880185E+00  1.086194392984381E+00  1.085909362371107E+00
  1.080994558984064E+00  1.080633128479453E+00  1.080249703668940E+00
  1.081344111629473E+00  1.080986949887225E+00  1.080607674076633E+00
  1.081519100992452E+00  1.081164110750859E+00  1.080786947678422E+00
  1.075927249164873E+00  1.075482069423670E+00  1.075016747879169E+00
  1.076270589935984E+00  1.075828807783103E+00  1.075366753639614E+00
  1.076442607144146E+00  1.076002563365797E+00  1.075542183588198E+00
  1.070748082851835E+00  1.070230167086726E+00  1.069694578871451E+00
  1.071082178690149E+00  1.070566770037857E+00  1.070033549852540E+00
  1.071249715039359E+00  1.070735601150951E+00  1.070203607089359E+00
  1.065496576729675E+00  1.064919361001138E+00  1.064327435234872E+00
  1.065818221856933E+00  1.065242620573045E+00  1.064652165066344E+00
  1.065979673681418E+00  1.065404920908662E+00  1.064815242439029E+00
  1.060224844220445E+00  1.059603364338260E+00  1.058970432205283E+00
  1.060530858089620E+00  1.059910126933838E+00  1.059277798281085E+00
  1.060684623722486E+00  1.060064306532622E+00  1.059432319526626E+00
  1.054991679552490E+00  1.054341515352390E+00  1.053683232940084E+00
  1.055279131864639E+00  1.054628903254068E+00  1.053970412795764E+00
  1.055423725415512E+00  1.054773500952629E+00  1.054114942833002E+00
  1.049856168435365E+00  1.049192465734591E+00  1.048523861477581E+00
  1.050122536255909E+00  1.049458021965032E+00  1.048788465055841E+00
  1.050256669372883E+00  1.049591781243446E+00  1.048921779719825E+00
  1.044872538176095E+00  1.044209288505606E+00  1.043544094985198E+00
  1.045115762283189E+00  1.044451021660670E+00  1.043784198788959E+00
  1.045238375788921E+00  1.044572916527045E+00  1.043905305359803E+00
  1.040087059806654E+00  1.039436659654101E+00  1.038786929830466E+00
  1.040305525969451E+00  1.039653020535165E+00  1.039001050161536E+00
  1.040415783120833E+00  1.039762246363644E+00  1.039109176400538E+00
  1.035536906743611E+00  1.034909924575270E+00  1.034285846461234E+00
  1.035729403384493E+00  1.035099766482674E+00  1.034472903214994E+00
  1.035826670248030E+00  1.035195721610120E+00  1.034567480623093E+00
  1.031250339098784E+00  1.030655412840676E+00  1.030065240179402E+00
  1.031416033427677E+00  1.030817973855120E+00  1.030224545372338E+00
  1.031499867775045E+00  1.030900251513696E+00  1.030305204216963E+00
  1.027247491285476E+00  1.026691321723705E+00  1.026141387548754E+00
  1.027385938478943E+00  1.026826238943456E+00  1.026272664041199E+00
  1.027456094970815E+00  1.026894634984555E+00  1.026339243336489E+00
  1.023541252518026E+00  1.023028693736592E+00  1.022523512279714E+00
  1.023652427105670E+00  1.023136035809953E+00  1.022626926587095E+00
  1.023708873612262E+00  1.023190565615204E+00  1.022679491157440E+00
  1.020138042393069E+00  1.019672290694061E+00  1.019214753489437E+00
  1.020222369200753E+00  1.019752585684012E+00  1.019290939784623E+00
  1.020265302923294E+00  1.019793498737537E+00  1.019329792888008E+00
  1.017038532798000E+00  1.016621390763428E+00  1.016213036333748E+00
  1.017096896739233E+00  1.016675630009689E+00  1.016263093892520E+00
  1.017126749620785E+00  1.016703412299116E+00  1.016288776360934E+00
  1.014238469018725E+00  1.013870640272886E+00  1.013511953498996E+00
  1.014272192251265E+00  1.013900248557113E+00  1.013537409716356E+00
  1.014289619792915E+00  1.013915607826386E+00  1.013550681562378E+00
  1.011729699791557E+00  1.011411071893292E+00  1.011101769543774E+00
  1.011740484518813E+00  1.011417843577193E+00  1.011104509513539E+00
  1.011746337091004E+00  1.011421677233476E+00  1.011106314484041E+00
  1.009501406730248E+00  1.009231300827276E+00  1.008970580748970E+00
  1.009491248883407E+00  1.009217308070036E+00  1.008952750300818E+00
  1.009486528175219E+00  1.009210656833062E+00  1.008944166868988E+00
  1.007541415053119E+00  1.007318802595751E+00  1.007105556504980E+00
  1.007512498304456E+00  1.007286285707262E+00  1.007069449303092E+00
  1.007498303680463E+00  1.007270278075808E+00  1.007051633448341E+00
  1.005837421592571E+00  1.005661114306604E+00  1.005494110753264E+00
  1.005792003970080E+00  1.005612367038036E+00  1.005442052745437E+00
  1.005769474902668E+00  1.005588161007081E+00  1.005416179198406E+00
  1.004377986280224E+00  1.004246794273028E+00  1.004124827070608E+00
  1.004318293642435E+00  1.004184058664915E+00  1.004059073209208E+00
  1.004288555384551E+00  1.004152788043244E+00  1.004026282667044E+00
  1.003153160039402E+00  1.003065996346265E+00  1.002987976904830E+00
  1.003081300956700E+00  1.002991381580563E+00  1.002910634394551E+00
  1.003045420803555E+00  1.002954114216563E+00  1.002871993928045E+00
  1.002154640494926E+00  1.002110543561922E+00  1.002075509060996E+00
  1.002072554195750E+00  1.002025979689379E+00  1.001988497112229E+00
  1.002031514301007E+00  1.001983693186497E+00  1.001944978908901E+00
  1.001375373321072E+00  1.001373429905879E+00  1.001380451616607E+00
  1.001284815669694E+00  1.001280660001787E+00  1.001285499768118E+00
  1.001239505077201E+00  1.001234236880830E+00  1.001237979425253E+00
  1.000808590457450E+00  1.000847767931228E+00  1.000895772317960E+00
  1.000711153631035E+00  1.000748372696400E+00  1.000794449692899E+00
  1.000662377518897E+00  1.000698612168435E+00  1.000743720388511E+00
  1.000446415493533E+00  1.000525344690286E+00  1.000612892927407E+00
  1.000343567990753E+00  1.000420784809951E+00  1.000506652503973E+00
  1.000292067528451E+00  1.000368423883905E+00  1.000453447136106E+00
  1.000278340035234E+00  1.000395115140436E+00  1.000520210770235E+00
  1.000171468225799E+00  1.000286772119720E+00  1.000410429048944E+00
  1.000117941617641E+00  1.000232506352583E+00  1.000355440462805E+00
  1.000290009297083E+00  1.000442079032423E+00  1.000602077924009E+00
  1.000180442187178E+00  1.000331276726716E+00  1.000490072917575E+00
  1.000125557600049E+00  1.000275771570366E+00  1.000433963513891E+00
  1.000462772054229E+00  1.000646980798510E+00  1.000838657756335E+00
  1.000351777427945E+00  1.000534977199838E+00  1.000725676377680E+00
  1.000296171684979E+00  1.000478864520893E+00  1.000669072431939E+00
  1.000774308185377E+00  1.000987108102448E+00  1.001206893571242E+00
  1.000663058687022E+00  1.000875057722101E+00  1.001094070557450E+00
  1.000607320819711E+00  1.000818917480177E+00  1.001037542140989E+00
  1.001200367012402E+00  1.001438171954923E+00  1.001682520898387E+00
  1.001089885581918E+00  1.001327069766733E+00  1.001570821712541E+00
  1.001034529822046E+00  1.001271402221401E+00  1.001514854338391E+00
  1.001717311845546E+00  1.001976915622713E+00  1.002242724238918E+00
  1.001608413683687E+00  1.001867540576288E+00  1.002132890646958E+00
  1.001553850450758E+00  1.001812738009864E+00  1.002077857986736E+00
  1.002304883248622E+00  1.002583834627264E+00  1.002868794612406E+00
  1.002198133805752E+00  1.002476712092553E+00  1.002761311993451E+00
  1.002144648489476E+00  1.002423039794498E+00  1.002707459271442E+00
  1.002948468397225E+00  1.003245294432230E+00  1.003548079464161E+00
  1.002844173208492E+00  1.003140692348994E+00  1.003443179430862E+00
  1.002791920765282E+00  1.003088286363106E+00  1.003390624403781E+00
  1.003640249459645E+00  1.003954450684316E+00  1.004274667450519E+00
  1.003538483254875E+00  1.003852415176741E+00  1.004172369788305E+00
  1.003487502456409E+00  1.003801299815597E+00  1.004121123438874E+00
  1.004378882868469E+00  1.004710682342578E+00  1.005048580929757E+00
  1.004279554786258E+00  1.004611107798305E+00  1.004948768034897E+00
  1.004229800640219E+00  1.004561230524989E+00  1.004898771663561E+00
  1.005167753976296E+00  1.005517652839784E+00  1.005873662704845E+00
  1.005070695885727E+00  1.005420371976810E+00  1.005776170680351E+00
  1.005022083793319E+00  1.005371648469670E+00  1.005727341519184E+00
  1.006012245217790E+00  1.006380500688199E+00  1.006754718124581E+00
  1.005917303767958E+00  1.006285374558369E+00  1.006659424015909E+00
  1.005869755736710E+00  1.006237733931167E+00  1.006611699093070E+00
  1.006916739093012E+00  1.007302916140171E+00  1.007694696409875E+00
  1.006823850953257E+00  1.007209903959425E+00  1.007601582144929E+00
  1.006777333551354E+00  1.007163324027263E+00  1.007554950618271E+00
  1.007882165317616E+00  1.008284903784162E+00  1.008692690434722E+00
  1.007791399668073E+00  1.008194098191939E+00  1.008601870830107E+00
  1.007745945663944E+00  1.008148623492299E+00  1.008556388374334E+00
  1.008904751110482E+00  1.009321828429566E+00  1.009743279209873E+00
  1.008816312891381E+00  1.009233452024344E+00  1.009654992332295E+00
  1.008772023229143E+00  1.009189192413099E+00  1.009610776621943E+00
  1.009976253663720E+00  1.010404916715653E+00  1.010837271197565E+00
  1.009890453093069E+00  1.010319287871486E+00  1.010751841503954E+00
  1.009847481867142E+00  1.010276401611236E+00  1.010709053926707E+00
  1.011085415905372E+00  1.011522828701172E+00  1.011963336325574E+00
  1.011002620961792E+00  1.011440315182299E+00  1.011881130643266E+00
  1.010961151687950E+00  1.011398985741977E+00  1.011839954246895E+00
  1.012219829104010E+00  1.012663376382900E+00  1.013109508635317E+00
  1.012140424341883E+00  1.012584360484064E+00  1.013030908646194E+00
  1.012100649215695E+00  1.012544778934114E+00  1.012991534184407E+00
  1.013366996689837E+00  1.013814144175882E+00  1.014263297525561E+00
  1.013291370990965E+00  1.013739020458734E+00  1.014188707842450E+00
  1.013253484501698E+00  1.013701384073217E+00  1.014151337548783E+00
  1.014513360862890E+00  1.014960837994728E+00  1.015409327254307E+00
  1.014441937634015E+00  1.014890053870805E+00  1.015339225770995E+00
  1.014406151393127E+00  1.014854586169392E+00  1.015304098310404E+00
  1.015640491143454E+00  1.016082740905796E+00  1.016524086497602E+00
  1.015573798928134E+00  1.016016873872281E+00  1.016459106615701E+00
  1.015540376805172E+00  1.015983863108610E+00  1.016426538111864E+00
  1.016718516590654E+00  1.017145621182316E+00  1.017568410936270E+00
  1.016657280440765E+00  1.017085469215844E+00  1.017509428598254E+00
  1.016626584256378E+00  1.017055313630375E+00  1.017479856254343E+00
  1.017698029862301E+00  1.018093609265428E+00  1.018479498987402E+00
  1.017643249450235E+00  1.018040258008651E+00  1.018427686294411E+00
  1.017615778240199E+00  1.018013499673465E+00  1.018401695493826E+00
  1.018502813251267E+00  1.018842630325876E+00  1.019165260376941E+00
  1.018455786918997E+00  1.018797456118930E+00  1.019122065280152E+00
  1.018432189336300E+00  1.018774782859259E+00  1.019100379861376E+00
  1.019026521289123E+00  1.019278638582161E+00  1.019504314434946E+00
  1.018988778035311E+00  1.019243211555534E+00  1.019471333505345E+00
  1.018969818821631E+00  1.019225408981847E+00  1.019454752634729E+00
  1.019136623093178E+00  1.019263878657871E+00  1.019354728577623E+00
  1.019109736843209E+00  1.019239744684671E+00  1.019333456665548E+00
  1.019096204454048E+00  1.019227587643847E+00  1.019322730120961E+00
  1.018688223032155E+00  1.018653466932126E+00  1.018573393078289E+00
  1.018673504726247E+00  1.018641810611146E+00  1.018564859248758E+00
  1.018666057776896E+00  1.018635895038342E+00  1.018560505698353E+00
  1.017548641751260E+00  1.017322560758890E+00  1.017045610866382E+00
  1.017546734477136E+00  1.017323783410535E+00  1.017049943837769E+00
  1.017545699502173E+00  1.017324315445167E+00  1.017052033592539E+00
  1.015630784419167E+00  1.015201267355563E+00  1.014721131070656E+00
  1.015641223674503E+00  1.015214552101363E+00  1.014737136205688E+00
  1.015646375097377E+00  1.015221130351775E+00  1.014745079317137E+00
  1.012929672536019E+00  1.012310713380643E+00  1.011649121826669E+00
  1.012950511420298E+00  1.012333685443723E+00  1.011673985026776E+00
  1.012960883491117E+00  1.012345130338400E+00  1.011686382291524E+00
  1.009553088346432E+00  1.008790568842099E+00  1.008001871489850E+00
  1.009580711204812E+00  1.008819176256064E+00  1.008031114292467E+00
  1.009594503613566E+00  1.008833469059321E+00  1.008045733343225E+00
  1.005735775908547E+00  1.004907588364081E+00  1.004077156423059E+00
  1.005765013161741E+00  1.004936305941315E+00  1.004104931962784E+00
  1.005779646832359E+00  1.004950689057136E+00  1.004118853536034E+00
  1.001828723769299E+00  1.001037862241378E+00  1.000273390699498E+00
  1.001853321877243E+00  1.001060250877069E+00  1.000293128405349E+00
  1.001865672289032E+00  1.001071505903413E+00  1.000303067189477E+00
  9.982610763547014E-01  9.976223009827562E-01  9.970391612404098E-01
  9.982744795458840E-01  9.976318518522508E-01  9.970444631002265E-01
  9.982812664083864E-01  9.976367206807759E-01  9.970472150868906E-01
  9.954803630008349E-01  9.951030605494017E-01  9.948067413769037E-01
  9.954766633552479E-01  9.950941599462817E-01  9.947923478601139E-01
  9.954749253657109E-01  9.950898271648700E-01  9.947852735647172E-01
  9.938836282376938E-01  9.938546792394012E-01  9.939242394476284E-01
  9.938584814145440E-01  9.938234855882536E-01  9.938868551348992E-01
  9.938460349090333E-01  9.938080180368147E-01  9.938682937108387E-01
  9.937548142449160E-01  9.941252176837910E-01  9.946013126744052E-01
  9.937061223225813E-01  9.940702621218307E-01  9.945401160874100E-01
  9.936819044015577E-01  9.940429110762139E-01  9.945096422967965E-01
  9.952217758043259E-01  9.959997101520071E-01  9.968795096854979E-01
  9.951499962469413E-01  9.959220990573212E-01  9.967962463385566E-01
  9.951142215091225E-01  9.958834038212451E-01  9.967547194532514E-01
  9.982411671485961E-01  9.993926327934231E-01  1.000632371030945E+00
  9.981491902426193E-01  9.992958167606470E-01  1.000531016510634E+00
  9.981032918323480E-01  9.992474914375593E-01  1.000480414059300E+00
  1.002613188315409E+00  1.004069789060640E+00  1.005594117381544E+00
  1.002505813417059E+00  1.003958950531882E+00  1.005480184279653E+00
  1.002452183067529E+00  1.003903579591749E+00  1.005423257067328E+00
  1.008022019060032E+00  1.009693970130182E+00  1.011409864528760E+00
  1.007905143519063E+00  1.009575163130416E+00  1.011289505118740E+00
  1.007846727070178E+00  1.009515772064260E+00  1.011229329064113E+00
  1.014092336732082E+00  1.015883636763120E+00  1.017695596853295E+00
  1.013972038314868E+00  1.015762871732101E+00  1.017574703709594E+00
  1.013911876823802E+00  1.015702469063174E+00  1.017514229450678E+00
  1.020448745172937E+00  1.022271020291049E+00  1.024094112707310E+00
  1.020330464499132E+00  1.022153498255776E+00  1.023977614918596E+00
  1.020271284237160E+00  1.022094691166516E+00  1.023919314252757E+00
  1.026764870161442E+00  1.028547028806056E+00  1.030315228721882E+00
  1.026652862018772E+00  1.028436674912241E+00  1.030206711383462E+00
  1.026596798212605E+00  1.028381434006759E+00  1.030152384966649E+00
  1.032793000350462E+00  1.034485389454795E+00  1.036154370941890E+00
  1.032690128343709E+00  1.034384732117434E+00  1.036056035471616E+00
  1.032638620544465E+00  1.034334329120984E+00  1.036006791216228E+00
  1.038372005586473E+00  1.039945560346321E+00  1.041490825253228E+00
  1.038279843731321E+00  1.039855894907988E+00  1.041403707280289E+00
  1.038233685200254E+00  1.039810983273045E+00  1.041360068279124E+00
  1.043417815478568E+00  1.044859965215610E+00  1.046272256449901E+00
  1.043336941895805E+00  1.044781675794630E+00  1.046196567338301E+00
  1.043296425858453E+00  1.044742451236965E+00  1.046158642435862E+00
  1.047904367060795E+00  1.049213803729875E+00  1.050493863382221E+00
  1.047834714611712E+00  1.049146711194220E+00  1.050429329403035E+00
  1.047799809725140E+00  1.049113085978175E+00  1.050396983209217E+00
  1.051842919779232E+00  1.053024887290214E+00  1.054179033978135E+00
  1.051784078580899E+00  1.052968530282228E+00  1.054125153143465E+00
  1.051754580789739E+00  1.052940274395898E+00  1.054098135157314E+00
  1.055265111291032E+00  1.056328067485741E+00  1.057365239389973E+00
  1.055216530997029E+00  1.056281877804027E+00  1.057321430171680E+00
  1.055192165389718E+00  1.056258707357280E+00  1.057299449824682E+00
  1.058211887462479E+00  1.059165642463546E+00  1.060095860314754E+00
  1.058172976085173E+00  1.059129021361266E+00  1.060061517345958E+00
  1.058153446894227E+00  1.059110637271918E+00  1.060044272331201E+00
  1.060727864327008E+00  1.061582830596969E+00  1.062416646082393E+00
  1.060698010773720E+00  1.061555157735983E+00  1.062391137920797E+00
  1.060683012989501E+00  1.061541250487189E+00  1.062378313289370E+00
  1.062859319997081E+00  1.063626347072035E+00  1.064374746068373E+00
  1.062837877742945E+00  1.063606959769158E+00  1.064357392033094E+00
  1.062827089043045E+00  1.063597199067853E+00  1.064348648593710E+00
  1.064653764289694E+00  1.065344091360781E+00  1.066018420974490E+00
  1.064640029275453E+00  1.065332264839470E+00  1.066008474995148E+00
  1.064633098870246E+00  1.065326289599688E+00  1.066003441062062E+00
  1.066159491973065E+00  1.066784524909386E+00  1.067396200929740E+00
  1.066152696095192E+00  1.066779471595527E+00  1.067392857052474E+00
  1.066149241256663E+00  1.066776889352314E+00  1.067391130951962E+00
  1.067424276187514E+00  1.067995092813921E+00  1.068555038004235E+00
  1.067423604433349E+00  1.067995985573558E+00  1.068557459440159E+00
  1.067423218817698E+00  1.067996383858671E+00  1.068558623797766E+00
  1.068493096547191E+00  1.069019747766081E+00  1.069537661706768E+00
  1.068497724568757E+00  1.069025761543067E+00  1.069545025798618E+00
  1.068499996798668E+00  1.069028728515631E+00  1.069548669853750E+00
  1.069405343204709E+00  1.069896118422237E+00  1.070379762614034E+00
  1.069414484815217E+00  1.069906478543446E+00  1.070391309068740E+00
  1.069419022108596E+00  1.069911627047551E+00  1.070397052721684E+00
  1.070192215062552E+00  1.070653069228189E+00  1.071107762007466E+00
  1.070205166453029E+00  1.070667093125311E+00  1.071122831376643E+00
  1.070211616713396E+00  1.070674081558346E+00  1.071130344461039E+00
  1.070875030596417E+00  1.071309333290339E+00  1.071737797628000E+00
  1.070891199747669E+00  1.071326455057838E+00  1.071755850609355E+00
  1.070899266342685E+00  1.071334999741873E+00  1.071764862653287E+00
  1.071464941721336E+00  1.071873624976818E+00  1.072276240149081E+00
  1.071483856435061E+00  1.071893397746714E+00  1.072296854335505E+00
  1.071493302343524E+00  1.071903274257843E+00  1.072307153086018E+00
  1.071964175734976E+00  1.072346254499603E+00  1.072721659387185E+00
  1.071985470157899E+00  1.072368332161422E+00  1.072744506596682E+00
  1.071996111381670E+00  1.072379366340174E+00  1.072755926833548E+00
  1.072368543126045E+00  1.072721891125503E+00  1.073067802828643E+00
  1.072391928538770E+00  1.072745996403261E+00  1.073092615102384E+00
  1.072403619629372E+00  1.072758048518443E+00  1.073105021754345E+00
  1.072670652457802E+00  1.072992862071937E+00  1.073306931408926E+00
  1.072695881699214E+00  1.073018750809331E+00  1.073333465791928E+00
  1.072708498062634E+00  1.073031697783215E+00  1.073346736399371E+00
  1.072863145960805E+00  1.073152296085873E+00  1.073432829856809E+00
  1.072889981284974E+00  1.073179727192713E+00  1.073460840879910E+00
  1.072903403158818E+00  1.073193447613789E+00  1.073474851866799E+00
  1.072941332232563E+00  1.073196529272493E+00  1.073442960098176E+00
  1.072969523911221E+00  1.073225246699564E+00  1.073472185281522E+00
  1.072983625680222E+00  1.073239611818325E+00  1.073486804710390E+00
  1.072904806394043E+00  1.073126433007925E+00  1.073339490974391E+00
  1.072934085198416E+00  1.073156161734781E+00  1.073369650197090E+00
  1.072948731630472E+00  1.073171033450226E+00  1.073384737444566E+00
  1.072757932147520E+00  1.072947612374547E+00  1.073129224532693E+00
  1.072788014575639E+00  1.072978066324268E+00  1.073160030326642E+00
  1.072803063424592E+00  1.072993301129956E+00  1.073175441218727E+00
  1.072509324211432E+00  1.072669671034929E+00  1.072822665815008E+00
  1.072539926310416E+00  1.072700568261914E+00  1.072853839555654E+00
  1.072555235216871E+00  1.072716024829382E+00  1.072869434452257E+00
  1.072170646334255E+00  1.072304886971814E+00  1.072432602027672E+00
  1.072201500823212E+00  1.072335966812030E+00  1.072463890805954E+00
  1.072216935866357E+00  1.072351514555344E+00  1.072479543025048E+00
  1.071755103339911E+00  1.071866678118699E+00  1.071972564218428E+00
  1.071785975302311E+00  1.071897715906346E+00  1.072003754393131E+00
  1.071801418834395E+00  1.071913242326970E+00  1.072019356971582E+00
  1.071275969257034E+00  1.071368179831150E+00  1.071455469588952E+00
  1.071306667258586E+00  1.071398996514203E+00  1.071486394834710E+00
  1.071322023447995E+00  1.071414411991113E+00  1.071501864532999E+00
  1.070745395726676E+00  1.070821148866786E+00  1.070892628697745E+00
  1.070775777033251E+00  1.070851614631511E+00  1.070923172065116E+00
  1.070790974454409E+00  1.070866854213460E+00  1.070938450376812E+00
  1.070173628102297E+00  1.070235292137519E+00  1.070293187765957E+00
  1.070203598149084E+00  1.070265324491058E+00  1.070323278460169E+00
  1.070218589498208E+00  1.070280346919422E+00  1.070338329983639E+00
  1.069568652851900E+00  1.069618020915071E+00  1.069663985814118E+00
  1.069598160023904E+00  1.069647578436584E+00  1.069693592020243E+00
  1.069612919494660E+00  1.069662363007813E+00  1.069708400859826E+00
  1.068936224759131E+00  1.068974564110033E+00  1.069009747380059E+00
  1.068965251941445E+00  1.069003637373184E+00  1.069038866662241E+00
  1.068979770992070E+00  1.069018179393880E+00  1.069053431623564E+00
  1.068280178179254E+00  1.068308337328550E+00  1.068333501619702E+00
  1.068308732605780E+00  1.068336938511780E+00  1.068362150389885E+00
  1.068323014881570E+00  1.068351244103387E+00  1.068376479715026E+00
  1.067602908303698E+00  1.067621451841695E+00  1.067637111370317E+00
  1.067631011137969E+00  1.067649604421383E+00  1.067665314778209E+00
  1.067645067263176E+00  1.067663685368762E+00  1.067679421092905E+00
  1.066905909699980E+00  1.066915253237841E+00  1.066921805428965E+00
  1.066933586598463E+00  1.066942982956595E+00  1.066949588801717E+00
  1.066947429459080E+00  1.066956852192854E+00  1.066963484835223E+00
  1.066190275294536E+00  1.066190798710961E+00  1.066188629527402E+00
  1.066217548935811E+00  1.066218126721985E+00  1.066216012170488E+00
  1.066231189942033E+00  1.066231794897518E+00  1.066229707651770E+00
  1.065457085526535E+00  1.065449210783445E+00  1.065438762320165E+00
  1.065483970725984E+00  1.065476149483115E+00  1.065465754078436E+00
  1.065497417363215E+00  1.065489622874542E+00  1.065479254008404E+00
  1.064707650387509E+00  1.064691879242667E+00  1.064673677277626E+00
  1.064734151975546E+00  1.064718430848500E+00  1.064700277792115E+00
  1.064747406734056E+00  1.064731710637685E+00  1.064713582061735E+00
  1.063943601073819E+00  1.063920516478481E+00  1.063895163735301E+00
  1.063969714261420E+00  1.063946673964623E+00  1.063921363902227E+00
  1.063982774809142E+00  1.063959756696698E+00  1.063934468012738E+00
  1.063166856945716E+00  1.063137098204641E+00  1.063105244612111E+00
  1.063192569527131E+00  1.063162847866946E+00  1.063131029449996E+00
  1.063205429803327E+00  1.063175726726077E+00  1.063143925940759E+00
  1.062379512218994E+00  1.062343737047725E+00  1.062306040413202E+00
  1.062404807749728E+00  1.062369061809071E+00  1.062331392435520E+00
  1.062417459550665E+00  1.062381728269084E+00  1.062344072569637E+00
  1.061583692644600E+00  1.061542538867560E+00  1.061499628143296E+00
  1.061608553722534E+00  1.061567421476646E+00  1.061524530427978E+00
  1.061620988343661E+00  1.061579866903280E+00  1.061536985731076E+00
  1.060781426033968E+00  1.060735482487450E+00  1.060687932065867E+00
  1.060805836985601E+00  1.060759907979210E+00  1.060712370463933E+00
  1.060818046570370E+00  1.060772124866863E+00  1.060724593835718E+00
  1.059974555511346E+00  1.059924347019698E+00  1.059872665617686E+00
  1.059998504078827E+00  1.059948304118370E+00  1.059896629869064E+00
  1.060010482470035E+00  1.059960286799722E+00  1.059908616149428E+00
  1.059164706097903E+00  1.059110692627423E+00  1.059055325738044E+00
  1.059188184047290E+00  1.059134174093459E+00  1.059078809572305E+00
  1.059199927098921E+00  1.059145918920338E+00  1.059090555598672E+00
  1.058353298861452E+00  1.058295885323149E+00  1.058237227007155E+00
  1.058376301704193E+00  1.058318887492957E+00  1.058260227527158E+00
  1.058387807147923E+00  1.058330392611292E+00  1.058271731830638E+00
  1.057541596089296E+00  1.057481147426041E+00  1.057419555891121E+00
  1.057564122270267E+00  1.057503669321489E+00  1.057442072630946E+00
  1.057575389312327E+00  1.057514934228112E+00  1.057453334966565E+00
  1.056730757188066E+00  1.056667613401986E+00  1.056603425279874E+00
  1.056752807126386E+00  1.056689655786905E+00  1.056625459297823E+00
  1.056763835967943E+00  1.056700680857114E+00  1.056636480189734E+00
  1.055921887504739E+00  1.055856374712207E+00  1.055789914644945E+00
  1.055943462797345E+00  1.055877939373908E+00  1.055811467893510E+00
  1.055954254234225E+00  1.055888725499783E+00  1.055822248317249E+00
  1.055116068718449E+00  1.055048504438450E+00  1.054980088765945E+00
  1.055137171676382E+00  1.055069593823306E+00  1.055001163826625E+00
  1.055147726864313E+00  1.055080142228557E+00  1.055011705073601E+00
  1.054314367101496E+00  1.054245060040737E+00  1.054174995324101E+00
  1.054335000638863E+00  1.054265677227709E+00  1.054195595457707E+00
  1.054345321035344E+00  1.054275989452024E+00  1.054205899158192E+00
  1.053517822468556E+00  1.053447068504241E+00  1.053375646837482E+00
  1.053537990249506E+00  1.053467217399762E+00  1.053395776215909E+00
  1.053548077685708E+00  1.053477295394981E+00  1.053405844453987E+00
  1.052727424724844E+00  1.052655501351197E+00  1.052582994742833E+00
  1.052747131419673E+00  1.052675186951847E+00  1.052602658708381E+00
  1.052756988228102E+00  1.052685033213205E+00  1.052612494151782E+00
  1.051944086378110E+00  1.051871247636929E+00  1.051797903317947E+00
  1.051963337886892E+00  1.051890476227832E+00  1.051817108550526E+00
  1.051972967013771E+00  1.051900093893908E+00  1.051826714535131E+00
  1.051168618724815E+00  1.051095091871902E+00  1.051021129535652E+00
  1.051187422277493E+00  1.051113871086796E+00  1.051039884071658E+00
  1.051196827333821E+00  1.051123263970601E+00  1.051049264611991E+00
  1.050401717396382E+00  1.050327701640779E+00  1.050253312721064E+00
  1.050420081504506E+00  1.050346040375864E+00  1.050271625831981E+00
  1.050429266742889E+00  1.050355212922656E+00  1.050280785561308E+00
  1.049643960124946E+00  1.049569627041373E+00  1.049494975482029E+00
  1.049661894416253E+00  1.049587535265448E+00  1.049512857464565E+00
  1.049670864648772E+00  1.049596492458253E+00  1.049521801530285E+00
  1.048895816291171E+00  1.048821311129333E+00  1.048746534828237E+00
  1.048913331288238E+00  1.048838799654869E+00  1.048763996772053E+00
  1.048922091775899E+00  1.048847546900018E+00  1.048772730719453E+00
  1.048157664328538E+00  1.048083107441211E+00  1.048008319637757E+00
  1.048174771233560E+00  1.048100187715132E+00  1.048025373224895E+00
  1.048183327578400E+00  1.048108730737302E+00  1.048033902896457E+00
  1.047429809795560E+00  1.047355297669597E+00  1.047280587851443E+00
  1.047446520322330E+00  1.047371981618005E+00  1.047297245214462E+00
  1.047454878382989E+00  1.047380326382151E+00  1.047305576678502E+00
  1.046712494487713E+00  1.046638100222567E+00  1.046563534486304E+00
  1.046728820751996E+00  1.046654400153820E+00  1.046579808123153E+00
  1.046736986588489E+00  1.046662552816322E+00  1.046587947630899E+00
  1.046005886027952E+00  1.045931659411773E+00  1.045857280484700E+00
  1.046021840480439E+00  1.045947587957747E+00  1.045873183206676E+00
  1.046029820320360E+00  1.045955554836814E+00  1.045881137166071E+00
  1.045310038519409E+00  1.045236006001858E+00  1.045161833240661E+00
  1.045325633890247E+00  1.045251576065128E+00  1.045177378120785E+00
  1.045333434100913E+00  1.045259363614321E+00  1.045185153070642E+00
  1.044624818163423E+00  1.044550982998422E+00  1.044477012624930E+00
  1.044640067385938E+00  1.044566207673958E+00  1.044492212916818E+00
  1.044647694436245E+00  1.044573822443041E+00  1.044499815486279E+00
  1.043949793251194E+00  1.043876135962035E+00  1.043802341659619E+00
  1.043964709340129E+00  1.043891028410789E+00  1.043817210666394E+00
  1.043972169739819E+00  1.043898476982671E+00  1.043824647509521E+00
