  7.521579784072915E+00  7.511054667653142E+00  7.500519467651962E+00

  9.835146635106800E-01  9.835144426555490E-01  9.835148532628815E-01
  9.833625098153823E-01  9.833601055583262E-01  9.833583118286953E-01
  9.832198414236902E-01  9.832153069807084E-01  9.832113659616275E-01
  9.835081730091590E-01  9.835079545353674E-01  9.835083677376725E-01
  9.833564907958916E-01  9.833540837339759E-01  9.833522873632896E-01
  9.832145527470967E-01  9.832100092403351E-01  9.832060592133989E-01
  9.835038012029206E-01  9.835035929322845E-01  9.835040166822336E-01
  9.833528259489277E-01  9.833504224435704E-01  9.833486298468058E-01
  9.832117115578447E-01  9.832071650691683E-01  9.832032121317038E-01
  9.835038012029206E-01  9.835035929322845E-01  9.835040166822336E-01
  9.833528259489277E-01  9.833504224435704E-01  9.833486298468058E-01
  9.832117115578447E-01  9.832071650691683E-01  9.832032121317038E-01
  9.835081730091590E-01  9.835079545353674E-01  9.835083677376725E-01
  9.833564907958916E-01  9.833540837339759E-01  9.833522873632896E-01
  9.832145527470967E-01  9.832100092403351E-01  9.832060592133989E-01
  9.835146635106800E-01  9.835144426555490E-01  9.835148532628815E-01
  9.833625098153823E-01  9.833601055583262E-01  9.833583118286953E-01
  9.832198414236902E-01  9.832153069807084E-01  9.832113659616275E-01
  9.835229211385945E-01  9.835227094018294E-01  9.835231291320754E-01
  9.833704839754042E-01  9.833680924686996E-01  9.833663114748057E-01
  9.832272579883959E-01  9.832227414609547E-01  9.832188183942046E-01
  9.835328852995147E-01  9.835326957953537E-01  9.835331380025998E-01
  9.833802703027379E-01  9.833779034186205E-01  9.833761472247761E-01
  9.832366236136258E-01  9.832321357670496E-01  9.832282415599018E-01
  9.835445609228077E-01  9.835444076250708E-01  9.835448865201526E-01
  9.833918216485333E-01  9.833894924064379E-01  9.833877742397696E-01
  9.832478475140295E-01  9.832434004333431E-01  9.832395473398569E-01
  9.835579711557565E-01  9.835578685686840E-01  9.835583988782134E-01
  9.834051306557454E-01  9.834028528286027E-01  9.834011866693834E-01
  9.832608882684370E-01  9.832564949779620E-01  9.832526962021476E-01
  9.835731436501546E-01  9.835731066109706E-01  9.835737033740024E-01
  9.834202071758759E-01  9.834179950505454E-01  9.834163953827221E-01
  9.832757317972567E-01  9.832714060024971E-01  9.832676754281882E-01
  9.835901064882078E-01  9.835901500228333E-01  9.835908284441138E-01
  9.834370688097727E-01  9.834349370153025E-01  9.834334186487662E-01
  9.832923794397312E-01  9.832881353336941E-01  9.832844873224812E-01
  9.836088871070953E-01  9.836090263139823E-01  9.836098016479541E-01
  9.834557368080890E-01  9.834537001780314E-01  9.834522781081154E-01
  9.833108414995642E-01  9.833066936047362E-01  9.833031428328795E-01
  9.836295121025304E-01  9.836297620578529E-01  9.836306495160247E-01
  9.834762341891200E-01  9.834743076465672E-01  9.834729969389374E-01
  9.833311336471304E-01  9.833270966818025E-01  9.833236580045123E-01
  9.836520072246696E-01  9.836523829090162E-01  9.836533975901001E-01
  9.834985847768175E-01  9.834967832406948E-01  9.834955989395181E-01
  9.833532748112808E-01  9.833493635779439E-01  9.833460519182294E-01
  9.836763974009347E-01  9.836769136479434E-01  9.836780704904159E-01
  9.835228126531530E-01  9.835211509666845E-01  9.835201080262036E-01
  9.833772858813156E-01  9.833735151778629E-01  9.833703454399370E-01
  9.837027067840147E-01  9.837033782491994E-01  9.837046920038985E-01
  9.835489418431622E-01  9.835474347241578E-01  9.835465479625570E-01
  9.834031888903533E-01  9.833995734443128E-01  9.833965604509688E-01
  9.837309588380145E-01  9.837317999841823E-01  9.837332852029201E-01
  9.835769961579049E-01  9.835756581685312E-01  9.835749422411533E-01
  9.834310065114695E-01  9.834275609357245E-01  9.834247193874325E-01
  9.837611764593056E-01  9.837622015542414E-01  9.837638725899115E-01
  9.836069991484665E-01  9.836058446808265E-01  9.836053140686789E-01
  9.834607617659896E-01  9.834575005328469E-01  9.834548449849201E-01
  9.837933821107264E-01  9.837946052329813E-01  9.837964762469558E-01
  9.836389741291734E-01  9.836380174025652E-01  9.836376864118012E-01
  9.834924778735435E-01  9.834894153031530E-01  9.834869601566930E-01
  9.838275979583242E-01  9.838290330075553E-01  9.838311179808916E-01
  9.836729442408388E-01  9.836721993067671E-01  9.836720820751848E-01
  9.835261781927855E-01  9.835233284517969E-01  9.835210879542003E-01
  9.838638459922904E-01  9.838655067013740E-01  9.838678194471717E-01
  9.837089325274748E-01  9.837084132790805E-01  9.837085237863733E-01
  9.835618862146391E-01  9.835592633214087E-01  9.835572515727710E-01
  9.839021481295810E-01  9.839040480765057E-01  9.839066022515445E-01
  9.837469620133947E-01  9.837466821967136E-01  9.837470342759913E-01
  9.835996255825455E-01  9.835972434158979E-01  9.835954743783984E-01
  9.839425262952395E-01  9.839446789134445E-01  9.839474880278888E-01
  9.837870557716737E-01  9.837870289968659E-01  9.837876363457027E-01
  9.836394201228711E-01  9.836372924321718E-01  9.836357799403106E-01
  9.839850024820742E-01  9.839874210684179E-01  9.839904984928598E-01
  9.838292369790433E-01  9.838294767303583E-01  9.838303529202287E-01
  9.836812938748035E-01  9.836794342897872E-01  9.836781920600101E-01
  9.840295987901748E-01  9.840322965100826E-01  9.840356554795381E-01
  9.838735289555441E-01  9.838740485992573E-01  9.838752070826748E-01
  9.837252711136135E-01  9.837236931529549E-01  9.837227347917367E-01
  9.840763374470752E-01  9.840793273366575E-01  9.840829809513465E-01
  9.839199551880471E-01  9.839207679779496E-01  9.839222220929374E-01
  9.837713763639139E-01  9.837700934419408E-01  9.837694324517845E-01
  9.841252408119620E-01  9.841285357770293E-01  9.841324969998939E-01
  9.839685393388473E-01  9.839696584190748E-01  9.839714213907937E-01
  9.838196344015968E-01  9.838186598328152E-01  9.838183096158765E-01
  9.841763313629259E-01  9.841799441748932E-01  9.841842258258575E-01
  9.840193052391601E-01  9.840207436442722E-01  9.840228285837288E-01
  9.838700702439840E-01  9.838694172452471E-01  9.838693911044400E-01
  9.842296316730400E-01  9.842335749617268E-01  9.842381897087118E-01
  9.840722768707667E-01  9.840740475230256E-01  9.840764674228250E-01
  9.839227091291337E-01  9.839223908193625E-01  9.839227019568642E-01
  9.842851643722200E-01  9.842894506155278E-01  9.842944109622017E-01
  9.841274783347428E-01  9.841295940385545E-01  9.841323617656484E-01
  9.839775764845945E-01  9.839776058819951E-01  9.839782673950909E-01
  9.843429521000089E-01  9.843475936104300E-01  9.843529118806491E-01
  9.841849338107878E-01  9.841874072442544E-01  9.841905355296334E-01
  9.840346978871279E-01  9.840350879038779E-01  9.840361127780985E-01
  9.844030174488508E-01  9.844080263567441E-01  9.844137146756107E-01
  9.842446675071400E-01  9.842475112106787E-01  9.842510126359402E-01
  9.840940990138770E-01  9.840948624482614E-01  9.840962635477801E-01
  9.844653828986418E-01  9.844707711321926E-01  9.844768414036497E-01
  9.843067036018043E-01  9.843099299637478E-01  9.843138169444567E-01
  9.841558055853148E-01  9.841569551112669E-01  9.841587451664984E-01
  9.845300707431581E-01  9.845358500049046E-01  9.845423138857552E-01
  9.843710661756402E-01  9.843746874146578E-01  9.843789721803468E-01
  9.842198433004049E-01  9.842213914542761E-01  9.842235830465177E-01
  9.845971030079254E-01  9.846032847476662E-01  9.846101536178620E-01
  9.844377791373292E-01  9.844418072813683E-01  9.844465018518985E-01
  9.842862377646785E-01  9.842881969288658E-01  9.842908024716330E-01
  9.846665013615120E-01  9.846730967453232E-01  9.846803816742723E-01
  9.845068661423408E-01  9.845113130036811E-01  9.845164291615727E-01
  9.843550144128591E-01  9.843573967957953E-01  9.843604285123518E-01
  9.847382870194689E-01  9.847453068945248E-01  9.847530186031431E-01
  9.845783505054146E-01  9.845832276514892E-01  9.845887769098474E-01
  9.844261984265330E-01  9.844290160386905E-01  9.844324859353610E-01
  9.848124806416366E-01  9.848199354966434E-01  9.848280843149473E-01
  9.846522551066179E-01  9.846575738265194E-01  9.846635673924271E-01
  9.844998146458407E-01  9.845030792718417E-01  9.845069991070992E-01
  9.848891022225156E-01  9.848970021438129E-01  9.849055979640980E-01
  9.847286022888497E-01  9.847343735557625E-01  9.847408222893570E-01
  9.845758874716423E-01  9.845796106389557E-01  9.845839918887291E-01
  9.849681709713826E-01  9.849765255949851E-01  9.849855778208910E-01
  9.848074137431999E-01  9.848136481729713E-01  9.848205625425079E-01
  9.846544407540022E-01  9.846586336984680E-01  9.846634875180590E-01
  9.850497051828222E-01  9.850585236425426E-01  9.850680411342733E-01
  9.848887103826377E-01  9.848954181880202E-01  9.849028082206983E-01
  9.847354976674714E-01  9.847401712946491E-01  9.847455084766087E-01
  9.851337220962796E-01  9.851430129675204E-01  9.851530039830240E-01
  9.849725122071151E-01  9.849797031461371E-01  9.849875783734214E-01
  9.848190805806182E-01  9.848242454203590E-01  9.848300763460511E-01
  9.852202377489910E-01  9.852300089870980E-01  9.852404811183011E-01
  9.850588381683543E-01  9.850665214847864E-01  9.850748908802498E-01
  9.849052109325360E-01  9.849108770838350E-01  9.849172116656760E-01
  9.853092668283829E-01  9.853195257004591E-01  9.853304858034514E-01
  9.851477060408075E-01  9.851558903959793E-01  9.851647623045835E-01
  9.849939091230298E-01  9.850000861887709E-01  9.850069338020512E-01
  9.854008225293831E-01  9.854115755398773E-01  9.854230296590535E-01
  9.852391322942891E-01  9.852478256927693E-01  9.852572077534341E-01
  9.850851944028417E-01  9.850918914191324E-01  9.850992608271012E-01
  9.854949164060134E-01  9.855061692189968E-01  9.855181225076286E-01
  9.853331319438278E-01  9.853423416588101E-01  9.853522407257236E-01
  9.851790847256433E-01  9.851863100945774E-01  9.851942093752479E-01
  9.855915582012094E-01  9.856033155642500E-01  9.856157722062854E-01
  9.854297183486572E-01  9.854394508528075E-01  9.854498729218271E-01
  9.852755965209959E-01  9.852833579535991E-01  9.852917944362906E-01
  9.856907556356365E-01  9.857030213091081E-01  9.857159844467200E-01
  9.855289029492529E-01  9.855391638507022E-01  9.855501139923784E-01
  9.853747443849722E-01  9.853830488500405E-01  9.853920290603618E-01
  9.857925141548550E-01  9.858052908450816E-01  9.858187625118949E-01
  9.856306949773644E-01  9.856414889501059E-01  9.856529712409023E-01
  9.854765407578903E-01  9.854853944168581E-01  9.854949240134006E-01
  9.858968366723149E-01  9.859101259593894E-01  9.859241070117926E-01
  9.857351012229697E-01  9.857464319132976E-01  9.857584493476145E-01
  9.855809957203685E-01  9.855904038203850E-01  9.856004874957042E-01
  9.860037233748683E-01  9.860175256220837E-01  9.860320156558112E-01
  9.858421259479044E-01  9.858539958431266E-01  9.858665502102304E-01
  9.856881170220638E-01  9.856980837322175E-01  9.857087250585763E-01
  9.861131716485741E-01  9.861274858866057E-01  9.861424831295670E-01
  9.859517709632859E-01  9.859641812301871E-01  9.859772729582132E-01
  9.857979103225328E-01  9.858084385344016E-01  9.858196397669434E-01
  9.862251761194217E-01  9.862399999162933E-01  9.862555011044239E-01
  9.860640357515932E-01  9.860769860828567E-01  9.860906140821003E-01
  9.859103794123033E-01  9.859214705699085E-01  9.859332324644993E-01
  9.863397286947165E-01  9.863550580450392E-01  9.863710583104671E-01
  9.861789173793600E-01  9.861924059076445E-01  9.862065674705073E-01
  9.860255260189122E-01  9.860371800643514E-01  9.860495017957275E-01
  9.864568184068024E-01  9.864726476864036E-01  9.864891405030995E-01
  9.862964099249389E-01  9.863104332561113E-01  9.863251240700076E-01
  9.861433488401737E-01  9.861555643327542E-01  9.861684435812675E-01
  9.865764308612613E-01  9.865927528824197E-01  9.866097301089760E-01
  9.864165032978950E-01  9.864310566698286E-01  9.864462709610829E-01
  9.862638417489641E-01  9.862766161363997E-01  9.862900493407770E-01
  9.866985472320395E-01  9.867153533975600E-01  9.867328054243462E-01
  9.865391816289590E-01  9.865542591365268E-01  9.865699898991319E-01
  9.863869915808212E-01  9.864003215056794E-01  9.864143041826672E-01
  9.868231429701322E-01  9.868404234756550E-01  9.868583394351875E-01
  9.866644217091102E-01  9.866800164847611E-01  9.866962556904586E-01
  9.865127762960235E-01  9.865266577656612E-01  9.865411847297673E-01
  9.869501866100725E-01  9.869679306093656E-01  9.869862985689735E-01
  9.867921920784570E-01  9.868082963159271E-01  9.868250349883773E-01
  9.866411643412623E-01  9.866555926193539E-01  9.866706579470774E-01
  9.870796391155012E-01  9.870978347664379E-01  9.871166418165058E-01
  9.869224531857674E-01  9.869390579529628E-01  9.869562860360495E-01
  9.867721156217535E-01  9.867870848134450E-01  9.868026814964053E-01
  9.872114540634741E-01  9.872300884179697E-01  9.872493206068688E-01
  9.870551586242975E-01  9.870722535059517E-01  9.870899595471174E-01
  9.869055838019711E-01  9.869210862493556E-01  9.869372056254975E-01
  9.873455786554095E-01  9.873646374254563E-01  9.873842795590018E-01
  9.871902569895794E-01  9.872078296822840E-01  9.872260004404736E-01
  9.870415190381471E-01  9.870575447397048E-01  9.870741759041746E-01
  9.874819552085776E-01  9.875014224981707E-01  9.875214578841721E-01
  9.873276936476911E-01  9.873457296546163E-01  9.873643497808403E-01
  9.871798700556860E-01  9.871964063166496E-01  9.872135357297231E-01
  9.876205226164917E-01  9.876403807256906E-01  9.876607909703204E-01
  9.874674117968020E-01  9.874858943237346E-01  9.875049462295172E-01
  9.873205848359257E-01  9.873376162489883E-01  9.873552276673935E-01
  9.877612173250875E-01  9.877814467001528E-01  9.878022116394802E-01
  9.876093525791584E-01  9.876282626441112E-01  9.876477265886305E-01
  9.874636098690212E-01  9.874811185773522E-01  9.874991932889857E-01
  9.879039736418438E-01  9.879245529833682E-01  9.879456507747855E-01
  9.877534544554391E-01  9.877727711407779E-01  9.877926254788526E-01
  9.876088885781976E-01  9.876268546663957E-01  9.876453718880848E-01
  9.880487234973236E-01  9.880696299801499E-01  9.880910373168178E-01
  9.878996523324175E-01  9.879193530730453E-01  9.879395745591795E-01
  9.877563597848643E-01  9.877747616294767E-01  9.877936988936743E-01
  9.881953959858941E-01  9.882166055181234E-01  9.882382978954724E-01
  9.880478769346976E-01  9.880679377584748E-01  9.880885018143261E-01
  9.879059568795492E-01  9.879247713623789E-01  9.879441047766366E-01
  9.883439170204154E-01  9.883654044808946E-01  9.883873564492799E-01
  9.881980546718462E-01  9.882184503655376E-01  9.882393312714897E-01
  9.880576078750879E-01  9.880768104655920E-01  9.880965148309898E-01
  9.884942092896922E-01  9.885159487191962E-01  9.885381340898585E-01
  9.883501079546964E-01  9.883708121820894E-01  9.883919832106410E-01
  9.882112360637620E-01  9.882308008491272E-01  9.882508497062185E-01
  9.886461925139457E-01  9.886681572705374E-01  9.886905492792948E-01
  9.885039557290288E-01  9.885249411497433E-01  9.885463746876739E-01
  9.883667608151914E-01  9.883866605661575E-01  9.884070262593239E-01
  9.887997838675420E-01  9.888219467732322E-01  9.888445182274792E-01
  9.886595139895799E-01  9.886807524144564E-01  9.887024201140251E-01
  9.885240981666219E-01  9.885443044853586E-01  9.885649583022030E-01
  9.889548984197050E-01  9.889772319205841E-01  9.889999553540758E-01
  9.888166961597004E-01  9.888381587490830E-01  9.888600317204597E-01
  9.886831611216115E-01  9.887036446631825E-01  9.887245570500979E-01
  9.891114495061285E-01  9.891339258515600E-01  9.891567736961492E-01
  9.889754133593641E-01  9.889970708464098E-01  9.890191198769436E-01
  9.888438597898914E-01  9.888645905163235E-01  9.888857313327086E-01
  9.892693490301454E-01  9.892919404617810E-01  9.893148852292872E-01
  9.891355746560050E-01  9.891573975705180E-01  9.891795933462081E-01
  9.890061015612017E-01  9.890270489882727E-01  9.890483877568522E-01
  9.894285077421782E-01  9.894511866783706E-01  9.894742011385372E-01
  9.892970873769552E-01  9.893190462537063E-01  9.893413595645891E-01
  9.891697914260117E-01  9.891909248450063E-01  9.892124309755174E-01
  9.895888355351863E-01  9.896115747402285E-01  9.896346320832382E-01
  9.894598574962913E-01  9.894819230645432E-01  9.895043249886332E-01
  9.893348324333427E-01  9.893561211119437E-01  9.893777640990273E-01
  9.897502417721948E-01  9.897730145069557E-01  9.897960884860333E-01
  9.896237900634752E-01  9.896459334219585E-01  9.896683954914615E-01
  9.895011262045101E-01  9.895225395791103E-01  9.895442891865895E-01
  9.899126356271649E-01  9.899354157825508E-01  9.899584808378159E-01
  9.897887896252210E-01  9.898109824065316E-01  9.898334767612397E-01
  9.896685734237807E-01  9.896900812901170E-01  9.897119077306277E-01
  9.900759264146323E-01  9.900986886300144E-01  9.901217199962441E-01
  9.899547606126127E-01  9.899769751365403E-01  9.899994746652773E-01
  9.898370742742575E-01  9.898586469734091E-01  9.898805210826107E-01
  9.902400238879295E-01  9.902627436548315E-01  9.902857174542485E-01
  9.901216076889809E-01  9.901438171005938E-01  9.901662955674789E-01
  9.900065288297639E-01  9.900281374207927E-01  9.900500308184785E-01
  9.904048385039780E-01  9.904274922535278E-01  9.904503855727391E-01
  9.902892360691075E-01  9.903114144570275E-01  9.903338466082621E-01
  9.901768374264024E-01  9.901984538377625E-01  9.902203390678699E-01
  9.905702816574476E-01  9.905928468298369E-01  9.906156377794413E-01
  9.904575518161861E-01  9.904796743086272E-01  9.905020359573082E-01
  9.903479010239916E-01  9.903694981802843E-01  9.903913488259513E-01
  9.907362658887232E-01  9.907587209840201E-01  9.907813887402656E-01
  9.906264621147466E-01  9.906485049533775E-01  9.906707730423936E-01
  9.905196215493787E-01  9.905411734739270E-01  9.905629642479785E-01
  9.909027050659125E-01  9.909250296769212E-01  9.909475545061346E-01
  9.907958755120988E-01  9.908178161051087E-01  9.908399687497247E-01
  9.906919022062065E-01  9.907133841012100E-01  9.907350909142520E-01
  9.910695145376632E-01  9.910916893663697E-01  9.911140526338005E-01
  9.909657021219497E-01  9.909875190778253E-01  9.910095355898099E-01
  9.908646477402711E-01  9.908860360456946E-01  9.909076360535732E-01
  9.912366112576069E-01  9.912586181169351E-01  9.912808022818891E-01
  9.911358537896593E-01  9.911575269328876E-01  9.911793878276945E-01
  9.910377646586611E-01  9.910590370902275E-01  9.910805087216756E-01
  9.914039138775301E-01  9.914257356800404E-01  9.914477242790576E-01
  9.913062442198243E-01  9.913277545897384E-01  9.913494415781030E-01
  9.912111614059358E-01  9.912322969726810E-01  9.912536199378098E-01
  9.915713428138735E-01  9.915929635489958E-01  9.916147411686964E-01
  9.914767890710423E-01  9.914981189054018E-01  9.915196148709642E-01
  9.913847485018574E-01  9.914057275045342E-01  9.914268827854750E-01
  9.917388202903515E-01  9.917602249918517E-01  9.917817772331213E-01
  9.916474060205762E-01  9.916685387259533E-01  9.916898276909376E-01
  9.915584386430486E-01  9.915792426555409E-01  9.916002124813950E-01
  9.919062703592677E-01  9.919274450648049E-01  9.919487585000971E-01
  9.918180148010547E-01  9.918389349123492E-01  9.918600019935858E-01
  9.917321467699092E-01  9.917527586062610E-01  9.917735264149753E-01
  9.920736189037966E-01  9.920945506084647E-01  9.921156127340325E-01
  9.919885372120585E-01  9.920092303434764E-01  9.920300617010499E-01
  9.919057901010615E-01  9.919261937707315E-01  9.919467441605258E-01
  9.922407936265915E-01  9.922614702322653E-01  9.922822694170592E-01
  9.921588971107923E-01  9.921793499004753E-01  9.921999326811156E-01
  9.920792881390782E-01  9.920994687928719E-01  9.921197874656387E-01
  9.924077240237159E-01  9.924281342858579E-01  9.924486597186444E-01
  9.923290203840813E-01  9.923492204344089E-01  9.923695427115387E-01
  9.922525626518185E-01  9.922725065208244E-01  9.922925802197381E-01
  9.925743413507108E-01  9.925944748241166E-01  9.926147164601923E-01
  9.924988349074164E-01  9.925187707228611E-01  9.925388214350521E-01
  9.924255376344170E-01  9.924452319642046E-01  9.924650484076597E-01
  9.927405785806152E-01  9.927604255654039E-01  9.927803740740885E-01
  9.926682704931876E-01  9.926879314174412E-01  9.927077003068581E-01
  9.925981392560523E-01  9.926175722382772E-01  9.926371200521579E-01
  9.929063703591128E-01  9.929259218480859E-01  9.929455685620134E-01
  9.928372588328113E-01  9.928566349867040E-01  9.928761125389246E-01
  9.927702957957366E-01  9.927894564991152E-01  9.928087251492063E-01
  9.930716529570581E-01  9.930909005853806E-01  9.931102374524229E-01
  9.930057334343646E-01  9.930248156558751E-01  9.930439930422515E-01
  9.929419375704663E-01  9.929608158728147E-01  9.929797955989141E-01
  9.932363642227006E-01  9.932553002206567E-01  9.932743197591407E-01
  9.931736295590359E-01  9.931924093464383E-01  9.932112783699260E-01
  9.931129968594646E-01  9.931315833822216E-01  9.931502651352268E-01
  9.934004435376427E-01  9.934190606870383E-01  9.934377559447326E-01
  9.933408841597238E-01  9.933593536186910E-01  9.933779066638464E-01
  9.932834078278568E-01  9.933016938742416E-01  9.933200692572208E-01
  9.935638317739803E-01  9.935821233685809E-01  9.936004878857579E-01
  9.935074358215307E-01  9.935255876167927E-01  9.935438176044361E-01
  9.934531064519083E-01  9.934710839496025E-01  9.934891451636181E-01
  9.937264712569167E-01  9.937444310671619E-01  9.937624588439097E-01
  9.936732247078854E-01  9.936910520198435E-01  9.937089523666914E-01
  9.936220304485633E-01  9.936396918975718E-01  9.936574316927878E-01
  9.938883057321227E-01  9.939059279742013E-01  9.939236134420010E-01
  9.938381925122117E-01  9.938556889987208E-01  9.938732535821233E-01
  9.937901192107952E-01  9.938074576369068E-01  9.938248692693029E-01
  9.940492803387737E-01  9.940665596480336E-01  9.940838976455322E-01
  9.940022824165509E-01  9.940194421799246E-01  9.940366653076917E-01
  9.939573137501644E-01  9.939743226642309E-01  9.939913998580537E-01
  9.942093415891839E-01  9.942262729977293E-01  9.942432587505168E-01
  9.941654390578228E-01  9.941822566169626E-01  9.941991330021289E-01
  9.941235566475199E-01  9.941402300105789E-01  9.941569669264863E-01
  9.943684373530169E-01  9.943850162712634E-01  9.944016453753954E-01
  9.943276085006821E-01  9.943440787681134E-01  9.943606035083835E-01
  9.942887920120367E-01  9.943051242061455E-01  9.943215154148461E-01
  9.945265168485232E-01  9.945427390504031E-01  9.945590074593410E-01
  9.944887382187230E-01  9.945048564822191E-01  9.945210250437391E-01
  9.944529654492655E-01  9.944689512537717E-01  9.944849917148514E-01
  9.946835306380820E-01  9.946993922495367E-01  9.947152962641270E-01
  9.946487770821524E-01  9.946645389905496E-01  9.946803471955900E-01
  9.946160240377342E-01  9.946316586106136E-01  9.946473436561354E-01
  9.948394306302816E-01  9.948549281206401E-01  9.948704643817304E-01
  9.948076753530053E-01  9.948230769057554E-01  9.948385209238407E-01
  9.947779163140155E-01  9.947931951778154E-01  9.948085205002163E-01
  9.949941700841247E-01  9.950093002599399E-01  9.950244657432009E-01
  9.949653846851889E-01  9.949804222251518E-01  9.949954985671352E-01
  9.949385922652576E-01  9.949535112971215E-01  9.949684729408709E-01
  9.951477036195022E-01  9.951624636204043E-01  9.951772556329240E-01
  9.951218581313442E-01  9.951365283403024E-01  9.951512338548715E-01
  9.950980033289609E-01  9.951125587541721E-01  9.951271531106248E-01
  9.952999872286854E-01  9.953143745248116E-01  9.953287907030379E-01
  9.952770501527447E-01  9.952913500491061E-01  9.953056819211987E-01
  9.952561023985054E-01  9.952702907869528E-01  9.952845145918110E-01
  9.954509782902226E-01  9.954649906807947E-01  9.954790289894067E-01
  9.954309166333101E-01  9.954448435714768E-01  9.954587993221000E-01
  9.954128438339201E-01  9.954266620988932E-01  9.954405124316935E-01
  9.956006355856639E-01  9.956142711982976E-01  9.956279299296160E-01
  9.955834148968801E-01  9.955969665677726E-01  9.956105440547340E-01
  9.955681834769206E-01  9.955816288756436E-01  9.955951031606991E-01
  9.957489193162066E-01  9.957621766065701E-01  9.957754543801433E-01
  9.957345037255733E-01  9.957476781578330E-01  9.957608755769306E-01
  9.957220786687141E-01  9.957351488040563E-01  9.957482448123126E-01
  9.958957911184440E-01  9.959086688699185E-01  9.959215646319588E-01
  9.958841433785821E-01  9.958969389400018E-01  9.959097548262515E-01
  9.958744882695878E-01  9.958871810924131E-01  9.958998969437118E-01
  9.960412140807847E-01  9.960537114038109E-01  9.960662244261950E-01
  9.960322956117261E-01  9.960447110105068E-01  9.960571442390354E-01
  9.960253726796154E-01  9.960376864912787E-01  9.960500206565649E-01
  9.961851527577270E-01  9.961972690885725E-01  9.962093989671629E-01
  9.961789236955226E-01  9.961909579810039E-01  9.962030077672767E-01
  9.961746938590813E-01  9.961866273136289E-01  9.961985786166887E-01
  9.963275731822229E-01  9.963393082809425E-01  9.963510549330294E-01
  9.963239924316959E-01  9.963356449942503E-01  9.963473108933683E-01
  9.963224153479006E-01  9.963339674535852E-01  9.963455350719613E-01
  9.964684428762417E-01  9.964797968236589E-01  9.964911604843761E-01
  9.964674681677053E-01  9.964787387375581E-01  9.964900206423997E-01
  9.964685022832150E-01  9.964796724029983E-01  9.964908558677877E-01
  9.966077308574777E-01  9.966187040510540E-01  9.966296852686580E-01
  9.966093188078310E-01  9.966202074526045E-01  9.966311055906546E-01
  9.966129214142363E-01  9.966237092650131E-01  9.966345084593146E-01
  9.967454076445939E-01  9.967560007931021E-01  9.967666004230539E-01
  9.967495138217309E-01  9.967600209425840E-01  9.967705358713393E-01
  9.967556411139686E-01  9.967660467643107E-01  9.967764619201520E-01
  9.968814452565835E-01  9.968916593735497E-01  9.969018785713829E-01
  9.968880242479135E-01  9.968981505741938E-01  9.969082831750909E-01
  9.968966313868394E-01  9.969066552531196E-01  9.969166869467545E-01
  9.970158172109509E-01  9.970256536068615E-01  9.970354938198507E-01
  9.970248226946854E-01  9.970345692770686E-01  9.970443207479285E-01
  9.970358638725143E-01  9.970455067133361E-01  9.970551558588633E-01
  9.971484985172936E-01  9.971579587906089E-01  9.971674217482978E-01
  9.971598833362636E-01  9.971692515383945E-01  9.971786233844254E-01
  9.971733118451155E-01  9.971825747540276E-01  9.971918425953374E-01
  9.972794656671352E-01  9.972885516941834E-01  9.972976393978545E-01
  9.972931819046228E-01  9.973021733933281E-01  9.973111674167634E-01
  9.973089502077587E-01  9.973178346042889E-01  9.973267227053915E-01
  9.974086966206848E-01  9.974174105445367E-01  9.974261252557329E-01
  9.974246956774560E-01  9.974333124116259E-01  9.974419307001159E-01
  9.974427554825266E-01  9.974512631016171E-01  9.974597733354530E-01
  9.975361707897418E-01  9.975445150081855E-01  9.975528592364111E-01
  9.975544034618730E-01  9.975626476801472E-01  9.975708925940431E-01
  9.975747057958203E-01  9.975828386757912E-01  9.975909732116623E-01
  9.976618690182512E-01  9.976698461710134E-01  9.976778226607660E-01
  9.976822855747550E-01  9.976901597821749E-01  9.976980339408773E-01
  9.977047808594564E-01  9.977125413286562E-01  9.977203026184511E-01
  9.977857735595174E-01  9.977933865148829E-01  9.978009982321618E-01
  9.978083238191480E-01  9.978158307729504E-01  9.978233370404990E-01
  9.978329619474351E-01  9.978403526097692E-01  9.978477433731697E-01
  9.979078680501879E-01  9.979151198911743E-01  9.979223700096279E-01
  9.979325014573451E-01  9.979396441520887E-01  9.979467856221834E-01
  9.979592318689116E-01  9.979662555884471E-01  9.979732787973283E-01
  9.980281374834258E-01  9.980350314936806E-01  9.980419233805532E-01
  9.980548031817881E-01  9.980615848340102E-01  9.980683648146585E-01
  9.980835749378936E-01  9.980902348227649E-01  9.980968936850023E-01
  9.981465681789947E-01  9.981531078285660E-01  9.981596450305903E-01
  9.981752150829214E-01  9.981816391155161E-01  9.981880611134929E-01
  9.982059769398215E-01  9.982122763256540E-01  9.982185742685580E-01
  9.982631477520426E-01  9.982693366831804E-01  9.982755229125642E-01
  9.982937246152848E-01  9.982997946417961E-01  9.983058623470987E-01
  9.983264250956557E-01  9.983323675287340E-01  9.983383081823227E-01
  9.983778650813647E-01  9.983837070944912E-01  9.983895462151313E-01
  9.984103205621980E-01  9.984160403712052E-01  9.984217576416782E-01
  9.984449080239360E-01  9.984504972443246E-01  9.984560844246426E-01
  9.984907102750165E-01  9.984962093149923E-01  9.985017053290314E-01
  9.985249929984832E-01  9.985303665382429E-01  9.985357373845173E-01
  9.985614157010884E-01  9.985666556259061E-01  9.985718933185729E-01
  9.986016746377202E-01  9.986068347805205E-01  9.986119918153534E-01
  9.986377332536521E-01  9.986427646171407E-01  9.986477931880297E-01
  9.986759394209385E-01  9.986808341279615E-01  9.986857264721160E-01
  9.987107506355132E-01  9.987155760754070E-01  9.987203983712180E-01
  9.987485338733448E-01  9.987532272838293E-01  9.987579178522901E-01
  9.987884717532398E-01  9.987930254649954E-01  9.987975767377846E-01
  9.988179318628529E-01  9.988224269001637E-01  9.988269187980666E-01
  9.988573885819066E-01  9.988617483791470E-01  9.988661053289055E-01
  9.988990065021740E-01  9.989032235706605E-01  9.989074381723945E-01
  9.989232130071928E-01  9.989273820366994E-01  9.989315479675305E-01
  9.989642922437965E-01  9.989683228709665E-01  9.989723506838765E-01
  9.990075386646274E-01  9.990114235567717E-01  9.990153059968464E-01
  9.990265898164969E-01  9.990304373165206E-01  9.990342817903204E-01
  9.990692408268224E-01  9.990729468182047E-01  9.990766500623915E-01
  9.991140643891963E-01  9.991176216731341E-01  9.991211765567896E-01
  9.991280590651928E-01  9.991315895873939E-01  9.991351171835949E-01
  9.991722313648147E-01  9.991756173343126E-01  9.991790006531320E-01
  9.992185809355826E-01  9.992218152678162E-01  9.992250472837825E-01
  9.992276185223949E-01  9.992308366822908E-01  9.992340520406188E-01
  9.992732619220852E-01  9.992763325525718E-01  9.992794006543979E-01
  9.993210866350754E-01  9.993240027485539E-01  9.993269166576113E-01
  9.993252669196845E-01  9.993281773878883E-01  9.993310851999686E-01
  9.993723315579983E-01  9.993750915915063E-01  9.993778492403446E-01
  9.994215808518964E-01  9.994241835450284E-01  9.994267841694888E-01
  9.994210039201863E-01  9.994236114143509E-01  9.994262164160026E-01
  9.994694402930228E-01  9.994718945217625E-01  9.994743465286708E-01
  9.995200639458487E-01  9.995223580724465E-01  9.995246502865460E-01
  9.995148300885836E-01  9.995171393660278E-01  9.995194463302167E-01
  9.995645890758853E-01  9.995667423340661E-01  9.995688935493520E-01
  9.996165372362547E-01  9.996185276963875E-01  9.996205164175637E-01
  9.996067468618987E-01  9.996087627128863E-01  9.996107764433083E-01
  9.996577797517721E-01  9.996596369081897E-01  9.996614922143490E-01
  9.997110029672163E-01  9.997126946989375E-01  9.997143848799491E-01
  9.996967565216871E-01  9.996984837633160E-01  9.997002090885636E-01
  9.997490150317589E-01  9.997505809831051E-01  9.997521452884490E-01
  9.998034642741314E-01  9.998048622460339E-01  9.998062588678773E-01
  9.997848621654284E-01  9.997863056360934E-01  9.997877474043705E-01
  9.998382984626184E-01  9.998395781274622E-01  9.998408563603883E-01
  9.998939251513765E-01  9.998950343559216E-01  9.998961424214868E-01
  9.998710676808548E-01  9.998722322352334E-01  9.998733953095690E-01
  9.999256343987333E-01  9.999266327121205E-01  9.999276298159688E-01
  9.999823904214756E-01  9.999832158690370E-01  9.999840403974445E-01
  9.999553777193801E-01  9.999562682239025E-01  9.999571574778188E-01
  1.000011027974039E+00  1.000011749882653E+00  1.000012470811094E+00
  1.000068865705268E+00  1.000069412418828E+00  1.000069958440381E+00
  1.000037797671321E+00  1.000038419000071E+00  1.000039039313664E+00
  1.000094485075596E+00  1.000094935533424E+00  1.000095385246324E+00
  1.000153357393300E+00  1.000153630403728E+00  1.000153902955418E+00
  1.000118333641251E+00  1.000118690672260E+00  1.000119046928645E+00
  1.000176012317401E+00  1.000176196281855E+00  1.000176379741563E+00
  1.000235872618094E+00  1.000235876959954E+00  1.000235881081461E+00
  1.000196992423355E+00  1.000197090035242E+00  1.000197187117326E+00
  1.000255617014991E+00  1.000255539443418E+00  1.000255461611429E+00
  1.000316419227377E+00  1.000316159935193E+00  1.000315900665314E+00
  1.000273781479377E+00  1.000273624548294E+00  1.000273467335836E+00
  1.000333307161650E+00  1.000332973008201E+00  1.000332638842143E+00
  1.000395005758373E+00  1.000394487863299E+00  1.000393970236757E+00
  1.000348708914558E+00  1.000348302311410E+00  1.000347895678335E+00
  1.000409091403792E+00  1.000408505616591E+00  1.000407920067494E+00
  1.000471641412430E+00  1.000470869939271E+00  1.000470098983852E+00
  1.000421783455681E+00  1.000421132043576E+00  1.000420480855506E+00
  1.000482979017848E+00  1.000482146536420E+00  1.000481314546235E+00
  1.000546336030533E+00  1.000545315995065E+00  1.000544296729031E+00
  1.000493014428774E+00  1.000492123060686E+00  1.000491232172671E+00
  1.000554979887267E+00  1.000553905640198E+00  1.000552832139519E+00
  1.000619100069354E+00  1.000617836475906E+00  1.000616573905647E+00
  1.000562411737527E+00  1.000561285254134E+00  1.000560159508544E+00
  1.000625104480126E+00  1.000623793382913E+00  1.000622483288884E+00
  1.000689944577801E+00  1.000688442417050E+00  1.000686941534944E+00
  1.000629985841879E+00  1.000628629069560E+00  1.000627273294125E+00
  1.000693363826850E+00  1.000691820779918E+00  1.000690278994296E+00
  1.000758881173922E+00  1.000757145420879E+00  1.000755411203322E+00
  1.000695747736827E+00  1.000694165485797E+00  1.000692584491778E+00
  1.000759769498433E+00  1.000757999385296E+00  1.000756230792641E+00
  1.000825922022225E+00  1.000823957634370E+00  1.000821995039953E+00
  1.000759708931299E+00  1.000757905993856E+00  1.000756104574328E+00
  1.000824333584596E+00  1.000822341270138E+00  1.000820350736126E+00
  1.000891079811221E+00  1.000888891726786E+00  1.000886705694594E+00
  1.000821881427823E+00  1.000819862576717E+00  1.000817845504950E+00
  1.000887068672871E+00  1.000884859001741E+00  1.000882651371572E+00
  1.000954367731463E+00  1.000951960867819E+00  1.000949556315843E+00
  1.000882277702168E+00  1.000880047689047E+00  1.000877819716981E+00
  1.000947987827151E+00  1.000945565622241E+00  1.000943145719142E+00
  1.001015799453521E+00  1.001013178705668E+00  1.001010560529312E+00
  1.000940910681988E+00  1.000938474235945E+00  1.000936040092745E+00
  1.001007104566374E+00  1.001004474627397E+00  1.001001847251202E+00
  1.001075389106213E+00  1.001072559345362E+00  1.001069732416030E+00
  1.000997793727793E+00  1.000995155553979E+00  1.000992519944663E+00
  1.001064432844317E+00  1.001061599946448E+00  1.001058769872252E+00
  1.001133151255216E+00  1.001130117327445E+00  1.001127086491208E+00
  1.001052940612317E+00  1.001050105390641E+00  1.001047272994784E+00
  1.001119987028637E+00  1.001116955921234E+00  1.001113927898121E+00
  1.001189100881561E+00  1.001185867606554E+00  1.001182637682890E+00
  1.001106365501362E+00  1.001103337885247E+00  1.001100313355749E+00
  1.001173781880426E+00  1.001170557285822E+00  1.001167336035660E+00
  1.001243253360209E+00  1.001239825530057E+00  1.001236401310658E+00
  1.001158082933660E+00  1.001154867548878E+00  1.001151655510807E+00
  1.001225832533322E+00  1.001222419145681E+00  1.001219009361979E+00
  1.001295624438589E+00  1.001292006816666E+00  1.001288393064315E+00
  1.001208107800422E+00  1.001204709243997E+00  1.001201314293489E+00
  1.001276154472534E+00  1.001272556956777E+00  1.001268963303618E+00
  1.001346230215254E+00  1.001342427535160E+00  1.001338628982672E+00
  1.001256455325742E+00  1.001252878164918E+00  1.001249304868153E+00
  1.001324763514652E+00  1.001320986505451E+00  1.001317213616484E+00
  1.001395087118913E+00  1.001391104083484E+00  1.001387125432722E+00
  1.001303141046708E+00  1.001299389817983E+00  1.001295642710223E+00
  1.001371675787242E+00  1.001367723888074E+00  1.001363776365579E+00
  1.001442211887363E+00  1.001438053167752E+00  1.001433899088710E+00
  1.001348180793757E+00  1.001344260001982E+00  1.001340343586672E+00
  1.001416907708661E+00  1.001412785490948E+00  1.001408667904961E+00
  1.001487621546187E+00  1.001483291781028E+00  1.001478966910988E+00
  1.001391590671948E+00  1.001387504789494E+00  1.001383423537431E+00
  1.001460475968274E+00  1.001456187970581E+00  1.001451904858109E+00
  1.001531333387013E+00  1.001526837181664E+00  1.001522346124444E+00
  1.001433387043261E+00  1.001429140509264E+00  1.001424898857843E+00
  1.001502397505746E+00  1.001497948233081E+00  1.001493504097395E+00
  1.001573364944828E+00  1.001568706870702E+00  1.001564054195990E+00
  1.001473586506185E+00  1.001469183725880E+00  1.001464786078430E+00
  1.001542689488301E+00  1.001538083411502E+00  1.001533482721528E+00
  1.001613733974412E+00  1.001608918568410E+00  1.001604108811189E+00
  1.001512205874068E+00  1.001507651218221E+00  1.001503101943438E+00
  1.001581369286705E+00  1.001576610841932E+00  1.001571858031740E+00
  1.001652458426683E+00  1.001647490190717E+00  1.001642527850797E+00
  1.001549262148934E+00  1.001544559953376E+00  1.001539863384859E+00
  1.001618454449730E+00  1.001613548038055E+00  1.001608647506453E+00
  1.001689556425453E+00  1.001684439826081E+00  1.001679329367730E+00
  1.001584772494805E+00  1.001579927060066E+00  1.001575087495950E+00
  1.001653962680707E+00  1.001648912667804E+00  1.001643868778022E+00
  1.001725046245265E+00  1.001719785713449E+00  1.001714531565148E+00
  1.001618754215081E+00  1.001613769806102E+00  1.001608791508770E+00
  1.001687911818107E+00  1.001682722534046E+00  1.001677539613539E+00
  1.001758946289183E+00  1.001753546220177E+00  1.001748152774512E+00
  1.001651224736840E+00  1.001646105582772E+00  1.001640992778652E+00
  1.001720319818878E+00  1.001714995558058E+00  1.001709677898428E+00
  1.001791275063434E+00  1.001785739816859E+00  1.001780211430584E+00
  1.001682201603535E+00  1.001676951897657E+00  1.001671708777139E+00
  1.001751204740459E+00  1.001745749761717E+00  1.001740301618818E+00
  1.001822051145416E+00  1.001816385045528E+00  1.001810726039839E+00
  1.001711702464508E+00  1.001706326364331E+00  1.001700957081869E+00
  1.001780584710521E+00  1.001775003237476E+00  1.001769428831761E+00
  1.001851293142128E+00  1.001845500478329E+00  1.001839715139364E+00
  1.001739745047055E+00  1.001734246674701E+00  1.001728755349184E+00
  1.001808477877488E+00  1.001802774099180E+00  1.001797077616330E+00
  1.001879019640723E+00  1.001873104668334E+00  1.001867197247939E+00
  1.001766347095788E+00  1.001760730538696E+00  1.001755121254150E+00
  1.001834902339901E+00  1.001829080411747E+00  1.001823266003618E+00
  1.001905249156829E+00  1.001899216098150E+00  1.001893190814929E+00
  1.001791526278221E+00  1.001785795590193E+00  1.001780072396819E+00
  1.001859876067794E+00  1.001853940112859E+00  1.001848011898741E+00
  1.001930000088994E+00  1.001923853134704E+00  1.001917714175411E+00
  1.001815300081253E+00  1.001809459283789E+00  1.001803626199289E+00
  1.001883416840932E+00  1.001877370951515E+00  1.001871333019712E+00
  1.001953290683820E+00  1.001947033994810E+00  1.001940785516160E+00
  1.001837685742118E+00  1.001831738825991E+00  1.001825799837129E+00
  1.001905542228054E+00  1.001899390467661E+00  1.001893246877437E+00
  1.001975139005105E+00  1.001968776714896E+00  1.001962422845968E+00
  1.001858700261571E+00  1.001852651188667E+00  1.001846610253087E+00
  1.001926269610729E+00  1.001920016016604E+00  1.001913770800693E+00
  1.001995562884617E+00  1.001989099102591E+00  1.001982643948022E+00
  1.001878360498504E+00  1.001872213204189E+00  1.001866074252761E+00
  1.001945616212288E+00  1.001939264798853E+00  1.001932921966871E+00
  1.002014579818179E+00  1.002008018633910E+00  1.002001466278193E+00
  1.001896683300779E+00  1.001890441697147E+00  1.001884208637186E+00
  1.001963599049995E+00  1.001957153813694E+00  1.001950717356933E+00
  1.002032206768600E+00  1.002025552257647E+00  1.002018906770884E+00
  1.001913685484512E+00  1.001907353465491E+00  1.001901030185805E+00
  1.001980234695427E+00  1.001973699621628E+00  1.001967173519904E+00
  1.002048459849230E+00  1.002041716080900E+00  1.002034981526487E+00
  1.001929383608052E+00  1.001922965056294E+00  1.001916555434033E+00
  1.001995538766109E+00  1.001988917838774E+00  1.001982306070019E+00
  1.002063353888509E+00  1.002056524936270E+00  1.002049705381227E+00
  1.001943793081470E+00  1.001937291880154E+00  1.001930799792507E+00
  1.002009525098356E+00  1.002002822313751E+00  1.001996128867609E+00
  1.002076901895496E+00  1.002069991851192E+00  1.002063091380261E+00
  1.001956927475233E+00  1.001950347520008E+00  1.001943776856063E+00
  1.002022204755897E+00  1.002015424141511E+00  1.002008653038098E+00
  1.002089114445072E+00  1.002082127438819E+00  1.002075150174180E+00
  1.001968795901532E+00  1.001962141130201E+00  1.001955495820378E+00
  1.002033584751699E+00  1.002026730395240E+00  1.002019885713898E+00
  1.002099998917308E+00  1.002092939146327E+00  1.002085889276190E+00
  1.001979404623062E+00  1.001972679027241E+00  1.001965963054853E+00
  1.002043666999268E+00  1.002036743090678E+00  1.002029829011619E+00
  1.002109558409923E+00  1.002102430181483E+00  1.002095312002646E+00
  1.001988747055154E+00  1.001981954791280E+00  1.001975172302578E+00
  1.002052445340821E+00  1.002045456252154E+00  1.002038477135640E+00
  1.002117789782117E+00  1.002110597579656E+00  1.002103415563065E+00
  1.001996821143676E+00  1.001989966498374E+00  1.001983121768200E+00
  1.002059902718476E+00  1.002052853124988E+00  1.002045813631363E+00
  1.002124680369789E+00  1.002117428952235E+00  1.002110187841435E+00
  1.002003562340724E+00  1.001996650348123E+00  1.001989748391852E+00
  1.002065993767792E+00  1.002058888941811E+00  1.002051794322811E+00
  1.002130202685572E+00  1.002122897229539E+00  1.002115602181632E+00
  1.002008939268821E+00  1.002001975447745E+00  1.001995021760789E+00
  1.002070631820275E+00  1.002063478027108E+00  1.002056334518292E+00
  1.002134312395224E+00  1.002126958626876E+00  1.002119615343210E+00
  1.002012368453455E+00  1.002005364007562E+00  1.001998369719856E+00
  1.002073599400303E+00  1.002066405042991E+00  1.002059220998410E+00
  1.002136960396471E+00  1.002129564541350E+00  1.002122179217730E+00
