  7.521579784072915E+00  7.511054667653142E+00  7.500519467651962E+00

 -4.958369944429142E-01 -5.443726754914575E-01 -5.900110086621315E-01
 -2.691076683901554E-01 -3.404020545080733E-01 -4.091820717978303E-01
 -1.092039020149661E-01 -1.937815186998589E-01 -2.760588018855834E-01
 -5.107114896111085E-01 -5.586201328273216E-01 -6.036119611789500E-01
 -2.899588197721911E-01 -3.606386845267391E-01 -4.287709541755310E-01
 -1.307112551829189E-01 -2.146199098154188E-01 -2.960229803140694E-01
 -5.303498447746245E-01 -5.781510311797632E-01 -6.238493698328628E-01
 -3.052009139140193E-01 -3.748561998797084E-01 -4.440729343241022E-01
 -1.328861217947202E-01 -2.156409952627391E-01 -2.985038222318991E-01
 -5.303498447746245E-01 -5.781510311797632E-01 -6.238493698328628E-01
 -3.052009139140193E-01 -3.748561998797084E-01 -4.440729343241022E-01
 -1.328861217947202E-01 -2.156409952627391E-01 -2.985038222318991E-01
 -5.107114896111085E-01 -5.586201328273216E-01 -6.036119611789500E-01
 -2.899588197721911E-01 -3.606386845267391E-01 -4.287709541755310E-01
 -1.307112551829189E-01 -2.146199098154188E-01 -2.960229803140694E-01
 -4.958369944429142E-01 -5.443726754914575E-01 -5.900110086621315E-01
 -2.691076683901554E-01 -3.404020545080733E-01 -4.091820717978303E-01
 -1.092039020149661E-01 -1.937815186998589E-01 -2.760588018855834E-01
 -4.778356908280026E-01 -5.272444896896223E-01 -5.738008515030320E-01
 -2.386298756546698E-01 -3.108471002702516E-01 -3.806646361487649E-01
 -7.166311653120444E-02 -1.573678686516980E-01 -2.410295774314587E-01
 -4.525962203944821E-01 -5.031101479069352E-01 -5.508652005572323E-01
 -1.948073746694527E-01 -2.682433603535586E-01 -3.394784413088291E-01
 -1.579684259054423E-02 -1.030150235212909E-01 -1.885209812202011E-01
 -4.158092618207598E-01 -4.676700972751518E-01 -5.169317922337983E-01
 -1.330369096811309E-01 -2.079850241127589E-01 -2.810298597814279E-01
  6.268206578006102E-02 -2.640219643234348E-02 -1.142073573266718E-01
 -3.619503109378445E-01 -4.154131853293643E-01 -4.665317675775144E-01
 -4.731177021863388E-02 -1.240209481902568E-01 -1.992466635034692E-01
  1.696910583657041E-01  7.847599797410043E-02 -1.201939198040822E-02
 -2.850971269557361E-01 -3.405455863525697E-01 -3.940204519192321E-01
  6.870338967765968E-02 -1.007906436942269E-02 -8.794009292822523E-02
  3.114220903205221E-01  2.178014058940083E-01  1.241949206857333E-01
 -1.821675806499669E-01 -2.399996287114326E-01 -2.962935545406524E-01
  2.170764916465272E-01  1.359315674674618E-01  5.507709068917084E-02
  4.888778870182821E-01  3.926372402727450E-01  2.956466571032734E-01
 -5.388425407021192E-02 -1.137892273575873E-01 -1.725653342698000E-01
  3.941192012582591E-01  3.113375744700962E-01  2.282925027672888E-01
  6.961014329100172E-01  5.982562840916731E-01  4.990199730501563E-01
  9.926058353518530E-02  3.881624333772425E-02 -2.086501990026724E-02
  5.975257536872379E-01  5.156339139030859E-01  4.330349032804276E-01
  9.295138595407602E-01  8.332737054426678E-01  7.351648611902861E-01
  2.770825276157874E-01  2.182470071294594E-01  1.598107706838632E-01
  8.269274162016707E-01  7.492340008727110E-01  6.704247782497007E-01
  1.188771498874011E+00  1.098234464103179E+00  1.005413240122875E+00
  4.750621149691507E-01  4.198026622310270E-01  3.645881972011382E-01
  1.075876255662499E+00  1.005105079925949E+00  9.328481356534882E-01
  1.466340060401571E+00  1.384741902123966E+00  1.300504310831254E+00
  6.874962889415688E-01  6.376185876904527E-01  5.874918139400485E-01
  1.336467720385599E+00  1.274660415233568E+00  1.211115953550896E+00
  1.753076982862813E+00  1.682626113948245E+00  1.609338516437473E+00
  9.127734754567336E-01  8.700899701106886E-01  8.269449725366748E-01
  1.608355404537362E+00  1.557084571610502E+00  1.503971714574829E+00
  2.049679760906057E+00  1.991809347107198E+00  1.931093268063337E+00
  1.145588511683721E+00  1.111670430555957E+00  1.077141664911314E+00
  1.889065180275444E+00  1.849415387978064E+00  1.807917019320268E+00
  2.355408585860881E+00  2.310940576507358E+00  2.263735819637728E+00
  1.352390687691810E+00  1.328345925272920E+00  1.303565787687805E+00
  2.143622116923666E+00  2.116541312034157E+00  2.087623154859471E+00
  2.634107545639666E+00  2.604009097788592E+00  2.571290761919973E+00
  1.437732377251446E+00  1.424115936712682E+00  1.409649241485547E+00
  2.264248050023888E+00  2.250336769953506E+00  2.234600801448735E+00
  2.771298810036106E+00  2.756243287460918E+00  2.738679739633485E+00
  1.264650970448794E+00  1.260461678289591E+00  1.255427648490533E+00
  2.093505551753193E+00  2.090485890648261E+00  2.085832974054662E+00
  2.600841779523762E+00  2.597394744456166E+00  2.591774313225521E+00
  8.264608796078996E-01  8.264815045438529E-01  8.259795202485835E-01
  1.633456384036728E+00  1.633002271218404E+00  1.631487899374091E+00
  2.137916291185655E+00  2.135229059603601E+00  2.131116862108163E+00
  4.492596121625095E-01  4.427808059688936E-01  4.363601015073129E-01
  1.298198458412975E+00  1.287676386968305E+00  1.276794210933932E+00
  1.863982244934595E+00  1.848424804392693E+00  1.832179643017902E+00
  5.313916222525865E-01  5.116242937446955E-01  4.921674133370866E-01
  1.504694335545114E+00  1.481834888733067E+00  1.458682738577025E+00
  2.192551551667318E+00  2.166458914351871E+00  2.139547012708791E+00
  8.924821859729474E-01  8.700239713210707E-01  8.474440681337018E-01
  1.826678955499482E+00  1.809788243896408E+00  1.792077028603728E+00
  2.488418440642696E+00  2.476127433936285E+00  2.462439236842732E+00
  9.697417948195982E-01  9.594302019971943E-01  9.486114859016748E-01
  1.587522343262649E+00  1.588666955616034E+00  1.588965832581907E+00
  2.008779552481667E+00  2.019041487409655E+00  2.028206161686050E+00
  6.567584816315580E-01  6.577849308983821E-01  6.584531631180772E-01
  9.218170754129076E-01  9.311699716492979E-01  9.402025051650327E-01
  1.087784398070202E+00  1.103492774187747E+00  1.118923596518996E+00
  2.926657398129828E-01  2.955840967687587E-01  2.984532509546605E-01
  3.745587828241605E-01  3.798062221176267E-01  3.851196458236602E-01
  4.159630606625377E-01  4.228919821751571E-01  4.299779179041384E-01
  1.125283163905388E-01  1.126001674883387E-01  1.127432583613638E-01
  1.594052436232912E-01  1.589268850563608E-01  1.585476231419537E-01
  1.833224413306666E-01  1.824074156511094E-01  1.816106893944163E-01
  7.709293324907499E-02  7.565438660312847E-02  7.424523607461607E-02
  1.245299891668706E-01  1.227143362750910E-01  1.208992806524568E-01
  1.534240100259854E-01  1.513652961390144E-01  1.492846965443473E-01
  6.580024456466148E-02  6.508376230220671E-02  6.435001200105014E-02
  9.665582062751411E-02  9.618457840786621E-02  9.567722217603628E-02
  1.154320901307740E-01  1.151771037264145E-01  1.148732018460413E-01
  3.814732245003711E-02  3.841516788521650E-02  3.867286505282919E-02
  4.961349473192483E-02  5.010039742642443E-02  5.057915500273254E-02
  5.569889181576811E-02  5.634614298964553E-02  5.698775514807728E-02
  1.495080054046151E-02  1.552136465555403E-02  1.610362801433125E-02
  1.890392778697772E-02  1.948256126163217E-02  2.007811908583776E-02
  2.075052867404698E-02  2.132282700734819E-02  2.191568115597129E-02
  7.578070430590176E-03  8.162894771541614E-03  8.765145530079578E-03
  1.053289798706026E-02  1.109257434471857E-02  1.167109925644357E-02
  1.220775126678149E-02  1.274288492387130E-02  1.329738716373966E-02
  8.345335348104591E-03  8.988166606113025E-03  9.643105982956379E-03
  1.053939398688203E-02  1.120112619425529E-02  1.187507197958172E-02
  1.178988681708859E-02  1.246083794492530E-02  1.314387118021931E-02
  1.039305896465999E-02  1.108812399561104E-02  1.178932332866360E-02
  1.170567275335473E-02  1.243344495990946E-02  1.316759186777263E-02
  1.238782045359510E-02  1.313317217047234E-02  1.388506157826534E-02
  1.242859928795280E-02  1.310241349779283E-02  1.377804309284771E-02
  1.334438731245099E-02  1.404391793970909E-02  1.474536055996887E-02
  1.380358318354478E-02  1.451589208928495E-02  1.523020252450808E-02
  1.433132471386556E-02  1.493415089997894E-02  1.553567553389929E-02
  1.511244605662622E-02  1.573456033608376E-02  1.635527378708490E-02
  1.550818614992273E-02  1.613987407614654E-02  1.677011127693836E-02
  1.572531916728254E-02  1.624267419044351E-02  1.675675388237774E-02
  1.641053657386267E-02  1.694292639267593E-02  1.747194153825848E-02
  1.675595122551801E-02  1.729599316309945E-02  1.783260776612878E-02
  1.645866520604001E-02  1.689149101495238E-02  1.732006394828939E-02
  1.706086043447072E-02  1.750518770273746E-02  1.794523633953465E-02
  1.736335197822380E-02  1.781354082751395E-02  1.825944000958766E-02
  1.662397969394809E-02  1.697914480266872E-02  1.732970548345678E-02
  1.715607205875466E-02  1.752008564449083E-02  1.787952216852445E-02
  1.742400811511115E-02  1.779251347705213E-02  1.815645783923107E-02
  1.636631479358821E-02  1.665337371169556E-02  1.693579018844436E-02
  1.683367324285052E-02  1.712775844850041E-02  1.741725479816137E-02
  1.706945439521261E-02  1.736710669669998E-02  1.766019886572657E-02
  1.581751659138403E-02  1.604652065939808E-02  1.627097273942375E-02
  1.622437663655137E-02  1.645910645363325E-02  1.668934745985024E-02
  1.642962506894753E-02  1.666726369563689E-02  1.690044668461486E-02
  1.508809561342677E-02  1.526833384931928E-02  1.544413382402467E-02
  1.544079457808273E-02  1.562577138910172E-02  1.580637330438834E-02
  1.561857470791708E-02  1.580595894268853E-02  1.598900105711968E-02
  1.426331586031787E-02  1.440280448627975E-02  1.453793333851589E-02
  1.456910193906636E-02  1.471255019472429E-02  1.485169846073789E-02
  1.472311725614498E-02  1.486857554060308E-02  1.500976419936944E-02
  1.340349100904097E-02  1.350878618502657E-02  1.360973506194146E-02
  1.366909481885542E-02  1.377773058971704E-02  1.388207690245856E-02
  1.380280631686145E-02  1.391313306886590E-02  1.401919861008929E-02
  1.254756495668885E-02  1.262369955472727E-02  1.269542089231842E-02
  1.277875987605668E-02  1.285776838663059E-02  1.293242130232090E-02
  1.289509590263095E-02  1.297555065327245E-02  1.305167789104677E-02
  1.171669154058706E-02  1.176715718924114E-02  1.181305084087894E-02
  1.191862392475499E-02  1.197166489477705E-02  1.202019792516864E-02
  1.202014477319449E-02  1.207447051178380E-02  1.212431917308922E-02
  1.091677564061403E-02  1.094352200595029E-02  1.096543449401626E-02
  1.109452810620468E-02  1.112373798846797E-02  1.114819016006932E-02
  1.118374095995628E-02  1.121416839494354E-02  1.123987486457171E-02
  1.014043024603402E-02  1.014390168051665E-02  1.014216535561800E-02
  1.029939464532334E-02  1.030540924576866E-02  1.030630823348732E-02
  1.037897060815246E-02  1.038623377141018E-02  1.038842617547024E-02
  9.369166873183293E-03  9.348430698658565E-03  9.322002597144186E-03
  9.515076664925289E-03  9.497133524166769E-03  9.473606570603288E-03
  9.587882180550282E-03  9.571307563002176E-03  9.549202373168962E-03
  8.576461077282785E-03  8.529491139645174E-03  8.476257787402190E-03
  8.715118072509808E-03  8.671307885527963E-03  8.621352961157283E-03
  8.784082123366468E-03  8.741823534565644E-03  8.693479357283460E-03
  7.731976800137370E-03  7.656137266128912E-03  7.573428488255212E-03
  7.868763926367268E-03  7.796483165236167E-03  7.717451295033579E-03
  7.936632399054405E-03  7.866107325136077E-03  7.788890757697578E-03
  6.806843337778464E-03  6.699569711973997E-03  6.584871272653839E-03
  6.946125853082344E-03  6.842736779094792E-03  6.732025075838680E-03
  7.015156106107496E-03  6.913694401752661E-03  6.804962411720421E-03
  5.779456046822317E-03  5.639058772864780E-03  5.490837846972649E-03
  5.923996513234114E-03  5.787629425626845E-03  5.643508356480982E-03
  5.995654749952561E-03  5.861299400383447E-03  5.719226677180207E-03
  4.640834992139841E-03  4.467274385135375E-03  4.285754355778419E-03
  4.791374920602080E-03  4.621727474202878E-03  4.444144319129328E-03
  4.866113830451021E-03  4.698431879147688E-03  4.522828076034944E-03
  3.398264729275361E-03  3.193695162290886E-03  2.981369683137970E-03
  3.553420603137167E-03  3.352350979624399E-03  3.143497038844698E-03
  3.630613925453200E-03  3.431313988182644E-03  3.224217422567722E-03
  2.075966628314380E-03  1.844856330993155E-03  1.606550598631461E-03
  2.232526192304431E-03  2.004236303566697E-03  1.768674097061600E-03
  2.310606622301668E-03  2.083754176006368E-03  1.849592463727405E-03
  7.120779702975284E-04  4.607987740426722E-04  2.031863487099785E-04
  8.656727305391414E-04  6.163582616631497E-04  3.605983136363334E-04
  9.424638741688889E-04  6.941623056950381E-04  4.393600642973551E-04
 -6.477969029879417E-04 -9.118572627777410E-04 -1.181205214133624E-03
 -5.017896388176059E-04 -7.647892341355467E-04 -1.033204943209305E-03
 -4.286194693640331E-04 -6.910589128544756E-04 -9.589783555904001E-04
 -1.959004741719949E-03 -2.228573951576731E-03 -2.502346897369345E-03
 -1.824565378975084E-03 -2.093897001933007E-03 -2.367557721563439E-03
 -1.757045872146104E-03 -2.026232579600552E-03 -2.299811080892471E-03
 -3.185839556731138E-03 -3.454775088595176E-03 -3.726912440090473E-03
 -3.065663906080058E-03 -3.335011937238876E-03 -3.607669945924956E-03
 -3.005188900491676E-03 -3.274721800058049E-03 -3.547618914172139E-03
 -4.306554109411374E-03 -4.570384747905907E-03 -4.836546138805112E-03
 -4.201835690839170E-03 -4.466524883250354E-03 -4.733630599144898E-03
 -4.149041847954394E-03 -4.414143018775495E-03 -4.681703660286426E-03
 -5.313697387354559E-03 -5.569503190400399E-03 -5.826860705516556E-03
 -5.224355624293934E-03 -5.481293226454233E-03 -5.739849341776547E-03
 -5.179228155708165E-03 -5.436716680898769E-03 -5.695856952754824E-03
 -6.209827090809155E-03 -6.455546623939525E-03 -6.702030046776662E-03
 -6.135040600104681E-03 -6.382062622498973E-03 -6.629904712966012E-03
 -6.097178066547176E-03 -6.344836798537987E-03 -6.593343307533749E-03
 -7.000547834301730E-03 -7.234060587011731E-03 -7.467436423894419E-03
 -6.939350033848514E-03 -7.174306990471893E-03 -7.409180794675643E-03
 -6.908266683150889E-03 -7.143930542564647E-03 -7.379537676801432E-03
 -7.687941132588496E-03 -7.906371575439507E-03 -8.123605671662391E-03
 -7.639642920940016E-03 -7.859676258567583E-03 -8.078568806272165E-03
 -7.614988284470027E-03 -7.835807317970697E-03 -8.055512998893186E-03
 -8.267126660483924E-03 -8.466690754012332E-03 -8.663885121351623E-03
 -8.231441814549975E-03 -8.432790383353095E-03 -8.631825819228571E-03
 -8.213071494023644E-03 -8.415297187065227E-03 -8.615237967685100E-03
 -8.727041108139520E-03 -8.903473448150987E-03 -9.076368624201492E-03
 -8.703942247150787E-03 -8.882338228756236E-03 -9.057250739690442E-03
 -8.691850551685641E-03 -8.871215581265812E-03 -9.047124236652829E-03
 -9.054445036064906E-03 -9.203767214541728E-03 -9.348534783966335E-03
 -9.043890121512318E-03 -9.195317344013574E-03 -9.342236521511605E-03
 -9.038073302769317E-03 -9.190544159164543E-03 -9.338530794338051E-03
 -9.238821560429784E-03 -9.358090346721972E-03 -9.472048843671716E-03
 -9.240511981586486E-03 -9.361963815575141E-03 -9.478142351140167E-03
 -9.240843589501292E-03 -9.363382859767589E-03 -9.480668065991901E-03
 -9.275871255731026E-03 -9.363621600678398E-03 -9.445614966886978E-03
 -9.289139717693119E-03 -9.379080301571434E-03 -9.463290975914482E-03
 -9.295309473050151E-03 -9.386346042555760E-03 -9.471667063738162E-03
 -9.168504739598776E-03 -9.224798163707800E-03 -9.275182185952083E-03
 -9.192337173668262E-03 -9.250764216126419E-03 -9.303299660492412E-03
 -9.203857659769747E-03 -9.263356863635644E-03 -9.316974193663468E-03
 -8.925706159944874E-03 -8.951879421668718E-03 -8.972234835662481E-03
 -8.958835383057254E-03 -8.987033335905404E-03 -9.009422292896170E-03
 -8.975086534152039E-03 -9.004305833720585E-03 -9.027721316159691E-03
 -8.560506110192441E-03 -8.558798012946940E-03 -8.551550805866649E-03
 -8.601504357116480E-03 -8.601667601266733E-03 -8.596291004873977E-03
 -8.621779198948076E-03 -8.622889767582213E-03 -8.618460767766491E-03
 -8.088237073291310E-03 -8.061445851603689E-03 -8.029534198964183E-03
 -8.135568366201948E-03 -8.110453043465134E-03 -8.080205814436669E-03
 -8.159099707258826E-03 -8.134835596694258E-03 -8.105434328966708E-03
 -7.525565769210751E-03 -7.476808809801695E-03 -7.423453066056650E-03
 -7.577603560226117E-03 -7.530285333119726E-03 -7.478345393879242E-03
 -7.603573603333947E-03 -7.556988567856522E-03 -7.505770666034412E-03
 -6.890105257132080E-03 -6.822677384034221E-03 -6.751241980175432E-03
 -6.945146324631730E-03 -6.878882021039726E-03 -6.808576418564909E-03
 -6.972694385165317E-03 -6.907025247447015E-03 -6.837298047598375E-03
 -6.200128458885359E-03 -6.117416095346388E-03 -6.031322661004304E-03
 -6.256431688390602E-03 -6.174580140181431E-03 -6.089305124188210E-03
 -6.284674434738962E-03 -6.203265336271481E-03 -6.118411513086634E-03
 -5.474058066624523E-03 -5.379464039132698E-03 -5.282116402419277E-03
 -5.529916805494206E-03 -5.435870086143418E-03 -5.339022191895012E-03
 -5.557985568123380E-03 -5.464222517166445E-03 -5.367634302703166E-03
 -4.729728751580287E-03 -4.626580875125570E-03 -4.521278565588787E-03
 -4.783564853809230E-03 -4.680660247243705E-03 -4.575552471124400E-03
 -4.810654093229860E-03 -4.707878699410482E-03 -4.602875462321469E-03
 -3.983621817772015E-03 -3.875061878023688E-03 -3.764897548412156E-03
 -4.034079617734592E-03 -3.925487990742117E-03 -3.815245869511052E-03
 -4.059495471077142E-03 -3.950893034215828E-03 -3.840616698087340E-03
 -3.250260048253773E-03 -3.139127666390303E-03 -3.026879192241431E-03
 -3.296280560789273E-03 -3.184886315865252E-03 -3.072335579190684E-03
 -3.319479309864934E-03 -3.207956779965770E-03 -3.095257205195593E-03
 -2.541815278692926E-03 -2.430548211376227E-03 -2.318584398344363E-03
 -2.582679336994878E-03 -2.470974923257855E-03 -2.358541128575536E-03
 -2.603289916145471E-03 -2.491367434830853E-03 -2.378698936205717E-03
 -1.867876952718219E-03 -1.758445963298948E-03 -1.648664331330474E-03
 -1.903214408510573E-03 -1.793228873839527E-03 -1.682868790566291E-03
 -1.921043441859834E-03 -1.810779650923993E-03 -1.700129096380141E-03
 -1.235333140086505E-03 -1.129220642658114E-03 -1.023028825579190E-03
 -1.265100541656254E-03 -1.158372252203071E-03 -1.051549392605514E-03
 -1.280121192096890E-03 -1.173082918996933E-03 -1.065942255939550E-03
 -6.483883639143553E-04 -5.466116783869442E-04 -4.449552488758444E-04
 -6.728201189726931E-04 -5.704150537681656E-04 -4.681226943536080E-04
 -6.851473891478295E-04 -5.824254091194313E-04 -4.798122341904952E-04
 -1.087947204681011E-04 -1.196975490953039E-05  8.459777916137845E-05
 -1.283345190957450E-04 -3.090637530258154E-05  6.626577644551391E-05
 -1.381905106908390E-04 -4.045782734681382E-05  5.701964573769296E-05
  3.836534074036787E-04  4.752157811320859E-04  5.664305781796670E-04
  3.684320457712543E-04  4.605473037041523E-04  5.523122151952469E-04
  3.607584134175618E-04  4.531529580082848E-04  5.451957808006807E-04
  8.304030049334980E-04  9.165809856627036E-04  1.002349795043334E-03
  8.188762010392863E-04  9.055442209033604E-04  9.917979519044019E-04
  8.130695470023752E-04  8.999850922200647E-04  9.864837616105108E-04
  1.233346708972178E-03  1.314092471112638E-03  1.394379035296654E-03
  1.224908319761013E-03  1.306079213823620E-03  1.386784954608310E-03
  1.220661498430591E-03  1.302046998642932E-03  1.382964318375457E-03
  1.594142279960409E-03  1.669393284744123E-03  1.744135717167254E-03
  1.588251302743145E-03  1.663867521089735E-03  1.738969335351836E-03
  1.585289719297549E-03  1.661090091964355E-03  1.736373089073625E-03
  1.913822478464627E-03  1.983462003139740E-03  2.052542232704391E-03
  1.910025131254178E-03  1.979978044477638E-03  2.049366330314024E-03
  1.908118279077945E-03  1.978228993060929E-03  2.047772363428302E-03
  2.192789481399982E-03  2.256666591174921E-03  2.319939311023351E-03
  2.190717380371464E-03  2.254863792445291E-03  2.318400893035364E-03
  2.189678240728352E-03  2.253960067698351E-03  2.317630084192341E-03
  2.431174513798845E-03  2.489174819526559E-03  2.546544296829593E-03
  2.430525842356156E-03  2.488756573231009E-03  2.546351640739797E-03
  2.430201563749432E-03  2.488548038549556E-03  2.546256407182681E-03
  2.629433104612454E-03  2.681573823363146E-03  2.733089804209451E-03
  2.629946803677070E-03  2.682281209919861E-03  2.733985829207615E-03
  2.630205699637553E-03  2.682637342278641E-03  2.734436657899671E-03
  2.788972505038222E-03  2.835485651571816E-03  2.881421352618571E-03
  2.790405482282983E-03  2.837075579371809E-03  2.883162898878310E-03
  2.791125414238122E-03  2.837874300973386E-03  2.884037733193434E-03
  2.912593486142403E-03  2.953963006421733E-03  2.994841996164434E-03
  2.914708002531848E-03  2.956197433078008E-03  2.997190981512728E-03
  2.915769812232763E-03  2.957319458045306E-03  2.998370534694646E-03
  3.004579572131363E-03  3.041511060259815E-03  3.078064382229015E-03
  3.007143564389421E-03  3.044159304638958E-03  3.080792073723008E-03
  3.008431009650215E-03  3.045489077394360E-03  3.082161756554621E-03
  3.070368101903866E-03  3.103689475262613E-03  3.136745237681306E-03
  3.073166744394295E-03  3.106541219326663E-03  3.139646544260331E-03
  3.074572135491290E-03  3.107973285010087E-03  3.141103495797374E-03
  3.115859709262047E-03  3.146372592425651E-03  3.176701833980430E-03
  3.118713193928698E-03  3.149256059189756E-03  3.179613655155678E-03
  3.120146233179237E-03  3.150704117468448E-03  3.181075897146860E-03
  3.146531856786372E-03  3.174851088483901E-03  3.203010466169279E-03
  3.149312790297348E-03  3.177649611251908E-03  3.205827191871501E-03
  3.150709301896030E-03  3.179054844530859E-03  3.207241433835040E-03
  3.166589231915173E-03  3.193016980013086E-03  3.219235789691050E-03
  3.169233332008633E-03  3.195677808592655E-03  3.221916038170034E-03
  3.170560694771742E-03  3.197013376263739E-03  3.223261142684309E-03
  3.178390805409754E-03  3.202868405009447E-03  3.227021026191121E-03
  3.180896524375793E-03  3.205399873106233E-03  3.229582314498884E-03
  3.182153585690473E-03  3.206669596762564E-03  3.230866731623006E-03
  3.182333979713542E-03  3.204497067271904E-03  3.226181045445691E-03
  3.184749863973569E-03  3.206953669495765E-03  3.228682725853569E-03
  3.185960703443960E-03  3.208184647507429E-03  3.229936028186909E-03
  3.177257793619019E-03  3.196590413268320E-03  3.215297955280953E-03
  3.179660119951114E-03  3.199049134337847E-03  3.217816553551398E-03
  3.180862903828183E-03  3.200279930067587E-03  3.219077115598057E-03
  3.161272067340270E-03  3.177319514633843E-03  3.192653764823907E-03
  3.163738631831608E-03  3.179853900323146E-03  3.195257747864121E-03
  3.164972481367019E-03  3.181121537873917E-03  3.196560076975135E-03
  3.132765200651568E-03  3.145333914322202E-03  3.157192412080389E-03
  3.135353022388257E-03  3.147993819599786E-03  3.159924362800700E-03
  3.136646782009745E-03  3.149323564538002E-03  3.161290085154329E-03
  3.091237652979375E-03  3.100495846014508E-03  3.109134528366793E-03
  3.093971953256268E-03  3.103299800809384E-03  3.112007097945244E-03
  3.095338563828038E-03  3.104701224940019E-03  3.113442817067104E-03
  3.037597308916579E-03  3.044002664046842E-03  3.049914003197841E-03
  3.040476183941025E-03  3.046946289479073E-03  3.052921973066252E-03
  3.041914908129628E-03  3.048417375620921E-03  3.054425207289329E-03
  2.973665890333108E-03  2.977690295359694E-03  2.981280119376465E-03
  2.976680184247023E-03  2.980768972322436E-03  2.984425441101138E-03
  2.978186476067220E-03  2.982307396805137E-03  2.985997108113328E-03
  2.900876626712920E-03  2.902565762420717E-03  2.903685186333547E-03
  2.904039019894767E-03  2.905804358496880E-03  2.907006682916516E-03
  2.905619071151853E-03  2.907422374736029E-03  2.908665988105265E-03
  2.818441617374087E-03  2.816920960640171E-03  2.814381854828767E-03
  2.821814728578365E-03  2.820399756710648E-03  2.817978255235814E-03
  2.823499593289868E-03  2.822137246171579E-03  2.819774309209853E-03
  2.721542240592054E-03  2.714635375992242E-03  2.705883943272406E-03
  2.725254272624557E-03  2.718500925502681E-03  2.709919413340622E-03
  2.727107811313838E-03  2.720430954579906E-03  2.711934127887893E-03
  2.600245302251760E-03  2.584382434814742E-03  2.565504924386184E-03
  2.604484171671016E-03  2.588835357352971E-03  2.570190334526428E-03
  2.606600246965074E-03  2.591058200543597E-03  2.572529176155893E-03
  2.439799760414888E-03  2.410353959935007E-03  2.376535427755365E-03
  2.444782065980748E-03  2.415611595119539E-03  2.382084912215936E-03
  2.447269127983238E-03  2.418236151066871E-03  2.384855257609272E-03
  2.222717558014523E-03  2.174821215032244E-03  2.121284237931427E-03
  2.228635282895979E-03  2.181059578389940E-03  2.127852963563329E-03
  2.231589768087125E-03  2.184174381030884E-03  2.131133002713234E-03
  1.932648332555932E-03  1.862432836024135E-03  1.785769998283043E-03
  1.939601700923565E-03  1.869717391362714E-03  1.793383620312971E-03
  1.943074452506381E-03  1.873355975781400E-03  1.797187052582587E-03
  1.559613000542328E-03  1.465701406078796E-03  1.365402373167121E-03
  1.567541215168486E-03  1.473918950695820E-03  1.373890953528529E-03
  1.571502800156308E-03  1.478025735030880E-03  1.378133877595360E-03
  1.105737123523037E-03  9.907142071822401E-04  8.705848501989758E-04
  1.114360172759045E-03  9.995193903300182E-04  8.795350922030146E-04
  1.118671699715307E-03  1.003922840312556E-03  8.840120188461780E-04
  5.902540790402863E-04  4.617472490445272E-04  3.308325647008180E-04
  5.990398071461183E-04  4.705383240499089E-04  3.395733937520192E-04
  6.034363342572030E-04  4.749386877756392E-04  3.439498787250488E-04
  5.226471370938678E-05 -7.678738348304146E-05 -2.042062665130417E-04
  6.043658943778991E-05 -6.884782309026503E-05 -1.965688483639281E-04
  6.453081715827799E-05 -6.486835971252702E-05 -1.927390118374548E-04
 -4.503402816702742E-04 -5.626266327252131E-04 -6.683299363474435E-04
 -4.437395469151091E-04 -5.565314631897033E-04 -6.628153947369580E-04
 -4.404257379635673E-04 -5.534689727116235E-04 -6.600417571553997E-04
 -8.470355205544422E-04 -9.232308004337661E-04 -9.877872329837382E-04
 -8.430154190584695E-04 -9.199825581555309E-04 -9.853779247957250E-04
 -8.409870110528354E-04 -9.183387888485312E-04 -9.841524089752212E-04
 -1.066103554998201E-03 -1.088478634196588E-03 -1.095111503488413E-03
 -1.065539008875639E-03 -1.088890445493600E-03 -1.096543588088807E-03
 -1.065234727164922E-03 -1.089073519901293E-03 -1.097236133736059E-03
 -1.049859204594569E-03 -1.006466436284417E-03 -9.452463198466455E-04
 -1.053276871007646E-03 -1.010947967455120E-03 -9.507993469879553E-04
 -1.054962399172182E-03 -1.013165345000382E-03 -9.535526079465849E-04
 -7.702053624730060E-04 -6.585113454425763E-04 -5.296675247816170E-04
 -7.775988757510577E-04 -6.669006148329065E-04 -5.390174280977931E-04
 -7.812742010617469E-04 -6.710746243372843E-04 -5.436727964484654E-04
 -2.397928956943836E-04 -6.850339537987018E-05  1.163654784905375E-04
 -2.505330963663819E-04 -8.000971547345777E-05  1.041673741561549E-04
 -2.558869890409108E-04 -8.574830971674950E-05  9.808105149311665E-05
  4.856207357601278E-04  6.974264171822776E-04  9.169560523091712E-04
  4.727306716888335E-04  6.841267288133858E-04  9.033464495418235E-04
  4.662939420214440E-04  6.774829865829774E-04  8.965454498138388E-04
  1.315736509855142E-03  1.542216834141874E-03  1.769499772487615E-03
  1.302254069492086E-03  1.528738651070312E-03  1.756130256496132E-03
  1.295512007471772E-03  1.521996397208775E-03  1.749440037212699E-03
  2.143697894856706E-03  2.357680853768493E-03  2.565954863011664E-03
  2.131230352352343E-03  2.345603738130802E-03  2.554355962295787E-03
  2.124987190083726E-03  2.339553818370851E-03  2.548543310865936E-03
  2.868484102739146E-03  3.047096035238994E-03  3.215177777103120E-03
  2.858364177775078E-03  3.037650119886766E-03  3.206461567547499E-03
  2.853288532173313E-03  3.032910211545204E-03  3.202085441768258E-03
  3.414951452040403E-03  3.543746763597211E-03  3.659598388332529E-03
  3.407998039629045E-03  3.537605805147428E-03  3.654288005188562E-03
  3.404502593255690E-03  3.534516158079151E-03  3.651613420595046E-03
  3.745678767153891E-03  3.820180372719795E-03  3.881745437472614E-03
  3.742109098229271E-03  3.817415627266840E-03  3.879770894046928E-03
  3.740305750921860E-03  3.816015057824378E-03  3.878765897461303E-03
  3.861986788131156E-03  3.886546705234359E-03  3.900024855610781E-03
  3.861488427429188E-03  3.886734480297413E-03  3.900862819763717E-03
  3.861223476348832E-03  3.886813397474882E-03  3.901267713646633E-03
  3.795494122324365E-03  3.780303586876566E-03  3.756867913714107E-03
  3.797409176499210E-03  3.782727748815220E-03  3.759757534978570E-03
  3.798354980949620E-03  3.783929081441863E-03  3.761192580924209E-03
  3.594510200733534E-03  3.552035239872589E-03  3.504295426053200E-03
  3.598054956204945E-03  3.555905544744379E-03  3.508451006078582E-03
  3.599819770625234E-03  3.557834024182561E-03  3.510522972275540E-03
  3.310326746103272E-03  3.252313244025640E-03  3.191569562255902E-03
  3.314776056298656E-03  3.256934429923921E-03  3.196332076914581E-03
  3.316996573696440E-03  3.259241543048310E-03  3.198710449587834E-03
  2.987170367034022E-03  2.922846335078717E-03  2.857612887178800E-03
  2.991967010591249E-03  2.927707344244986E-03  2.862519036808819E-03
  2.994363516297972E-03  2.930136423169406E-03  2.864971016603878E-03
  2.657285928566614E-03  2.592810409592612E-03  2.528533505715079E-03
  2.662071218087462E-03  2.597597881825971E-03  2.533313512539776E-03
  2.664463304403862E-03  2.599991228753105E-03  2.535703253578562E-03
  2.340557405109538E-03  2.279373754171675E-03  2.218943562651586E-03
  2.345144472651591E-03  2.283935182520533E-03  2.223476033730836E-03
  2.347437927291141E-03  2.286215849446355E-03  2.225742232979936E-03
  2.046957736841387E-03  1.990581669629931E-03  1.935168095801599E-03
  2.051277512206843E-03  1.994868351034835E-03  1.939421443850009E-03
  2.053437381001122E-03  1.997011651760558E-03  1.941548054403689E-03
  1.779998886324843E-03  1.728846178913803E-03  1.678698436318721E-03
  1.784044304875324E-03  1.732859351004111E-03  1.682679798914811E-03
  1.786066946234134E-03  1.734865858243076E-03  1.684670400215457E-03
  1.539854331606356E-03  1.493875450880557E-03  1.448894254851077E-03
  1.543637925607692E-03  1.497628094595455E-03  1.452615762091666E-03
  1.545529697755047E-03  1.499504425463788E-03  1.454476573500323E-03
  1.325504457593318E-03  1.284550613263287E-03  1.244589874222669E-03
  1.329034278579544E-03  1.288047756594472E-03  1.248053191959314E-03
  1.330799384977239E-03  1.289796611152573E-03  1.249785235181248E-03
  1.135813168416163E-03  1.099764821963803E-03  1.064712052162438E-03
  1.139085019069170E-03  1.102999122821376E-03  1.067906991970212E-03
  1.140721531493869E-03  1.104616989880194E-03  1.069505318333989E-03
  9.697726669957938E-04  9.385116745764208E-04  9.082343025708718E-04
  9.727733193601820E-04  9.414685473500357E-04  9.111455044777706E-04
  9.742747285985207E-04  9.429482178084041E-04  9.126024948812661E-04
  8.262725676989113E-04  7.995870925889509E-04  7.738320313396306E-04
  8.289880814503119E-04  8.022535828394967E-04  7.764481006848579E-04
  8.303474322465321E-04  8.035885705580811E-04  7.777580250002346E-04
  7.037295865430793E-04  6.812246260327654E-04  6.595382147238197E-04
  7.061538301969642E-04  6.835974771328581E-04  6.618591365906076E-04
  7.073679857721319E-04  6.847860621809370E-04  6.630218763798601E-04
  5.998234301923854E-04  5.808830565406923E-04  5.625903742324017E-04
  6.019635572272293E-04  5.829731518846629E-04  5.646308325044648E-04
  6.030359606799689E-04  5.840206288191147E-04  5.656535710096452E-04
  5.114703633826763E-04  4.952891007614586E-04  4.795431418395024E-04
  5.133477856764145E-04  4.971212574701663E-04  4.813311470710841E-04
  5.142889797730025E-04  4.980398667030590E-04  4.822277185193830E-04
  4.350560725770031E-04  4.207313964735625E-04  4.066184221981954E-04
  4.367031110098487E-04  4.223400635103278E-04  4.081901529306620E-04
  4.375290967314807E-04  4.231468727946783E-04  4.089784942848641E-04
  3.668610029092036E-04  3.535205076874001E-04  3.401916098836539E-04
  3.683146537588605E-04  3.549430601094485E-04  3.415843750626020E-04
  3.690437990159731E-04  3.556566346936040E-04  3.422830274514448E-04
  3.035566341523844E-04  2.904847806312373E-04  2.772778095710488E-04
  3.048515681714698E-04  2.917546118485176E-04  2.785233723277634E-04
  3.055011205531830E-04  2.923915706489093E-04  2.791481497682760E-04
  2.426376059800673E-04  2.293692153704089E-04  2.158901982623137E-04
  2.438005003966785E-04  2.305106334682701E-04  2.170103301280553E-04
  2.443837537723558E-04  2.310830950636756E-04  2.175720918995712E-04
  1.826813209208415E-04  1.690405292668630E-04  1.551871763067299E-04
  1.837279749095600E-04  1.700666779032730E-04  1.561924077365551E-04
  1.842528186391441E-04  1.705812108537978E-04  1.566964222346125E-04
  1.233822899310187E-04  1.094622582212315E-04  9.538929087466472E-05
  1.243179518217427E-04  1.103762130283333E-04  9.628073326066359E-05
  1.247870221341669E-04  1.108343715911440E-04  9.672757654979702E-05
  6.537353886860027E-05  5.146822635138728E-05  3.750939065359148E-05
  6.619585517018544E-05  5.226645182451060E-05  3.828261452400542E-05
  6.660799872930735E-05  5.266649415252451E-05  3.867010003488322E-05
  9.900832447249211E-06 -3.589294970370874E-06 -1.701896278876384E-05
  1.060415727610563E-05 -2.912492862246475E-06 -1.636942580401298E-05
  1.095657899012704E-05 -2.573384329742597E-06 -1.604400124329659E-05
 -4.155757074963987E-05 -5.422132114015823E-05 -6.671876328892503E-05
 -4.097791933971269E-05 -5.366972771289891E-05 -6.619561206435270E-05
 -4.068753093652187E-05 -5.339341472199502E-05 -6.593356556237596E-05
 -8.763630046749791E-05 -9.912897715725061E-05 -1.103737578058363E-04
 -8.718093043088287E-05 -9.870175127362112E-05 -1.099746259074879E-04
 -8.695284856745188E-05 -9.848778116149326E-05 -1.097747408685124E-04
 -1.273308195423644E-04 -1.374216762265752E-04 -1.472152863199804E-04
 -1.269948137055528E-04 -1.371123356872970E-04 -1.469321550169656E-04
 -1.268265479852384E-04 -1.369574345430952E-04 -1.467903884556216E-04
 -1.601222567644842E-04 -1.687104719852547E-04 -1.769847912739686E-04
 -1.598953119546052E-04 -1.685073857068866E-04 -1.768048014132593E-04
 -1.597816791452805E-04 -1.684057060719497E-04 -1.767146918515033E-04
 -1.859871722028113E-04 -1.930918659907094E-04 -1.998936910625863E-04
 -1.858548701542055E-04 -1.929797309004875E-04 -1.998007858012002E-04
 -1.857886319108405E-04 -1.929235926592214E-04 -1.997542771569859E-04
 -2.053222098050987E-04 -2.110556873184495E-04 -2.165169661356897E-04
 -2.052678295751619E-04 -2.110173994535790E-04 -2.164937873592218E-04
 -2.052406010346043E-04 -2.109982276042665E-04 -2.164821791165464E-04
 -2.188214648714123E-04 -2.233552004844632E-04 -2.276582350825437E-04
 -2.188278245403841E-04 -2.233736476442461E-04 -2.276878464478937E-04
 -2.188309965894945E-04 -2.233828696211870E-04 -2.277026557053994E-04
 -2.273411262748210E-04 -2.308721787485881E-04 -2.342168791849715E-04
 -2.273921229906492E-04 -2.309316740552539E-04 -2.342840847053897E-04
 -2.274176321671501E-04 -2.309614359151111E-04 -2.343177044199872E-04
 -2.317767313828518E-04 -2.344996538902031E-04 -2.370772461185810E-04
 -2.318584317554535E-04 -2.345869024967758E-04 -2.371694325818299E-04
 -2.318993039752488E-04 -2.346305504832444E-04 -2.372155507305565E-04
 -2.329679494197653E-04 -2.350547901165864E-04 -2.370300236455840E-04
 -2.330692096168772E-04 -2.351593914195336E-04 -2.371375479905194E-04
 -2.331198681639424E-04 -2.352117209462983E-04 -2.371913391425197E-04
 -2.316370083461227E-04 -2.332260967907064E-04 -2.347282442844443E-04
 -2.317496675368598E-04 -2.333406352109862E-04 -2.348444260223251E-04
 -2.318060280280336E-04 -2.333979346541847E-04 -2.349025461601120E-04
 -2.283605125650428E-04 -2.295533916536427E-04 -2.306751124869359E-04
 -2.284792276794389E-04 -2.296731874823245E-04 -2.307959057126620E-04
 -2.285386145801963E-04 -2.297331130060076E-04 -2.308563279192084E-04
 -2.235700898419877E-04 -2.244350300531909E-04 -2.252373291279584E-04
 -2.236918916244944E-04 -2.245576337460487E-04 -2.253607613084202E-04
 -2.237528164079111E-04 -2.246189568175494E-04 -2.254224957439399E-04
 -2.175744658196852E-04 -2.181543901046717E-04 -2.186753729128775E-04
 -2.176981305954789E-04 -2.182789190033907E-04 -2.188008540929705E-04
 -2.177599784091157E-04 -2.183411956477673E-04 -2.188636035633774E-04
 -2.105939485369576E-04 -2.109163157214532E-04 -2.111812570032425E-04
 -2.107192952909582E-04 -2.110427462294568E-04 -2.113088751256833E-04
 -2.107819743792662E-04 -2.111059639623477E-04 -2.113726835130908E-04
 -2.027980276855143E-04 -2.028843322861759E-04 -2.029147973922522E-04
 -2.029252551692552E-04 -2.030128613738623E-04 -2.030447113091201E-04
 -2.029888659127011E-04 -2.030771202937162E-04 -2.031096602516215E-04
 -1.943380033128592E-04 -1.942110608644674E-04 -1.940314299538221E-04
 -1.944671674138125E-04 -1.943416304669843E-04 -1.941634454993174E-04
 -1.945317408419131E-04 -1.944069051063612E-04 -1.942294419048780E-04
 -1.853691074261065E-04 -1.850571056006361E-04 -1.846977183552964E-04
 -1.854998036686030E-04 -1.851891432918468E-04 -1.848310884415263E-04
 -1.855651419295074E-04 -1.852551520405261E-04 -1.848977635073524E-04
 -1.760599110984770E-04 -1.755971185856021E-04 -1.750941638684242E-04
 -1.761911788076114E-04 -1.757294977844230E-04 -1.752276025965605E-04
 -1.762568061315941E-04 -1.757956818302408E-04 -1.752943176844601E-04
 -1.665901003595130E-04 -1.660149090842476E-04 -1.654079058082788E-04
 -1.667205168746152E-04 -1.661460857672052E-04 -1.655397630682734E-04
 -1.667857255947685E-04 -1.662116764182922E-04 -1.656056960450861E-04
 -1.571401686287653E-04 -1.564916239820587E-04 -1.558197233425966E-04
 -1.572680667947828E-04 -1.566198764205606E-04 -1.559482411719413E-04
 -1.573320253560183E-04 -1.566840143571156E-04 -1.560125141043084E-04
 -1.478777230300707E-04 -1.471918005713144E-04 -1.464901461133508E-04
 -1.480014508651851E-04 -1.473154901587035E-04 -1.466137155714308E-04
 -1.480633334394698E-04 -1.473773557686162E-04 -1.466755232255271E-04
 -1.389448735750895E-04 -1.382515320743029E-04 -1.375486127807748E-04
 -1.390630224663473E-04 -1.383693159964634E-04 -1.376659676505517E-04
 -1.391221233322350E-04 -1.384282361084207E-04 -1.377246748456099E-04
 -1.304498893196564E-04 -1.297714943910564E-04 -1.290879573544108E-04
 -1.305614410551774E-04 -1.298824480949494E-04 -1.291982707952292E-04
 -1.306172487333364E-04 -1.299379578924987E-04 -1.292534614536733E-04
 -1.224645100493069E-04 -1.218157365288649E-04 -1.211646471066931E-04
 -1.225688844573709E-04 -1.219193760771789E-04 -1.212675295124283E-04
 -1.226211062525311E-04 -1.219712309955164E-04 -1.213190062898135E-04
 -1.150265686349683E-04 -1.144154909644826E-04 -1.138036667293870E-04
 -1.151235829686103E-04 -1.145117130762552E-04 -1.138990885805846E-04
 -1.151721252654169E-04 -1.145598593738739E-04 -1.139468347807776E-04
 -1.081463437497770E-04 -1.075761968116937E-04 -1.070060654330098E-04
 -1.082361148307166E-04 -1.076651711393873E-04 -1.070942423182022E-04
 -1.082810345127762E-04 -1.077096923082421E-04 -1.071383645981143E-04
 -1.018145339444557E-04 -1.012855920350675E-04 -1.007570357985217E-04
 -1.018973610342356E-04 -1.013676437371526E-04 -1.008383129089222E-04
 -1.019388069789878E-04 -1.014087017783336E-04 -1.008789834495653E-04
 -9.600989544718929E-05 -9.552103777938519E-05 -9.503283989263978E-05
 -9.608615669717154E-05 -9.559655061855589E-05 -9.510760305570628E-05
 -9.612431783492932E-05 -9.563433738121856E-05 -9.514501483292639E-05
 -9.070521233820592E-05 -9.025494847927245E-05 -8.980567211251983E-05
 -9.077529465338612E-05 -9.032430433754698E-05 -8.987429717556047E-05
 -9.081036462563586E-05 -9.035901099100489E-05 -8.990863836299638E-05
 -8.587107950323154E-05 -8.545801899545684E-05 -8.504635241193808E-05
 -8.593534641322945E-05 -8.552157463380840E-05 -8.510919026455067E-05
 -8.596750724323843E-05 -8.555337979828653E-05 -8.514063651678173E-05
 -8.147770126259016E-05 -8.110060653080222E-05 -8.072534185367389E-05
 -8.153649103334082E-05 -8.115869735982029E-05 -8.078272682350611E-05
 -8.156591200733735E-05 -8.118776884681791E-05 -8.081144536058445E-05
 -7.749535772281222E-05 -7.715298765132780E-05 -7.681284537844433E-05
 -7.754899754538226E-05 -7.720594362452355E-05 -7.686511184215872E-05
 -7.757584224888565E-05 -7.723244635472084E-05 -7.689126975418906E-05
 -7.389430875586780E-05 -7.358524502575657E-05 -7.327872246223236E-05
 -7.394313084879073E-05 -7.363340527692830E-05 -7.332621739418511E-05
 -7.396756525583222E-05 -7.365750865607748E-05 -7.334998798812773E-05
 -7.064475046433223E-05 -7.036732806879147E-05 -7.009267022771712E-05
 -7.068910056114853E-05 -7.041104637768304E-05 -7.013575548638571E-05
 -7.071129736396175E-05 -7.043292712042581E-05 -7.015731952189554E-05
 -6.771714017990913E-05 -6.746951612101668E-05 -6.722482134113988E-05
 -6.775737527065103E-05 -6.750915572544612E-05 -6.726386577260549E-05
 -6.777751283426798E-05 -6.752899533916682E-05 -6.728340758317587E-05
 -6.508290322700462E-05 -6.486322716936271E-05 -6.464663754246567E-05
 -6.511938084795435E-05 -6.489914831971850E-05 -6.468200319978712E-05
 -6.513763790466318E-05 -6.491712691968788E-05 -6.469970382870448E-05
 -6.271532865071648E-05 -6.252194513810304E-05 -6.233184799748951E-05
 -6.274839283805900E-05 -6.255449083573536E-05 -6.236387604060497E-05
 -6.276494147058221E-05 -6.257078001021326E-05 -6.237990617641163E-05
 -6.059039130572703E-05 -6.042200604093483E-05 -6.025718403349709E-05
 -6.062036030392326E-05 -6.045149072136719E-05 -6.028618460888945E-05
 -6.063535977277859E-05 -6.046624784013596E-05 -6.030069948780129E-05
 -5.868728927973822E-05 -5.854305896547059E-05 -5.840275735583138E-05
 -5.871444815378715E-05 -5.856976260499292E-05 -5.842900523654287E-05
 -5.872804116191444E-05 -5.858312783047805E-05 -5.844214242090964E-05
 -5.698861303655664E-05 -5.686815044405956E-05 -5.675206215952472E-05
 -5.701321194021709E-05 -5.689231817458662E-05 -5.677579761466983E-05
 -5.702552373150764E-05 -5.690441423647105E-05 -5.678767739822649E-05
 -5.548019807624480E-05 -5.538350741048754E-05 -5.529169620838198E-05
 -5.550245517939074E-05 -5.540535324007403E-05 -5.531312937093582E-05
 -5.551359498265254E-05 -5.541628727976226E-05 -5.532385695107928E-05
 -5.415078688637084E-05 -5.407815655550415E-05 -5.401094610341431E-05
 -5.417089407505554E-05 -5.409786924978247E-05 -5.403026289859657E-05
 -5.418095795140367E-05 -5.410773576235626E-05 -5.403993134492093E-05
