  7.521579784072915E+00  7.511054667653142E+00  7.500519467651962E+00

  5.011677529932543E-01  4.973100265512191E-01  4.934161598808957E-01
  5.024702824184281E-01  4.985524618623831E-01  4.945894250100797E-01
  5.032142065836428E-01  4.992652624414747E-01  4.952652293925451E-01
  5.032142065836428E-01  4.992652624414747E-01  4.952652293925451E-01
  5.024702824184281E-01  4.985524618623831E-01  4.945894250100797E-01
  5.011677529932543E-01  4.973100265512191E-01  4.934161598808957E-01
  4.995880118193707E-01  4.958157228642541E-01  4.920167629706432E-01
  4.980045391088513E-01  4.943384267112723E-01  4.906541010305869E-01
  4.966199344519617E-01  4.930764872065522E-01  4.895220020867418E-01
  4.955609854552668E-01  4.921533579936046E-01  4.887407312622299E-01
  4.949113192428606E-01  4.916501782519910E-01  4.883890651358577E-01
  4.947394629807562E-01  4.916337656790876E-01  4.885321484032205E-01
  4.951091852168106E-01  4.921664997277578E-01  4.892309810844271E-01
  4.960812670487914E-01  4.933075021156940E-01  4.905430321711665E-01
  4.977111553935001E-01  4.951098838467258E-01  4.925190681112100E-01
  5.000419201514843E-01  4.976134436448874E-01  4.951955871731354E-01
  5.030934706427339E-01  5.008337377291425E-01  4.985837620925195E-01
  5.068510374782268E-01  5.047506394147993E-01  5.026581117063886E-01
  5.112562883310080E-01  5.092998141667818E-01  5.073483481229367E-01
  5.162031605273079E-01  5.143689726753379E-01  5.125360072057821E-01
  5.215380138128902E-01  5.197981547806699E-01  5.180547963828960E-01
  5.270620876099834E-01  5.253820718929273E-01  5.236928363587687E-01
  5.325359328938294E-01  5.308748374981110E-01  5.291978497631228E-01
  5.376893606722085E-01  5.360012775876564E-01  5.342900471414960E-01
  5.422415353571304E-01  5.404792086104023E-01  5.386866712460057E-01
  5.459312385044424E-01  5.440515527539976E-01  5.421358177148718E-01
  5.485504673613274E-01  5.465203247641877E-01  5.444505209540028E-01
  5.499714601953984E-01  5.477723599078778E-01  5.455329265321357E-01
  5.501601584992282E-01  5.477904906820414E-01  5.453830710664727E-01
  5.491751169094260E-01  5.466501627032995E-01  5.440932435388156E-01
  5.471558057401011E-01  5.445061275276090E-01  5.418332000086150E-01
  5.443062660021564E-01  5.415754408035011E-01  5.388326714182856E-01
  5.408797658773854E-01  5.381223906107746E-01  5.353667259268562E-01
  5.371686757166235E-01  5.344493640953889E-01  5.317477445038665E-01
  5.335017589801458E-01  5.308954474453025E-01  5.283253494078766E-01
  5.302484298916827E-01  5.278416980003173E-01  5.254925651186847E-01
  5.278263890080279E-01  5.257187877871770E-01  5.236931941380815E-01
  5.267061843648426E-01  5.250100117386680E-01  5.234229095876468E-01
  5.274048825351740E-01  5.262417466502562E-01  5.252161762018954E-01
  5.304622194909255E-01  5.299552663905462E-01  5.296135833560528E-01
  5.363965599061034E-01  5.366583509539012E-01  5.371092395693436E-01
  5.456438460566398E-01  5.467612469923328E-01  5.480841786544769E-01
  5.584887168123076E-01  5.605073587832372E-01  5.627372692037027E-01
  5.750011332994053E-01  5.779126081083575E-01  5.810280047251426E-01
  5.949926617433018E-01  5.987273862564093E-01  6.026446847635132E-01
  6.180035854370318E-01  6.224312547998050E-01  6.270069830526356E-01
  6.433260101829086E-01  6.482640505262445E-01  6.533049887549124E-01
  6.700607822675972E-01  6.752896437687004E-01  6.805694363735983E-01
  6.971993993413715E-01  7.024823256937868E-01  7.077620082297188E-01
  7.237179489994453E-01  7.288223137491784E-01  7.338718009459418E-01
  7.486694420631775E-01  7.533869168891862E-01  7.580047963511037E-01
  7.712634287630570E-01  7.754269090516452E-01  7.794565897516532E-01
  7.909258095813012E-01  7.944217131941810E-01  7.977626209998150E-01
  8.073349626177970E-01  8.101098601174709E-01  8.127226468711216E-01
  8.204314671512862E-01  8.224920712302827E-01  8.243969053017290E-01
  8.303990418738597E-01  8.318049577218791E-01  8.330725176220338E-01
  8.376167466149644E-01  8.384665994067924E-01  8.392028096156854E-01
  8.425884912468452E-01  8.430018717713107E-01  8.433292555759723E-01
  8.458630452317012E-01  8.459621082415135E-01  8.460017609626478E-01
  8.479612235926293E-01  8.478557460231638E-01  8.477135224367037E-01
  8.493238605026451E-01  8.491020750971932E-01  8.488608470327128E-01
  8.502862250161373E-01  8.500116800496019E-01  8.497294655535207E-01
  8.510761894014540E-01  8.507892878166720E-01  8.505016485037055E-01
  8.518284309422770E-01  8.515506692111461E-01  8.512753588954589E-01
  8.526061032531572E-01  8.523452241448772E-01  8.520874046176750E-01
  8.534233595585259E-01  8.531782184726220E-01  8.529351833568926E-01
  8.542648881182163E-01  8.540294286140679E-01  8.537943490517803E-01
  8.551009251835290E-01  8.548670861932203E-01  8.546316771600454E-01
  8.558976481062397E-01  8.556572700924714E-01  8.554134859573119E-01
  8.566235785950717E-01  8.563694939501443E-01  8.561104575499775E-01
  8.572529259647382E-01  8.569794626404715E-01  8.566998621504563E-01
  8.577668624609537E-01  8.574699878015167E-01  8.571661641667845E-01
  8.581536335286309E-01  8.578309305005751E-01  8.575008360466481E-01
  8.584082071231732E-01  8.580588160606795E-01  8.577019603586660E-01
  8.585318940680896E-01  8.581564787707072E-01  8.577739006279675E-01
  8.585320661696036E-01  8.581327850992041E-01  8.577270121293965E-01
  8.584218070395768E-01  8.580022031529100E-01  8.575770985468615E-01
  8.582191093167039E-01  8.577837934465589E-01  8.573441614767594E-01
  8.579451461312174E-01  8.574991563986633E-01  8.570500004255548E-01
  8.576212520450305E-01  8.571690368424517E-01  8.567144444081788E-01
  8.572645735510707E-01  8.568086655389308E-01  8.563504269803054E-01
  8.568828541009523E-01  8.564224548329713E-01  8.559586763056107E-01
  8.564693877775826E-01  8.559992231676901E-01  8.555233230592069E-01
  8.559996196172304E-01  8.555094958018649E-01  8.550100131597488E-01
  8.554309575326747E-01  8.549063828965314E-01  8.543679186746296E-01
  8.547068806454635E-01  8.541308817464159E-01  8.535362076505734E-01
  8.537652900689500E-01  8.531211464722088E-01  8.524540800126876E-01
  8.525493899405967E-01  8.518235322553098E-01  8.510716997081103E-01
  8.510176519932547E-01  8.502015759283817E-01  8.493578516792349E-01
  8.491483100997662E-01  8.482382659716129E-01  8.472996951232662E-01
  8.469341062702871E-01  8.459276976391715E-01  8.448912221765472E-01
  8.443651398568501E-01  8.432548463956215E-01  8.421101573036118E-01
  8.414015519983987E-01  8.401664380192551E-01  8.388875747709779E-01
  8.379426195023679E-01  8.365407866654347E-01  8.350793480097393E-01
  8.338032700632739E-01  8.321685207083405E-01  8.304520703091902E-01
  8.287113034490836E-01  8.267574847867786E-01  8.246964084310101E-01
  8.223367883781812E-01  8.199719001964091E-01  8.174761549978922E-01
  8.143577066065831E-01  8.115068966020339E-01  8.085107660984912E-01
  8.045532039960966E-01  8.011858398826277E-01  7.976748460346755E-01
  7.929014640490260E-01  7.890542066023929E-01  7.850856136764782E-01
  7.796503800960990E-01  7.754377254900059E-01  7.711466422755231E-01
  7.653329240529799E-01  7.609401533543456E-01  7.565276645243849E-01
  7.507164811297441E-01  7.463761069665903E-01  7.420822423034207E-01
  7.366987031470384E-01  7.326571736431019E-01  7.287265116547962E-01
  7.241795174576091E-01  7.206632691966752E-01  7.173122001823281E-01
  7.139420340162994E-01  7.111304315701110E-01  7.085227353592558E-01
  7.065656334137855E-01  7.045746075403402E-01  7.028080988951521E-01
  7.023802289635641E-01  7.012568186714648E-01  7.003605199845058E-01
  7.014590572869653E-01  7.011849009024314E-01  7.011244816643037E-01
  7.036414693320885E-01  7.041426275115819E-01  7.048314931161785E-01
  7.085760978621010E-01  7.097367934780362E-01  7.110505213137364E-01
  7.157759560973042E-01  7.174542435270471E-01  7.192464824051408E-01
  7.246784917544200E-01  7.267221911495049E-01  7.288404193615005E-01
  7.347045849247414E-01  7.369659964573622E-01  7.392656904708071E-01
  7.453110470142934E-01  7.476591103542367E-01  7.500150428884768E-01
  7.560318542841513E-01  7.583606821457882E-01  7.606743790260840E-01
  7.665046108966647E-01  7.687377854393008E-01  7.709406824979739E-01
  7.764807503066620E-01  7.785714001033474E-01  7.806238957241470E-01
  7.858204790430956E-01  7.877478151162968E-01  7.896350526958839E-01
  7.944758233070729E-01  7.962393193582026E-01  7.979649731191981E-01
  8.024666795078155E-01  8.040792910509613E-01  8.056587498553726E-01
  8.098550944317010E-01  8.113367916682072E-01  8.127909387641727E-01
  8.167221575384191E-01  8.180946798716308E-01  8.194450574230449E-01
  8.231503015839806E-01  8.244335731875354E-01  8.256992496385513E-01
  8.292120449847985E-01  8.304222614182019E-01  8.316183176257889E-01
  8.349647414599879E-01  8.361138362751098E-01  8.372511256128428E-01
  8.404499790083552E-01  8.415460334192667E-01  8.426317639104561E-01
  8.456959183947533E-01  8.467440656257745E-01  8.477827692358070E-01
  8.507209608126118E-01  8.517244152799671E-01  8.527189637527837E-01
  8.555375062817249E-01  8.564984685102017E-01  8.574509201619388E-01
  8.601550367938656E-01  8.610753488084497E-01  8.619875306447005E-01
  8.645822012932242E-01  8.654637285060168E-01  8.663375509320607E-01
  8.688279158953303E-01  8.696726981779864E-01  8.705102566247211E-01
  8.729016937649708E-01  8.737119396287976E-01  8.745154801970989E-01
  8.768134938912859E-01  8.775914942950911E-01  8.783633172077500E-01
  8.805733589172224E-01  8.813213816852384E-01  8.820637378044774E-01
  8.841910401410342E-01  8.849112429743180E-01  8.856262551657551E-01
  8.876757204284441E-01  8.883700984041862E-01  8.890597186291401E-01
  8.910358698856249E-01  8.917062370800276E-01  8.923722357566320E-01
  8.942792183224502E-01  8.949272143122090E-01  8.955711914819239E-01
  8.974128047454497E-01  8.980399143130854E-01  8.986633210944346E-01
  9.004430616949939E-01  9.010506378864431E-01  9.016547992458908E-01
  9.033759023633098E-01  9.039651867365165E-01  9.045513204555042E-01
  9.062167927226914E-01  9.067889303229762E-01  9.073581605323123E-01
  9.089708034892483E-01  9.095268527437537E-01  9.100802187024811E-01
  9.116426448426371E-01  9.121835838948669E-01  9.127220456891694E-01
  9.142366901518376E-01  9.147634213852565E-01  9.152878642290107E-01
  9.167569947688207E-01  9.172703488459815E-01  9.177815871459054E-01
  9.192073139736675E-01  9.197080540849966E-01  9.202068358021308E-01
  9.215911218614935E-01  9.220799483366821E-01  9.225669596874810E-01
  9.239116312375099E-01  9.243891863534506E-01  9.248650566378954E-01
  9.261718137174424E-01  9.266386864370981E-01  9.271039927296392E-01
  9.283744190880742E-01  9.288311495108604E-01  9.292864210202274E-01
  9.305219932591845E-01  9.309690766681825E-01  9.314147986803160E-01
  9.326168945329557E-01  9.330547850225586E-01  9.334914024308933E-01
  9.346613082347751E-01  9.350904219630842E-01  9.355183424396970E-01
  9.366572599172079E-01  9.370779780479799E-01  9.374975749206262E-01
  9.386066273824724E-01  9.390192987746125E-01  9.394309136633588E-01
  9.405111517236806E-01  9.409160954084653E-01  9.413200406571348E-01
  9.423724475173021E-01  9.427699549867159E-01  9.431665159090209E-01
  9.441920122443118E-01  9.445823495635575E-01  9.449717865153840E-01
  9.459712349875241E-01  9.463546447410608E-01  9.467371950280686E-01
  9.477114044438250E-01  9.480881075247365E-01  9.484639871554819E-01
  9.494137162922853E-01  9.497839135465971E-01  9.501533188431894E-01
  9.510792799633113E-01  9.514431537022628E-01  9.518062627816668E-01
  9.527091248551275E-01  9.530668402487781E-01  9.534238143879477E-01
  9.543042060410569E-01  9.546559124061582E-01  9.550068973035879E-01
  9.558654095056260E-01  9.562112414999516E-01  9.565563684454621E-01
  9.573935569413839E-01  9.577336356760685E-01  9.580730226400593E-01
  9.588894101328187E-01  9.592238442138877E-01  9.595575968670089E-01
  9.603536749494747E-01  9.606825614595931E-01  9.610107741337037E-01
  9.617870049673484E-01  9.621104303987109E-01  9.624331869999556E-01
  9.631900047357258E-01  9.635080458847666E-01  9.638254207694118E-01
  9.645632327057402E-01  9.648759575398105E-01  9.651880163630209E-01
  9.659072038370594E-01  9.662146723423262E-01  9.665214728892355E-01
  9.672223919003861E-01  9.675246569188705E-01  9.678262499260522E-01
  9.685092314960299E-01  9.688063395578540E-01  9.691027695315473E-01
  9.697681198131787E-01  9.700601119674948E-01  9.703514180025031E-01
  9.709994181614898E-01  9.712863308058521E-01  9.715725474055528E-01
  9.722034533175546E-01  9.724853190201248E-01  9.727664769129951E-01
  9.733805187449752E-01  9.736573670464005E-01  9.739334939873073E-01
  9.745308757686130E-01  9.748027339405105E-01  9.750738554754035E-01
  9.756547548091663E-01  9.759216485343998E-01  9.761877886952740E-01
  9.767523568082335E-01  9.770143107360970E-01  9.772754926203580E-01
  9.778238549871011E-01  9.780808931065814E-01  9.783371392834448E-01
  9.788693970723562E-01  9.791215428417606E-01  9.793728755209173E-01
  9.798891080755266E-01  9.801363842494824E-01  9.803828251466931E-01
  9.808830936235921E-01  9.811255217298565E-01  9.813670915720838E-01
  9.818514437018436E-01  9.820890431393776E-01  9.823257607682021E-01
  9.827942365009353E-01  9.830270232536295E-01  9.832589043072546E-01
  9.837115418782207E-01  9.839395268598190E-01  9.841665820359590E-01
  9.846034237799048E-01  9.848266108385422E-01  9.850488437566646E-01
  9.854699408572262E-01  9.856883244670370E-01  9.859057291530126E-01
  9.863111444734395E-01  9.865247071234994E-01  9.867372651296925E-01
  9.871270733549874E-01  9.873357826153984E-01  9.875434597670054E-01
  9.879177442960235E-01  9.881215495075819E-01  9.883242922418076E-01
  9.886831385831736E-01  9.888819670993677E-01  9.890796983569197E-01
  9.894231841767137E-01  9.896169371102987E-01  9.898095517749136E-01
  9.901377341876787E-01  9.903262817061731E-01  9.905136416948718E-01
  9.908265428563816E-01  9.910097192514808E-01  9.911916485537950E-01
  9.914892410622524E-01  9.916668400858542E-01  9.918431203278159E-01
  9.921253142616663E-01  9.922970855447413E-01  9.924674529750531E-01
  9.927340865745546E-01  9.928997341748872E-01  9.930638791688288E-01
  5.013105582292247E-01  4.974395860348343E-01  4.935326414598304E-01
  5.026210160318815E-01  4.986888900573747E-01  4.947116563673644E-01
  5.033693191621940E-01  4.994054324251976E-01  4.953905079007642E-01
  5.033693191621940E-01  4.994054324251976E-01  4.953905079007642E-01
  5.026210160318815E-01  4.986888900573747E-01  4.947116563673644E-01
  5.013105582292247E-01  4.974395860348343E-01  4.935326414598304E-01
  4.997208909855855E-01  4.959365236895623E-01  4.921256763777415E-01
  4.981264711603426E-01  4.944493227273361E-01  4.907541442926572E-01
  4.967297086370648E-01  4.931760835313320E-01  4.896115850388326E-01
  4.956566736643068E-01  4.922395988173868E-01  4.888176720317636E-01
  4.949904851242234E-01  4.917205769216795E-01  4.884508327443596E-01
  4.947996921772604E-01  4.916859146461203E-01  4.885763476224153E-01
  4.951485376422655E-01  4.921984974713898E-01  4.892557525485362E-01
  4.960985148317745E-01  4.933181685633872E-01  4.905472453484656E-01
  4.977058758182001E-01  4.950988370586609E-01  4.925023817654826E-01
  5.000145273068342E-01  4.975811229005008E-01  4.951584637396740E-01
  5.030452258334458E-01  5.007814103068993E-01  4.985274709231114E-01
  5.067840456075519E-01  5.046803951542435E-01  5.025847224621796E-01
  5.111734616931926E-01  5.092145295690733E-01  5.072606966360277E-01
  5.161081377786312E-01  5.142722360822094E-01  5.124376287349764E-01
  5.214350617611584E-01  5.196941805698020E-01  5.179498527444308E-01
  5.269560137675042E-01  5.252756199376343E-01  5.235860395992155E-01
  5.324319468977664E-01  5.307710574154458E-01  5.290942841091443E-01
  5.375927271900997E-01  5.359053152696454E-01  5.341947255663385E-01
  5.421569008961729E-01  5.403954786202708E-01  5.386037551067336E-01
  5.458617025690514E-01  5.439827814714394E-01  5.420676385957236E-01
  5.484966574056530E-01  5.464666449194184E-01  5.443967027666055E-01
  5.499309105465215E-01  5.477307512181534E-01  5.454898931691489E-01
  5.501271748579754E-01  5.477547245091979E-01  5.453440722925861E-01
  5.491411321837891E-01  5.466112312973754E-01  5.440488551734819E-01
  5.471100988876707E-01  5.444530128103340E-01  5.417721380015493E-01
  5.442368556916829E-01  5.414960272370756E-01  5.387427182933239E-01
  5.407742912646883E-01  5.380043348261833E-01  5.352355838557450E-01
  5.370151189659577E-01  5.342807835747665E-01  5.315636865247223E-01
  5.332889388953361E-01  5.306653725793230E-01  5.280776296615054E-01
  5.299662915575668E-01  5.275403318814408E-01  5.251716526440813E-01
  5.274662055673556E-01  5.253377070872191E-01  5.232909797998022E-01
  5.262608385878315E-01  5.245424829852980E-01  5.229330643429675E-01
  5.268693786144505E-01  5.256832990336543E-01  5.246347890040984E-01
  5.298344852450088E-01  5.293045572612520E-01  5.289400881169862E-01
  5.356784640313769E-01  5.359182180354342E-01  5.363474940003694E-01
  5.448422238224317E-01  5.459397149832453E-01  5.472434388116241E-01
  5.576161202212858E-01  5.596183052625046E-01  5.618327571286175E-01
  5.740760271825289E-01  5.769758178663211E-01  5.800808099236954E-01
  5.940388751124667E-01  5.977678276073433E-01  6.016808604117341E-01
  6.170489725811499E-01  6.214775664583381E-01  6.260558610986154E-01
  6.424004398915332E-01  6.473463925744402E-01  6.523969021725381E-01
  6.691937132517289E-01  6.744371975926587E-01  6.797331578926303E-01
  6.964173737721996E-01  7.017207848762164E-01  7.070222537621629E-01
  7.230423161041049E-01  7.281716680479687E-01  7.332470865232535E-01
  7.481145226390165E-01  7.528597192864769E-01  7.575058174389017E-01
  7.708352250454644E-01  7.750271194671530E-01  7.790852099841593E-01
  7.906213588905737E-01  7.941442330367136E-01  7.975116047486185E-01
  8.071425528469041E-01  8.099410025880501E-01  8.125764033301857E-01
  8.203320243081724E-01  8.224112642730279E-01  8.243335117576372E-01
  8.303688174749527E-01  8.317877148939283E-01  8.330669486068423E-01
  8.376309179351318E-01  8.384882357035992E-01  8.392307156664158E-01
  8.426247531489427E-01  8.430409653999600E-01  8.433702401319220E-01
  8.459041703373508E-01  8.460027374565211E-01  8.460412655146829E-01
  8.479960294828092E-01  8.478880879937967E-01  8.477430645777303E-01
  8.493467164433287E-01  8.491216393494093E-01  8.488770109978397E-01
  8.502956984467339E-01  8.500178330443540E-01  8.497323377128900E-01
  8.510734864383713E-01  8.507836974789476E-01  8.504932882364550E-01
  8.518160612700288E-01  8.515360411581584E-01  8.512586159528621E-01
  8.525869338322596E-01  8.523244445499166E-01  8.520651523422289E-01
  8.534000497554027E-01  8.531538693271733E-01  8.529099110146018E-01
  8.542396284931579E-01  8.540035874700777E-01  8.537680178157592E-01
  8.550753865764752E-01  8.548413146684045E-01  8.546057429628890E-01
  8.558730512957153E-01  8.556327025189212E-01  8.553890025149564E-01
  8.566008068883086E-01  8.563469521457803E-01  8.560881898172616E-01
  8.572326230449139E-01  8.569595448058491E-01  8.566803643441362E-01
  8.577494836513182E-01  8.574531064770895E-01  8.571498042585459E-01
  8.581394458330081E-01  8.578173016835628E-01  8.574877754698409E-01
  8.583972574469879E-01  8.580484244792563E-01  8.576921190915090E-01
  8.585239819993991E-01  8.581490589553368E-01  8.577669497474012E-01
  8.585267637841494E-01  8.581278604529640E-01  8.577224346528866E-01
  8.584185601105043E-01  8.579992128767453E-01  8.575743426912080E-01
  8.582174310917533E-01  8.577823100152108E-01  8.573428796695702E-01
  8.579448798625458E-01  8.574991591605792E-01  8.570503288775153E-01
  8.576228404334656E-01  8.571711703599002E-01  8.567172432125290E-01
  8.572692452278499E-01  8.568143882527000E-01  8.563573837561635E-01
  8.568926332158221E-01  8.564339880441719E-01  8.559721899924597E-01
  8.564868627323293E-01  8.560192503191929E-01  8.555461344760832E-01
  8.560274721047179E-01  8.555406356689337E-01  8.550446301031671E-01
  8.554713421454891E-01  8.549505527652068E-01  8.544159771966020E-01
  8.547608343549650E-01  8.541887506876674E-01  8.535979875192904E-01
  8.538324063167178E-01  8.531919193768116E-01  8.525284153998690E-01
  8.526279795627587E-01  8.519052697754885E-01  8.511564661411255E-01
  8.511055112156029E-01  8.502921283845769E-01  8.494510588964571E-01
  8.492440306325891E-01  8.483366962468030E-01  8.474009981794056E-01
  8.470386359833961E-01  8.460358403878935E-01  8.450034399243301E-01
  8.444831051775705E-01  8.433784739459551E-01  8.422402366878724E-01
  8.415417623216109E-01  8.403154520975824E-01  8.390464319727737E-01
  8.381172479251578E-01  8.367279799037621E-01  8.352801947675323E-01
  8.340254677627997E-01  8.324067667391476E-01  8.307071991153201E-01
  8.289914418465731E-01  8.270556933281552E-01  8.250129230415540E-01
  8.226780673556857E-01  8.203306282749359E-01  8.178516853069022E-01
  8.147523702415017E-01  8.119149629242202E-01  8.089305944519184E-01
  8.049808228136482E-01  8.016193821376698E-01  7.981118199535444E-01
  7.933304123093299E-01  7.894791141491082E-01  7.855035338354057E-01
  7.800426826395168E-01  7.758152871489228E-01  7.715066129150465E-01
  7.656513762256952E-01  7.612344979094953E-01  7.567956910757254E-01
  7.509319806884793E-01  7.465612364229753E-01  7.422358075880412E-01
  7.367956206773230E-01  7.327215424507935E-01  7.287582754602813E-01
  7.241577266878559E-01  7.206108423933161E-01  7.172300900671907E-01
  7.138154583312000E-01  7.109784037809366E-01  7.083469143474962E-01
  7.063582191749062E-01  7.043488947739803E-01  7.025660796772354E-01
  7.021207552292448E-01  7.009867708062721E-01  7.000818730653906E-01
  7.011761272969004E-01  7.008984988247666E-01  7.008362992895341E-01
  7.033596211241369E-01  7.038629711432137E-01  7.045552805531946E-01
  7.083134687481824E-01  7.094801895510097E-01  7.108007051286783E-01
  7.155435050031956E-01  7.172298042631158E-01  7.190303642807718E-01
  7.244804946010545E-01  7.265326058887390E-01  7.286591942911891E-01
  7.345399766509414E-01  7.368090319058044E-01  7.391160749636169E-01
  7.451751634749614E-01  7.475294009187657E-01  7.498910881951867E-01
  7.559181906803270E-01  7.582514512660137E-01  7.605691373039349E-01
  7.664063222071426E-01  7.686422543339662E-01  7.708475139052177E-01
  7.763917403571465E-01  7.784837609590104E-01  7.805373230032140E-01
  7.857360344833494E-01  7.876637501732004E-01  7.895511681876833E-01
  7.943928330123443E-01  7.961561241158656E-01  7.978814721180718E-01
  8.023835333931474E-01  8.039957053140304E-01  8.055747017709790E-01
  8.097713790036798E-01  8.112526582177799E-01  8.127064166305589E-01
  8.166382632938525E-01  8.180105425737798E-01  8.193607330217432E-01
  8.230670366750196E-01  8.243503019268268E-01  8.256160339047238E-01
  8.291303187103168E-01  8.303407588463180E-01  8.315370926306701E-01
  8.348853482573187E-01  8.360348489155152E-01  8.371725828564481E-01
  8.403734852978135E-01  8.414700631940920E-01  8.425563393036191E-01
  8.456226349172287E-01  8.466713606759431E-01  8.477106505469273E-01
  8.506509732219246E-01  8.516550115511961E-01  8.526501412876273E-01
  8.554707355575238E-01  8.564322543163846E-01  8.573852539327252E-01
  8.600913059110163E-01  8.610121306040589E-01  8.619248142432354E-01
  8.645212924503752E-01  8.654032843403946E-01  8.662775607557451E-01
  8.687696107691865E-01  8.696148132472742E-01  8.704527827056210E-01
  8.728457958718123E-01  8.736564243945886E-01  8.744603403233651E-01
  8.767598363430846E-01  8.775381891885721E-01  8.783103589244795E-01
  8.805218026424936E-01  8.812701536309382E-01  8.820128335692862E-01
  8.841414675425092E-01  8.848619784888606E-01  8.855772951288461E-01
  8.876280282449276E-01  8.883226966452838E-01  8.890126040016367E-01
  8.909899634516087E-01  8.916606046389854E-01  8.923268741754904E-01
  8.942350080118197E-01  8.948832622301588E-01  8.955274945776552E-01
  8.973702044229255E-01  8.979975569694137E-01  8.986212037686497E-01
  9.004019885314741E-01  9.010097930589942E-01  9.016141799274567E-01
  9.033362773000794E-01  9.039257761421923E-01  9.045121216819445E-01
  9.061785410332185E-01  9.067508801480196E-01  9.073203094302864E-01
  9.089338551317060E-01  9.094900939199774E-01  9.100436471838561E-01
  9.116069345136169E-01  9.121480520783759E-01  9.126866903595129E-01
  9.142021570908676E-01  9.147290567106220E-01  9.152536660991472E-01
  9.167235824196167E-01  9.172370955661208E-01  9.177484912572442E-01
  9.191749696038980E-01  9.196758601916354E-01  9.201747908520156E-01
  9.215597962086728E-01  9.220487652184888E-01  9.225359177010805E-01
  9.238812782098642E-01  9.243589685116912E-01  9.248349726983370E-01
  9.261423901499647E-01  9.266093912537449E-01  9.270748247570678E-01
  9.283458845398418E-01  9.288027370535575E-01  9.292581295833028E-01
  9.304943098357873E-01  9.309415095165982E-01  9.313873468257486E-01
  9.325900267222464E-01  9.330280281059276E-01  9.334647555224715E-01
  9.346352227501830E-01  9.350644424046455E-01  9.354924680038431E-01
  9.366319255475168E-01  9.370527450160803E-01  9.374724424989496E-01
  9.385820148492593E-01  9.389947833419348E-01  9.394064946737954E-01
  9.404872335479244E-01  9.408922704207688E-01  9.412963082648772E-01
  9.423491978959391E-01  9.427467949416090E-01  9.431434449074986E-01
  9.441694069365791E-01  9.445598304989269E-01  9.449493532167292E-01
  9.459492512102800E-01  9.463327441322428E-01  9.467153771620745E-01
  9.476900207747959E-01  9.480668041893693E-01  9.484427637760046E-01
  9.493929125802513E-01  9.497631875562091E-01  9.501326702410972E-01
  9.510590372444279E-01  9.514229862998549E-01  9.517861704036500E-01
  9.526894252747761E-01  9.530472137718308E-01  9.534042607606589E-01
  9.542850327807297E-01  9.546368102145983E-01  9.549878659626660E-01
  9.558467467144085E-01  9.561926479086529E-01  9.565378438690253E-01
  9.573753896716012E-01  9.577155358914585E-01  9.580549901862467E-01
  9.588717242794050E-01  9.592062242742299E-01  9.595400427151463E-01
  9.603364571926140E-01  9.606654081785007E-01  9.609936852286625E-01
  9.617702427179267E-01  9.620937313114462E-01  9.624165509992699E-01
  9.631736860831425E-01  9.634917891968826E-01  9.638092259927227E-01
  9.645473463676303E-01  9.648601320776952E-01  9.651722517434147E-01
  9.658917391104975E-01  9.661992675052213E-01  9.665061279260549E-01
  9.672073386141717E-01  9.675096626319684E-01  9.678113146387826E-01
  9.684945799637094E-01  9.687917462261153E-01  9.690882344144180E-01
  9.697538607865492E-01  9.700459104299207E-01  9.703372739795244E-01
  9.709855427844869E-01  9.712725122900814E-01  9.715587857858362E-01
  9.721899530806652E-01  9.724718750974508E-01  9.727530893464144E-01
  9.733673854406754E-01  9.736442895876420E-01  9.739204724208733E-01
  9.745181014488062E-01  9.747900150736246E-01  9.750611921111667E-01
  9.756423317461780E-01  9.759092806053061E-01  9.761754759511396E-01
  9.767402774615290E-01  9.770022862748179E-01  9.772635230958495E-01
  9.778121119784214E-01  9.780692048013905E-01  9.783255057330993E-01
  9.788579831722826E-01  9.791101835244607E-01  9.793615708385163E-01
  9.798780162044574E-01  9.801253468950437E-01  9.803718423637803E-01
  9.808723168696690E-01  9.811147994733560E-01  9.813564238740869E-01
  9.818409753575428E-01  9.820786293124866E-01  9.823154015309160E-01
  9.827840701189502E-01  9.830169114418744E-01  9.832488471555034E-01
  9.837016713461650E-01  9.839297109807098E-01  9.841568209251147E-01
  9.845938434125109E-01  9.848170852396690E-01  9.850393730765796E-01
  9.854606455043633E-01  9.856790840426398E-01  9.858965438530982E-01
  9.863021296425565E-01  9.865157474479744E-01  9.867283608634992E-01
  9.871183353473983E-01  9.873271000926381E-01  9.875348330546881E-01
  9.879092803574200E-01  9.881131415355948E-01  9.883159406489275E-01
  9.886749470691093E-01  9.888738322495124E-01  9.890716206873635E-01
  9.894152647325491E-01  9.896090753186665E-01  9.898017482732846E-01
  9.901300879385049E-01  9.903186944700875E-01  9.905061142484811E-01
  9.908191725949969E-01  9.910024098160907E-01  9.911844008758652E-01
  9.914821514124919E-01  9.916598135947395E-01  9.918361580922989E-01
  9.921185117817231E-01  9.922903491160507E-01  9.924607838615744E-01
  9.927275797575691E-01  9.928932968586411E-01  9.930575127721957E-01
  5.013791420698972E-01  4.975017970092154E-01  4.935885583856736E-01
  5.026933764712946E-01  4.987543646097830E-01  4.947702949391113E-01
  5.034437628435897E-01  4.994726815149241E-01  4.954505842061336E-01
  5.034437628435897E-01  4.994726815149241E-01  4.954505842061336E-01
  5.026933764712946E-01  4.987543646097830E-01  4.947702949391113E-01
  5.013791420698972E-01  4.975017970092154E-01  4.935885583856736E-01
  4.997847614994801E-01  4.959945844340173E-01  4.921780172962790E-01
  4.981851612514025E-01  4.945027017226781E-01  4.908022983320557E-01
  4.967826391080842E-01  4.932241082568444E-01  4.896547811228031E-01
  4.957028973072024E-01  4.922812575795054E-01  4.888548349672834E-01
  4.950287913228374E-01  4.917546344624550E-01  4.884807056659718E-01
  4.948288685370306E-01  4.917111634338180E-01  4.885977306082971E-01
  4.951675951357475E-01  4.922139696669743E-01  4.892677007137809E-01
  4.961068077494887E-01  4.933232444250741E-01  4.905491657596813E-01
  4.977031504083602E-01  4.950932853892669E-01  4.924940657196996E-01
  5.000009408266074E-01  4.975651158259198E-01  4.951400971942724E-01
  5.030213556150276E-01  5.007555305254000E-01  4.984996399729852E-01
  5.067508913368702E-01  5.046456372652253E-01  5.025484140380831E-01
  5.111324312421149E-01  5.091722859674429E-01  5.072172851757308E-01
  5.160610098379625E-01  5.142242625507892E-01  5.123888456646477E-01
  5.213839385881078E-01  5.196425551171052E-01  5.178977516924327E-01
  5.269032784179278E-01  5.252227035513718E-01  5.235329593634306E-01
  5.323801952413542E-01  5.307194177606109E-01  5.290427614938014E-01
  5.375445967779221E-01  5.358575326193243E-01  5.341472765501599E-01
  5.421147368983203E-01  5.403537845291772E-01  5.385624870143374E-01
  5.458270936711171E-01  5.439485802134377E-01  5.420337603762023E-01
  5.484699694861929E-01  5.464400562935451E-01  5.443700809075263E-01
  5.499109681490211E-01  5.477103223067258E-01  5.454687964239916E-01
  5.501111830170708E-01  5.477373913340117E-01  5.453251737637925E-01
  5.491248441231493E-01  5.465925233835773E-01  5.440274725740383E-01
  5.470881679306446E-01  5.444274306021252E-01  5.417426343128012E-01
  5.442032789837417E-01  5.414574962118894E-01  5.386989634966721E-01
  5.407228520100904E-01  5.379466430174348E-01  5.351713850442539E-01
  5.369397538288909E-01  5.341979327630207E-01  5.314731210304785E-01
  5.331839935154856E-01  5.305518133672851E-01  5.279552594806327E-01
  5.298266742620474E-01  5.273911023428579E-01  5.250126498429950E-01
  5.272874950314498E-01  5.251485393959874E-01  5.230912355030899E-01
  5.260394277901093E-01  5.243099639124303E-01  5.226893693856366E-01
  5.266027301615746E-01  5.254051550419356E-01  5.243451508784404E-01
  5.295215293615743E-01  5.289800837552685E-01  5.286041906620162E-01
  5.353201035782654E-01  5.355488019632947E-01  5.359672335368424E-01
  5.444418451550664E-01  5.455293367104254E-01  5.468234106496672E-01
  5.571799693367643E-01  5.591738734218984E-01  5.613805421645438E-01
  5.736133121096835E-01  5.765072016581047E-01  5.796069312764673E-01
  5.935614979905465E-01  5.972875017689296E-01  6.011983386412023E-01
  6.165708663086501E-01  6.209998605991701E-01  6.255793772956155E-01
  6.419365660189792E-01  6.468864191725188E-01  6.519416607138953E-01
  6.687588490250556E-01  6.740096003923030E-01  6.793136033346356E-01
  6.960248557611411E-01  7.013384807584557E-01  7.066508186670015E-01
  7.227028998216400E-01  7.278447371025591E-01  7.329331183754489E-01
  7.478354656665513E-01  7.525945394803294E-01  7.572547695980114E-01
  7.706196425264040E-01  7.748257880200301E-01  7.788981341537307E-01
  7.904678918182931E-01  7.940043222452550E-01  7.973850026210658E-01
  8.070454515236232E-01  8.098557675884904E-01  8.125025684778608E-01
  8.202818080250631E-01  8.223704604223101E-01  8.243015081518102E-01
  8.303535939729139E-01  8.317790637376077E-01  8.330642113759398E-01
  8.376381880488923E-01  8.384992944596120E-01  8.392449590300030E-01
  8.426432402084666E-01  8.430608957688591E-01  8.433911372025406E-01
  8.459251427030051E-01  8.460234656219964E-01  8.460614305148526E-01
  8.480138126375891E-01  8.479046280752054E-01  8.477581910436455E-01
  8.493584523704916E-01  8.491317117744012E-01  8.488853646660138E-01
  8.503006595230229E-01  8.500211154400865E-01  8.497339613274293E-01
  8.510722826155575E-01  8.507810338592996E-01  8.504892241950708E-01
  8.518099624659509E-01  8.515288007105758E-01  8.512503064477762E-01
  8.525773905575748E-01  8.523140874760657E-01  8.520540509929236E-01
  8.533884069212309E-01  8.531417011736406E-01  8.528972761838892E-01
  8.542269927319247E-01  8.539906573502308E-01  8.537548393791127E-01
  8.550626003067395E-01  8.548284094416588E-01  8.545927540481149E-01
  8.558607284607317E-01  8.556203923111998E-01  8.553767324550802E-01
  8.565893909350373E-01  8.563356495170790E-01  8.560770227072934E-01
  8.572224375441594E-01  8.569495508059664E-01  8.566705795263182E-01
  8.577407590059072E-01  8.574446304726300E-01  8.571415891603668E-01
  8.581323193718666E-01  8.578104556964734E-01  8.574812149371720E-01
  8.583917565344087E-01  8.580432045556279E-01  8.576871764163602E-01
  8.585200086320977E-01  8.581453337688404E-01  8.577634609226027E-01
  8.585241025287881E-01  8.581253889455440E-01  8.577201370341274E-01
  8.584169273924172E-01  8.579977067096616E-01  8.575729509807720E-01
  8.582165721880484E-01  8.577815428951379E-01  8.573422065279662E-01
  8.579447021261373E-01  8.574991061280753E-01  8.570504277151614E-01
  8.576235516889334E-01  8.571721410252988E-01  8.567185326310487E-01
  8.572714515919712E-01  8.568171057810391E-01  8.563607039842143E-01
  8.568973480076760E-01  8.564395673966901E-01  8.559787480382024E-01
  8.564953928847144E-01  8.560290491341129E-01  8.555573197332847E-01
  8.560411812978360E-01  8.555559883774887E-01  8.550617232832092E-01
  8.554913352261284E-01  8.549724457090313E-01  8.544398234651412E-01
  8.547876533536741E-01  8.542175393400898E-01  8.536287442860527E-01
  8.538658574851749E-01  8.532272104221413E-01  8.525654980508913E-01
  8.526672056927395E-01  8.519460739824403E-01  8.511987857416334E-01
  8.511493728136827E-01  8.503373266813146E-01  8.494975698916104E-01
  8.492917660731167E-01  8.483857587017128E-01  8.474514639551411E-01
  8.470906555167788E-01  8.460896217217169E-01  8.450592100300387E-01
  8.445416723883207E-01  8.434398180373271E-01  8.423047514700280E-01
  8.416112686837098E-01  8.403893099253954E-01  8.391251644485299E-01
  8.382038213373529E-01  8.368208062767378E-01  8.353798270056155E-01
  8.341357868345933E-01  8.325251183508958E-01  8.308340132656837E-01
  8.291308470957902E-01  8.272041910167182E-01  8.251706457042083E-01
  8.228483358559402E-01  8.205097278657992E-01  8.180393052279603E-01
  8.149497781385512E-01  8.121192140498625E-01  8.091408753189268E-01
  8.051952371220054E-01  8.018369090654599E-01  7.983312119210495E-01
  7.935459943047840E-01  7.896928036174267E-01  7.857138470190155E-01
  7.802403066904290E-01  7.760056176203979E-01  7.716882081848748E-01
  7.658122211373944E-01  7.613833001208035E-01  7.569313271115734E-01
  7.510412523609097E-01  7.466552706075343E-01  7.423139917485244E-01
  7.368452977438409E-01  7.327548459587269E-01  7.287751676260551E-01
  7.241476187577490E-01  7.205852950233227E-01  7.171895767971571E-01
  7.137524941564056E-01  7.109025944226566E-01  7.082590923348313E-01
  7.062544217666580E-01  7.042358499473860E-01  7.024447904473188E-01
  7.019906187077722E-01  7.008512802582574E-01  6.999420246108806E-01
  7.010340800499949E-01  7.007546817549793E-01  7.006915665481666E-01
  7.032180531397833E-01  7.037224942807366E-01  7.044165274525421E-01
  7.081815452474970E-01  7.093512951206575E-01  7.106752255240857E-01
  7.154267691804239E-01  7.171171033751542E-01  7.189218552664028E-01
  7.243811153007080E-01  7.264374661617439E-01  7.285682687319475E-01
  7.344574249038384E-01  7.367303341570308E-01  7.390410830126146E-01
  7.451070915978858E-01  7.474644428380788E-01  7.498290326172713E-01
  7.558613199522087E-01  7.581968164099347E-01  7.605165146556383E-01
  7.663572003655255E-01  7.685945233679530E-01  7.708009744913348E-01
  7.763472915085337E-01  7.784400031086607E-01  7.804941024942105E-01
  7.856938794072793E-01  7.876217855720308E-01  7.895092934316568E-01
  7.943514003165625E-01  7.961145864277689E-01  7.978397784266958E-01
  8.023420089024504E-01  8.039539569135296E-01  8.055327178634499E-01
  8.097295525125858E-01  8.112106183008368E-01  8.126641779931076E-01
  8.165963307100620E-01  8.179684845719492E-01  8.193185777732828E-01
  8.230254051801489E-01  8.243086643150610E-01  8.255744213755454E-01
  8.290894470320438E-01  8.302999971227681E-01  8.314964680510607E-01
  8.348456375755668E-01  8.359953401747213E-01  8.371332956384827E-01
  8.403352220191939E-01  8.414320613538206E-01  8.425186101038253E-01
  8.455859765942808E-01  8.466349917280221E-01  8.476745749136410E-01
  8.506159638931738E-01  8.516202944575666E-01  8.526157151547297E-01
  8.554373361668545E-01  8.563991335314688E-01  8.573524074651847E-01
  8.600594279130045E-01  8.609805092343765E-01  8.618934440446251E-01
  8.644908266732745E-01  8.653730511075788E-01  8.662475547015321E-01
  8.687404477258773E-01  8.695858604285425E-01  8.704240355022701E-01
  8.728178370482468E-01  8.736286569709285E-01  8.744327606398627E-01
  8.767329981182171E-01  8.775115272243760E-01  8.782838704074610E-01
  8.804960153955339E-01  8.812445305242576E-01  8.819873724022431E-01
  8.841166724556452E-01  8.848373374914872E-01  8.855528063908464E-01
  8.876041737028713E-01  8.882989873563443E-01  8.889890383217591E-01
  8.909670021456315E-01  8.916377803777524E-01  8.923041853944215E-01
  8.942128951458117E-01  8.948612785310764E-01  8.955056385211047E-01
  8.973488969329504E-01  8.979763710223085E-01  8.986001378840721E-01
  9.003814449940631E-01  9.009893637410729E-01  9.015938634150640E-01
  9.033164581683413E-01  9.039060642927892E-01  9.044925157901114E-01
  9.061594089223592E-01  9.067318488382364E-01  9.073013777000628E-01
  9.089153749988982E-01  9.094717085940240E-01  9.100253555498191E-01
  9.115890736869017E-01  9.121302805445757E-01  9.126690071052728E-01
  9.141848851720761E-01  9.147118690188688E-01  9.152365617132419E-01
  9.167068711147818E-01  9.172204638274606E-01  9.177319382453362E-01
  9.191587925325738E-01  9.196597583879073E-01  9.201587635489713E-01
  9.215441287263348E-01  9.220331690308835E-01  9.225203921064568E-01
  9.238660972579822E-01  9.243438551782768E-01  9.248199263412030E-01
  9.261276741338755E-01  9.265947394534139E-01  9.270602365854692E-01
  9.283316132273973E-01  9.287885268085230E-01  9.292439798700425E-01
  9.304804642686169E-01  9.309277221056244E-01  9.313736170832119E-01
  9.325765891336810E-01  9.330146459831447E-01  9.334514284221751E-01
  9.346221764869336E-01  9.350514491217806E-01  9.354795272992164E-01
  9.366192549945518E-01  9.370401251479897E-01  9.374598729515855E-01
  9.385697053584916E-01  9.389825224161836E-01  9.393942819839828E-01
  9.404752713714781E-01  9.408803548519622E-01  9.412844390070272E-01
  9.423375701243916E-01  9.427352119707436E-01  9.431319064706013E-01
  9.441581014421031E-01  9.445485681375781E-01  9.449381337495606E-01
  9.459382565942815E-01  9.463217911111296E-01  9.467044655226562E-01
  9.476793263195213E-01  9.480561499107631E-01  9.484321494847875E-01
  9.493825082038636E-01  9.497528220497136E-01  9.501223434374219E-01
  9.510489134591540E-01  9.514129001811815E-01  9.517761218051364E-01
  9.526795731478164E-01  9.530373982042881E-01  9.533944816252613E-01
  9.542754438976856E-01  9.546272568730598E-01  9.549783480531701E-01
  9.558374131450074E-01  9.561833489457909E-01  9.565285794197779E-01
  9.573663039375035E-01  9.577064839060324E-01  9.580459718719119E-01
  9.588628793238723E-01  9.591974122812096E-01  9.595312636212706E-01
  9.603278463518102E-01  9.606568295808061E-01  9.609851388238375E-01
  9.617618596936274E-01  9.620853798730796E-01  9.624082311086738E-01
  9.631655249166214E-01  9.634836590172310E-01  9.638011267728233E-01
  9.645394014145001E-01  9.648522175667814E-01  9.651643676576197E-01
  9.658840050162919E-01  9.661915633596965E-01  9.664984537210998E-01
  9.671998102904678E-01  9.675021638116382E-01  9.678038453216529E-01
  9.684872525646181E-01  9.687844479308305E-01  9.690809652296313E-01
  9.697467296854471E-01  9.700388080766920E-01  9.703302003866282E-01
  9.709786035509391E-01  9.712656014903578E-01  9.715519034370487E-01
  9.721832014576137E-01  9.724651516346098E-01  9.727463940644350E-01
  9.733608173221413E-01  9.736377493949063E-01  9.739139601770516E-01
  9.745117128585967E-01  9.747836542128555E-01  9.750548590044382E-01
  9.756361188183758E-01  9.759030952474054E-01  9.761693181884210E-01
  9.767342364238508E-01  9.769962726827931E-01  9.772575369749121E-01
  9.778062391397918E-01  9.780633593174323E-01  9.783196876292660E-01
  9.788522749161297E-01  9.791045025625900E-01  9.793559171967799E-01
  9.798724689892144E-01  9.801198269409405E-01  9.803663496980686E-01
  9.808669272377494E-01  9.811094370928372E-01  9.813510887753274E-01
  9.818357399536337E-01  9.820734211697467E-01  9.823102206852714E-01
  9.827789857179327E-01  9.830118543280933E-01  9.832438173736793E-01
  9.836967348904126E-01  9.839248018530654E-01  9.841519391830672E-01
  9.845890520579011E-01  9.848123212702985E-01  9.850346365673963E-01
  9.854559966741581E-01  9.856744626767986E-01  9.858919500494128E-01
  9.862976210884602E-01  9.865112664706263E-01  9.867239075896208E-01
  9.871139652175079E-01  9.873227577029349E-01  9.875305185676467E-01
  9.879050472712794E-01  9.881089364289853E-01  9.883117637276765E-01
  9.886708502002626E-01  9.888697637071746E-01  9.890675807290621E-01
  9.894113038983746E-01  9.896051433030699E-01  9.897978453943769E-01
  9.901262636951389E-01  9.903148997232246E-01  9.905023493856977E-01
  9.908154863314497E-01  9.909987539529338E-01  9.911807758780223E-01
  9.914786054326679E-01  9.916562991789463E-01  9.918326757881607E-01
  9.921151093564708E-01  9.922869796984840E-01  9.924574480828406E-01
  9.927243251240608E-01  9.928900769551972E-01  9.930543283075223E-01
