  7.521579784072915E+00  7.511054667653142E+00  7.500519467651962E+00

  5.011677529932543E-01  4.973100265512191E-01  4.934161598808957E-01
  5.024702824184281E-01  4.985524618623831E-01  4.945894250100797E-01
  5.032142065836428E-01  4.992652624414747E-01  4.952652293925451E-01
  5.013105582292247E-01  4.974395860348343E-01  4.935326414598304E-01
  5.026210160318815E-01  4.986888900573747E-01  4.947116563673644E-01
  5.033693191621940E-01  4.994054324251976E-01  4.953905079007642E-01
  5.013791420698972E-01  4.975017970092154E-01  4.935885583856736E-01
  5.026933764712946E-01  4.987543646097830E-01  4.947702949391113E-01
  5.034437628435897E-01  4.994726815149241E-01  4.954505842061336E-01
  5.013791420698972E-01  4.975017970092154E-01  4.935885583856736E-01
  5.026933764712946E-01  4.987543646097830E-01  4.947702949391113E-01
  5.034437628435897E-01  4.994726815149241E-01  4.954505842061336E-01
  5.013105582292247E-01  4.974395860348343E-01  4.935326414598304E-01
  5.026210160318815E-01  4.986888900573747E-01  4.947116563673644E-01
  5.033693191621940E-01  4.994054324251976E-01  4.953905079007642E-01
  5.011677529932543E-01  4.973100265512191E-01  4.934161598808957E-01
  5.024702824184281E-01  4.985524618623831E-01  4.945894250100797E-01
  5.032142065836428E-01  4.992652624414747E-01  4.952652293925451E-01
  5.009386966594794E-01  4.971021388835024E-01  4.932291624994746E-01
  5.022283425399426E-01  4.983333655524145E-01  4.943929863635718E-01
  5.029651370708149E-01  4.990400420848354E-01  4.950637615075486E-01
  5.006033552999394E-01  4.967975861981608E-01  4.929549749242028E-01
  5.018738213756131E-01  4.980120280877256E-01  4.941045389280858E-01
  5.025999758476910E-01  4.987094987331270E-01  4.947676666260273E-01
  5.001310148021878E-01  4.963681301846338E-01  4.925677854084976E-01
  5.013739528968466E-01  4.975582990880225E-01  4.936965042806545E-01
  5.020847956914031E-01  4.982423995612059E-01  4.943483663533229E-01
  4.994762150965251E-01  4.957716985682252E-01  4.920288474158409E-01
  5.006802843772825E-01  4.969272788849581E-01  4.931274807345368E-01
  5.013694583297515E-01  4.975922504251959E-01  4.937629589902356E-01
  4.985728757250783E-01  4.949465736446062E-01  4.912807414295886E-01
  4.997225684575973E-01  4.960532460467388E-01  4.923362170269973E-01
  5.003813966402293E-01  4.966910975618697E-01  4.929480503940042E-01
  4.973262821511029E-01  4.938032427209497E-01  4.902391150617732E-01
  4.984006662403146E-01  4.948413653929462E-01  4.912331516720466E-01
  4.990175159932630E-01  4.954412002919724E-01  4.918112236604976E-01
  4.956032249456488E-01  4.922140102443701E-01  4.887818115385971E-01
  4.965750391435140E-01  4.931575519740037E-01  4.896896938136431E-01
  4.971349196158624E-01  4.937050711577122E-01  4.902204400224746E-01
  4.932220185613863E-01  4.900018810042583E-01  4.867366717478672E-01
  4.940578292704173E-01  4.908182976245083E-01  4.875268502897112E-01
  4.945424766856412E-01  4.912957308430333E-01  4.879930393044815E-01
  4.899465831878491E-01  4.869327814949877E-01  4.838719426716861E-01
  4.906087494408933E-01  4.875846486349174E-01  4.845073284811238E-01
  4.909973888077450E-01  4.879713616385015E-01  4.848885170261559E-01
  4.854933791013875E-01  4.827199493066477E-01  4.798981523554413E-01
  4.859442339575900E-01  4.831688857270890E-01  4.803397542704454E-01
  4.862152131861833E-01  4.834429272443502E-01  4.806137365676325E-01
  4.795697677499917E-01  4.770591178910626E-01  4.745001491662559E-01
  4.797773567453975E-01  4.772714196585450E-01  4.747125694070594E-01
  4.799104196945214E-01  4.774117833570154E-01  4.748576102808422E-01
  4.719831982410833E-01  4.697338335379346E-01  4.674385489118741E-01
  4.719281872062273E-01  4.696873397202587E-01  4.673968010052277E-01
  4.719072330495080E-01  4.696767297677280E-01  4.673944030087863E-01
  4.628772562883496E-01  4.608479097754564E-01  4.587783768534499E-01
  4.625680552559560E-01  4.605468449552158E-01  4.584824724911279E-01
  4.623890916839212E-01  4.603794807799687E-01  4.583250426849394E-01
  4.530771412975590E-01  4.511741798969494E-01  4.492403919928702E-01
  4.525899573517263E-01  4.506889886896875E-01  4.487549241611961E-01
  4.522862639605574E-01  4.503955213280131E-01  4.484704211580459E-01
  4.442800758006402E-01  4.423672748370429E-01  4.404352104519642E-01
  4.438130903940622E-01  4.418906131097615E-01  4.399469479036829E-01
  4.434939115129597E-01  4.415774726390970E-01  4.396387582627530E-01
  4.386503824451221E-01  4.365958552239732E-01  4.345327155800430E-01
  4.384924831042501E-01  4.364164033257846E-01  4.343293341856623E-01
  4.383334430384125E-01  4.362587199068225E-01  4.341715910831157E-01
  4.378849289131472E-01  4.356236171944659E-01  4.333605297404581E-01
  4.381908427804047E-01  4.359074875164169E-01  4.336186025874650E-01
  4.382911967413309E-01  4.360105963673778E-01  4.337221247845877E-01
  4.425707822458426E-01  4.401421733800204E-01  4.377133686395369E-01
  4.430600068706014E-01  4.406369677677832E-01  4.382080995825643E-01
  4.432185012634054E-01  4.408174449424125E-01  4.384069858310597E-01
  4.520130215551401E-01  4.495555375967604E-01  4.470941615905800E-01
  4.519393384858867E-01  4.495468026504529E-01  4.471437559838873E-01
  4.516230663281023E-01  4.492912197897685E-01  4.469448669661035E-01
  4.642450361138890E-01  4.619191783593100E-01  4.595839872225039E-01
  4.630040590489579E-01  4.607899623159495E-01  4.585617710904183E-01
  4.618480908846304E-01  4.597184135890264E-01  4.575723668856284E-01
  4.773656986417176E-01  4.752232231302270E-01  4.730696239772880E-01
  4.754416177701024E-01  4.733931496681090E-01  4.713318725803102E-01
  4.739367048362396E-01  4.719497998249097E-01  4.699499448331647E-01
  4.908300870600991E-01  4.888066334314816E-01  4.867732266649146E-01
  4.893353607890959E-01  4.873560605106960E-01  4.853656692851946E-01
  4.882917377192669E-01  4.863385105265217E-01  4.843739888508556E-01
  5.041787468274311E-01  5.022174299375156E-01  5.002468215965068E-01
  5.034616400824142E-01  5.015124575027020E-01  4.995519952172189E-01
  5.030073428507501E-01  5.010668870895225E-01  4.991141662709630E-01
  5.164730813528349E-01  5.145606342412896E-01  5.126393514037689E-01
  5.162222614913634E-01  5.143032290342970E-01  5.123731013910583E-01
  5.160816333229138E-01  5.141615985129033E-01  5.122292518779783E-01
  5.272250922792926E-01  5.253637477383148E-01  5.234949601039512E-01
  5.271227883126526E-01  5.252403657237982E-01  5.233485169713148E-01
  5.270843259492656E-01  5.251925109868634E-01  5.232901754382584E-01
  5.364801174630472E-01  5.346795101014524E-01  5.328740254238986E-01
  5.363355747048830E-01  5.345042876285311E-01  5.326666797166739E-01
  5.362826866335402E-01  5.344361999776995E-01  5.325825833276219E-01
  5.444932997267956E-01  5.427710339297600E-01  5.410474854412644E-01
  5.442143516020616E-01  5.424572181281552E-01  5.406979792165720E-01
  5.440902238556899E-01  5.423151603758743E-01  5.405375213207460E-01
  5.516476946196016E-01  5.500271067959110E-01  5.484094828307473E-01
  5.512196007222082E-01  5.495647985333826E-01  5.479126868141578E-01
  5.510137100712350E-01  5.493410388822483E-01  5.476708915800984E-01
  5.583621744574909E-01  5.568690661338942E-01  5.553832880609997E-01
  5.578147573628811E-01  5.562915449006031E-01  5.547757752111417E-01
  5.575428786723583E-01  5.560038649786895E-01  5.544723419072304E-01
  5.649910987437695E-01  5.636492140633231E-01  5.623186343701085E-01
  5.643694449755421E-01  5.630031674837016E-01  5.616485061127428E-01
  5.640560239172383E-01  5.626769515490480E-01  5.613096548420463E-01
  5.717938469078333E-01  5.706208049942455E-01  5.694623011442107E-01
  5.711421066452529E-01  5.699503688607676E-01  5.687735216127230E-01
  5.708112513950936E-01  5.696097433037247E-01  5.684233107092036E-01
  5.789350287990075E-01  5.779406451753901E-01  5.769631605766713E-01
  5.782878024264650E-01  5.772794691053175E-01  5.762883292220969E-01
  5.779584904382012E-01  5.769429114545650E-01  5.759446818931193E-01
  5.864923545293194E-01  5.856791889087025E-01  5.848844769949926E-01
  5.858710988771865E-01  5.850474560681298E-01  5.842424620382719E-01
  5.855550575654813E-01  5.847260177199353E-01  5.839157311660663E-01
  5.944768787085838E-01  5.938419586968329E-01  5.932264221300090E-01
  5.938912117543438E-01  5.932480830752417E-01  5.926244326683523E-01
  5.935936744931353E-01  5.929463570444224E-01  5.923185702149367E-01
  6.028593117618219E-01  6.023961586233708E-01  6.019529002560765E-01
  6.023107455868326E-01  6.018407114905264E-01  6.013905857731787E-01
  6.020325730796743E-01  6.015590584193903E-01  6.011054621432806E-01
  6.115917801097158E-01  6.112921443831093E-01  6.110126650654749E-01
  6.110773215724650E-01  6.107714954079599E-01  6.104857826962435E-01
  6.108169765406964E-01  6.105080397084400E-01  6.102191967049544E-01
  6.206216521774119E-01  6.204766677828319E-01  6.203519553446540E-01
  6.201363528179336E-01  6.199854893296971E-01  6.198548214175802E-01
  6.198912644896872E-01  6.197374583540843E-01  6.196038104388780E-01
  6.298986866553571E-01  6.298994354630124E-01  6.299204642818916E-01
  6.294371825175841E-01  6.294321731224757E-01  6.294473532274543E-01
  6.292045578634444E-01  6.291966711158843E-01  6.292089286972684E-01
  6.393775157618160E-01  6.395151515627304E-01  6.396729568564935E-01
  6.389348488937507E-01  6.390667847600906E-01  6.392188008099915E-01
  6.387120988476166E-01  6.388411869368316E-01  6.389903101250541E-01
  6.490173514054113E-01  6.492829654286832E-01  6.495684792315880E-01
  6.485893682067726E-01  6.488493606453823E-01  6.491291765456606E-01
  6.483743134278003E-01  6.486314953659653E-01  6.489084618693022E-01
  6.587804318846224E-01  6.591648127719425E-01  6.595686128753336E-01
  6.583639526288625E-01  6.587428609271363E-01  6.591411336773774E-01
  6.581549132718038E-01  6.585310827138736E-01  6.589265883460639E-01
  6.686301996648429E-01  6.691235931120546E-01  6.696356657179222E-01
  6.682230523353149E-01  6.687112200201124E-01  6.692180392191365E-01
  6.680188682607768E-01  6.685044175431403E-01  6.690086036074618E-01
  6.785297451249583E-01  6.791216728349161E-01  6.797312434859232E-01
  6.781307088378253E-01  6.787177654185804E-01  6.793224673167712E-01
  6.779307117838315E-01  6.785153246286937E-01  6.791175830985291E-01
  6.884407337934393E-01  6.891198955828892E-01  6.898153475213206E-01
  6.880494260457862E-01  6.887241771184793E-01  6.894152514975133E-01
  6.878533812135240E-01  6.885259165248364E-01  6.892147908920525E-01
  6.983228306156245E-01  6.990770885250572E-01  6.998459634283856E-01
  6.979395704271232E-01  6.986899745677739E-01  6.994550589038033E-01
  6.977476048099007E-01  6.984960698036573E-01  6.992592458229316E-01
  7.081335216853092E-01  7.089499494898284E-01  7.097790110732223E-01
  7.077591947739524E-01  7.085724098415320E-01  7.093983502875988E-01
  7.075717266001604E-01  7.083833214872992E-01  7.092076868537134E-01
  7.178281922066962E-01  7.186931664198435E-01  7.195685012525335E-01
  7.174641337776313E-01  7.183266072757114E-01  7.191995591804016E-01
  7.172818116531628E-01  7.181430197582803E-01  7.190147645686489E-01
  7.273603282586505E-01  7.282596364412958E-01  7.291667673294149E-01
  7.270082268096562E-01  7.279058041980785E-01  7.288113454772875E-01
  7.268318805132894E-01  7.277285767016446E-01  7.286333069369653E-01
  7.366817502222446E-01  7.376006980039416E-01  7.385246921718946E-01
  7.363435648156985E-01  7.372615952538766E-01  7.381848329307248E-01
  7.361741638333648E-01  7.370917197092397E-01  7.380145630394866E-01
  7.457428419191801E-01  7.466663500026894E-01  7.475919152530597E-01
  7.454207177957601E-01  7.463441472420923E-01  7.472698091345821E-01
  7.452593296516369E-01  7.461827047368758E-01  7.471083999879495E-01
  7.544927975175194E-01  7.554054917542601E-01  7.563170662599045E-01
  7.541889626809555E-01  7.551024172003254E-01  7.560149344306204E-01
  7.540367018776558E-01  7.549505234812662E-01  7.558634994294497E-01
  7.628799537711782E-01  7.637662622670965E-01  7.646481145583401E-01
  7.625965836368566E-01  7.634844580405225E-01  7.643680563924037E-01
  7.624545442441308E-01  7.633431917297455E-01  7.642276539874171E-01
  7.708522952782080E-01  7.716965735342970E-01  7.725329356373530E-01
  7.705913433846994E-01  7.714379186390085E-01  7.722767443939560E-01
  7.704605138894661E-01  7.713082320180576E-01  7.721482850082859E-01
  7.783582089069179E-01  7.791449153104527E-01  7.799201720875937E-01
  7.781212163445306E-01  7.789108311226218E-01  7.796891375634664E-01
  7.780023829296526E-01  7.787934512270384E-01  7.795732830554433E-01
  7.853475258311228E-01  7.860614653200209E-01  7.867604171033672E-01
  7.851354356620157E-01  7.858527325184136E-01  7.865551467031864E-01
  7.850290871739632E-01  7.857480671888798E-01  7.864522183290271E-01
  7.917728428488848E-01  7.923994881128310E-01  7.930076939439644E-01
  7.915858531421976E-01  7.922161098833669E-01  7.928279878555951E-01
  7.914921049413001E-01  7.921241766219690E-01  7.927379010549832E-01
  7.975910793729938E-01  7.981169691730121E-01  7.986211672565939E-01
  7.974285661999246E-01  7.979581111954995E-01  7.984659769490170E-01
  7.973471190963896E-01  7.978785046361924E-01  7.983882181358670E-01
  8.027652134239378E-01  8.031784181151692E-01  8.035670100549775E-01
  8.026257435426528E-01  8.030424423355459E-01  8.034344939828691E-01
  8.025558881947146E-01  8.029743493308260E-01  8.033681467652947E-01
  8.072661407805181E-01  8.075567752991114E-01  8.078203505038513E-01
  8.071475766946905E-01  8.074413663926147E-01  8.077080219413773E-01
  8.070882451445445E-01  8.073836284621200E-01  8.076518404791031E-01
  8.110745921213840E-01  8.112353444642580E-01  8.113672086509000E-01
  8.109742752640623E-01  8.111377110107798E-01  8.112721539696859E-01
  8.109241325650327E-01  8.110889251879275E-01  8.112246725982637E-01
  8.141830006026911E-01  8.142096282655186E-01  8.142062846723412E-01
  8.140979860955138E-01  8.141267492793381E-01  8.141254201024928E-01
  8.140555486049956E-01  8.140853924830608E-01  8.140850830081557E-01
  8.165971355391537E-01  8.164888664989278E-01  8.163503839220324E-01
  8.165244461224370E-01  8.164177494120866E-01  8.162807156950274E-01
  8.164882099814730E-01  8.163823090924289E-01  8.162460087683451E-01
  8.183372369536139E-01  8.180970030350215E-01  8.178271990130696E-01
  8.182741035460707E-01  8.180349203761038E-01  8.177660542243298E-01
  8.182426667816917E-01  8.180040147558769E-01  8.177356224605422E-01
  8.194383520865804E-01  8.190727895670364E-01  8.186791681820135E-01
  8.193824122425361E-01  8.190174664692657E-01  8.186243696679399E-01
  8.193545758823658E-01  8.189899402086908E-01  8.185971065274378E-01
  8.199496316795191E-01  8.194688108377125E-01  8.189622253389602E-01
  8.198990637361537E-01  8.194185429637220E-01  8.189121922113424E-01
  8.198739006432326E-01  8.193935278592843E-01  8.188872915858165E-01
  8.199324949467051E-01  8.193493822967647E-01  8.187434367402956E-01
  8.198860746748491E-01  8.193030735886112E-01  8.186972027764292E-01
  8.198629593532663E-01  8.192800088590260E-01  8.186741695139963E-01
  8.194577738276522E-01  8.187874759312445E-01  8.180977242826023E-01
  8.194148518033072E-01  8.187445975077901E-01  8.180548786705304E-01
  8.193934501439710E-01  8.187232101958901E-01  8.180334997856593E-01
  8.186021314277184E-01  8.178610042077822E-01  8.171040370977911E-01
  8.185625418301256E-01  8.178214881567434E-01  8.170646042284737E-01
  8.185427660419554E-01  8.178017404266544E-01  8.170448890633289E-01
  8.174441624936197E-01  8.166488868323442E-01  8.158414086557763E-01
  8.174080848622813E-01  8.166129786803100E-01  8.158056927377019E-01
  8.173900243124277E-01  8.165949938788145E-01  8.157877949607866E-01
  8.160606077847474E-01  8.152273299327658E-01  8.143853226002610E-01
  8.160284094116271E-01  8.151954283653412E-01  8.143537462177093E-01
  8.160122512591335E-01  8.151794102016088E-01  8.143378823100633E-01
  8.145230629111581E-01  8.136666806794822E-01  8.128047296395000E-01
  8.144951493582131E-01  8.136391914059479E-01  8.127776922248039E-01
  8.144811028565713E-01  8.136253498447420E-01  8.127640696029051E-01
  8.128954609178598E-01  8.120291091230515E-01  8.111599378989771E-01
  8.128721561820811E-01  8.120063326483719E-01  8.111377119035403E-01
  8.128603915948113E-01  8.119948265901404E-01  8.111264757700736E-01
  8.112324799631393E-01  8.103672365153427E-01  8.095014634104850E-01
  8.112139483681452E-01  8.103492995921838E-01  8.094841355738163E-01
  8.112045567303889E-01  8.103402014191914E-01  8.094753383859804E-01
  8.095788928132521E-01  8.087236954810818E-01  8.078697955874724E-01
  8.095651046995186E-01  8.087105261122396E-01  8.078572510461611E-01
  8.095580796280865E-01  8.087038081938203E-01  8.078508436202256E-01
  8.079697533066569E-01  8.071314916613070E-01  8.062959237531930E-01
  8.079604884550737E-01  8.071228299750587E-01  8.062878638642236E-01
  8.079557270887722E-01  8.071183693944483E-01  8.062837036406298E-01
  8.064312254936614E-01  8.056149567853581E-01  8.048024015580401E-01
  8.064261033228459E-01  8.056103900230401E-01  8.047983830657028E-01
  8.064234209652021E-01  8.056079856827544E-01  8.047962533720869E-01
  8.049818170992823E-01  8.041910505072337E-01  8.034047049366670E-01
  8.049803412605597E-01  8.041900597193147E-01  8.034041882133647E-01
  8.049794935286320E-01  8.041894556021888E-01  8.034038223575852E-01
  8.036337827116596E-01  8.028707824020265E-01  8.021126630154133E-01
  8.036353891054809E-01  8.028727904001400E-01  8.021150595456661E-01
  8.036360960414745E-01  8.028736996959488E-01  8.021161647521259E-01
  8.023945044849808E-01  8.016605748448404E-01  8.009317966858804E-01
  8.023986047798929E-01  8.016649882678057E-01  8.009365094565067E-01
  8.024005728844301E-01  8.016671147091674E-01  8.009387873894748E-01
  8.012677222872705E-01  8.005634542400266E-01  7.998644679136061E-01
  8.012737385135793E-01  8.005696960672535E-01  7.998709217788657E-01
  8.012766784002322E-01  8.005727505559972E-01  7.998740841034681E-01
  8.002545525894812E-01  7.995800240881774E-01  7.989108067627068E-01
  8.002619413702616E-01  7.995875557384955E-01  7.989184684453255E-01
  8.002655802489701E-01  7.995912677617302E-01  7.989222471912356E-01
  7.993542911183653E-01  7.987092251495792E-01  7.980694305517264E-01
  7.993625581259165E-01  7.987175590889962E-01  7.980778194851653E-01
  7.993666473580251E-01  7.987216833403293E-01  7.980819727744120E-01
  7.985650301728084E-01  7.979489189703038E-01  7.973379956949219E-01
  7.985737364386317E-01  7.979576235866471E-01  7.973466875555849E-01
  7.985780549502097E-01  7.979619426487280E-01  7.973510016003863E-01
  7.978841364033992E-01  7.972963416418009E-01  7.967136293738154E-01
  7.978928984164684E-01  7.973050403195283E-01  7.967222542139700E-01
  7.978972529297680E-01  7.973093643703737E-01  7.967265425388435E-01
  7.973086331699738E-01  7.967484701875984E-01  7.961932813204963E-01
  7.973171185906085E-01  7.967568363476875E-01  7.962015179971430E-01
  7.973213415932004E-01  7.967610007811106E-01  7.962056187425051E-01
  7.968355205970926E-01  7.963023319429635E-01  7.957740233121376E-01
  7.968434411362012E-01  7.963100815189441E-01  7.957815916040807E-01
  7.968473873757408E-01  7.963139432285726E-01  7.957853636221220E-01
  7.964620535200752E-01  7.959552747673846E-01  7.954533120912584E-01
  7.964691562136175E-01  7.959621572718319E-01  7.954599635858359E-01
  7.964726983486273E-01  7.959655901914572E-01  7.954632818849815E-01
  7.961859879403352E-01  7.957052074916333E-01  7.952292241675686E-01
  7.961920457353925E-01  7.957109965254812E-01  7.952347327103638E-01
  7.961950696147811E-01  7.957138868660258E-01  7.952374836585772E-01
  7.960058023483922E-01  7.955508167644553E-01  7.951006685868073E-01
  7.960106046458636E-01  7.955553005737910E-01  7.951048208681323E-01
  7.960130045510185E-01  7.955575420697462E-01  7.951068974515860E-01
  7.959208996950162E-01  7.954917660108808E-01  7.950675831095907E-01
  7.959242433344311E-01  7.954947385820966E-01  7.950701698998077E-01
  7.959259174332803E-01  7.954962279984363E-01  7.950714672974089E-01
  7.959317942658913E-01  7.955288793974716E-01  7.951311147664761E-01
  7.959334754943700E-01  7.955301327083449E-01  7.951319235133214E-01
  7.959343217798392E-01  7.955307659170404E-01  7.951323353429860E-01
  7.960402791282618E-01  7.956643024202055E-01  7.952937715356146E-01
  7.960400874527681E-01  7.956636208981865E-01  7.952925815429155E-01
  7.960400006122759E-01  7.956632900464142E-01  7.952919973853138E-01
  7.962495492549944E-01  7.959016069227547E-01  7.955595049472355E-01
  7.962472647047183E-01  7.958987658291249E-01  7.955560870434307E-01
  7.962461346797687E-01  7.958973584545246E-01  7.955543921941443E-01
  7.965642229872946E-01  7.962457739501613E-01  7.959336477477778E-01
  7.965596189745238E-01  7.962405440141657E-01  7.959277708695451E-01
  7.965573323036128E-01  7.962379452699996E-01  7.959248495351975E-01
  7.969901691057650E-01  7.967029542982483E-01  7.964226003748903E-01
  7.969830233051435E-01  7.966951149594452E-01  7.964140472900705E-01
  7.969794684677166E-01  7.966912141395055E-01  7.964097903543930E-01
  7.975340275936628E-01  7.972798952556016E-01  7.970331580896500E-01
  7.975241424924085E-01  7.972692577753624E-01  7.970217510323605E-01
  7.975192200998837E-01  7.972639597919432E-01  7.970160688044391E-01
  7.982023345332828E-01  7.979829583855009E-01  7.977714221802910E-01
  7.981895671460394E-01  7.979693975625874E-01  7.977570562912045E-01
  7.981832047563081E-01  7.979626387761792E-01  7.977498952145607E-01
  7.990002461644348E-01  7.988167546483023E-01  7.986413567914902E-01
  7.989845429931340E-01  7.988002442335032E-01  7.986240354549983E-01
  7.989767126191444E-01  7.987920102105102E-01  7.986153958495669E-01
  7.999300047398745E-01  7.997825833847725E-01  7.996432233809665E-01
  7.999114342967035E-01  7.997632266418508E-01  7.996230861281911E-01
  7.999021687851674E-01  7.997535675753780E-01  7.996130363045404E-01
  8.009894672882159E-01  8.008770393181653E-01  8.007722969549450E-01
  8.009682399792732E-01  8.008550842361506E-01  8.007496293580592E-01
  8.009576431478163E-01  8.008441227633764E-01  8.007383107886116E-01
  8.021711604396685E-01  8.020912719976609E-01  8.020183609046474E-01
  8.021476261084255E-01  8.020671021477355E-01  8.019935784382951E-01
  8.021358717462457E-01  8.020550290074190E-01  8.019811979122714E-01
  8.034623424440686E-01  8.034113562179482E-01  8.033664027461956E-01
  8.034369605729274E-01  8.033854540676929E-01  8.033400075084917E-01
  8.034242777324023E-01  8.033725099276839E-01  8.033268156369816E-01
  8.048463711021692E-01  8.048199923012396E-01  8.047986351820148E-01
  8.048196573512311E-01  8.047928812928818E-01  8.047711545268377E-01
  8.048063036919634E-01  8.047793278250578E-01  8.047574150521926E-01
  8.063052690680761E-01  8.062992961736225E-01  8.062974612471384E-01
  8.062777324749008E-01  8.062714785613735E-01  8.062693878609614E-01
  8.062639627670631E-01  8.062575672165828E-01  8.062553475041154E-01
  8.078228082108307E-01  8.078338483894771E-01  8.078484019745743E-01
  8.077949024115781E-01  8.078057638539962E-01  8.078201616600827E-01
  8.077809438740812E-01  8.077917148570836E-01  8.078060336645874E-01
  8.093868635929246E-01  8.094126326388627E-01  8.094415146010145E-01
  8.093589787119548E-01  8.093846639758270E-01  8.094134870996388E-01
  8.093450265681614E-01  8.093706687647584E-01  8.093994612296240E-01
  8.109894484978557E-01  8.110282504738354E-01  8.110696957382841E-01
  8.109619647106803E-01  8.110007945040486E-01  8.110423032496521E-01
  8.109482085784736E-01  8.109870508118994E-01  8.110285897041930E-01
  8.126229699879365E-01  8.126720713252825E-01  8.127226881069785E-01
  8.125963785650190E-01  8.126456758006860E-01  8.126965468311392E-01
  8.125830627231361E-01  8.126324559059531E-01  8.126834518732706E-01
  8.142719781192038E-01  8.143248651217244E-01  8.143766473855599E-01
  8.142470538419200E-01  8.143004095180405E-01  8.143527539659279E-01
  8.142345634354938E-01  8.142881507143522E-01  8.143407732967731E-01
  8.159009765726776E-01  8.159438717152713E-01  8.159806269157841E-01
  8.158789626212456E-01  8.159227477757884E-01  8.159605308486974E-01
  8.158679164121552E-01  8.159121430295084E-01  8.159504362754020E-01
  8.174404656516711E-01  8.174488882670617E-01  8.174429623147180E-01
  8.174232153030527E-01  8.174331217824975E-01  8.174288637189263E-01
  8.174145371093294E-01  8.174251812760001E-01  8.174217527494270E-01
  8.187749002680791E-01  8.187113815312131E-01  8.186218504731930E-01
  8.187649143489828E-01  8.187036347343282E-01  8.186165638951826E-01
  8.187598525523836E-01  8.186996878777478E-01  8.186138424805220E-01
  8.197372331094781E-01  8.195514313669799E-01  8.193250053855042E-01
  8.197375400815271E-01  8.195548365556943E-01  8.193317447769484E-01
  8.197376085145431E-01  8.195564496435263E-01  8.193350206377052E-01
  8.201148102817137E-01  8.197471399805575E-01  8.193228140060677E-01
  8.201286558949927E-01  8.197649378604287E-01  8.193447796018746E-01
  8.201354794502138E-01  8.197737339961240E-01  8.193556563838715E-01
  8.196703203720236E-01  8.190597440227528E-01  8.183776722402576E-01
  8.197006638342499E-01  8.190947327481023E-01  8.184174550279660E-01
  8.197157271582426E-01  8.191121169152785E-01  8.184372350201291E-01
  8.181790705913902E-01  8.172748677135272E-01  8.162890061238991E-01
  8.182279232512516E-01  8.173287101656530E-01  8.163478696638057E-01
  8.182522404019340E-01  8.173555230860243E-01  8.163771948175345E-01
  8.154800103594058E-01  8.142561555029882E-01  8.129489637400498E-01
  8.155477008244487E-01  8.143286423604217E-01  8.130261148354717E-01
  8.155814476872314E-01  8.143647917364260E-01  8.130646016418883E-01
  8.115329622505024E-01  8.100024022077740E-01  8.083985669274207E-01
  8.116174644474714E-01  8.100908205065334E-01  8.084905771795722E-01
  8.116596419551273E-01  8.101349642859190E-01  8.085365262142238E-01
  8.064695382758943E-01  8.046945845239448E-01  8.028698111241848E-01
  8.065660415871897E-01  8.047933778324837E-01  8.029703797430346E-01
  8.066142591405381E-01  8.048427524197632E-01  8.030206549700378E-01
  8.006222131357255E-01  7.987170666140279E-01  7.967981007963439E-01
  8.007231205149777E-01  7.988179660861865E-01  7.968983268503712E-01
  8.007735925833693E-01  7.988684492360678E-01  7.969484889661426E-01
  7.945173236948360E-01  7.926399252469278E-01  7.907935209172476E-01
  7.946128085085314E-01  7.927326575430235E-01  7.908827617173068E-01
  7.946606301523137E-01  7.927791193964074E-01  7.909274944424783E-01
  7.888246671969366E-01  7.871576188878694E-01  7.855689919736158E-01
  7.889037961956716E-01  7.872311588837723E-01  7.856362337733405E-01
  7.889435019278247E-01  7.872680858901019E-01  7.856700270214662E-01
  7.842678088611491E-01  7.829913444741733E-01  7.818358896794741E-01
  7.843200750119079E-01  7.830355144170024E-01  7.818713919950178E-01
  7.843464037315266E-01  7.830578078327703E-01  7.818893634006726E-01
  7.815115869426768E-01  7.807743219005746E-01  7.801888180909922E-01
  7.815285480726875E-01  7.807814043403967E-01  7.801856758949136E-01
  7.815372627328944E-01  7.807851875608389E-01  7.801843533059628E-01
  7.810519621739377E-01  7.809463338141460E-01  7.810065375327013E-01
  7.810286092274672E-01  7.809123193998302E-01  7.809617871997734E-01
  7.810171833329785E-01  7.808955647069824E-01  7.809396649481717E-01
  7.831347583102894E-01  7.836831534727853E-01  7.843932414264156E-01
  7.830702760980477E-01  7.836083131229562E-01  7.843082334034217E-01
  7.830382780253803E-01  7.835711319979416E-01  7.842659630795574E-01
  7.877230784439754E-01  7.888778652644081E-01  7.901740453631203E-01
  7.876208084878629E-01  7.887665054099691E-01  7.900539951016045E-01
  7.875698874273060E-01  7.887110306498155E-01  7.899941654094194E-01
  7.945202274285563E-01  7.961771270567916E-01  7.979438806670864E-01
  7.943868549172171E-01  7.960366064030785E-01  7.977967318437850E-01
  7.943203381917605E-01  7.959665040086679E-01  7.977233033158083E-01
  8.030399118341458E-01  8.050605813090717E-01  8.071546792195642E-01
  8.028841089084817E-01  8.048998662248348E-01  8.069895957195323E-01
  8.028063257095862E-01  8.048196146522075E-01  8.069071477020873E-01
  8.127032445037823E-01  8.149407827169372E-01  8.172165481373214E-01
  8.125341376631692E-01  8.147689263673396E-01  8.170424289011415E-01
  8.124496526143106E-01  8.146830554028530E-01  8.169554157586123E-01
  8.229367652674375E-01  8.252578147819347E-01  8.275876211234868E-01
  8.227626068385844E-01  8.250827238587466E-01  8.274119778507549E-01
  8.226755536431719E-01  8.249951955172660E-01  8.273241650319764E-01
  8.332489142811879E-01  8.355480007508137E-01  8.378343506142215E-01
  8.330762263699402E-01  8.353757169243108E-01  8.376627303069721E-01
  8.329898766617007E-01  8.352895629446889E-01  8.375769023525269E-01
  8.432723363492430E-01  8.454771257637096E-01  8.476557688880583E-01
  8.431056129320446E-01  8.453116597348432E-01  8.474917127216266E-01
  8.430222242672919E-01  8.452288957046311E-01  8.474096500008419E-01
  8.527715437184741E-01  8.548405078100210E-01  8.568766360346016E-01
  8.526134216506845E-01  8.546841016835918E-01  8.567220203298940E-01
  8.525343208832733E-01  8.546058563927280E-01  8.566446680069034E-01
  8.616249492448942E-01  8.635405299297892E-01  8.654213170321755E-01
  8.614766556473000E-01  8.633941429583565E-01  8.652768647176903E-01
  8.614024617480071E-01  8.633209007013573E-01  8.652045882032945E-01
  8.697942974996200E-01  8.715548083042173E-01  8.732813900069999E-01
  8.696561684103488E-01  8.714186289384618E-01  8.731471673877921E-01
  8.695870520099526E-01  8.713504859723059E-01  8.730800013437363E-01
  8.772932407234488E-01  8.789058545402980E-01  8.804867967638281E-01
  8.771651604708505E-01  8.787797070305355E-01  8.803625837269188E-01
  8.771010644142321E-01  8.787165758379448E-01  8.803004181974750E-01
  8.841624562578392E-01  8.856383798493973E-01  8.870854359604852E-01
  8.840441466049486E-01  8.855219737287454E-01  8.869709362664039E-01
  8.839849315713399E-01  8.854637088005992E-01  8.869136228379048E-01
  8.904538716659488E-01  8.918057436021555E-01  8.931317327057117E-01
  8.903450289416872E-01  8.916987777747541E-01  8.930266477958220E-01
  8.902905428966392E-01  8.916452284725163E-01  8.929740372411938E-01
  8.962229796013143E-01  8.974639007086451E-01  8.986820270457968E-01
  8.961232996901397E-01  8.973660681622869E-01  8.985860438495731E-01
  8.960733909370456E-01  8.973170815422687E-01  8.985379804100587E-01
  9.015264480777028E-01  9.026698592315634E-01  9.037936894760573E-01
  9.014355927754338E-01  9.025808061057041E-01  9.037064350495694E-01
  9.013900933370460E-01  9.025362065751593E-01  9.036627337983777E-01
  9.064219984982557E-01  9.074817275325942E-01  9.085252016571370E-01
  9.063395505882172E-01  9.074010106514854E-01  9.084462049880163E-01
  9.062982536605824E-01  9.073605785913594E-01  9.084066325353338E-01
  9.109682380158352E-01  9.119582916277896E-01  9.129354146796951E-01
  9.108936763379983E-01  9.118853612510742E-01  9.128640978012086E-01
  9.108563235571479E-01  9.118488240903652E-01  9.128283675236726E-01
  9.152232192568038E-01  9.161571763450894E-01  9.170813132886834E-01
  9.151559267799063E-01  9.160913928337844E-01  9.170170162685648E-01
  9.151222119152096E-01  9.160584330321598E-01  9.169848004513960E-01
  9.192415501049499E-01  9.201316445921462E-01  9.210145531274910E-01
  9.191808523901773E-01  9.200723231174168E-01  9.209565841223548E-01
  9.191504402526608E-01  9.200426002089149E-01  9.209275386930487E-01
  9.230706542169314E-01  9.239267796687143E-01  9.247776355945203E-01
  9.230158751913409E-01  9.238732480757674E-01  9.247253296628554E-01
  9.229884292833929E-01  9.238464273897590E-01  9.246991234150931E-01
  9.267471859609924E-01  9.275760990351556E-01  9.284007885273294E-01
  9.266977035623721E-01  9.275277511685970E-01  9.283535576293311E-01
  9.266729137835225E-01  9.275035304064215E-01  9.283298971676935E-01
  9.302946215194988E-01  9.310995742641304E-01  9.319004598856450E-01
  9.302499073232869E-01  9.310559039709253E-01  9.318578206839021E-01
  9.302275097865659E-01  9.310340302372762E-01  9.318364643795425E-01
  9.337227440593437E-01  9.345036612842369E-01  9.352799026419434E-01
  9.336823771429740E-01  9.344642693440246E-01  9.352414764857895E-01
  9.336621612002348E-01  9.344445427229299E-01  9.352222345945443E-01
  9.370292380384458E-01  9.377834134449844E-01  9.385317796696176E-01
  9.369928918023960E-01  9.377479883521914E-01  9.384972678445166E-01
  9.369746935936377E-01  9.377302524433843E-01  9.384799902809338E-01
  9.402030657058366E-01  9.409262220016394E-01  9.416422141443159E-01
  9.401704743908298E-01  9.408945030519592E-01  9.416113583422745E-01
  9.401541602436231E-01  9.408786266524390E-01  9.415959150490487E-01
  9.432288759892837E-01  9.439163557545103E-01  9.445953952012508E-01
  9.431997927606739E-01  9.438880910301787E-01  9.445679362409890E-01
  9.431852383460014E-01  9.438739472335524E-01  9.445541966484275E-01
  9.460915041863658E-01  9.467393480105174E-01  9.473777946952845E-01
  9.460656635840164E-01  9.467142596742274E-01  9.473534412526720E-01
  9.460527352184740E-01  9.467017085882208E-01  9.473412587082839E-01
  9.487796928213126E-01  9.493854147576735E-01  9.499812461546672E-01
  9.487567873237592E-01  9.493631801776925E-01  9.499596606551329E-01
  9.487453302998026E-01  9.493520595311558E-01  9.499488654113417E-01
  9.512884479880798E-01  9.518514120666818E-01  9.524044933942507E-01
  9.512681229728404E-01  9.518316635184915E-01  9.523852962807531E-01
  9.512579590723594E-01  9.518217885449965E-01  9.523756976614307E-01
  9.536198313941254E-01  9.541412343353344E-01  9.546532092060194E-01
  9.536016970442618E-01  9.541235745298784E-01  9.546359976579111E-01
  9.535926305220600E-01  9.541147457626087E-01  9.546273934489283E-01
  9.557823527703806E-01  9.562648982105869E-01  9.567388006386837E-01
  9.557660073297858E-01  9.562489253446319E-01  9.567231749065774E-01
  9.557578365714323E-01  9.562409411712625E-01  9.567153645517346E-01
  9.577893773160864E-01  9.582367693938187E-01  9.586764901250311E-01
  9.577744344450082E-01  9.582221044319023E-01  9.586620803041099E-01
  9.577669656703001E-01  9.582147747584159E-01  9.586548783110257E-01
  9.596570603348836E-01  9.600734480708114E-01  9.604831828807795E-01
  9.596431740101008E-01  9.600597581555761E-01  9.604696705593631E-01
  9.596362337369546E-01  9.600529161203487E-01  9.604629173273909E-01
  9.614022821089685E-01  9.617917608156044E-01  9.621755379270134E-01
  9.613891646638441E-01  9.617787750658499E-01  9.621626696467652E-01
  9.613826087255508E-01  9.617722849305246E-01  9.621562381837023E-01
  9.630409299674976E-01  9.634071668482760E-01  9.637685100534705E-01
  9.630283613965729E-01  9.633946832893479E-01  9.637561019067846E-01
  9.630220795759024E-01  9.633884438817446E-01  9.637499001017700E-01
  9.645867183132212E-01  9.649327297802766E-01  9.652744754908082E-01
  9.645745470588925E-01  9.649206140556447E-01  9.652624098780738E-01
  9.645684634542904E-01  9.649145580967156E-01  9.652563788504335E-01
  9.660505949518936E-01  9.663786712496170E-01  9.667029283060337E-01
  9.660387316964406E-01  9.663668488564596E-01  9.666911447658615E-01
  9.660328015905094E-01  9.663609390512575E-01  9.666852542547044E-01
  9.674406761782781E-01  9.677524275294292E-01  9.680606499226010E-01
  9.674290827355982E-01  9.677408717344309E-01  9.680491322231141E-01
  9.674232870198652E-01  9.677350947111011E-01  9.680433741165171E-01
  9.687625881833073E-01  9.690590752115609E-01  9.693522086667018E-01
  9.687512636710507E-01  9.690477928038360E-01  9.693409702775977E-01
  9.687456019200145E-01  9.690421519804320E-01  9.693353513412792E-01
  9.700200628575546E-01  9.703019705107701E-01  9.705806321216063E-01
  9.700090291751521E-01  9.702909873566861E-01  9.705697019651567E-01
  9.700035123806202E-01  9.702854957154219E-01  9.705642367160293E-01
  9.712156339741739E-01  9.714834507410547E-01  9.717481048010911E-01
  9.712049223447760E-01  9.714727988163553E-01  9.717375148689154E-01
  9.711995661851146E-01  9.714674724181858E-01  9.717322193819014E-01
  9.723512984527330E-01  9.726054699541909E-01  9.728565714991975E-01
  9.723409384268387E-01  9.725951771416922E-01  9.728463475055139E-01
  9.723357577654771E-01  9.725900300210616E-01  9.728412347350811E-01
  9.734290417028096E-01  9.736700784204357E-01  9.739081673616762E-01
  9.734190535475908E-01  9.736601618571152E-01  9.738983230693683E-01
  9.734140586201465E-01  9.736552026868079E-01  9.738934000027084E-01
  9.744511702323884E-01  9.746797014693099E-01  9.749054426718770E-01
  9.744415610538488E-01  9.746701646302766E-01  9.748959779173124E-01
  9.744367555175685E-01  9.746653952509637E-01  9.748912445736759E-01
  9.754204414259349E-01  9.756372193841876E-01  9.758513953586779E-01
  9.754112047630994E-01  9.756280524903307E-01  9.758422972161178E-01
  9.754065854806822E-01  9.756234681011482E-01  9.758377472160374E-01
  9.763400212268566E-01  9.765458881213053E-01  9.767493590355361E-01
  9.763311393336830E-01  9.765370709732215E-01  9.767406051249065E-01
  9.763266975028209E-01  9.765326615382459E-01  9.767362273347333E-01
  9.772133279759276E-01  9.774091638190318E-01  9.776028129907283E-01
  9.772047756800587E-01  9.774006698967204E-01  9.775943757370446E-01
  9.772004987562715E-01  9.773964221898161E-01  9.775901563953021E-01
  9.780438307241701E-01  9.782304993733432E-01  9.784151811749719E-01
  9.780355796859314E-01  9.782223000458085E-01  9.784070319017493E-01
  9.780314535118414E-01  9.782181997568659E-01  9.784029566688985E-01
  9.788348633536400E-01  9.790131704016424E-01  9.791896726738082E-01
  9.788268857359128E-01  9.790052383358218E-01  9.791817847106005E-01
  9.788228963817543E-01  9.790012717820804E-01  9.791778402308073E-01
  9.795894963763151E-01  9.797601661655527E-01  9.799291926310177E-01
  9.795817673017794E-01  9.797524774214563E-01  9.799215430362321E-01
  9.795779023032736E-01  9.797486326049192E-01  9.799177178090074E-01
  9.803104833763958E-01  9.804741558207531E-01  9.806363275958403E-01
  9.803029819801251E-01  9.804666905512608E-01  9.806288975195885E-01
  9.802992308748402E-01  9.804629575184866E-01  9.806251820907533E-01
  9.810002759301660E-01  9.811575186379019E-01  9.813133893077920E-01
  9.809929851974303E-01  9.811502606665065E-01  9.813061633416053E-01
  9.809893394519145E-01  9.811466313049583E-01  9.813025499847584E-01
  9.816610848765961E-01  9.818124132901428E-01  9.819624899359076E-01
  9.816539907030021E-01  9.818053490443868E-01  9.819554549555952E-01
  9.816504432475984E-01  9.818018165528805E-01  9.819519370962365E-01
  9.822949594693063E-01  9.824408575387155E-01  9.825856205291124E-01
  9.822880494574384E-01  9.824339748495717E-01  9.825787645264615E-01
  9.822845940855173E-01  9.824305331379459E-01  9.825753361569507E-01
  9.829038586274838E-01  9.830447943621479E-01  9.831847109498115E-01
  9.828971210571166E-01  9.830380815286338E-01  9.831780222081200E-01
  9.828937519080774E-01  9.830347247473542E-01  9.831746774722487E-01
  9.834896973644404E-01  9.836261304887303E-01  9.837616602461470E-01
  9.834831205972556E-01  9.836195758150759E-01  9.837551270119462E-01
  9.834798318552578E-01  9.836162981200185E-01  9.837518600369367E-01
  9.840543626280233E-01  9.841867444583146E-01  9.843183373436699E-01
  9.840479350044355E-01  9.841803362707838E-01  9.843119479544052E-01
  9.840447208432158E-01  9.841771318282452E-01  9.843087529116196E-01
  9.845997026122637E-01  9.847284703682887E-01  9.848565600140317E-01
  9.845934127322542E-01  9.847221973702240E-01  9.848503033127102E-01
  9.845902674531035E-01  9.847190605323991E-01  9.848471746233540E-01
  9.851274996810928E-01  9.852530683498946E-01  9.853780637444514E-01
  9.851213368725786E-01  9.852469201081684E-01  9.853719295701296E-01
  9.851182551376780E-01  9.852438456559409E-01  9.853688621504538E-01
  9.856394386061117E-01  9.857621932365389E-01  9.858844714713906E-01
  9.856333933806809E-01  9.857561606092585E-01  9.858784510496713E-01
  9.856303704415058E-01  9.857531439668771E-01  9.858754405072846E-01
  9.861370795891558E-01  9.862573698821899E-01  9.863772714965539E-01
  9.861311439452309E-01  9.862514452696007E-01  9.863713576355243E-01
  9.861281757954402E-01  9.862484826315373E-01  9.863684003688209E-01
  9.866218411959664E-01  9.867399789864003E-01  9.868578061818399E-01
  9.866160087174157E-01  9.867341563764770E-01  9.868519932674473E-01
  9.866130921435524E-01  9.867312447315524E-01  9.868490864645237E-01
  9.870949937694399E-01  9.872112529316396E-01  9.873272699747414E-01
  9.870892595471288E-01  9.872055277847045E-01  9.873215538242335E-01
  9.870863920903656E-01  9.872026648592107E-01  9.873186953902543E-01
  9.875576605933026E-01  9.876722783251488E-01  9.877867130238691E-01
  9.875520210439831E-01  9.876666473783301E-01  9.877810906816910E-01
  9.875492009099117E-01  9.876638315384395E-01  9.877782791368611E-01
  9.880108227179093E-01  9.881240011080814E-01  9.882370463235514E-01
  9.880052753826533E-01  9.881184621786361E-01  9.882315158734947E-01
  9.880025013403070E-01  9.881156923317588E-01  9.882287502587391E-01
  9.884553237989766E-01  9.885672309207110E-01  9.886790454821037E-01
  9.884498671809003E-01  9.885617827591732E-01  9.886736059171359E-01
  9.884471384811294E-01  9.885590582800099E-01  9.886708857284786E-01
  9.888918728379407E-01  9.890026431039842E-01  9.891133519894821E-01
  9.888865063032724E-01  9.889972853116383E-01  9.891080031446539E-01
  9.888838226287741E-01  9.889946060004416E-01  9.891053282992355E-01
  9.893210444799557E-01  9.894307784205032E-01  9.895404724521513E-01
  9.893157682143848E-01  9.894255114164746E-01  9.895352149803409E-01
  9.893131296575385E-01  9.894228774823135E-01  9.895325858040733E-01
  9.897432778333471E-01  9.898520416920900E-01  9.899607771665763E-01
  9.897380928274364E-01  9.898468667015463E-01  9.899556125274432E-01
  9.897354998828909E-01  9.898442787563450E-01  9.899530297494756E-01
  9.901588753132267E-01  9.902667008760295E-01  9.903744995237680E-01
  9.901537833484985E-01  9.902616199125379E-01  9.903694299611359E-01
  9.901512369062778E-01  9.902590789623487E-01  9.903668947026664E-01
  9.905680027521730E-01  9.906748876684287E-01  9.907817371594561E-01
  9.905630063705066E-01  9.906699034960651E-01  9.907767656558492E-01
  9.905605077008646E-01  9.906674109222858E-01  9.907742794075552E-01
