  7.521579784072915E+00  7.511054667653142E+00  7.500519467651962E+00

  9.927340865745546E-01  9.928997341748872E-01  9.930638791688288E-01
  9.921253142616663E-01  9.922970855447413E-01  9.924674529750531E-01
  9.914892410622524E-01  9.916668400858542E-01  9.918431203278159E-01
  9.927275797575691E-01  9.928932968586411E-01  9.930575127721957E-01
  9.921185117817231E-01  9.922903491160507E-01  9.924607838615744E-01
  9.914821514124919E-01  9.916598135947395E-01  9.918361580922989E-01
  9.927243251240608E-01  9.928900769551972E-01  9.930543283075223E-01
  9.921151093564708E-01  9.922869796984840E-01  9.924574480828406E-01
  9.914786054326679E-01  9.916562991789463E-01  9.918326757881607E-01
  9.927243251240608E-01  9.928900769551972E-01  9.930543283075223E-01
  9.921151093564708E-01  9.922869796984840E-01  9.924574480828406E-01
  9.914786054326679E-01  9.916562991789463E-01  9.918326757881607E-01
  9.927275797575691E-01  9.928932968586411E-01  9.930575127721957E-01
  9.921185117817231E-01  9.922903491160507E-01  9.924607838615744E-01
  9.914821514124919E-01  9.916598135947395E-01  9.918361580922989E-01
  9.927340865745546E-01  9.928997341748872E-01  9.930638791688288E-01
  9.921253142616663E-01  9.922970855447413E-01  9.924674529750531E-01
  9.914892410622524E-01  9.916668400858542E-01  9.918431203278159E-01
  9.927438406532896E-01  9.929093839012004E-01  9.930734224107799E-01
  9.921355120388597E-01  9.923071841554187E-01  9.924774505191354E-01
  9.914998697529253E-01  9.916773739620242E-01  9.918535577398158E-01
  9.927568345930864E-01  9.929222385152848E-01  9.930861348498363E-01
  9.921490979603553E-01  9.923206376873687E-01  9.924907691204138E-01
  9.915140305271999E-01  9.916914081737553E-01  9.918674631815719E-01
  9.927730585032749E-01  9.929382879639458E-01  9.931020062646039E-01
  9.921660624672684E-01  9.923374364374464E-01  9.925073989249724E-01
  9.915317140898078E-01  9.917089333021777E-01  9.918848271039297E-01
  9.927924999889903E-01  9.929575196484139E-01  9.931210238454152E-01
  9.921863935820872E-01  9.923575682467953E-01  9.925273275845444E-01
  9.915529087963266E-01  9.917299375472031E-01  9.919056375428362E-01
  9.928151441337321E-01  9.929799184062897E-01  9.931431721757188E-01
  9.922100768931286E-01  9.923810184845466E-01  9.925505402394881E-01
  9.915776006398656E-01  9.917544067134063E-01  9.919298801044262E-01
  9.928409734780400E-01  9.930054664894771E-01  9.931684332093358E-01
  9.922370955357080E-01  9.924077700280811E-01  9.925770194981730E-01
  9.916057732352040E-01  9.917823241932006E-01  9.919575379472373E-01
  9.928699679942175E-01  9.930341435380566E-01  9.931967862435667E-01
  9.922674301697957E-01  9.924378032396342E-01  9.926067454125745E-01
  9.916374078000453E-01  9.918136709469659E-01  9.919885917612205E-01
  9.929021050570723E-01  9.930659265500849E-01  9.932282078881458E-01
  9.923010589539972E-01  9.924710959390844E-01  9.926396954499241E-01
  9.916724831331077E-01  9.918484254798504E-01  9.920230197432615E-01
  9.929373594104199E-01  9.931007898470933E-01  9.932626720298598E-01
  9.923379575156710E-01  9.925076233727547E-01  9.926758444602636E-01
  9.917109755888085E-01  9.918865638149920E-01  9.920607975689690E-01
  9.929757031295636E-01  9.931387050355204E-01  9.933001497930757E-01
  9.923780989170459E-01  9.925473581780984E-01  9.927151646397920E-01
  9.917528590483085E-01  9.919280594629446E-01  9.921018983605218E-01
  9.930171055793157E-01  9.931796409636664E-01  9.933406094958027E-01
  9.924214536171072E-01  9.925902703440657E-01  9.927576254898223E-01
  9.917981048866991E-01  9.919728833871014E-01  9.921462926503825E-01
  9.930615333676054E-01  9.932235636742528E-01  9.933840166014030E-01
  9.924679894290883E-01  9.926363271670093E-01  9.928031937712333E-01
  9.918466819361068E-01  9.920210039649139E-01  9.921939483407011E-01
  9.931089502944473E-01  9.932704363523895E-01  9.934303336657887E-01
  9.925176714733861E-01  9.926854932019785E-01  9.928518334543002E-01
  9.918985564444879E-01  9.920723869446998E-01  9.922448306582222E-01
  9.931593172965498E-01  9.933202192692696E-01  9.934795202804660E-01
  9.925704621257845E-01  9.927377302093141E-01  9.929035056638439E-01
  9.919536920298707E-01  9.921269953978223E-01  9.922989021045061E-01
  9.932125923871644E-01  9.933728697212446E-01  9.935315330111367E-01
  9.926263209607762E-01  9.927929970963734E-01  9.929581686195754E-01
  9.920120496297937E-01  9.921847896660054E-01  9.923561224012516E-01
  9.932687305915003E-01  9.934283419646557E-01  9.935863253322861E-01
  9.926852046898775E-01  9.928512498543172E-01  9.930157775716065E-01
  9.920735874456856E-01  9.922457273035612E-01  9.924164484305301E-01
  9.933276838774739E-01  9.934865871462411E-01  9.936438475576348E-01
  9.927470670947878E-01  9.929124414898546E-01  9.930762847310729E-01
  9.921382608819546E-01  9.923097630143244E-01  9.924798341697575E-01
  9.933894010821137E-01  9.935475532295212E-01  9.937040467669352E-01
  9.928118589553657E-01  9.929765219519759E-01  9.931396391959600E-01
  9.922060224795807E-01  9.923768485831290E-01  9.925462306212836E-01
  9.934538278338707E-01  9.936111849174705E-01  9.937668667294893E-01
  9.928795279724072E-01  9.930434380537196E-01  9.932057868722458E-01
  9.922768218440302E-01  9.924469328016950E-01  9.926155857365238E-01
  9.935209064707379E-01  9.936774235714739E-01  9.938322478244777E-01
  9.929500186852397E-01  9.931131333890619E-01  9.932746703905243E-01
  9.923506055673416E-01  9.925199613888330E-01  9.926878443346006E-01
  9.935905759553237E-01  9.937462071277992E-01  9.939001269594218E-01
  9.930232723843708E-01  9.931855482452498E-01  9.933462290185193E-01
  9.924273171442989E-01  9.925958769049500E-01  9.927629480155522E-01
  9.936627717866442E-01  9.938174700114513E-01  9.939704374867501E-01
  9.930992270193162E-01  9.932606195107948E-01  9.934203985698024E-01
  9.925068968826556E-01  9.926746186608939E-01  9.928408350682277E-01
  9.937374259097747E-01  9.938911430486571E-01  9.940431091198200E-01
  9.931778171020298E-01  9.933382805796472E-01  9.934971113093345E-01
  9.925892818074777E-01  9.927561226212880E-01  9.929214403731060E-01
  9.938144666241064E-01  9.939671533788398E-01  9.941180678493736E-01
  9.932589736064295E-01  9.934184612521599E-01  9.935762958565589E-01
  9.926744055597841E-01  9.928403213026336E-01  9.930046953004242E-01
  9.938938184911648E-01  9.940454243671583E-01  9.941952358616170E-01
  9.933426238646865E-01  9.935010876336287E-01  9.936578770869556E-01
  9.927621982897948E-01  9.929271436666004E-01  9.930905276041465E-01
  9.939754022434667E-01  9.941258755192202E-01  9.942745314596574E-01
  9.934286914611734E-01  9.935860820314373E-01  9.937417760332146E-01
  9.928525865452539E-01  9.930165150090929E-01  9.931788613124886E-01
  9.940591346957063E-01  9.942084223993818E-01  9.943558689898331E-01
  9.935170961251197E-01  9.936733628519974E-01  9.938279097873620E-01
  9.929454931554584E-01  9.931083568458622E-01  9.932696166159097E-01
  9.941449286600504E-01  9.942929765545513E-01  9.944391587749761E-01
  9.936077536233028E-01  9.937628444989589E-01  9.939161914054607E-01
  9.930408371118505E-01  9.932025867956658E-01  9.933627097537222E-01
  9.942326928677480E-01  9.943794454458246E-01  9.945243070570554E-01
  9.937005756543889E-01  9.938544372744620E-01  9.940065298168036E-01
  9.931385334462561E-01  9.932991184622221E-01  9.934580529007270E-01
  9.943223318990326E-01  9.944677323900587E-01  9.946112159514114E-01
  9.937954697467701E-01  9.939480472854301E-01  9.940988297397509E-01
  9.932384931081363E-01  9.933978613164905E-01  9.935555540555743E-01
  9.944137461242587E-01  9.945577365144316E-01  9.946997834157311E-01
  9.938923391621517E-01  9.940435763573172E-01  9.941929916067692E-01
  9.933406228425290E-01  9.934987205811346E-01  9.936551169328800E-01
  9.945068316589534E-01  9.946493527267669E-01  9.947899032366081E-01
  9.939910828074127E-01  9.941409219579841E-01  9.942889115014836E-01
  9.934448250706887E-01  9.936015971193600E-01  9.937566408614683E-01
  9.946014803361185E-01  9.947424717050378E-01  9.948814650371666E-01
  9.940915951576627E-01  9.942399771347709E-01  9.943864811109394E-01
  9.935509977758006E-01  9.937063873306934E-01  9.938600206914845E-01
  9.946975796993146E-01  9.948369799096233E-01  9.949743543093276E-01
  9.941937661937638E-01  9.943406304681623E-01  9.944855876965755E-01
  9.936590343965235E-01  9.938129830566446E-01  9.939651467134978E-01
  9.947950130202188E-01  9.949327596220263E-01  9.950684524744204E-01
  9.942974813579244E-01  9.944427660457643E-01  9.945861140877073E-01
  9.937688237315211E-01  9.939212714995916E-01  9.940719045930915E-01
  9.948936593446194E-01  9.950296890139859E-01  9.951636369760004E-01
  9.944026215313474E-01  9.945462634606431E-01  9.946879387016160E-01
  9.938802498585756E-01  9.940311351586427E-01  9.941801753248360E-01
  9.949933935712479E-01  9.951276422513029E-01  9.952597814090743E-01
  9.945090630383093E-01  9.946509978384401E-01  9.947909355946541E-01
  9.939931920723459E-01  9.941424517866730E-01  9.942898352099498E-01
  9.950940865677821E-01  9.952264896365560E-01  9.953567556897197E-01
  9.946166776813262E-01  9.947568398978972E-01  9.948949745489404E-01
  9.941075248452921E-01  9.942550943731616E-01  9.944007558623408E-01
  9.951956053281545E-01  9.953260977946485E-01  9.954544262687883E-01
  9.947253328122978E-01  9.948636560496152E-01  9.949999211993530E-01
  9.942231178167211E-01  9.943689311578504E-01  9.945128042480761E-01
  9.952978131758854E-01  9.954263299056081E-01  9.955526563937900E-01
  9.948348914447791E-01  9.949713085380621E-01  9.951056372056543E-01
  9.943398358152579E-01  9.944838256805605E-01  9.946258427635984E-01
  9.954005700175435E-01  9.955270459883995E-01  9.956513064223168E-01
  9.949452124124800E-01  9.950796556317340E-01  9.952119804743979E-01
  9.944575389202438E-01  9.945996368726456E-01  9.947397293580911E-01
  9.955037326499202E-01  9.956281032388948E-01  9.957502341896811E-01
  9.950561505789561E-01  9.951885518661385E-01  9.953188054349492E-01
  9.945760825676816E-01  9.947162191955973E-01  9.948543177053508E-01
  9.956071551246106E-01  9.957293564251701E-01  9.958492954333711E-01
  9.951675571033469E-01  9.952978483440557E-01  9.954259633736188E-01
  9.946953177064892E-01  9.948334228323290E-01  9.949694574304132E-01
  9.957106891723079E-01  9.958306583417883E-01  9.959483442753225E-01
  9.952792797667153E-01  9.954073930970777E-01  9.955333028293272E-01
  9.948150910110344E-01  9.949510939367320E-01  9.950849943960860E-01
  9.958141846892022E-01  9.959318603247261E-01  9.960472337629052E-01
  9.953911633633837E-01  9.955170315121592E-01  9.956406700538135E-01
  9.949352451561922E-01  9.950690749472147E-01  9.952007710545181E-01
  9.959174902864801E-01  9.960328128270972E-01  9.961458164679354E-01
  9.955030501611444E-01  9.956266068262829E-01  9.957479095386864E-01
  9.950556191611704E-01  9.951872049698700E-01  9.953166268687660E-01
  9.960204539034049E-01  9.961333660553011E-01  9.962439451424783E-01
  9.956147804333532E-01  9.957359606914650E-01  9.958548646107005E-01
  9.951760488077172E-01  9.953053202362664E-01  9.954323988086520E-01
  9.961229234824125E-01  9.962333706631763E-01  9.963414734281740E-01
  9.957261930642575E-01  9.958449338106589E-01  9.959613780949953E-01
  9.952963671367631E-01  9.954232546393224E-01  9.955479219237020E-01
  9.962247477031361E-01  9.963326785002928E-01  9.964382566144676E-01
  9.958371262267266E-01  9.959533666429412E-01  9.960672930438849E-01
  9.954164050251993E-01  9.955408403483259E-01  9.956630299935398E-01
  9.963257767699083E-01  9.964311434081590E-01  9.965341524388005E-01
  9.959474181290474E-01  9.960611001737517E-01  9.961724535261169E-01
  9.955359918419817E-01  9.956579085014430E-01  9.957775562532476E-01
  9.964258632440988E-01  9.965286220549231E-01  9.966290219186719E-01
  9.960569078251943E-01  9.961679767435159E-01  9.962767054689393E-01
  9.956549561809830E-01  9.957742899719185E-01  9.958913341887395E-01
  9.965248629123040E-01  9.966249747987237E-01  9.967227302049867E-01
  9.961654360819086E-01  9.962738409266718E-01  9.963798975437915E-01
  9.957731266675883E-01  9.958898162033275E-01  9.960041983959584E-01
  9.966226356785383E-01  9.967200665669059E-01  9.968151474431444E-01
  9.962728462952878E-01  9.963785404523373E-01  9.964818820855195E-01
  9.958903328366364E-01  9.960043201095843E-01  9.961159854977749E-01
  9.967190464699957E-01  9.968137677397925E-01  9.969061496298159E-01
  9.963789854496635E-01  9.964819271580149E-01  9.965825160352271E-01
  9.960064060798344E-01  9.961176370360194E-01  9.962265351131135E-01
  9.968139661442452E-01  9.969059550262220E-01  9.969956194521076E-01
  9.964837051104966E-01  9.965838579670282E-01  9.966816618965079E-01
  9.961211806596436E-01  9.962296057771464E-01  9.963356908725509E-01
  9.969072723861052E-01  9.969965123188752E-01  9.970834470970200E-01
  9.965868624408042E-01  9.966841958787092E-01  9.967791886936609E-01
  9.962344947829093E-01  9.963400696436502E-01  9.964433014722028E-01
  9.969988505801964E-01  9.970853315157070E-01  9.971695310179461E-01
  9.966883212267236E-01  9.967828109569867E-01  9.968749729177194E-01
  9.963461917215016E-01  9.964488775656691E-01  9.965492217528720E-01
  9.970885946431325E-01  9.971723132922459E-01  9.972537786439050E-01
  9.967879528933851E-01  9.968795812989794E-01  9.969688994425084E-01
  9.964561209606017E-01  9.965558852130276E-01  9.966533137853589E-01
  9.971764077964825E-01  9.972573678070389E-01  9.973361070150951E-01
  9.968856374885543E-01  9.969743939616199E-01  9.970608623895810E-01
  9.965641393501311E-01  9.966609561078370E-01  9.967554479375763E-01
  9.972622032607927E-01  9.973404153218313E-01  9.974164433278380E-01
  9.969812646098812E-01  9.970671458227213E-01  9.971507659192833E-01
  9.966701122326858E-01  9.967639627024932E-01  9.968555038965052E-01
  9.973459048506186E-01  9.974213867177615E-01  9.974947253716873E-01
  9.970747342521661E-01  9.971577443534881E-01  9.972385249257898E-01
  9.967739145221545E-01  9.968647873968605E-01  9.969533716186932E-01
  9.974274474536119E-01  9.975002238920070E-01  9.975709018446478E-01
  9.971659575535555E-01  9.972461082822048E-01  9.973240656168316E-01
  9.968754317097311E-01  9.969633234712630E-01  9.970489521860533E-01
  9.975067773792978E-01  9.975768800220524E-01  9.976449325352553E-01
  9.972548574225216E-01  9.973321681321972E-01  9.974073259625627E-01
  9.969745607764692E-01  9.970594759150384E-01  9.971421585474666E-01
  9.975838525674303E-01  9.976513196892545E-01  9.977167883649498E-01
  9.973413690303357E-01  9.974158666205822E-01  9.974882560019145E-01
  9.970712109928738E-01  9.971531621325898E-01  9.972329161296800E-01
  9.976586426498646E-01  9.977235188577132E-01  9.977864512887272E-01
  9.974254401561219E-01  9.974971589071919E-01  9.975668179981276E-01
  9.971653045863567E-01  9.972443125099469E-01  9.973211633027895E-01
  9.977311288624926E-01  9.977934647072414E-01  9.978539140549824E-01
  9.975070313736701E-01  9.975760126854627E-01  9.976429864378367E-01
  9.972567772577015E-01  9.973328708256229E-01  9.974068516868402E-01
  9.978013038075991E-01  9.978611553230647E-01  9.979191798292876E-01
  9.975861160720018E-01  9.976524081099839E-01  9.977167478710415E-01
  9.973455785292437E-01  9.974187944912883E-01  9.974899462879642E-01
  9.978691710699682E-01  9.979265992476698E-01  9.979822616894318E-01
  9.976626803053249E-01  9.977263375589392E-01  9.977881005926909E-01
  9.974316719108334E-01  9.975020546111560E-01  9.975704254557918E-01
  9.979347446938056E-01  9.979898149036754E-01  9.980431820021888E-01
  9.977367224726096E-01  9.977978052340768E-01  9.978570541707464E-01
  9.975150348746299E-01  9.975826358539153E-01  9.976482806586958E-01
  9.979980485311235E-01  9.980508298997859E-01  9.981019716950428E-01
  9.978082528320331E-01  9.978668266056254E-01  9.979236288300827E-01
  9.975956586356046E-01  9.976605361368655E-01  9.977235160791273E-01
  9.980591154763634E-01  9.981096802356333E-01  9.981586694394491E-01
  9.978772928605963E-01  9.979334277143547E-01  9.979878547060301E-01
  9.976735477405499E-01  9.977357661277687E-01  9.977961480370391E-01
  9.981179866048794E-01  9.981664094237378E-01  9.982133207641881E-01
  9.979438744736310E-01  9.979976443470528E-01  9.980497709850823E-01
  9.977487194739076E-01  9.978083485752951E-01  9.978662042545374E-01
  9.981747102355418E-01  9.982210675490445E-01  9.982659771192162E-01
  9.980080391227312E-01  9.980595211050873E-01  9.981094249532459E-01
  9.978212030937833E-01  9.978783174836594E-01  9.979337229792610E-01
  9.982293409391174E-01  9.982737102874414E-01  9.983166949109348E-01
  9.980698367936931E-01  9.981191103882477E-01  9.981668709745428E-01
  9.978910389161367E-01  9.979457171511760E-01  9.979987519876073E-01
  9.982819385152530E-01  9.983243979054045E-01  9.983655345301536E-01
  9.981293249284472E-01  9.981764713179196E-01  9.982221694234937E-01
  9.979582772693117E-01  9.980106010960379E-01  9.980613474919016E-01
  9.983325669605436E-01  9.983731942621556E-01  9.984125593928973E-01
  9.981865672964645E-01  9.982316686245730E-01  9.982753855958248E-01
  9.980229773446101E-01  9.980730308955137E-01  9.981215729778431E-01
  9.983812934494283E-01  9.984201658346329E-01  9.984578350128204E-01
  9.982416328417756E-01  9.982847715247057E-01  9.983265886213316E-01
  9.980852059712223E-01  9.981330749667341E-01  9.981794979999400E-01
  9.984281873486338E-01  9.984653807842825E-01  9.985014281224908E-01
  9.982945945315136E-01  9.983358526117063E-01  9.983758504017720E-01
  9.981450363453481E-01  9.981908073181484E-01  9.982351969629761E-01
  9.984733192834530E-01  9.985089080820753E-01  9.985434058580717E-01
  9.983455282305912E-01  9.983849867834506E-01  9.984232445947198E-01
  9.982025467436030E-01  9.982463063004436E-01  9.982887479167829E-01
  9.985167602716016E-01  9.985508167055228E-01  9.985838350192697E-01
  9.983945116250390E-01  9.984322502270989E-01  9.984688456617616E-01
  9.982578192499322E-01  9.982996533843612E-01  9.983402313898084E-01
  9.985585809378088E-01  9.985911749188772E-01  9.986227814138648E-01
  9.984416232138257E-01  9.984777194786910E-01  9.985127279964490E-01
  9.983109385233503E-01  9.983509319905476E-01  9.983897292843711E-01
  9.985988508186031E-01  9.986300496441007E-01  9.986603092926667E-01
  9.984869413856478E-01  9.985214705717500E-01  9.985549651440315E-01
  9.983619906310366E-01  9.984002263935259E-01  9.984373238532297E-01
  9.986376377642069E-01  9.986675059277633E-01  9.986964808784570E-01
  9.985305435936691E-01  9.985635782856365E-01  9.985956291216083E-01
  9.984110619678465E-01  9.984476207182521E-01  9.984830967734072E-01
  9.986750074405137E-01  9.987036065053244E-01  9.987313559890237E-01
  9.985725056373544E-01  9.986041155006998E-01  9.986347898438125E-01
  9.984582382793047E-01  9.984931980437154E-01  9.985271283292392E-01
  9.987110229318942E-01  9.987384114622292E-01  9.987649917525769E-01
  9.986129010569205E-01  9.986431526638592E-01  9.986725146559595E-01
  9.985036038008701E-01  9.985370396238680E-01  9.985694967125975E-01
  9.987457444426833E-01  9.987719779886476E-01  9.987974424115060E-01
  9.986518006423669E-01  9.986807573649442E-01  9.987088679735495E-01
  9.985472405218884E-01  9.985792242319895E-01  9.986102774442848E-01
  9.987792290927268E-01  9.988043602224540E-01  9.988287592084588E-01
  9.986892720557338E-01  9.987169940211119E-01  9.987439110243054E-01
  9.985892275783923E-01  9.986198276306130E-01  9.986495429169069E-01
  9.988115308002690E-01  9.988356091732192E-01  9.988589903471283E-01
  9.987253795623975E-01  9.987519236641210E-01  9.987777016866782E-01
  9.986296407749496E-01  9.986589221654957E-01  9.986873620562227E-01
  9.988427002452358E-01  9.988657727199987E-01  9.988881810203821E-01
  9.987601838649669E-01  9.987856038233109E-01  9.988102944171174E-01
  9.986685522322408E-01  9.986965764789616E-01  9.987238000951489E-01
  9.988727849027473E-01  9.988948956726855E-01  9.989163734955278E-01
  9.987937420311186E-01  9.988180884951899E-01  9.988417402567163E-01
  9.987060301539767E-01  9.987328553352257E-01  9.987589184522356E-01
  9.989018291378248E-01  9.989230198880296E-01  9.989436072480246E-01
  9.988261075055136E-01  9.988494281896099E-01  9.988720869071671E-01
  9.987421387043215E-01  9.987678195482111E-01  9.987927747046433E-01
  9.989298743510241E-01  9.989501844303352E-01  9.989699191339872E-01
  9.988573301948738E-01  9.988796700416706E-01  9.989013788653222E-01
  9.987769379850774E-01  9.988015260007911E-01  9.988254226443787E-01
  9.989569591648452E-01  9.989764257670982E-01  9.989953435921883E-01
  9.988874566147368E-01  9.989088579781304E-01  9.989296576054685E-01
  9.988104841005504E-01  9.988340277433266E-01  9.988569124057309E-01
  9.989831196408610E-01  9.990017779900329E-01  9.990199128665369E-01
  9.989165300862265E-01  9.989370329270787E-01  9.989569617985358E-01
  9.988428292971889E-01  9.988653741587952E-01  9.988872906514997E-01
  9.990083895181302E-01  9.990262730526271E-01  9.990436572407468E-01
  9.989445909713948E-01  9.989642330599611E-01  9.989833275578948E-01
  9.988740221647611E-01  9.988956111816739E-01  9.989166008056446E-01
  9.990328004643189E-01  9.990499410162690E-01  9.990666052778564E-01
  9.989716769361476E-01  9.989904940556030E-01  9.990087887020329E-01
  9.989041078859089E-01  9.989247815579750E-01  9.989448833203506E-01
  9.990563823308127E-01  9.990728102968712E-01  9.990887840571497E-01
  9.989978232303356E-01  9.990158493764973E-01  9.990333770250582E-01
  9.989331285213260E-01  9.989529251343532E-01  9.989721759661282E-01
  9.990791634053778E-01  9.990949079061925E-01  9.991102194032992E-01
  9.990230629756269E-01  9.990403305486921E-01  9.990571225670734E-01
  9.989611233185336E-01  9.989800791650133E-01  9.989985141344326E-01
  9.991011706554641E-01  9.991162596815842E-01  9.991309361020637E-01
  9.990474274525865E-01  9.990639674374361E-01  9.990800538772839E-01
  9.989881290331414E-01  9.990062786261072E-01  9.990239311432811E-01
  9.991224299573133E-01  9.991368904999308E-01  9.991509580988829E-01
  9.990709463795907E-01  9.990867885119252E-01  9.991021982638727E-01
  9.990141802525834E-01  9.990315565284271E-01  9.990484585374726E-01
  9.991429663063246E-01  9.991568244718002E-01  9.991703086769115E-01
  9.990936481772473E-01  9.991088210935143E-01  9.991235820256601E-01
  9.990393097135188E-01  9.990559442203998E-01  9.990721263761995E-01
  9.991628040054887E-01  9.991760851131443E-01  9.991890106123296E-01
  9.991155602131762E-01  9.991300915829028E-01  9.991442306616752E-01
  9.990635486053656E-01  9.990794716746381E-01  9.990949635020543E-01
  9.991819668297319E-01  9.991946954928563E-01  9.992070863056556E-01
  9.991367090231225E-01  9.991506256628674E-01  9.991641690557702E-01
  9.990869268537136E-01  9.991021677525428E-01  9.991169977866337E-01
  9.992004781640771E-01  9.992126783545137E-01  9.992245578877832E-01
  9.991571205053391E-01  9.991704484740254E-01  9.991834216342678E-01
  9.991094733786340E-01  9.991240604426662E-01  9.991382563490965E-01
  9.992183611156283E-01  9.992300562126664E-01  9.992414473014142E-01
  9.991768200863659E-01  9.991895847622403E-01  9.992020124956947E-01
  9.991312163241496E-01  9.991451770697320E-01  9.991587657451602E-01
  9.992356385988798E-01  9.992468514234758E-01  9.992577763579653E-01
  9.991958328571175E-01  9.992080589970034E-01  9.992199655123188E-01
  9.991521832562874E-01  9.991655444722995E-01  9.991785521250380E-01
  9.992523333955275E-01  9.992630862311265E-01  9.992735667715816E-01
  9.992141836791630E-01  9.992258954610300E-01  9.992373044040446E-01
  9.991724013282239E-01  9.991851891480733E-01  9.991976413597708E-01
  9.992684681895740E-01  9.992787827909908E-01  9.992888401713971E-01
  9.992318972617217E-01  9.992431183118897E-01  9.992540527857423E-01
  9.991918974120125E-01  9.992041373667717E-01  9.992160591362420E-01
  9.992840655799142E-01  9.992939631718712E-01  9.993036180944762E-01
  9.992489982106793E-01  9.992597516172029E-01  9.992702341897451E-01
  9.992106981972747E-01  9.992224152512846E-01  9.992338310219198E-01
  9.992991480722826E-01  9.993086493392838E-01  9.993179219614601E-01
  9.992655110513994E-01  9.992758193653526E-01  9.992858720655980E-01
  9.992288302580058E-01  9.992400488285548E-01  9.992509825010035E-01
  9.993137380528748E-01  9.993228631221417E-01  9.993317730372987E-01
  9.992814602275936E-01  9.992913454540894E-01  9.993009897595282E-01
  9.992463200893164E-01  9.992570640522173E-01  9.992675389841872E-01
  9.993278577468099E-01  9.993366261659966E-01  9.993451923802004E-01
  9.992968700789713E-01  9.993063536598131E-01  9.993156104764560E-01
  9.992631941164938E-01  9.992734867995328E-01  9.992835257946987E-01
  9.993415291636785E-01  9.993499598750464E-01  9.993582007809533E-01
  9.993117648005186E-01  9.993208675903948E-01  9.993297572274027E-01
  9.992794786792036E-01  9.992893428455292E-01  9.992989681335906E-01
  9.993547740333842E-01  9.993628853460316E-01  9.993708186956455E-01
  9.993261683865506E-01  9.993349106246495E-01  9.993434527653523E-01
  9.992951999939997E-01  9.993046578175535E-01  9.993138910274953E-01
  9.993676137350549E-01  9.993754232966968E-01  9.993830661743468E-01
  9.993401045627321E-01  9.993485058415847E-01  9.993567195126083E-01
  9.993103840985461E-01  9.993194571336237E-01  9.993283192621981E-01
  9.993800692217134E-01  9.993875939913704E-01  9.993949627881645E-01
  9.993535967092639E-01  9.993616759425155E-01  9.993695794826138E-01
  9.993250567810946E-01  9.993337659280647E-01  9.993422773054331E-01
  9.993921609434313E-01  9.993994171662318E-01  9.994065275570817E-01
  9.993666677784078E-01  9.993744431690770E-01  9.993820541991199E-01
  9.993392434988136E-01  9.993476089679180E-01  9.993557892222703E-01
  9.994039087715525E-01  9.994109119566817E-01  9.994177788808231E-01
  9.993793402093838E-01  9.993868292200098E-01  9.993941646154050E-01
  9.993529692885196E-01  9.993610105635397E-01  9.993688785863604E-01
  9.994153319259038E-01  9.994220968285538E-01  9.994287344743068E-01
  9.993916358434269E-01  9.993988551693156E-01  9.994059310359616E-01
  9.993662586732365E-01  9.993739944766429E-01  9.993815683901144E-01
  9.994264489072903E-01  9.994329895152796E-01  9.994394113096160E-01
  9.994035758416245E-01  9.994105413882155E-01  9.994173730428825E-01
  9.993791355678262E-01  9.993865838288324E-01  9.993938809566690E-01
  9.994372774366744E-01  9.994436069622162E-01  9.994498255655102E-01
  9.994151806077947E-01  9.994219074729573E-01  9.994285094287899E-01
  9.993916231866661E-01  9.993988010133970E-01  9.994058378561864E-01
  9.994478344025567E-01  9.994539652794723E-01  9.994599925856439E-01
  9.994264697183949E-01  9.994329721802589E-01  9.994393581378939E-01
  9.994037439560544E-01  9.994106676128132E-01  9.994174598287210E-01
  9.994581358175006E-01  9.994640797040026E-01  9.994699268460973E-01
  9.994374618610733E-01  9.994437533717900E-01  9.994499362163830E-01
  9.994155194336618E-01  9.994222043240528E-01  9.994287667155228E-01
  9.994681967846393E-01  9.994739645716426E-01  9.994796419327350E-01
  9.994481747831347E-01  9.994542679687695E-01  9.994602597730382E-01
  9.994269702369770E-01  9.994334308934087E-01  9.994397774002662E-01
  9.994780314743295E-01  9.994836332991062E-01  9.994891505282866E-01
  9.994586252507870E-01  9.994645319173568E-01  9.994703439505728E-01
  9.994381159822807E-01  9.994443660621524E-01  9.994505097613076E-01
  9.994876531112583E-01  9.994930983761177E-01  9.994984644091987E-01
  9.994688290197375E-01  9.994745601652367E-01  9.994802029079408E-01
  9.994489752352881E-01  9.994550275239507E-01  9.994609806356979E-01
  9.994970739718055E-01  9.995023713673793E-01  9.995075944518684E-01
  9.994788008173408E-01  9.994843666494503E-01  9.994898498135334E-01
  9.994595654741928E-01  9.994654318945805E-01  9.994712057953091E-01
  9.995063053910878E-01  9.995114629237086E-01  9.995165506475164E-01
  9.994885543361559E-01  9.994939642952024E-01  9.994992968488757E-01
  9.994699030654531E-01  9.994755946941057E-01  9.994811999350768E-01
  9.995153577792830E-01  9.995203828018826E-01  9.995253421251823E-01
  9.994981022385458E-01  9.995033650251720E-01  9.995085552222621E-01
  9.994800032522999E-01  9.994855303413469E-01  9.994909766730551E-01
  9.995242406461797E-01  9.995291398920857E-01  9.995339771817089E-01
  9.995074561716379E-01  9.995125797785680E-01  9.995176351915077E-01
  9.994898801556149E-01  9.994952521601667E-01  9.995005485616997E-01
  9.995329626332955E-01  9.995377422522912E-01  9.995424633180319E-01
  9.995166267918352E-01  9.995216185390630E-01  9.995265460949032E-01
  9.994995467865436E-01  9.995047723968371E-01  9.995099271095566E-01
  9.995415315522965E-01  9.995461971482996E-01  9.995508072805053E-01
  9.995256237978210E-01  9.995304903705177E-01  9.995352963892667E-01
  9.995090150699478E-01  9.995141022475242E-01  9.995191228123405E-01
  9.995499544286245E-01  9.995545110983539E-01  9.995590151061995E-01
  9.995344559709191E-01  9.995392034593489E-01  9.995438936939482E-01
  9.995182958776094E-01  9.995232518947590E-01  9.995281451922416E-01
  9.995582375494477E-01  9.995626899214856E-01  9.995670921713685E-01
  9.995431312216390E-01  9.995477651623816E-01  9.995523448396441E-01
  9.995273990699636E-01  9.995322305516526E-01  9.995370028442093E-01
  9.995663865146133E-01  9.995707387883073E-01  9.995750432418460E-01
  9.995516566411171E-01  9.995561820589296E-01  9.995606559208053E-01
  9.995363335450158E-01  9.995410465125213E-01  9.995457034878963E-01
  9.995744062894658E-01  9.995786622731687E-01  9.995828725243379E-01
  9.995600385561942E-01  9.995644600058817E-01  9.995688323504618E-01
  9.995451072930586E-01  9.995497072085586E-01  9.995542540239359E-01
  9.995823012586916E-01  9.995864644068989E-01  9.995905837179044E-01
  9.995682825869499E-01  9.995726041946811E-01  9.995768789164146E-01
  9.995537274558016E-01  9.995582192672186E-01  9.995626605932650E-01
  9.995900752803363E-01  9.995941487293473E-01  9.995981800649014E-01
  9.995763937055676E-01  9.995806192091287E-01  9.995847998377895E-01
  9.995622003885560E-01  9.995665885740043E-01  9.995709286382515E-01
  9.995977317388228E-01  9.996017183406165E-01  9.996056644003452E-01
  9.995843762954073E-01  9.995885090829629E-01  9.995925988209796E-01
  9.995705317241673E-01  9.995748203354329E-01  9.995790629644689E-01
  9.996052735965175E-01  9.996091759506043E-01  9.996130391993790E-01
  9.995922342093810E-01  9.995962773563857E-01  9.996002791142170E-01
  9.995787264375064E-01  9.995829191420579E-01  9.995870678020773E-01
  9.996127034431876E-01  9.996165239262581E-01  9.996203066223101E-01
  9.995999708268066E-01  9.996039271307837E-01  9.996078435600975E-01
  9.995867889094341E-01  9.995908890305522E-01  9.995949468658969E-01
  9.996200235428843E-01  9.996237643361485E-01  9.996274685568821E-01
  9.996075891080366E-01  9.996114611210175E-01  9.996152946455005E-01
  9.995947229892923E-01  9.995987335439825E-01  9.996027034133810E-01
  9.996272358776827E-01  9.996308989918365E-01  9.996345266573063E-01
  9.996150916462634E-01  9.996188817047456E-01  9.996226345484351E-01
  9.996025320551032E-01  9.996064557895434E-01  9.996103402998406E-01
  9.996343421883237E-01  9.996379294861405E-01  9.996414823802096E-01
  9.996224807161039E-01  9.996261909684533E-01  9.996298651815456E-01
  9.996102190708229E-01  9.996140584931713E-01  9.996178600304120E-01
  9.996413440112493E-01  9.996448572278344E-01  9.996483370170680E-01
  9.996297583186013E-01  9.996333907498827E-01  9.996369882320223E-01
  9.996177866401241E-01  9.996215440505885E-01  9.996252648083856E-01
  9.996482427122854E-01  9.996516834730700E-01  9.996550917234533E-01
  9.996369262224880E-01  9.996404826767538E-01  9.996440051978559E-01
  9.996252370563372E-01  9.996289145744703E-01  9.996325565796503E-01
  9.996550395166883E-01  9.996584093532666E-01  9.996617475448599E-01
  9.996439860015673E-01  9.996474682016810E-01  9.996509174203765E-01
  9.996325723482942E-01  9.996361719375374E-01  9.996397370731057E-01
  9.996617355358189E-01  9.996650358997595E-01  9.996683054394264E-01
  9.996509390682341E-01  9.996543486333391E-01  9.996577261131625E-01
  9.996397943219493E-01  9.996433178114953E-01  9.996468078370130E-01
  9.996683317904944E-01  9.996715640652711E-01  9.996747662976289E-01
  9.996577867031995E-01  9.996611251639681E-01  9.996644323874329E-01
  9.996469045977514E-01  9.996503537018389E-01  9.996537702713323E-01
  9.996748292311972E-01  9.996779947423967E-01  9.996811309591436E-01
  9.996645300815566E-01  9.996677988933770E-01  9.996710372740966E-01
  9.996539046438376E-01  9.996572809786187E-01  9.996606256561739E-01
  9.996812287553881E-01  9.996843287793570E-01  9.996874002271400E-01
  9.996711702953854E-01  9.996743708496568E-01  9.996775417426830E-01
  9.996607958051882E-01  9.996641009033372E-01  9.996673751765499E-01
  9.996875312221591E-01  9.996905669932542E-01  9.996935748802346E-01
  9.996777083731216E-01  9.996808420068334E-01  9.996839467173858E-01
  9.996675793289457E-01  9.996708146521885E-01  9.996740199436529E-01
  9.996937374643612E-01  9.996967101809634E-01  9.996996556822357E-01
  9.996841452959284E-01  9.996872132997022E-01  9.996902530904643E-01
  9.996742563861398E-01  9.996774233358976E-01  9.996805610129232E-01
  9.996998482986112E-01  9.997027591280588E-01  9.997056433900730E-01
  9.996904820113689E-01  9.996934856361386E-01  9.996964617332882E-01
  9.996808280901053E-01  9.996839280164430E-01  9.996869993991885E-01
  9.997058645333184E-01  9.997087146159043E-01  9.997115387600272E-01
  9.996967194446449E-01  9.996996599071445E-01  9.997025735052832E-01
  9.996872955118871E-01  9.996903297209606E-01  9.996933360891705E-01
  9.997117869751176E-01  9.997145774272864E-01  9.997173425526343E-01
  9.997028585076971E-01  9.997057369949170E-01  9.997085892610512E-01
  9.996936596929430E-01  9.996966294531294E-01  9.996995720516534E-01
  9.997176164337009E-01  9.997203483505740E-01  9.997230555362323E-01
  9.997089001064009E-01  9.997117177791622E-01  9.997145098558767E-01
  9.996999216554480E-01  9.997028282023348E-01  9.997057082455953E-01
  9.997233537254713E-01  9.997260281828071E-01  9.997286784895412E-01
  9.997148451461458E-01  9.997176031419288E-01  9.997203361498829E-01
  9.997060824105003E-01  9.997089269508984E-01  9.997117456264644E-01
  9.997289996761856E-01  9.997316177318777E-01  9.997342122034274E-01
  9.997206945360428E-01  9.997233939711933E-01  9.997260690110521E-01
  9.997121429645194E-01  9.997149266796487E-01  9.997176851510549E-01
  9.997345551227025E-01  9.997371178179033E-01  9.997396574819443E-01
  9.997264491919601E-01  9.997290911633840E-01  9.997317093172914E-01
  9.997181043240954E-01  9.997208283720804E-01  9.997235277810215E-01
  9.997400209140015E-01  9.997425292739461E-01  9.997450151427856E-01
  9.997321100385934E-01  9.997346956250359E-01  9.997372579577138E-01
  9.997239674995407E-01  9.997266330173368E-01  9.997292744853477E-01
  9.997453979116765E-01  9.997478529462739E-01  9.997502860173418E-01
  9.997376780107534E-01  9.997402082737462E-01  9.997427158333017E-01
  9.997297335073623E-01  9.997323416122191E-01  9.997349262419417E-01
  9.997506869899453E-01  9.997530896941896E-01  9.997554709503745E-01
  9.997431540540185E-01  9.997456300385673E-01  9.997480838570698E-01
  9.997354033718533E-01  9.997379551624093E-01  9.997404840385307E-01
  9.997558890353599E-01  9.997582403896078E-01  9.997605707994766E-01
  9.997485391248997E-01  9.997509618599716E-01  9.997533629538570E-01
  9.997409781259822E-01  9.997434746830667E-01  9.997459488729998E-01
  9.997610049462272E-01  9.997633059163785E-01  9.997655864343167E-01
  9.997538341906248E-01  9.997562046894862E-01  9.997585540598314E-01
  9.997464588117254E-01  9.997489011989378E-01  9.997513217533068E-01
  9.997660356319192E-01  9.997682871695315E-01  9.997705187358278E-01
  9.997590402286454E-01  9.997613594890911E-01  9.997636581217971E-01
  9.997518464799735E-01  9.997542357440921E-01  9.997566036970716E-01
  9.997709820119327E-01  9.997731850542928E-01  9.997753685951916E-01
  9.997641582259281E-01  9.997664272304347E-01  9.997686760963480E-01
  9.997571421901176E-01  9.997594793613863E-01  9.997617957309364E-01
  9.997758450150791E-01  9.997780004852482E-01  9.997801369129810E-01
  9.997691891781341E-01  9.997714088939633E-01  9.997736089489559E-01
  9.997623470094082E-01  9.997646331017358E-01  9.997668988897640E-01
  9.997806255783629E-01  9.997827343852123E-01  9.997848245980259E-01
  9.997741340886770E-01  9.997763054679497E-01  9.997784576529791E-01
  9.997674620121549E-01  9.997696980232562E-01  9.997719142157336E-01
  9.997853246461351E-01  9.997873876843797E-01  9.997894325665662E-01
  9.997789939677778E-01  9.997811179475337E-01  9.997832231886932E-01
  9.997724882788288E-01  9.997746751903304E-01  9.997768427573804E-01
  9.997899431690902E-01  9.997919613193272E-01  9.997939617412603E-01
  9.997837698314824E-01  9.997858473337355E-01  9.997879065423049E-01
  9.997774268951101E-01  9.997795656726380E-01  9.997816855686130E-01
  9.997944821032542E-01  9.997964562320136E-01  9.997984130501993E-01
  9.997884627006816E-01  9.997904946324817E-01  9.997925087049861E-01
  9.997822789509156E-01  9.997843705441765E-01  9.997864437077325E-01
  9.997989424092215E-01  9.998008733690295E-01  9.998027874261698E-01
  9.997930736001894E-01  9.997950608536923E-01  9.997970306719719E-01
  9.997870455394346E-01  9.997890908822991E-01  9.997911182364770E-01
  9.998033250511598E-01  9.998052136806144E-01  9.998070858056839E-01
  9.997976035578168E-01  9.997995470103662E-01  9.998014734416586E-01
  9.997917277561853E-01  9.997937277667801E-01  9.997957102190960E-01
  9.998076309960514E-01  9.998094781199149E-01  9.998113091282540E-01
  9.998020536035147E-01  9.998039541177405E-01  9.998058380147790E-01
  9.997963266981112E-01  9.997982822789241E-01  9.998002207214735E-01
  9.998118612128915E-01  9.998136676421960E-01  9.998154583356170E-01
  9.998064247685613E-01  9.998082831924903E-01  9.998101253936160E-01
  9.998008434627256E-01  9.998027555007225E-01  9.998046508102988E-01
  9.998160166720411E-01  9.998177832042070E-01  9.998195343711119E-01
  9.998107180848106E-01  9.998125352519923E-01  9.998143365812797E-01
  9.998052791473042E-01  9.998071485140624E-01  9.998090015522895E-01
  9.998200983444883E-01  9.998218257634542E-01  9.998235381789650E-01
  9.998149345839664E-01  9.998167113136117E-01  9.998184725810068E-01
  9.998096348481260E-01  9.998114623999799E-01  9.998132740134587E-01
  9.998241072012382E-01  9.998257962776016E-01  9.998274707036986E-01
  9.998190752969074E-01  9.998208123940387E-01  9.998225343955091E-01
  9.998139116597602E-01  9.998156982379615E-01  9.998174692584292E-01
  9.998280442126202E-01  9.998296957037867E-01  9.998313328894566E-01
  9.998231412530465E-01  9.998248395086591E-01  9.998265230263528E-01
  9.998181106744042E-01  9.998198571052930E-01  9.998215883497938E-01
  9.998319103478652E-01  9.998335249982041E-01  9.998351256795933E-01
  9.998271334797657E-01  9.998287936709959E-01  9.998304394734090E-01
  9.998222329812696E-01  9.998239400764564E-01  9.998256323475211E-01
  9.998357065745122E-01  9.998372851155181E-01  9.998388500160913E-01
  9.998310530018569E-01  9.998326758921587E-01  9.998342847343086E-01
  9.998262796660088E-01  9.998279482225640E-01  9.998296023083981E-01
  9.998394338578530E-01  9.998409770083132E-01  9.998425068390179E-01
  9.998349008409949E-01  9.998364871803218E-01  9.998380598039258E-01
  9.998302518101790E-01  9.998318826108302E-01  9.998334992855078E-01
  9.998430931605400E-01  9.998446016267030E-01  9.998460970861339E-01
  9.998386780152639E-01  9.998402285402544E-01  9.998417656739124E-01
  9.998341504907448E-01  9.998357443040783E-01  9.998373243277410E-01
  9.998466854420612E-01  9.998481599178082E-01  9.998496216923756E-01
  9.998423855386914E-01  9.998439009728575E-01  9.998454033322363E-01
  9.998379767796099E-01  9.998395343602776E-01  9.998410784793373E-01
  9.998502116583793E-01  9.998516528253985E-01  9.998530815894979E-01
  9.998460244208227E-01  9.998475054747414E-01  9.998489737627626E-01
  9.998417317431778E-01  9.998432538321060E-01  9.998447627794501E-01
  9.998536727614717E-01  9.998550812894301E-01  9.998564777056108E-01
  9.998495956662988E-01  9.998510430378035E-01  9.998524779448299E-01
  9.998454164419264E-01  9.998469037665270E-01  9.998483782617246E-01
  9.998570696990022E-01  9.998584462457210E-01  9.998598109648560E-01
  9.998531002744575E-01  9.998545146488299E-01  9.998559168528540E-01
  9.998490319300023E-01  9.998504852043830E-01  9.998519259538915E-01
  9.998604034138063E-01  9.998617486254336E-01  9.998630822868892E-01
  9.998565392389207E-01  9.998579212890830E-01  9.998592914559140E-01
  9.998525792548242E-01  9.998539991800003E-01  9.998554068773721E-01
  9.998636748436164E-01  9.998649893547998E-01  9.998662925866032E-01
  9.998599135472294E-01  9.998612639339352E-01  9.998626027173850E-01
  9.998560594567089E-01  9.998574467208139E-01  9.998588220469019E-01
  9.998668849206472E-01  9.998681693547055E-01  9.998694427737119E-01
  9.998632241804772E-01  9.998645435525012E-01  9.998658515945708E-01
  9.998594735685132E-01  9.998608288470086E-01  9.998621724701715E-01
  9.998700345713037E-01  9.998712895403964E-01  9.998725337524552E-01
  9.998664721129678E-01  9.998677611072943E-01  9.998690390383563E-01
  9.998628226152907E-01  9.998641465711734E-01  9.998654591474788E-01
  9.998731247157275E-01  9.998743508210242E-01  9.998755664211434E-01
  9.998696583118483E-01  9.998709175538586E-01  9.998721659928413E-01
  9.998661076139500E-01  9.998674008979593E-01  9.998686830713848E-01
  9.998761562675437E-01  9.998773540993919E-01  9.998785416719026E-01
  9.998727837367534E-01  9.998740138404110E-01  9.998752333949781E-01
  9.998693295728964E-01  9.998705928237178E-01  9.998718452263504E-01
  9.998791301333624E-01  9.998803002714540E-01  9.998814603901713E-01
  9.998758493393228E-01  9.998770509073576E-01  9.998782421740885E-01
  9.998724894916173E-01  9.998737233360852E-01  9.998749465883197E-01
  9.998820472122408E-01  9.998831902257790E-01  9.998843234541666E-01
  9.998788560625685E-01  9.998800296866627E-01  9.998811932512340E-01
  9.998755883601850E-01  9.998767934134846E-01  9.998779881242205E-01
  9.998849083947218E-01  9.998860248425931E-01  9.998871317339303E-01
  9.998818048398919E-01  9.998829511008696E-01  9.998840875382404E-01
  9.998786271584273E-01  9.998798040243001E-01  9.998809707911422E-01
