  7.521579784072915E+00  7.511054667653142E+00  7.500519467651962E+00

  3.462627071487264E+00  3.466651689838512E+00  3.471545613368281E+00
  3.603134931552287E+00  3.605508051509099E+00  3.609083297531030E+00
  3.672562214782314E+00  3.673966194807901E+00  3.676831533495908E+00
  3.566999241793341E+00  3.571140048523937E+00  3.576181282705641E+00
  3.711404649906826E+00  3.713890591347541E+00  3.717625525587311E+00
  3.782301325505892E+00  3.783823869571115E+00  3.786867727174959E+00
  3.620803190013417E+00  3.625000373646021E+00  3.630114026837467E+00
  3.767219722924516E+00  3.769759899442549E+00  3.773573178791574E+00
  3.838869233462757E+00  3.840448511410426E+00  3.843579938224162E+00
  3.620803190013417E+00  3.625000373646021E+00  3.630114026837467E+00
  3.767219722924516E+00  3.769759899442549E+00  3.773573178791574E+00
  3.838869233462757E+00  3.840448511410426E+00  3.843579938224162E+00
  3.566999241793341E+00  3.571140048523937E+00  3.576181282705641E+00
  3.711404649906826E+00  3.713890591347541E+00  3.717625525587311E+00
  3.782301325505892E+00  3.783823869571115E+00  3.786867727174959E+00
  3.462627071487264E+00  3.466651689838512E+00  3.471545613368281E+00
  3.603134931552287E+00  3.605508051509099E+00  3.609083297531030E+00
  3.672562214782314E+00  3.673966194807901E+00  3.676831533495908E+00
  3.313988690621606E+00  3.317831124646564E+00  3.322498496047516E+00
  3.448967280272303E+00  3.451161417366348E+00  3.454490681589655E+00
  3.516291685519827E+00  3.517506825876594E+00  3.520097609368825E+00
  3.130068526318834E+00  3.133654967547562E+00  3.138011293004606E+00
  3.258268789197170E+00  3.260208763028445E+00  3.263200473789515E+00
  3.322995518609266E+00  3.323942229846309E+00  3.326157922806565E+00
  2.921882668790003E+00  2.925130706282104E+00  2.929085981217574E+00
  3.042541492601332E+00  3.044143251834685E+00  3.046701586456325E+00
  3.104365435511421E+00  3.104956229475405E+00  3.106694357914273E+00
  2.701551007905769E+00  2.704368863086426E+00  2.707827109326721E+00
  2.814444794530747E+00  2.815616455070778E+00  2.817642936723773E+00
  2.873281317700491E+00  2.873423801304876E+00  2.874583664630965E+00
  2.481168207600514E+00  2.483453483004707E+00  2.486311558530416E+00
  2.586606039265616E+00  2.587249474193235E+00  2.588644712905116E+00
  2.642595235377827E+00  2.642196346789133E+00  2.642683414171719E+00
  2.271642837689127E+00  2.273281500536179E+00  2.275427820043622E+00
  2.370408168712961E+00  2.370421598898441E+00  2.371087431526518E+00
  2.423897778716796E+00  2.422869237273258E+00  2.422599946589775E+00
  2.081725946835355E+00  2.082591626632588E+00  2.083904695491082E+00
  2.174975758608427E+00  2.174255899388617E+00  2.174096305306102E+00
  2.226484988827303E+00  2.224747041636747E+00  2.223650947639004E+00
  1.917438455664096E+00  1.917389064872896E+00  1.917733184967091E+00
  2.006539764313926E+00  2.004978326788515E+00  2.003894517778392E+00
  2.056683556727128E+00  2.054160219664031E+00  2.052173504694873E+00
  1.782112086834686E+00  1.780982020174575E+00  1.780199508429630E+00
  1.868379018727790E+00  1.865850312165293E+00  1.863728183434274E+00
  1.917720476180143E+00  1.914322399578128E+00  1.911370516205645E+00
  1.677337429456028E+00  1.674929315592601E+00  1.672833480357624E+00
  1.761701143316718E+00  1.758046095804362E+00  1.754741788261281E+00
  1.810544464719114E+00  1.806145999044638E+00  1.802122474265393E+00
  1.605142959560543E+00  1.601221218712564E+00  1.597590543974268E+00
  1.688027881045694E+00  1.683040081758054E+00  1.678366735966881E+00
  1.736327681401192E+00  1.730746401086201E+00  1.725493012336449E+00
  1.571225589813650E+00  1.565495921664341E+00  1.560051258241632E+00
  1.653143306436599E+00  1.646535992353218E+00  1.640227196066763E+00
  1.700888900578780E+00  1.693843689112020E+00  1.687103958018502E+00
  1.587062196258945E+00  1.579134565367115E+00  1.571496703692506E+00
  1.669817537233995E+00  1.661166906825182E+00  1.652812569486199E+00
  1.717843049043744E+00  1.708885213092935E+00  1.700226513782114E+00
  1.666291974729590E+00  1.655755976612398E+00  1.645513109395863E+00
  1.752679847914482E+00  1.741523506750314E+00  1.730659318988331E+00
  1.802415201893336E+00  1.791044960014738E+00  1.779965419727691E+00
  1.813587195777548E+00  1.800429697140157E+00  1.787544519535616E+00
  1.902856135595419E+00  1.889240509329181E+00  1.875885674593285E+00
  1.953169746716957E+00  1.939470101551846E+00  1.926024076965678E+00
  2.014534581352041E+00  1.999775289247460E+00  1.985215079443345E+00
  2.096676970760960E+00  2.081891271048345E+00  2.067281262929876E+00
  2.140369190720517E+00  2.125787110657910E+00  2.111368712257876E+00
  2.237568341617659E+00  2.223323323047578E+00  2.209144303604751E+00
  2.296353611422829E+00  2.282729807450214E+00  2.269145184962001E+00
  2.323448234066357E+00  2.310387516232524E+00  2.297356510788960E+00
  2.442035836007826E+00  2.430428162470777E+00  2.418737701998351E+00
  2.468712027923060E+00  2.458011704871474E+00  2.447218450101150E+00
  2.476418751087102E+00  2.466300980387212E+00  2.456095280942550E+00
  2.576699740731166E+00  2.568689958159586E+00  2.560499697262328E+00
  2.576581908132736E+00  2.568974540461694E+00  2.561202846140207E+00
  2.571570045266125E+00  2.564028071627362E+00  2.556341900321125E+00
  2.579060457492654E+00  2.574688954114165E+00  2.570108520435569E+00
  2.559197843621750E+00  2.554478849881390E+00  2.549574161723808E+00
  2.546434985748665E+00  2.541221877683682E+00  2.535841407891841E+00
  2.410384845837596E+00  2.409245438408699E+00  2.407921490830698E+00
  2.370922048954875E+00  2.369137699924365E+00  2.367180333012252E+00
  2.348486460414970E+00  2.346071346099186E+00  2.343489160890297E+00
  2.110821721425950E+00  2.111587861279135E+00  2.112233000118832E+00
  2.054201473868493E+00  2.054400276419415E+00  2.054478922292852E+00
  2.021619006196538E+00  2.021327524965474E+00  2.020913974469636E+00
  1.793250444060562E+00  1.793991375866635E+00  1.794680045731592E+00
  1.731182344006653E+00  1.731502102697014E+00  1.731765927756785E+00
  1.694915271936666E+00  1.694906348656425E+00  1.694837561182992E+00
  1.554686840449133E+00  1.554346761434870E+00  1.553991973887916E+00
  1.500332288169108E+00  1.499705175475119E+00  1.499059501567949E+00
  1.468612472574893E+00  1.467784429537177E+00  1.466934859183371E+00
  1.409869490916702E+00  1.408739505360355E+00  1.407602068144296E+00
  1.368346509568180E+00  1.367033977261068E+00  1.365712098747919E+00
  1.344231110120048E+00  1.342805444888719E+00  1.341369372051021E+00
  1.320633828885882E+00  1.319390726247578E+00  1.318139696315799E+00
  1.290231094694197E+00  1.288857333419020E+00  1.287475201548527E+00
  1.272515982867843E+00  1.271065250011000E+00  1.269606124203907E+00
  1.256508598375632E+00  1.255434066988903E+00  1.254354520295767E+00
  1.234259783808664E+00  1.233076643022973E+00  1.231888196120774E+00
  1.221315343414460E+00  1.220067697809732E+00  1.218814653899646E+00
  1.209063150462947E+00  1.208127561306283E+00  1.207190356999645E+00
  1.192555088618631E+00  1.191532926078397E+00  1.190508670467944E+00
  1.183030821339219E+00  1.181959078267316E+00  1.180884934625884E+00
  1.175815850711585E+00  1.174970609542329E+00  1.174124515520931E+00
  1.163124774630071E+00  1.162214775763919E+00  1.161303528101641E+00
  1.155827700773980E+00  1.154882512720448E+00  1.153935833597912E+00
  1.152843971497717E+00  1.152078458252414E+00  1.151311158506254E+00
  1.142760563696385E+00  1.141945345427996E+00  1.141128112245322E+00
  1.136958871612635E+00  1.136117128116604E+00  1.135273244638258E+00
  1.136838933361369E+00  1.136138665049527E+00  1.135435475861525E+00
  1.128803156825549E+00  1.128063380156536E+00  1.127320543932780E+00
  1.124180076651564E+00  1.123419276734860E+00  1.122655339558999E+00
  1.125920037816295E+00  1.125261864454294E+00  1.124599854401990E+00
  1.119670085831860E+00  1.118980460977691E+00  1.118286913301858E+00
  1.116074682010039E+00  1.115368483557176E+00  1.114658310892867E+00
  1.118742141673128E+00  1.118106430814035E+00  1.117466166250437E+00
  1.114072641541113E+00  1.113411820071057E+00  1.112746407539788E+00
  1.111383332296447E+00  1.110709413783215E+00  1.110030880871845E+00
  1.114117282445713E+00  1.113490589301508E+00  1.112858798640738E+00
  1.110789521992328E+00  1.110142463027056E+00  1.109490306783708E+00
  1.108867498324640E+00  1.108209878727953E+00  1.107547159518433E+00
  1.111089686698946E+00  1.110462626644004E+00  1.109830060361993E+00
  1.108829701976929E+00  1.108185878185920E+00  1.107536572007335E+00
  1.107516012194237E+00  1.106863515661804E+00  1.106205546796784E+00
  1.108960963439910E+00  1.108326696622024E+00  1.107686589918442E+00
  1.107501022957265E+00  1.106852915663111E+00  1.106199007380906E+00
  1.106640103859150E+00  1.105984835213195E+00  1.105323783454270E+00
  1.107234247815021E+00  1.106587458413528E+00  1.105934515925901E+00
  1.106353890116929E+00  1.105695808364034E+00  1.105031623075138E+00
  1.105818011526303E+00  1.105154079074029E+00  1.104484066627963E+00
  1.105551810351262E+00  1.104887824833911E+00  1.104217356133664E+00
  1.105093129444399E+00  1.104420153645261E+00  1.103740751781338E+00
  1.104791595033135E+00  1.104113955499067E+00  1.103429917576669E+00
  1.103648707982044E+00  1.102962942866960E+00  1.102270328881973E+00
  1.103507277233032E+00  1.102814586460261E+00  1.102115108541722E+00
  1.103381034858695E+00  1.102684748513165E+00  1.101981705324858E+00
  1.101325791231384E+00  1.100613570466846E+00  1.099894099228252E+00
  1.101431459510151E+00  1.100714109949363E+00  1.099989573095570E+00
  1.101441593054744E+00  1.100721577858693E+00  1.099994406692590E+00
  1.098437943864645E+00  1.097694573325924E+00  1.096943530961997E+00
  1.098738137330897E+00  1.097991152919664E+00  1.097236557866423E+00
  1.098855827077762E+00  1.098106959126193E+00  1.097350511127263E+00
  1.094888990027139E+00  1.094109976870822E+00  1.093322880702353E+00
  1.095339611806227E+00  1.094558228605662E+00  1.093768817713825E+00
  1.095540679415099E+00  1.094758053115656E+00  1.093967427046198E+00
  1.090627015419894E+00  1.089808367919211E+00  1.088981277436530E+00
  1.091189740596351E+00  1.090369714750750E+00  1.089541291116721E+00
  1.091453082084794E+00  1.090632323804355E+00  1.089803190828750E+00
  1.085638422973137E+00  1.084777003314823E+00  1.083906881510730E+00
  1.086280866162261E+00  1.085418819342026E+00  1.084548101043633E+00
  1.086588638059203E+00  1.085726247501472E+00  1.084855201486139E+00
  1.079941644268420E+00  1.079035553362876E+00  1.078120656513022E+00
  1.080637636750784E+00  1.079731431444566E+00  1.078816432356644E+00
  1.080975504419359E+00  1.080069223914180E+00  1.079154156515253E+00
  1.073581641496110E+00  1.072630598499879E+00  1.071670855198846E+00
  1.074310597078857E+00  1.073359714697192E+00  1.072400122849633E+00
  1.074667412884160E+00  1.073716603775283E+00  1.072757081458997E+00
  1.066625485989107E+00  1.065631144511359E+00  1.064628463676430E+00
  1.067371095288053E+00  1.066376961367409E+00  1.065374456717101E+00
  1.067738147626373E+00  1.066744119582055E+00  1.065741705899922E+00
  1.059158548596223E+00  1.058124679767007E+00  1.057083116062839E+00
  1.059907442299284E+00  1.058873625871632E+00  1.057832062651561E+00
  1.060277665760037E+00  1.059243884368054E+00  1.058202330855700E+00
  1.051280582119142E+00  1.050213057456327E+00  1.049138767009062E+00
  1.052021426988939E+00  1.050953642223075E+00  1.049879023710051E+00
  1.052388858609807E+00  1.051320956691609E+00  1.050246187463461E+00
  1.043101111204707E+00  1.042007638420185E+00  1.040908580614341E+00
  1.043824254187741E+00  1.042730112629676E+00  1.041630309113353E+00
  1.044183809816020E+00  1.043089348226468E+00  1.041989186388589E+00
  1.034733876546404E+00  1.033623480966688E+00  1.032508864868155E+00
  1.035431389517944E+00  1.034319891109730E+00  1.033204094983251E+00
  1.035778875770313E+00  1.034666839552589E+00  1.033550466976458E+00
  1.026290497487586E+00  1.025172797950446E+00  1.024052330634546E+00
  1.026956376145668E+00  1.025837184128034E+00  1.024715155664370E+00
  1.027288594947213E+00  1.026168668031126E+00  1.025045870150274E+00
  1.017873949881746E+00  1.016758339316831E+00  1.015641395143134E+00
  1.018504252638544E+00  1.017386860601420E+00  1.016268081787728E+00
  1.018819076043111E+00  1.017700801732330E+00  1.016581113848562E+00
  1.009572800768432E+00  1.008467687979746E+00  1.007362561309716E+00
  1.010165606032175E+00  1.009058554665048E+00  1.007951455110043E+00
  1.010461954662101E+00  1.009353939931240E+00  1.008245859756306E+00
  1.001457260443973E+00  1.000369538188932E+00  9.992829444498910E-01
  1.002012412573168E+00  1.000922725684231E+00  9.998341505434812E-01
  1.002290124047570E+00  1.001199459420523E+00  1.000109898288454E+00
  9.935778963934343E-01  9.925127569093184E-01  9.914496950733831E-01
  9.940965736827606E-01  9.930295418435546E-01  9.919645824802232E-01
  9.943561810308188E-01  9.932882079948571E-01  9.922223052903206E-01
  9.859672943559892E-01  9.849284204064049E-01  9.838924103546024E-01
  9.864514678328491E-01  9.854108157596237E-01  9.843730247569248E-01
  9.866939240323487E-01  9.856523901601598E-01  9.846137167044663E-01
  9.786441846647485E-01  9.776342281595324E-01  9.766278187291686E-01
  9.790960552028780E-01  9.780844111660947E-01  9.770763033888508E-01
  9.793224471472202E-01  9.783099704321149E-01  9.773010255774762E-01
  9.716188372878484E-01  9.706400018629314E-01  9.696653549632602E-01
  9.720403440301325E-01  9.710598296925110E-01  9.700834760905980E-01
  9.722516412523786E-01  9.712703031906420E-01  9.702931130987436E-01
  9.648981634568866E-01  9.639526755489726E-01  9.630120109022624E-01
  9.652906427761730E-01  9.643433647421018E-01  9.634008594003894E-01
  9.654875202763633E-01  9.645393674641802E-01  9.635959631526656E-01
  9.584891408287620E-01  9.575794469922918E-01  9.566751974769667E-01
  9.588531777616022E-01  9.579414511854905E-01  9.570350936570929E-01
  9.590359349539792E-01  9.581232158906522E-01  9.572158291467254E-01
  9.523998756790182E-01  9.515285252790591E-01  9.506631815389269E-01
  9.527353373108538E-01  9.518615921807719E-01  9.509937552189575E-01
  9.529039094275578E-01  9.520289928383263E-01  9.511599357832555E-01
  9.466385569552790E-01  9.458078665372525E-01  9.449836249504920E-01
  9.469447501305406E-01  9.461112104622078E-01  9.452840016451129E-01
  9.470987843323422E-01  9.462638461025368E-01  9.454351799832561E-01
  9.412113390630651E-01  9.404230240361948E-01  9.396414313185916E-01
  9.414872138789263E-01  9.406955341192963E-01  9.399104439920839E-01
  9.416261707739056E-01  9.408328330041059E-01  9.400460183916360E-01
  9.361204810396618E-01  9.353754413072216E-01  9.346372167544276E-01
  9.363648145383235E-01  9.356158630029573E-01  9.348735844624720E-01
  9.364880614046150E-01  9.357371749324990E-01  9.349928898463058E-01
  9.313637825082391E-01  9.306621469228763E-01  9.299672719371930E-01
  9.315753135308302E-01  9.308692130422608E-01  9.301697270143185E-01
  9.316821935932775E-01  9.309738767929098E-01  9.302721005125315E-01
  9.269356816943680E-01  9.262770988355743E-01  9.256251441743681E-01
  9.271132066987521E-01  9.264496241713854E-01  9.257925259784567E-01
  9.272030886222326E-01  9.265370164062420E-01  9.258773554096743E-01
  9.228296591148922E-01  9.222137279889375E-01  9.216043006893415E-01
  9.229721206173540E-01  9.223507003412602E-01  9.217356494109222E-01
  9.230444439344310E-01  9.224202823548354E-01  9.218024214482201E-01
  9.190411233111023E-01  9.184678242438542E-01  9.179009915914406E-01
  9.191477203076930E-01  9.185685192148072E-01  9.179956671722289E-01
  9.192020518003329E-01  9.186198955736680E-01  9.180440281227668E-01
  9.155698706952430E-01  9.150398829937153E-01  9.145164649666335E-01
  9.156402002950235E-01  9.151040082692447E-01  9.145742932792524E-01
  9.156763063678348E-01  9.151370006151248E-01  9.146041239406856E-01
  9.124214541393658E-01  9.119363036234195E-01  9.114579860389832E-01
  9.124556693260285E-01  9.119641546883789E-01  9.114794115205843E-01
  9.124735970035903E-01  9.119788818017441E-01  9.114909057829196E-01
  9.096072010144027E-01  9.091692334423731E-01  9.087385073936988E-01
  9.096061533471753E-01  9.091618284868892E-01  9.087247191762229E-01
  9.096063041050136E-01  9.091587762402700E-01  9.087184495889475E-01
  9.071430156186250E-01  9.067552232306477E-01  9.063751852108071E-01
  9.071083494259178E-01  9.067143848515093E-01  9.063281856920666E-01
  9.070915286567030E-01  9.066944493498539E-01  9.063051399400016E-01
  9.050473607025961E-01  9.047131005105791E-01  9.043871553115939E-01
  9.049815351952002E-01  9.046414630384489E-01  9.043097525416673E-01
  9.049489649796529E-01  9.046059558248519E-01  9.042713309926270E-01
  9.033388942871177E-01  9.030615403551153E-01  9.027930489164275E-01
  9.032451259746005E-01  9.029624778911304E-01  9.026887705602271E-01
  9.031984169447153E-01  9.029130903923596E-01  9.026367434384371E-01
  9.020341721390982E-01  9.018167485285133E-01  9.016086651305799E-01
  9.019163055170986E-01  9.016942338371281E-01  9.014816062009957E-01
  9.018573916524544E-01  9.016329660292012E-01  9.014180364411650E-01
  9.011456904797908E-01  9.009905356510992E-01  9.008450824098088E-01
  9.010080159623656E-01  9.008489501885176E-01  9.006997081880623E-01
  9.009390619364961E-01  9.007780137973268E-01  9.006268508975204E-01
  9.006804165677830E-01  9.005889267134669E-01  9.005073505377714E-01
  9.005274597967186E-01  9.004328463815726E-01  9.003482795803331E-01
  9.004507532706840E-01  9.003545552743328E-01  9.002684709462002E-01
  9.006388761592699E-01  9.006113595594141E-01  9.005938019592508E-01
  9.004751829821216E-01  9.004453402829142E-01  9.004255929898559E-01
  9.003930244152032E-01  9.003620005336246E-01  9.003411409717659E-01
  9.010148253563921E-01  9.010504755531774E-01  9.010959614633666E-01
  9.008447635749907E-01  9.008788591312524E-01  9.009229238874824E-01
  9.007593645164402E-01  9.007926693923175E-01  9.008360109616946E-01
  9.017954939402855E-01  9.018924655471259E-01  9.019989930967707E-01
  9.016230878336787E-01  9.017192208203365E-01  9.018250351822429E-01
  9.015364860246958E-01  9.016321908299501E-01  9.017376404485276E-01
  9.029623272163222E-01  9.031178835409261E-01  9.032825821796789E-01
  9.027911347559571E-01  9.029464916410631E-01  9.031111045092887E-01
  9.027051312029329E-01  9.028603834289730E-01  9.030249491181496E-01
  9.044920888245532E-01  9.047027886632680E-01  9.049221121488084E-01
  9.043251250648138E-01  9.045361746493991E-01  9.047559474795348E-01
  9.042412448948708E-01  9.044524676385006E-01  9.046724639694953E-01
  9.063581538650040E-01  9.066200527951360E-01  9.068899828775104E-01
  9.061978579552424E-01  9.064605601079880E-01  9.067313778640020E-01
  9.061173337291201E-01  9.063804382596632E-01  9.066517010501920E-01
  9.085318422515147E-01  9.088406949134230E-01  9.091569436535616E-01
  9.083800808485937E-01  9.086900947662073E-01  9.090075739582075E-01
  9.083038545849408E-01  9.086144516788821E-01  9.089325489708928E-01
  9.109837023770793E-01  9.113351602873777E-01  9.116933668523621E-01
  9.108417998554259E-01  9.111946861880404E-01  9.115543757111667E-01
  9.107705387807080E-01  9.111241430553597E-01  9.114845780222670E-01
  9.136847127952864E-01  9.140745136534495E-01  9.144704317512049E-01
  9.135534989255539E-01  9.139449119557554E-01  9.143424831825255E-01
  9.134876200932920E-01  9.138798436418762E-01  9.142782460243341E-01
  9.166073848230506E-01  9.170315241521447E-01  9.174611899214643E-01
  9.164872530173227E-01  9.169131142189532E-01  9.173445306748493E-01
  9.164269531840751E-01  9.168536800879225E-01  9.172859767526919E-01
  9.197267122459325E-01  9.201815799188144E-01  9.206414413968714E-01
  9.196176847594316E-01  9.200743207825590E-01  9.205359690072962E-01
  9.195629736081762E-01  9.200204986306242E-01  9.204830451062657E-01
  9.230208532622769E-01  9.235033115228219E-01  9.239902957186348E-01
  9.229226523283118E-01  9.234068742927185E-01  9.238956321406514E-01
  9.228733884907664E-01  9.233584969828051E-01  9.238481463493942E-01
  9.264713927836299E-01  9.269787743230403E-01  9.274902716557845E-01
  9.263835173573439E-01  9.268926199465056E-01  9.274058419607991E-01
  9.263394470956476E-01  9.268494145801440E-01  9.273635032938510E-01
  9.300630617680195E-01  9.305930791136493E-01  9.311268395293957E-01
  9.299848680913707E-01  9.305165393411947E-01  9.310519531157894E-01
  9.299456658043428E-01  9.304781679559054E-01  9.310144123262468E-01
  9.337828955715469E-01  9.343334745893627E-01  9.348874322151541E-01
  9.337136769145606E-01  9.342658310315590E-01  9.348213609565693E-01
  9.336789852113443E-01  9.342319303326185E-01  9.347882498149125E-01
  9.376189674468383E-01  9.381880414956627E-01  9.387601079783136E-01
  9.375580256172978E-01  9.381285950510767E-01  9.387021533216082E-01
  9.375274912990867E-01  9.380988113571760E-01  9.386731184013939E-01
  9.415589793705598E-01  9.421442975987949E-01  9.427321792889788E-01
  9.415056794798553E-01  9.420924197921238E-01  9.426817199665050E-01
  9.414789811822086E-01  9.420664349670448E-01  9.426564467655463E-01
  9.455890690694736E-01  9.461880749287419E-01  9.467891687278567E-01
  9.455428705447478E-01  9.461432346422733E-01  9.467456831352807E-01
  9.455197345085338E-01  9.461207797220116E-01  9.467239075209994E-01
  9.496931614151157E-01  9.503029826417434E-01  9.509143874642899E-01
  9.496536222700495E-01  9.502647460946015E-01  9.508774494473796E-01
  9.496338246983517E-01  9.502456014861805E-01  9.508589557455323E-01
  9.538530562263653E-01  9.544706180640200E-01  9.550892672276706E-01
  9.538198130583379E-01  9.544386254675299E-01  9.550585196637770E-01
  9.538031702433852E-01  9.544226093853641E-01  9.550431275372471E-01
  9.580492430036196E-01  9.586714800360068E-01  9.592943630623552E-01
  9.580219744279179E-01  9.586454074232902E-01  9.592694784618998E-01
  9.580083244722013E-01  9.586323567854502E-01  9.592570231704448E-01
  9.622622272616630E-01  9.628863364497229E-01  9.635107478041441E-01
  9.622406119248612E-01  9.628658541754765E-01  9.634913876756419E-01
  9.622297936266183E-01  9.628556037127871E-01  9.634816995992325E-01
  9.664740037222471E-01  9.670976628638973E-01  9.677214008204444E-01
  9.664576846059749E-01  9.670824022557309E-01  9.677071849256836E-01
  9.664495193951176E-01  9.670747676100859E-01  9.677000739553893E-01
  9.706692635724249E-01  9.712907437632418E-01  9.719121924822518E-01
  9.706578277611020E-01  9.712802802947033E-01  9.719026854428744E-01
  9.706521093257682E-01  9.712750493480224E-01  9.718979340286210E-01
  9.748359974768421E-01  9.754541286015811E-01  9.760721925839574E-01
  9.748289755052190E-01  9.754479845093286E-01  9.760669095220810E-01
  9.748254692284126E-01  9.754449184656477E-01  9.760642752788535E-01
  9.789653466072142E-01  9.795793475472800E-01  9.801932640069108E-01
  9.789622292105971E-01  9.795770104624315E-01  9.801916905785907E-01
  9.789606803814020E-01  9.795758530176433E-01  9.801909161758050E-01
  9.830508231177171E-01  9.836600708527298E-01  9.842691877792382E-01
  9.830510874151890E-01  9.836610195707265E-01  9.842708049544409E-01
  9.830512342599957E-01  9.836615097565404E-01  9.842716304835438E-01
  9.870872999293009E-01  9.876911642371181E-01  9.882948188185269E-01
  9.870904335871395E-01  9.876948899825677E-01  9.882991207753475E-01
  9.870920193939029E-01  9.876967728558705E-01  9.883012927661732E-01
  9.910703650837537E-01  9.916682553376389E-01  9.922658964488211E-01
  9.910758772028312E-01  9.916742679862188E-01  9.922723919716735E-01
  9.910786558794932E-01  9.916772978591494E-01  9.922756642123808E-01
  9.949966567893781E-01  9.955883964648204E-01  9.961800505541951E-01
  9.950040685230913E-01  9.955962102640920E-01  9.961882441544512E-01
  9.950078000424840E-01  9.956001436931109E-01  9.961923683708517E-01
  9.988655860573543E-01  9.994521444407949E-01  1.000039225975059E+00
  9.988744013628847E-01  9.994612455879136E-01  1.000048583059411E+00
  9.988788372407876E-01  9.994658252483505E-01  1.000053291566856E+00
  1.002682426541108E+00  1.003266909627951E+00  1.003853243588627E+00
  1.002692091887928E+00  1.003276716315440E+00  1.003863151940559E+00
  1.002696955065003E+00  1.003281651031099E+00  1.003868138370662E+00
  1.006462194461110E+00  1.007050858245423E+00  1.007643646017199E+00
  1.006472063179197E+00  1.007060689915804E+00  1.007653391152345E+00
  1.006477030131545E+00  1.007065639203600E+00  1.007658298030339E+00
  1.010233197983945E+00  1.010836134817466E+00  1.011446494058819E+00
  1.010242518134086E+00  1.010845209512910E+00  1.011455267073643E+00
  1.010247212663103E+00  1.010849782099722E+00  1.011459689574185E+00
  1.014038758919088E+00  1.014669856087301E+00  1.015312533007979E+00
  1.014046702205035E+00  1.014677332341873E+00  1.015319486054741E+00
  1.014050709694559E+00  1.014681106907590E+00  1.015322999534354E+00
  1.017935528091700E+00  1.018611333870327E+00  1.019303247632649E+00
  1.017941271677188E+00  1.018616407019223E+00  1.019307604700872E+00
  1.017944179786455E+00  1.018618980140666E+00  1.019309819885055E+00
  1.021987121143337E+00  1.022724397153223E+00  1.023481849465509E+00
  1.021989985004017E+00  1.022726449903916E+00  1.023483069325104E+00
  1.021991452153316E+00  1.022727511165215E+00  1.023483713622712E+00
  1.026252558881202E+00  1.027064562239071E+00  1.027899241623990E+00
  1.026252188876911E+00  1.027063356093088E+00  1.027897215707552E+00
  1.026252035669978E+00  1.027062783711951E+00  1.027896232100659E+00
  1.030770233342668E+00  1.031662153363483E+00  1.032576469560947E+00
  1.030766804624341E+00  1.031658031194056E+00  1.032571720670405E+00
  1.030765115582536E+00  1.031655993389137E+00  1.032569367199077E+00
  1.035539752565739E+00  1.036504171056959E+00  1.037486898565542E+00
  1.035534150572661E+00  1.036498223864902E+00  1.037480729452562E+00
  1.035531364886967E+00  1.036495262553169E+00  1.037477653893931E+00
  1.040505713335871E+00  1.041519329907062E+00  1.042542863622929E+00
  1.040499635341213E+00  1.041513468473446E+00  1.042537394828140E+00
  1.040496598176165E+00  1.041510535698702E+00  1.042534654286933E+00
  1.045548556276819E+00  1.046571513520256E+00  1.047592028779161E+00
  1.045544474151474E+00  1.046568387995158E+00  1.047590072659179E+00
  1.045542418811930E+00  1.046566806555106E+00  1.047589071450797E+00
  1.050487343094628E+00  1.051466111304013E+00  1.052427412437829E+00
  1.050488287097977E+00  1.051468847194228E+00  1.052432162067982E+00
  1.050488727813919E+00  1.051470179514936E+00  1.052434497023289E+00
  1.055097021253135E+00  1.055970933167906E+00  1.056811805589840E+00
  1.055106187688447E+00  1.055982700270130E+00  1.056826369503364E+00
  1.055110724172691E+00  1.055988533517608E+00  1.056833597878909E+00
  1.059138800218639E+00  1.059849199762317E+00  1.060512951400324E+00
  1.059159042215210E+00  1.059872687431838E+00  1.060539820870291E+00
  1.059169105332143E+00  1.059884371273633E+00  1.060553193954348E+00
  1.062397940205814E+00  1.062897957218887E+00  1.063341996226780E+00
  1.062431249269171E+00  1.062934872162851E+00  1.063382567666087E+00
  1.062447841440250E+00  1.062953267120821E+00  1.063402791262244E+00
  1.064720291687764E+00  1.064982880844765E+00  1.065185985929688E+00
  1.064767396467779E+00  1.065033592840631E+00  1.065240260154757E+00
  1.064790890039347E+00  1.065058891991421E+00  1.065267342928004E+00
  1.066038587462934E+00  1.066060832778024E+00  1.066026311862804E+00
  1.066098775658053E+00  1.066124263519666E+00  1.066092852645261E+00
  1.066128822404635E+00  1.066155935406208E+00  1.066126083848506E+00
  1.066381947007756E+00  1.066184603455183E+00  1.065938616761481E+00
  1.066453162038672E+00  1.066258393027079E+00  1.066014785090843E+00
  1.066488739986746E+00  1.066295263425118E+00  1.066052850295540E+00
  1.065866475020124E+00  1.065488988154779E+00  1.065074601207670E+00
  1.065945667138513E+00  1.065569900160524E+00  1.065157008075148E+00
  1.065985254960152E+00  1.065610353624314E+00  1.065198214707858E+00
  1.064669881414481E+00  1.064162323743678E+00  1.063630977554257E+00
  1.064753524122319E+00  1.064246785448091E+00  1.063716038978216E+00
  1.064795358870147E+00  1.064289035108003E+00  1.063758593767316E+00
  1.062997221163871E+00  1.062411336239192E+00  1.061814012509548E+00
  1.063081860542362E+00  1.062495976258058E+00  1.061898467208096E+00
  1.063124212646498E+00  1.062538333190686E+00  1.061940735725703E+00
  1.061046763260214E+00  1.060428338384633E+00  1.059808530543691E+00
  1.061129467508187E+00  1.060510396092287E+00  1.059889804115317E+00
  1.061170866527903E+00  1.060551475123671E+00  1.059930494058429E+00
  1.058983911404484E+00  1.058367997922903E+00  1.057757751079522E+00
  1.059062532142210E+00  1.058445532078677E+00  1.057834111443436E+00
  1.059101898675755E+00  1.058484357363873E+00  1.057872351602172E+00
  1.056927518339237E+00  1.056336912933578E+00  1.055756063791203E+00
  1.057000744393486E+00  1.056408807923435E+00  1.055826583209877E+00
  1.057037418084319E+00  1.056444817097650E+00  1.055861905409077E+00
  1.054948521396255E+00  1.054394909253444E+00  1.053852734063998E+00
  1.055015768832688E+00  1.054460734726452E+00  1.053917123437334E+00
  1.055049454069993E+00  1.054493709282887E+00  1.053949380116094E+00
  1.053077449417438E+00  1.052564061128919E+00  1.052062129863127E+00
  1.053138664836604E+00  1.052623865115309E+00  1.052120526292339E+00
  1.053169332590232E+00  1.052653827038027E+00  1.052149784254976E+00
  1.051316038546359E+00  1.050840659575157E+00  1.050375795599645E+00
  1.051371491367090E+00  1.050894766501480E+00  1.050428569045854E+00
  1.051399275131657E+00  1.050921877005666E+00  1.050455012466565E+00
  1.049648799284592E+00  1.049206318752020E+00  1.048772963030334E+00
  1.049698914352902E+00  1.049255176081454E+00  1.048820577963075E+00
  1.049724026063428E+00  1.049279658523960E+00  1.048844438790613E+00
  1.048052018570430E+00  1.047636159942943E+00  1.047227889032014E+00
  1.048097269632163E+00  1.047680246858767E+00  1.047270827853155E+00
  1.048119945999782E+00  1.047702340694934E+00  1.047292347160183E+00
  1.046499413972113E+00  1.046103663383386E+00  1.045713947036436E+00
  1.046540273872796E+00  1.046143452791108E+00  1.045752682689608E+00
  1.046560751186638E+00  1.046163394311693E+00  1.045772096749387E+00
  1.044964895325207E+00  1.044582854009795E+00  1.044205307254120E+00
  1.045001825347371E+00  1.044618808509880E+00  1.044240304533709E+00
  1.045020333990090E+00  1.044636828710590E+00  1.044257845393178E+00
  1.043423469512096E+00  1.043048913824525E+00  1.042677323786979E+00
  1.043456927195505E+00  1.043081495354585E+00  1.042709049782671E+00
  1.043473695533824E+00  1.043097824766461E+00  1.042724950520338E+00
  1.041851365283834E+00  1.041478251803082E+00  1.041106596309474E+00
  1.041881813802426E+00  1.041507929503241E+00  1.041135526176506E+00
  1.041897072949505E+00  1.041522802216455E+00  1.041150023892877E+00
  1.040226178288012E+00  1.039848738010080E+00  1.039471314324723E+00
  1.040254087181896E+00  1.039875985902659E+00  1.039497925761654E+00
  1.040268071481959E+00  1.039889638530251E+00  1.039511258944481E+00
  1.038527445405407E+00  1.038140411890029E+00  1.037752097590256E+00
  1.038553279404798E+00  1.038165694699878E+00  1.037776853847456E+00
  1.038566220963924E+00  1.038178359402014E+00  1.037789253983175E+00
  1.036737691691200E+00  1.036336628439660E+00  1.035933223865644E+00
  1.036761889912265E+00  1.036360378952439E+00  1.035956549663068E+00
  1.036774008281818E+00  1.036372272189535E+00  1.035968229256829E+00
  1.034843729430826E+00  1.034425373875698E+00  1.034003936456486E+00
  1.034866680624475E+00  1.034447968052350E+00  1.034026193416734E+00
  1.034878170458681E+00  1.034459278160959E+00  1.034037333712735E+00
  1.032837858360443E+00  1.032400386885230E+00  1.031959463326230E+00
  1.032859878957195E+00  1.032422123434515E+00  1.031980931446176E+00
  1.032870899012924E+00  1.032433000377273E+00  1.031991673114105E+00
  1.030718619081862E+00  1.030261756006388E+00  1.029801443799011E+00
  1.030739939707841E+00  1.030282845571925E+00  1.029822313498990E+00
  1.030750606034640E+00  1.030293395453443E+00  1.029832752572563E+00
  1.028490863890390E+00  1.028015798138960E+00  1.027537612532927E+00
  1.028511627416138E+00  1.028036364362658E+00  1.027557988707346E+00
  1.028522012287503E+00  1.028046649864146E+00  1.027568178510074E+00
  1.026165086338827E+00  1.025674208979733E+00  1.025180781080113E+00
  1.026185357261581E+00  1.025694300418868E+00  1.025200697333791E+00
  1.026195493771023E+00  1.025704346663284E+00  1.025210655506695E+00
  1.023756136567928E+00  1.023252655649799E+00  1.022747326961791E+00
  1.023775918635153E+00  1.023272264857806E+00  1.022766765829531E+00
  1.023785809430397E+00  1.023282068878338E+00  1.022776484375373E+00
  1.021281589259706E+00  1.020769103282502E+00  1.020255501069663E+00
  1.021300846551734E+00  1.020788188058345E+00  1.020274415118086E+00
  1.021310474326795E+00  1.020797729381025E+00  1.020283870917505E+00
  1.018760088255815E+00  1.018242200661071E+00  1.017723873394318E+00
  1.018778764835888E+00  1.018260702763639E+00  1.017742202781000E+00
  1.018788102136173E+00  1.018269952751071E+00  1.017751366364690E+00
  1.016209958348091E+00  1.015689995042001E+00  1.015170162401232E+00
  1.016227992872016E+00  1.015707853229965E+00  1.015187846264787E+00
  1.016237009402081E+00  1.015716781608596E+00  1.015196687519783E+00
  1.013648271573415E+00  1.013129130543182E+00  1.012610567872385E+00
  1.013665605299376E+00  1.013146286931956E+00  1.012627549088445E+00
  1.013674271944044E+00  1.013154864988972E+00  1.012636039656306E+00
  1.011090422352531E+00  1.010574550255828E+00  1.010059594417487E+00
  1.011107001025662E+00  1.010590950912425E+00  1.010075819040684E+00
  1.011115290813292E+00  1.010599151814819E+00  1.010083932060546E+00
  1.008550145248114E+00  1.008039610029558E+00  1.007530250871319E+00
  1.008565916739506E+00  1.008055201916072E+00  1.007545664544515E+00
  1.008573803682107E+00  1.008062999202948E+00  1.007553372878181E+00
  1.006039830928843E+00  1.005536446990345E+00  1.005034459697453E+00
  1.006054741026299E+00  1.005551173659488E+00  1.005049003387738E+00
  1.006062198033279E+00  1.005558539108074E+00  1.005056277505815E+00
  1.003570970443701E+00  1.003076433444466E+00  1.002583510505457E+00
  1.003584958926250E+00  1.003090231467844E+00  1.002597117370056E+00
  1.003591955857925E+00  1.003097133323820E+00  1.002603923801013E+00
  1.001154577407537E+00  1.000670575495376E+00  1.000188428351167E+00
  1.001167575815100E+00  1.000683372823755E+00  1.000201022718111E+00
  1.001174078381963E+00  1.000689774995643E+00  1.000207323552605E+00
  9.988014840734184E-01  9.983297660661883E-01  9.978601805650379E-01
  9.988134157673366E-01  9.983414827249830E-01  9.978716792523921E-01
  9.988193855725600E-01  9.983473451436273E-01  9.978774328139702E-01
  9.965224611276989E-01  9.960648554767703E-01  9.956096980288002E-01
  9.965332435782863E-01  9.960754064009548E-01  9.956200136919322E-01
  9.965386392706524E-01  9.960806864452426E-01  9.956251762179310E-01
  9.943281581883421E-01  9.938865469047389E-01  9.934477276615745E-01
  9.943377070156333E-01  9.938958463705769E-01  9.934567735709230E-01
  9.943424863151900E-01  9.939005010875059E-01  9.934613016044497E-01
  9.922288956047137E-01  9.918051539518231E-01  9.913845590413882E-01
  9.922371297092469E-01  9.918131209183036E-01  9.913922545877087E-01
  9.922412519742634E-01  9.918171096943316E-01  9.913961077300378E-01
  9.902343574547530E-01  9.898302734673433E-01  9.894296808146773E-01
  9.902412045286334E-01  9.898368371181709E-01  9.894359570371618E-01
  9.902446335102216E-01  9.898401244488069E-01  9.894391007100366E-01
  9.883532429091640E-01  9.879704314067248E-01  9.875914246967562E-01
  9.883586446485754E-01  9.879755362281050E-01  9.875962291861473E-01
  9.883613510954989E-01  9.879780942554156E-01  9.875986370821564E-01
  9.865929312353610E-01  9.862327555881124E-01  9.858766490595630E-01
  9.865968476573891E-01  9.862363654115224E-01  9.858799496952965E-01
  9.865988114743859E-01  9.862381759459328E-01  9.858816056474590E-01
  9.849592069211034E-01  9.846227188712194E-01  9.842905023260975E-01
  9.849616193217207E-01  9.846248194590403E-01  9.842922894704483E-01
  9.849628310508627E-01  9.846258752751977E-01  9.842931885530227E-01
  9.834560775467387E-01  9.831439813553267E-01  9.828362905271377E-01
  9.834569898267078E-01  9.831445813110656E-01  9.828365775160905E-01
  9.834574513151753E-01  9.831448866083161E-01  9.828367262958554E-01
  9.820857001713834E-01  9.817983428717616E-01  9.815154557854964E-01
  9.820851384877924E-01  9.817974728942105E-01  9.815142777976145E-01
  9.820848627198310E-01  9.817970429300582E-01  9.815136937747626E-01
  9.808484147393478E-01  9.805858000914517E-01  9.803276560521264E-01
  9.808464256746451E-01  9.805835108208270E-01  9.803250676564681E-01
  9.808454358620954E-01  9.805823708397731E-01  9.803237780439874E-01
  9.797428682782654E-01  9.795046888807165E-01  9.792709239492761E-01
  9.797395159079262E-01  9.795010477562197E-01  9.792669957841347E-01
  9.797378440283316E-01  9.794992314222388E-01  9.792650358502295E-01
  9.787662039343793E-01  9.785518843624258E-01  9.783418760281282E-01
  9.787615662780964E-01  9.785469719887460E-01  9.783366911136753E-01
  9.787592513019113E-01  9.785445195694242E-01  9.783341023382378E-01
  9.779142854587372E-01  9.777230293645833E-01  9.775359435942748E-01
  9.779084508012620E-01  9.777169358598573E-01  9.775295937318168E-01
  9.779055368510935E-01  9.777138923985382E-01  9.775264220036063E-01
  9.771819303316870E-01  9.770127658649643E-01  9.768476014031272E-01
  9.771749938089934E-01  9.770055875524746E-01  9.768401839861293E-01
  9.771715284493133E-01  9.770020012103170E-01  9.768364780041494E-01
  9.765631316038087E-01  9.764149516938515E-01  9.762705787657080E-01
  9.765551923017283E-01  9.764067883423382E-01  9.762621941645562E-01
  9.765512250837405E-01  9.764027090139075E-01  9.762580041258363E-01
  9.760512572730219E-01  9.759228535855403E-01  9.757980463521040E-01
  9.760424159231396E-01  9.759138062433862E-01  9.757887958805118E-01
  9.760379972283402E-01  9.759092844695243E-01  9.757841724593133E-01
  9.756392241563629E-01  9.755293153313305E-01  9.754227790497972E-01
  9.756295813783685E-01  9.755194846760663E-01  9.754127634104929E-01
  9.756247615362997E-01  9.755145708155585E-01  9.754077569784292E-01
  9.753196489800491E-01  9.752269047546740E-01  9.751372993637873E-01
  9.753093039376592E-01  9.752163898132730E-01  9.751266174216312E-01
  9.753041325518359E-01  9.752111334013335E-01  9.751212774329310E-01
  9.750849820683164E-01  9.750080450491603E-01  9.749340068580614E-01
  9.750740313848062E-01  9.749969421388150E-01  9.749227545974106E-01
  9.750685567897516E-01  9.749913913570420E-01  9.749171290674263E-01
  9.749276288447157E-01  9.748651352097158E-01  9.748052977615315E-01
  9.749161656537446E-01  9.748535369889232E-01  9.747935673336205E-01
  9.749104344405655E-01  9.748477381911500E-01  9.747877023629369E-01
  9.748400623547796E-01  9.747906619631488E-01  9.747436763117076E-01
  9.748281754205632E-01  9.747786565450069E-01  9.747315551417916E-01
  9.748222319975119E-01  9.747726538144271E-01  9.747254944702348E-01
  9.748149274025384E-01  9.747773030051242E-01  9.747418569083680E-01
  9.748027003051254E-01  9.747649731438153E-01  9.747294268873562E-01
  9.747965864905322E-01  9.747588078864083E-01  9.747232114898677E-01
  9.748451346987799E-01  9.748180194252932E-01  9.747928545405684E-01
  9.748326451247058E-01  9.748054418244119E-01  9.747801913560724E-01
  9.748263997921262E-01  9.747991524227811E-01  9.747738591077574E-01
  9.749239422229639E-01  9.749061343877470E-01  9.748900605243763E-01
  9.749112614182233E-01  9.748933791878813E-01  9.748772331870598E-01
  9.749049202222518E-01  9.748870007442473E-01  9.748708186254541E-01
  9.750450208883965E-01  9.750353953722616E-01  9.750273011511964E-01
  9.750322133201352E-01  9.750225258584090E-01  9.750143717499586E-01
  9.750258085262457E-01  9.750160900472514E-01  9.750079059515139E-01
  9.752025023261203E-01  9.752000182242319E-01  9.751988779608609E-01
  9.751896255709576E-01  9.751870907621879E-01  9.751859016469638E-01
  9.751831859985967E-01  9.751806257973821E-01  9.751794122180780E-01
  9.753910078323944E-01  9.753947125340207E-01  9.753995896248209E-01
  9.753781126760325E-01  9.753817767121840E-01  9.753866147937632E-01
  9.753716637475197E-01  9.753753074170597E-01  9.753801259609459E-01
  9.756056590084708E-01  9.756146892452482E-01  9.756247366675318E-01
  9.755927897149916E-01  9.756017881750928E-01  9.756118052877797E-01
  9.755863535895768E-01  9.755953361321603E-01  9.756053380615908E-01
  9.758420722238241E-01  9.758556528078285E-01  9.758701114740774E-01
  9.758292669206449E-01  9.758428235277908E-01  9.758572595071695E-01
  9.758228626867238E-01  9.758364072804979E-01  9.758508318921518E-01
  9.760963406451693E-01  9.761137816128879E-01  9.761319772727022E-01
  9.760836317717652E-01  9.761010555458127E-01  9.761192351375416E-01
  9.760772756712267E-01  9.760946908272973E-01  9.761128623644357E-01
  9.763650090185778E-01  9.763857017569230E-01  9.764070409769640E-01
  9.763524237996263E-01  9.763731051853944E-01  9.763944340264735E-01
  9.763461294645759E-01  9.763668051563197E-01  9.763881287907255E-01
  9.766450474087138E-01  9.766684601447567E-01  9.766924257019116E-01
  9.766326083290811E-01  9.766560146853519E-01  9.766799746964896E-01
  9.766263870195140E-01  9.766497901712078E-01  9.766737473951433E-01
  9.769338303826132E-01  9.769595032439232E-01  9.769856491064761E-01
  9.769215556566623E-01  9.769472263152742E-01  9.769733706811309E-01
  9.769154164952812E-01  9.769410860405560E-01  9.769672296465304E-01
  9.772291274162109E-01  9.772566671633391E-01  9.772846131478913E-01
  9.772170314533054E-01  9.772445724508182E-01  9.772725202764188E-01
  9.772109816584152E-01  9.772385232715016E-01  9.772664720084168E-01
  9.775291085593891E-01  9.775581830670098E-01  9.775876092474639E-01
  9.775172024301649E-01  9.775462809885317E-01  9.775757117078288E-01
  9.775112475489245E-01  9.775403281250858E-01  9.775697611065879E-01
  9.778323667144851E-01  9.778626992843646E-01  9.778933402437715E-01
  9.778206586208625E-01  9.778509974596814E-01  9.778816450864316E-01
  9.778148027643365E-01  9.778451447317660E-01  9.778757956866455E-01
