  7.521579784072915E+00  7.511054667653142E+00  7.500519467651962E+00

  1.470073705553965E+00  1.470829358953685E+00  1.471588903776069E+00
  1.475547701019900E+00  1.476319164342757E+00  1.477096235136507E+00
  1.478294199115751E+00  1.479073918905761E+00  1.479860372855602E+00
  1.495195016939694E+00  1.495966349325811E+00  1.496741586943371E+00
  1.500973501487786E+00  1.501761259831937E+00  1.502554679548971E+00
  1.503873556400652E+00  1.504669910512169E+00  1.505473083027911E+00
  1.508083892243346E+00  1.508863216121923E+00  1.509646453688009E+00
  1.514020405797698E+00  1.514816469094872E+00  1.515618222675371E+00
  1.517000173362991E+00  1.517805004925313E+00  1.518616699261575E+00
  1.508083892243346E+00  1.508863216121923E+00  1.509646453688009E+00
  1.514020405797698E+00  1.514816469094872E+00  1.515618222675371E+00
  1.517000173362991E+00  1.517805004925313E+00  1.518616699261575E+00
  1.495195016939694E+00  1.495966349325811E+00  1.496741586943371E+00
  1.500973501487786E+00  1.501761259831937E+00  1.502554679548971E+00
  1.503873556400652E+00  1.504669910512169E+00  1.505473083027911E+00
  1.470073705553965E+00  1.470829358953685E+00  1.471588903776069E+00
  1.475547701019900E+00  1.476319164342757E+00  1.477096235136507E+00
  1.478294199115751E+00  1.479073918905761E+00  1.479860372855602E+00
  1.433962315262181E+00  1.434695167949553E+00  1.435431899004090E+00
  1.439006878878029E+00  1.439754643018503E+00  1.440507943388655E+00
  1.441536888187165E+00  1.442292413284111E+00  1.443054557185522E+00
  1.388560793961742E+00  1.389264475393677E+00  1.389972031750583E+00
  1.393079561635373E+00  1.393797000319398E+00  1.394519897627118E+00
  1.395344637505975E+00  1.396069199613973E+00  1.396800246599553E+00
  1.335862658725321E+00  1.336531639622949E+00  1.337204512640024E+00
  1.339791353773192E+00  1.340472712487920E+00  1.341159459334325E+00
  1.341759307972512E+00  1.342447027024700E+00  1.343141093858864E+00
  1.277981315768868E+00  1.278610903813252E+00  1.279244433668847E+00
  1.281287711785894E+00  1.281928105780990E+00  1.282573838905063E+00
  1.282942580271372E+00  1.283588464068032E+00  1.284240571953629E+00
  1.216990851599530E+00  1.217577116289007E+00  1.218167414979709E+00
  1.219671763439397E+00  1.220267106298883E+00  1.220867773016661E+00
  1.221012264477557E+00  1.221612139760625E+00  1.222218143468609E+00
  1.154799010762972E+00  1.155338683601665E+00  1.155882528704389E+00
  1.156875227526803E+00  1.157422140797609E+00  1.157974401564210E+00
  1.157912172592546E+00  1.158462600397076E+00  1.159019096584561E+00
  1.093061438709670E+00  1.093551854269081E+00  1.094046617627312E+00
  1.094571591846166E+00  1.095067365413537E+00  1.095568540858244E+00
  1.095324755531828E+00  1.095823002845287E+00  1.096327287973018E+00
  1.033137792692295E+00  1.033576944798609E+00  1.034020630885135E+00
  1.034132035359682E+00  1.034574711486769E+00  1.035022847735794E+00
  1.034626946896179E+00  1.035071085589649E+00  1.035521235056441E+00
  9.760837555993744E-01  9.764705277186290E-01  9.768619840525311E-01
  9.766179191096181E-01  9.770065464631614E-01  9.774006498646509E-01
  9.768829344930233E-01  9.772721041957947E-01  9.776672152204615E-01
  9.226689994162919E-01  9.230035945044817E-01  9.233429234796096E-01
  9.227996723663340E-01  9.231347393089075E-01  9.234751950604952E-01
  9.228635415917039E-01  9.231983785554699E-01  9.235389855834878E-01
  8.734093989738265E-01  8.736939700624046E-01  8.739831446602637E-01
  8.731902323220547E-01  8.734742760960219E-01  8.737634459806897E-01
  8.730802923019280E-01  8.733635235113179E-01  8.736521827113598E-01
  8.286013097512291E-01  8.288407900279464E-01  8.290844765821227E-01
  8.280805770794691E-01  8.283189841292402E-01  8.285619990002188E-01
  8.278215751279638E-01  8.280588021960844E-01  8.283008674829787E-01
  7.883477495335147E-01  7.885507733101849E-01  7.887572737778099E-01
  7.875663246107080E-01  7.877682472934598E-01  7.879739413658988E-01
  7.871793348814320E-01  7.873799511077318E-01  7.875845071799306E-01
  7.525774472182069E-01  7.527566700922460E-01  7.529383280300481E-01
  7.515657101333377E-01  7.517443775212919E-01  7.519256873565555E-01
  7.510661084739103E-01  7.512436188375206E-01  7.514238910519082E-01
  7.210788820157356E-01  7.212492459033208E-01  7.214208638517259E-01
  7.198538929373279E-01  7.200247056163734E-01  7.201969339765116E-01
  7.192490639219346E-01  7.194191152817377E-01  7.195906787980729E-01
  6.935746348103268E-01  6.937491122479721E-01  6.939238042603041E-01
  6.921452703523649E-01  6.923211689583395E-01  6.924974708618300E-01
  6.914369694635527E-01  6.916125300627810E-01  6.917886130633026E-01
  6.698108313000246E-01  6.699960419777717E-01  6.701807947494417E-01
  6.681965861675835E-01  6.683832374292166E-01  6.685697260424961E-01
  6.673929682136294E-01  6.675791994793774E-01  6.677654602975378E-01
  6.495967619666791E-01  6.497910475623677E-01  6.499846837995424E-01
  6.478491979612613E-01  6.480426616080155E-01  6.482359291622893E-01
  6.469811098201841E-01  6.471726105940881E-01  6.473642115089218E-01
  6.328067868098349E-01  6.330010253440731E-01  6.331949257660948E-01
  6.310097089516840E-01  6.311982648091501E-01  6.313870361195921E-01
  6.301315438778116E-01  6.303149832305456E-01  6.304989802983989E-01
  6.193816032741396E-01  6.195647352410194E-01  6.197480558650440E-01
  6.176041923635899E-01  6.177777348098369E-01  6.179518848687816E-01
  6.167551457648851E-01  6.169215799722411E-01  6.170888316464167E-01
  6.092353386971668E-01  6.094042743801404E-01  6.095736501145466E-01
  6.074600127132255E-01  6.076206631157758E-01  6.077819165952713E-01
  6.066120606642204E-01  6.067673583716086E-01  6.069232891196723E-01
  6.021657936533003E-01  6.023262608855223E-01  6.024871497974074E-01
  6.003244028127469E-01  6.004805990286178E-01  6.006373176541057E-01
  5.994241111064885E-01  5.995778183154756E-01  5.997320699457342E-01
  5.979593135697483E-01  5.981163030758837E-01  5.982737093652580E-01
  5.960412449373684E-01  5.961966314882150E-01  5.963525940525503E-01
  5.950868524049291E-01  5.952412128813681E-01  5.953962284640161E-01
  5.964384942093803E-01  5.965933695645614E-01  5.967486642483686E-01
  5.944835071220602E-01  5.946383621377160E-01  5.947938143879955E-01
  5.935041495958049E-01  5.936588056648023E-01  5.938141550908050E-01
  5.973902193713764E-01  5.975429976574329E-01  5.976961173984562E-01
  5.954379452115488E-01  5.955919301598563E-01  5.957464109276515E-01
  5.944575317055407E-01  5.946120230768910E-01  5.947670957591685E-01
  6.005582902799285E-01  6.007083294653068E-01  6.008585311069110E-01
  5.986376729195700E-01  5.987897556916247E-01  5.989421114003669E-01
  5.976723645391651E-01  5.978254528887659E-01  5.979788763680136E-01
  6.056688803022633E-01  6.058148027156329E-01  6.059606165548342E-01
  6.038001864255518E-01  6.039485600718054E-01  6.040968856198453E-01
  6.028610200661094E-01  6.030106548280333E-01  6.031602763280892E-01
  6.124373943504338E-01  6.125772245140098E-01  6.127166108755610E-01
  6.106335680845878E-01  6.107758686448365E-01  6.109177418920922E-01
  6.097273325432362E-01  6.098709264102337E-01  6.100141034775836E-01
  6.205771880206702E-01  6.207085789627760E-01  6.208391683899422E-01
  6.188462066397959E-01  6.189798021541543E-01  6.191125821018482E-01
  6.179768843640630E-01  6.181116406288443E-01  6.182455748576228E-01
  6.298103752987415E-01  6.299309634778452E-01  6.300504118063061E-01
  6.281574261485386E-01  6.282798131714974E-01  6.284010311745168E-01
  6.273275138688952E-01  6.274508476566109E-01  6.275729974140346E-01
  6.398738605442109E-01  6.399816267030168E-01  6.400879644913130E-01
  6.383025422789603E-01  6.384116930115883E-01  6.385193841393585E-01
  6.375137200551626E-01  6.376235967950834E-01  6.377319975133634E-01
  6.505233318316714E-01  6.506167939129878E-01  6.507086025159657E-01
  6.490363274531589E-01  6.491308307386248E-01  6.492236555954373E-01
  6.482898342381392E-01  6.483848797996977E-01  6.484782336623304E-01
  6.615367375228939E-01  6.616149654804766E-01  6.616913757703446E-01
  6.601361551368214E-01  6.602151819739847E-01  6.602923759727192E-01
  6.594329896957289E-01  6.595124284813764E-01  6.595900262039069E-01
  6.727163247131063E-01  6.727788487369001E-01  6.728394389770928E-01
  6.714036719056288E-01  6.714668507061924E-01  6.715280903542188E-01
  6.707445747246349E-01  6.708080872428021E-01  6.708696574608425E-01
  6.838893451104614E-01  6.839360224640866E-01  6.839806820629396E-01
  6.826653180144240E-01  6.827125838255198E-01  6.827578345532103E-01
  6.820506456954107E-01  6.820982082906092E-01  6.821437568273068E-01
  6.949081550502908E-01  6.949390453238807E-01  6.949678526331504E-01
  6.937724583824680E-01  6.938039231776171E-01  6.938333133985918E-01
  6.932020793229073E-01  6.932338318162066E-01  6.932635137425818E-01
  7.056499802679846E-01  7.056652592696337E-01  7.056784009325430E-01
  7.046012605215456E-01  7.046171299128013E-01  7.046308738244035E-01
  7.040745140952100E-01  7.040906780737785E-01  7.041047224123452E-01
  7.160162968269871E-01  7.160162162303190E-01  7.160139528151450E-01
  7.150521839083721E-01  7.150527221889305E-01  7.150510910183968E-01
  7.145678979904051E-01  7.145687447445366E-01  7.145674287178988E-01
  7.259317692013459E-01  7.259166535120003E-01  7.258993214400380E-01
  7.250489950707446E-01  7.250345272181399E-01  7.250178562106795E-01
  7.246055444469636E-01  7.245913996172624E-01  7.245750582894134E-01
  7.353427309146601E-01  7.353129977684908E-01  7.352810328389765E-01
  7.345372900706199E-01  7.345082259373242E-01  7.344769417546164E-01
  7.341326766366379E-01  7.341039464249737E-01  7.340730021104747E-01
  7.442152415360496E-01  7.441714318286112E-01  7.441254007519581E-01
  7.434825666080305E-01  7.434394339713456E-01  7.433940891421844E-01
  7.431145072703650E-01  7.430717130015974E-01  7.430267112283552E-01
  7.525328051546474E-01  7.524756125623931E-01  7.524162423255332E-01
  7.518679415605726E-01  7.518114179281834E-01  7.517527225053036E-01
  7.515339558265078E-01  7.514777669413257E-01  7.514194093001699E-01
  7.602938701170022E-01  7.602241633065989E-01  7.601523620866908E-01
  7.596916401837902E-01  7.596225768358047E-01  7.595514211349088E-01
  7.593891327588034E-01  7.593203918133918E-01  7.592495596515428E-01
  7.675092423744618E-01  7.674280766580217E-01  7.673449435094236E-01
  7.669643922075577E-01  7.668838272516589E-01  7.668012929023329E-01
  7.666907272077859E-01  7.666104636610515E-01  7.665282298459372E-01
  7.741995397488727E-01  7.741081577508481E-01  7.740149810827398E-01
  7.737068639920129E-01  7.736160239656653E-01  7.735233832655074E-01
  7.734594281903509E-01  7.733688604915178E-01  7.732764892186084E-01
  7.803927965983942E-01  7.802926195321637E-01  7.801908663619262E-01
  7.799472383060482E-01  7.798475299493226E-01  7.797462355526444E-01
  7.797234918605589E-01  7.796240194727266E-01  7.795229561721068E-01
  7.861223023190020E-01  7.860149146723328E-01  7.859062137293403E-01
  7.857190275512320E-01  7.856120226771364E-01  7.855036908453920E-01
  7.855165419130947E-01  7.854097302672424E-01  7.853015849169553E-01
  7.914247273421308E-01  7.913118581145403E-01  7.911979800614973E-01
  7.910591764253609E-01  7.909465932436108E-01  7.908329841553802E-01
  7.908756603584444E-01  7.907632222065415E-01  7.906497496726551E-01
  7.963385605612399E-01  7.962220637203701E-01  7.961049011121383E-01
  7.960064798908648E-01  7.958901636910097E-01  7.957731616730300E-01
  7.958397955552678E-01  7.957235717545672E-01  7.956066521470674E-01
  8.009028552161466E-01  8.007846908927280E-01  8.006662391854256E-01
  8.006003147400584E-01  8.004822196375235E-01  8.003638147978996E-01
  8.004484864612300E-01  8.003304279910074E-01  8.002120486062581E-01
  8.051562582090608E-01  8.050384746155971E-01  8.049208138933779E-01
  8.048796600858634E-01  8.047618318658961E-01  8.046441028149786E-01
  8.047408786304325E-01  8.046230299046765E-01  8.045052684520225E-01
  8.091362822416162E-01  8.090209967770340E-01  8.089062723113886E-01
  8.088823654475731E-01  8.087669238346977E-01  8.086520194341834E-01
  8.087549902727449E-01  8.086394720097134E-01  8.085244789755910E-01
  8.128787722132940E-01  8.127681491280020E-01  8.126585478638907E-01
  8.126446161291265E-01  8.125337335438715E-01  8.124238504316249E-01
  8.125271771880826E-01  8.124161657393945E-01  8.123061424595667E-01
  8.164175171667696E-01  8.163137388176054E-01  8.162114586879078E-01
  8.162005447914027E-01  8.160964182115859E-01  8.159937705777718E-01
  8.160917442554705E-01  8.159874438000095E-01  8.158846124960814E-01
  8.197839652397524E-01  8.196891944225079E-01  8.195964040462799E-01
  8.195819443347190E-01  8.194867573742723E-01  8.193935361864296E-01
  8.194806573817323E-01  8.193852619022632E-01  8.192918246932192E-01
  8.230070085168830E-01  8.229233404112500E-01  8.228421279636260E-01
  8.228180474495442E-01  8.227339209996624E-01  8.226522413207638E-01
  8.227233204615879E-01  8.226389637466964E-01  8.225570492007754E-01
  8.261128138078929E-01  8.260422173579746E-01  8.259745288244086E-01
  8.259353486631557E-01  8.258642800049248E-01  8.257961167646453E-01
  8.258463930527556E-01  8.257750866724092E-01  8.257066843302278E-01
  8.291246820068009E-01  8.290689318612632E-01  8.290165002766058E-01
  8.289574527046216E-01  8.289012445687312E-01  8.288483587952055E-01
  8.288736331703820E-01  8.288171940774139E-01  8.287640791589406E-01
  8.320629233536645E-01  8.320235248712933E-01  8.319877935873661E-01
  8.319049385526850E-01  8.318651211417071E-01  8.318289802379295E-01
  8.318257556076125E-01  8.317857266406417E-01  8.317493787963411E-01
  8.349447415720874E-01  8.349228531407970E-01  8.349048979520112E-01
  8.347952343036147E-01  8.347729850434366E-01  8.347546824560167E-01
  8.347203020345397E-01  8.346978703551745E-01  8.346793920753739E-01
  8.377841295805436E-01  8.377804887380231E-01  8.377809459132701E-01
  8.376425071931516E-01  8.376385751051749E-01  8.376387568112910E-01
  8.375715280588802E-01  8.375674486226162E-01  8.375674909255876E-01
  8.405917935912056E-01  8.406066557731993E-01  8.406256652011537E-01
  8.404575864014114E-01  8.404722301501777E-01  8.404910373590682E-01
  8.403903253029541E-01  8.404048585362898E-01  8.404235634290615E-01
  8.433751368881517E-01  8.434082370349686E-01  8.434454106916718E-01
  8.432479499876709E-01  8.432808998871973E-01  8.433179381748446E-01
  8.431842098749500E-01  8.432170838693722E-01  8.432540538054173E-01
  8.461383422989636E-01  8.461888887890926E-01  8.462433133980504E-01
  8.460178144835827E-01  8.460682678312040E-01  8.461226114370962E-01
  8.459574155144843E-01  8.460078220557061E-01  8.460621250471169E-01
  8.488825871104028E-01  8.489492939254851E-01  8.490195725566665E-01
  8.487683600269960E-01  8.488350154349849E-01  8.489052511961079E-01
  8.487111238533798E-01  8.487777538384912E-01  8.488479685614537E-01
  8.516064050027337E-01  8.516875622306016E-01  8.517718934860903E-01
  8.514981043825293E-01  8.515792348622220E-01  8.516635440513823E-01
  8.514438445194538E-01  8.515249623402067E-01  8.516092613099279E-01
  8.543061823022168E-01  8.543997586955216E-01  8.544960458330249E-01
  8.542034115670776E-01  8.542969696518434E-01  8.543932396283737E-01
  8.541519300089974E-01  8.542454799711102E-01  8.543417424716139E-01
  8.569767499470523E-01  8.570805161386271E-01  8.571864938038261E-01
  8.568790947148005E-01  8.569828377921308E-01  8.570887907168289E-01
  8.568301840778483E-01  8.569339168093840E-01  8.570398586184285E-01
  8.596120158736056E-01  8.597236741987716E-01  8.598370383880132E-01
  8.595190563307309E-01  8.596306778063584E-01  8.597440017497834E-01
  8.594725060124891E-01  8.595841103178042E-01  8.596974154069315E-01
  8.622055779697340E-01  8.623228848751776E-01  8.624414123643803E-01
  8.621169051583996E-01  8.622341572911069E-01  8.623526258783163E-01
  8.620725095331843E-01  8.621897354575108E-01  8.623081757608239E-01
  8.647512638238910E-01  8.648721330852492E-01  8.649937792616947E-01
  8.646664958545968E-01  8.647872925529669E-01  8.649088621969588E-01
  8.646240624923529E-01  8.647448239202520E-01  8.648663562796044E-01
  8.672435569446868E-01  8.673661356561390E-01  8.674891037163622E-01
  8.671623519389561E-01  8.672848437202195E-01  8.674077216758443E-01
  8.671217082242834E-01  8.672441573291544E-01  8.673669909806944E-01
  8.696778867652984E-01  8.698006005575217E-01  8.699233796210450E-01
  8.695999506416900E-01  8.697225685286712E-01  8.698452496469371E-01
  8.695609478220132E-01  8.696835183024486E-01  8.698061509497984E-01
  8.720507787644660E-01  8.721723471906203E-01  8.722937212608727E-01
  8.719758673982911E-01  8.720973370044688E-01  8.722186114195257E-01
  8.719383818019889E-01  8.720598023112651E-01  8.721810271694318E-01
  8.743598785596018E-01  8.744793053145251E-01  8.745983384743165E-01
  8.742877950217538E-01  8.744071257205923E-01  8.745260630651317E-01
  8.742517267817154E-01  8.743710095638932E-01  8.744898990757848E-01
  8.766038770284176E-01  8.767204220392198E-01  8.768364272718109E-01
  8.765344653375252E-01  8.766509216723917E-01  8.767668393037906E-01
  8.764997353287182E-01  8.766161472787851E-01  8.767320210343654E-01
  8.787823703609353E-01  8.788955115389142E-01  8.790080109419846E-01
  8.787155074213733E-01  8.788285705546028E-01  8.789409935447532E-01
  8.786820532488970E-01  8.787950772016663E-01  8.789074618072463E-01
  8.808956889455252E-01  8.810050806530643E-01  8.811137637827187E-01
  8.808312761778003E-01  8.809406023619039E-01  8.810492219030220E-01
  8.807990479757346E-01  8.809083411724333E-01  8.810169286810910E-01
  8.829447233494406E-01  8.830501568733563E-01  8.831548420340778E-01
  8.828826791089737E-01  8.829880603632474E-01  8.830926952931016E-01
  8.828516357091637E-01  8.829569905714256E-01  8.830616001221543E-01
  8.849307667171028E-01  8.850321358648907E-01  8.851327369696131E-01
  8.848710201156870E-01  8.849723501172206E-01  8.850729140839565E-01
  8.848411259056723E-01  8.849424360721099E-01  8.850429812056606E-01
  8.868553833228048E-01  8.869526562395362E-01  8.870491559391693E-01
  8.867978696485102E-01  8.868951158533211E-01  8.869915907445447E-01
  8.867690922269797E-01  8.868663248265197E-01  8.869627870646662E-01
  8.887203049450281E-01  8.888135017707047E-01  8.889059302256193E-01
  8.886649625901554E-01  8.887581441559073E-01  8.888505591237787E-01
  8.886372711820594E-01  8.887304448906239E-01  8.888228528895155E-01
  8.905273514157107E-01  8.906165266101232E-01  8.907049446367924E-01
  8.904741200739539E-01  8.905632903921411E-01  8.906517051941067E-01
  8.904474845899489E-01  8.905366522681313E-01  8.906250652579574E-01
  8.922783693649896E-01  8.923635973487485E-01  8.924480826112761E-01
  8.922271892143725E-01  8.923124217003103E-01  8.923969130279100E-01
  8.922015798140654E-01  8.922868143734941E-01  8.923713085578097E-01
  8.939751832493824E-01  8.940565462373729E-01  8.941371814386830E-01
  8.939259948520548E-01  8.940073708774520E-01  8.940880206375684E-01
  8.939013818758120E-01  8.939827642629514E-01  8.940634211465703E-01
  8.956195541999651E-01  8.956971314868403E-01  8.957739939006727E-01
  8.955722988889925E-01  8.956498971277127E-01  8.957267820284402E-01
  8.955486530416469E-01  8.956262616150069E-01  8.957031576180536E-01
  8.972131439997949E-01  8.972870022887969E-01  8.973601542733199E-01
  8.971677645686933E-01  8.972416513576600E-01  8.973148334499029E-01
  8.971450572607825E-01  8.972189581687969E-01  8.972921551831666E-01
  8.987574828246521E-01  8.988276673623222E-01  8.988971476285570E-01
  8.987139243804010E-01  8.987841448673114E-01  8.988536628237039E-01
  8.986921281552185E-01  8.987623664910700E-01  8.988319031651610E-01
  9.002539399585284E-01  9.003204662622631E-01  9.003862816784649E-01
  9.002121508379707E-01  9.002787207085318E-01  9.003445816252102E-01
  9.001912398328080E-01  9.002578313619041E-01  9.003237149014716E-01
  9.017036967484177E-01  9.017665427205859E-01  9.018286604698278E-01
  9.016636294213756E-01  9.017265269989009E-01  9.017886985341806E-01
  9.016435798236158E-01  9.017065030762695E-01  9.017687013740181E-01
  9.031077212609222E-01  9.031668196797814E-01  9.032251598682280E-01
  9.030693331350125E-01  9.031284918314303E-01  9.031868947647269E-01
  9.030501235903290E-01  9.031093122932631E-01  9.031677464635938E-01
  9.044667453448455E-01  9.045219773171023E-01  9.045764068461358E-01
  9.044299993343891E-01  9.044853010149363E-01  9.045398030141195E-01
  9.044116112387154E-01  9.044669476364665E-01  9.045214857311455E-01
  9.057812478275705E-01  9.058324388665508E-01  9.058827685671914E-01
  9.057461124556938E-01  9.057973833525799E-01  9.058477959197523E-01
  9.057285300161554E-01  9.057798407032703E-01  9.058302945636826E-01
  9.070514523887910E-01  9.070983741623267E-01  9.071443625762351E-01
  9.070179010923221E-01  9.070649132907281E-01  9.071109952549916E-01
  9.070011109920711E-01  9.070481682688311E-01  9.070942968752103E-01
  9.082773539683603E-01  9.083197358835822E-01  9.083611040095618E-01
  9.082453632377879E-01  9.082878459095574E-01  9.083293178045095E-01
  9.082293537197489E-01  9.082718866504247E-01  9.083134103147483E-01
  9.094587905483696E-01  9.094963453198904E-01  9.095328061917349E-01
  9.094283366449851E-01  9.094660012335246E-01  9.095025744966933E-01
  9.094130958826455E-01  9.094508152878552E-01  9.094874446628494E-01
  9.105955740173467E-01  9.106280392728346E-01  9.106593435235624E-01
  9.105666283270130E-01  9.105992098494241E-01  9.106306321232354E-01
  9.105521421076370E-01  9.105847817125819E-01  9.106162629585529E-01
  9.116876814234984E-01  9.117148747847442E-01  9.117408681374994E-01
  9.116602050138148E-01  9.116875170652264E-01  9.117136296896515E-01
  9.116464540127850E-01  9.116738254099949E-01  9.116999976849365E-01
  9.127354860101852E-01  9.127573645478085E-01  9.127780463820991E-01
  9.127094245231362E-01  9.127314190128952E-01  9.127522159766087E-01
  9.126963817328858E-01  9.127184342557000E-01  9.127392888555557E-01
  9.137399806511912E-01  9.137566891225326E-01  9.137722552120283E-01
  9.137152610509958E-01  9.137320771272951E-01  9.137477485892113E-01
  9.137028901258019E-01  9.137197601139471E-01  9.137354843840464E-01
  9.147029246233210E-01  9.147148135840731E-01  9.147256640895686E-01
  9.146794552616435E-01  9.146914384158142E-01  9.147023797383000E-01
  9.146677105158130E-01  9.146797409159340E-01  9.146907278049735E-01
  9.156268412148132E-01  9.156344392788145E-01  9.156411382964539E-01
  9.156045159907555E-01  9.156121913481344E-01  9.156189636344400E-01
  9.155933444495914E-01  9.156010586246289E-01  9.156078677204846E-01
  9.165148201264424E-01  9.165187564163170E-01  9.165219433544222E-01
  9.164935262305470E-01  9.164975216785893E-01  9.165007636773619E-01
  9.164828714903966E-01  9.164868966921919E-01  9.164901663965962E-01
  9.173701390543051E-01  9.173710315165868E-01  9.173713056888581E-01
  9.173497661874227E-01  9.173507006116841E-01  9.173510129921423E-01
  9.173395730387097E-01  9.173405286114750E-01  9.173408602632808E-01
  9.181958043595658E-01  9.181941526084492E-01  9.181919752043390E-01
  9.181762519403596E-01  9.181746269768750E-01  9.181724729408816E-01
  9.181664700114394E-01  9.181648586044766E-01  9.181627164179847E-01
  9.189941974505768E-01  9.189903371561149E-01  9.189860105246049E-01
  9.189753757949606E-01  9.189715281577919E-01  9.189672104599663E-01
  9.189659601998539E-01  9.189621190673006E-01  9.189578060218856E-01
  9.197670663213474E-01  9.197612463685528E-01  9.197550299230811E-01
  9.197488885832587E-01  9.197430646139523E-01  9.197368388133992E-01
  9.197397959509815E-01  9.197339701938242E-01  9.197277399550334E-01
  9.205160847520558E-01  9.205087109369053E-01  9.205011095056859E-01
  9.204984486692005E-01  9.204910456262571E-01  9.204834062102120E-01
  9.204896280557232E-01  9.204822107001563E-01  9.204745526210024E-01
  9.212440932674743E-01  9.212361413751392E-01  9.212283555523395E-01
  9.212268550488018E-01  9.212188328881542E-01  9.212109627326319E-01
  9.212182348820949E-01  9.212101779997440E-01  9.212022661241684E-01
  9.219569417206540E-01  9.219504845777723E-01  9.219449516817810E-01
  9.219398878749979E-01  9.219332969131382E-01  9.219276094230555E-01
  9.219313618240842E-01  9.219247044885396E-01  9.219189402706965E-01
  9.226656104230193E-01  9.226643410890784E-01  9.226652341623937E-01
  9.226484359203193E-01  9.226469429939654E-01  9.226475846928304E-01
  9.226398518872578E-01  9.226382478082219E-01  9.226387644883167E-01
  9.233880549652643E-01  9.233976381489027E-01  9.234111457768713E-01
  9.233703570241970E-01  9.233796021888749E-01  9.233927383616286E-01
  9.233615139195825E-01  9.233705907772984E-01  9.233835419324056E-01
  9.241500649702125E-01  9.241781266952614E-01  9.242123233808106E-01
  9.241313606574226E-01  9.241589539041415E-01  9.241926463642153E-01
  9.241220170709574E-01  9.241493767578352E-01  9.241828177659565E-01
  9.249844058100259E-01  9.250399900000891E-01  9.251041374343648E-01
  9.249641786650388E-01  9.250191643414015E-01  9.250826805727315E-01
  9.249540760572463E-01  9.250087630214394E-01  9.250719641445552E-01
  9.259276684296830E-01  9.260200584593462E-01  9.261232617527756E-01
  9.259054447960149E-01  9.259971304058957E-01  9.260996066628717E-01
  9.258943455685962E-01  9.259856792466966E-01  9.260877921753243E-01
  9.270146183972096E-01  9.271515485836015E-01  9.273008336266737E-01
  9.269900681628516E-01  9.271262407436214E-01  9.272747633943904E-01
  9.269778059781397E-01  9.271135996300290E-01  9.272617408345656E-01
  9.282704235455719E-01  9.284558868045842E-01  9.286539574749235E-01
  9.282434725847917E-01  9.284282067694574E-01  9.286255684288539E-01
  9.282300086063169E-01  9.284143776033760E-01  9.286113839555352E-01
  9.297019038252131E-01  9.299339693723420E-01  9.301771094259117E-01
  9.296728372201043E-01  9.299043067945824E-01  9.301469001427731E-01
  9.296583118464233E-01  9.298894821888868E-01  9.301318007777999E-01
  9.312897222331513E-01  9.315589453105090E-01  9.318356736303541E-01
  9.312592506108986E-01  9.315281244332074E-01  9.318045817097012E-01
  9.312440168975046E-01  9.315127142651749E-01  9.317890340488856E-01
  9.329839108673795E-01  9.332729490102236E-01  9.335640201697045E-01
  9.329531710468706E-01  9.332422088849589E-01  9.335333807680568E-01
  9.329377954079929E-01  9.332268308104784E-01  9.335180506757539E-01
  9.347049288269591E-01  9.349897945675480E-01  9.352698918593864E-01
  9.346753986804803E-01  9.349606808070251E-01  9.352413064925497E-01
  9.346606187640393E-01  9.349461065837235E-01  9.352269939442532E-01
  9.363513632949941E-01  9.366043405126444E-01  9.368453636728672E-01
  9.363246902976426E-01  9.365785142889874E-01  9.368204915563542E-01
  9.363113296560468E-01  9.365655746401004E-01  9.368080266333262E-01
  9.378135880165748E-01  9.380073353773785E-01  9.381826845658726E-01
  9.377913565296380E-01  9.379863311421145E-01  9.381629940413477E-01
  9.377802084768335E-01  9.379757947693750E-01  9.381531127282153E-01
  9.389907904377042E-01  9.391027457014132E-01  9.391916469470182E-01
  9.389742747802086E-01  9.390877286616979E-01  9.391781810708653E-01
  9.389659788652435E-01  9.390801808442075E-01  9.391714078330882E-01
  9.398075342765901E-01  9.398235865841695E-01  9.398144374753804E-01
  9.397974937761836E-01  9.398151659727441E-01  9.398076485452173E-01
  9.397924329512684E-01  9.398109147760646E-01  9.398042131032186E-01
  9.402259424279868E-01  9.401425084255208E-01  9.400344644125052E-01
  9.402225069885496E-01  9.401406508681094E-01  9.400341566392436E-01
  9.402207498126786E-01  9.401396832084778E-01  9.400339646551711E-01
  9.402506724379879E-01  9.400747260202440E-01  9.398772043714323E-01
  9.402533453358511E-01  9.400787887783688E-01  9.398825971254471E-01
  9.402546467108539E-01  9.400807863844604E-01  9.398852611802815E-01
  9.399257195200602E-01  9.396728519214387E-01  9.394031640663929E-01
  9.399334946767502E-01  9.396817255215834E-01  9.394130575638919E-01
  9.399373539112582E-01  9.396861357221536E-01  9.394179795289601E-01
  9.393241717522877E-01  9.390152558456166E-01  9.386950469374165E-01
  9.393357335162732E-01  9.390275776813256E-01  9.387080461528954E-01
  9.393414938871213E-01  9.390337199531822E-01  9.387145289742012E-01
  9.385337933487358E-01  9.381911533421188E-01  9.378425931193537E-01
  9.385477463336104E-01  9.382055367711192E-01  9.378573325380369E-01
  9.385547100006811E-01  9.382127173661040E-01  9.378646927710537E-01
  9.376421945845893E-01  9.372862272012434E-01  9.369288617649699E-01
  9.376572668629116E-01  9.373014511586900E-01  9.369441789150953E-01
  9.376647967606048E-01  9.373090582652606E-01  9.369518338974375E-01
  9.367250322014338E-01  9.363719667059788E-01  9.360208179027542E-01
  9.367402094873182E-01  9.363870893072577E-01  9.360358456863409E-01
  9.367477968822440E-01  9.363946503378437E-01  9.360433601977196E-01
  9.358392968449200E-01  9.355003324034267E-01  9.351653639387822E-01
  9.358538721579590E-01  9.355147203428980E-01  9.351795407662590E-01
  9.358611619495429E-01  9.355219170810160E-01  9.351866325144330E-01
  9.350219018833861E-01  9.347035206418017E-01  9.343901811590646E-01
  9.350354525493224E-01  9.347168118828337E-01  9.344032012622968E-01
  9.350422321041217E-01  9.347234621173486E-01  9.344097162812139E-01
  9.342922741644517E-01  9.339972650972292E-01  9.337076123162774E-01
  9.343045950234850E-01  9.340092958848567E-01  9.337193485229518E-01
  9.343107609214438E-01  9.340153170113558E-01  9.337252226098530E-01
  9.336569629729573E-01  9.333856564419913E-01  9.331195824800920E-01
  9.336679874562278E-01  9.333963831870595E-01  9.331300102660005E-01
  9.336735060010727E-01  9.334017530882807E-01  9.331352309164964E-01
  9.331144418381528E-01  9.328657870286069E-01  9.326220232588784E-01
  9.331241745070232E-01  9.328752237849206E-01  9.326311637407134E-01
  9.331290478652694E-01  9.328799494235620E-01  9.326357414887232E-01
  9.326589379454292E-01  9.324312481394404E-01  9.322080211536401E-01
  9.326674098158746E-01  9.324394279989289E-01  9.322159084936669E-01
  9.326716535186682E-01  9.324435259556741E-01  9.322198604581015E-01
  9.322828732238702E-01  9.320742298025857E-01  9.318695913888403E-01
  9.322901204066418E-01  9.320811886243257E-01  9.318762611917213E-01
  9.322937525332897E-01  9.320846768361518E-01  9.318796051605178E-01
  9.319780620343925E-01  9.317864666538521E-01  9.315984012806098E-01
  9.319841216723014E-01  9.317922421370795E-01  9.316038922834204E-01
  9.319871607327993E-01  9.317951393612930E-01  9.316066474999103E-01
  9.317360909364634E-01  9.315594864137787E-01  9.313859166206065E-01
  9.317410062331605E-01  9.315641242619850E-01  9.313902775510697E-01
  9.317434736507656E-01  9.315664531390311E-01  9.313924681358493E-01
  9.315483459940270E-01  9.313846105194925E-01  9.312233965831904E-01
  9.315521730329757E-01  9.313881708891394E-01  9.312266919574098E-01
  9.315540965663734E-01  9.313899611888683E-01  9.312283498374169E-01
  9.314060448644129E-01  9.312530251767481E-01  9.311020136792957E-01
  9.314088563789487E-01  9.312555852672383E-01  9.311043251056927E-01
  9.314102720484133E-01  9.312568752301468E-01  9.311054907165629E-01
  9.313004639814765E-01  9.311560698856642E-01  9.310132034123948E-01
  9.313023480502629E-01  9.311577213105029E-01  9.310146256798932E-01
  9.313032995381954E-01  9.311585563873305E-01  9.310153460643843E-01
  9.312233891555878E-01  9.310857359547069E-01  9.309492032407669E-01
  9.312244432113879E-01  9.310865777862216E-01  9.309498365380567E-01
  9.312249789166748E-01  9.310870072083191E-01  9.309501615010540E-01
  9.311676974589516E-01  9.310352604952257E-01  9.309036477561051E-01
  9.311680196213135E-01  9.310353902737368E-01  9.309035885335371E-01
  9.311681883623143E-01  9.310354625902871E-01  9.309035661012592E-01
  9.311279155242453E-01  9.309996540088699E-01  9.308720550267081E-01
  9.311275959469223E-01  9.309991594480453E-01  9.308713882151523E-01
  9.311274426533275E-01  9.309989183921632E-01  9.308710607532391E-01
  9.311005961195135E-01  9.309760106146381E-01  9.308520635205459E-01
  9.310997108109674E-01  9.309749642916352E-01  9.308508581807586E-01
  9.310992734336682E-01  9.309744461208775E-01  9.308502602104594E-01
  9.310844015180462E-01  9.309635069958500E-01  9.308433451347671E-01
  9.310830101477373E-01  9.309619652310490E-01  9.308416544125734E-01
  9.310823185476486E-01  9.309611981502205E-01  9.308408125689318E-01
  9.310798598752577E-01  9.309630783453319E-01  9.308472048719379E-01
  9.310780077705422E-01  9.309610841352219E-01  9.308450697888723E-01
  9.310770846955909E-01  9.309600897403412E-01  9.308440046929407E-01
  9.310888448276750E-01  9.309768414508494E-01  9.308659557839801E-01
  9.310865681233966E-01  9.309744301505228E-01  9.308634113266204E-01
  9.310854317615206E-01  9.309732262486542E-01  9.308621406093398E-01
  9.311138942323223E-01  9.310073930349111E-01  9.309022069413487E-01
  9.311112263377744E-01  9.310045988422684E-01  9.308992884336362E-01
  9.311098935327748E-01  9.310032026770687E-01  9.308978299065714E-01
  9.311575139012840E-01  9.310571308235844E-01  9.309582107411820E-01
  9.311544913024371E-01  9.310539921428126E-01  9.309549586773737E-01
  9.311529804430866E-01  9.310524230653031E-01  9.309533327391811E-01
  9.312216012091641E-01  9.311277239454450E-01  9.310353857590160E-01
  9.312182670937973E-01  9.311242863069796E-01  9.310318479864587E-01
  9.312165999189316E-01  9.311225672286317E-01  9.310300787078361E-01
  9.313070795489360E-01  9.312198091265179E-01  9.311340762090369E-01
  9.313034845876246E-01  9.312161252342310E-01  9.311303072685603E-01
  9.313016865714161E-01  9.312142826454425E-01  9.311284220573636E-01
  9.314137748565762E-01  9.313329281946108E-01  9.312535482235076E-01
  9.314099753598765E-01  9.313290555218867E-01  9.312496064510404E-01
  9.314080747857361E-01  9.313271182852433E-01  9.312476345982635E-01
  9.315405089540751E-01  9.314656692228280E-01  9.313921741772511E-01
  9.315365632692085E-01  9.314616661304704E-01  9.313881176219359E-01
  9.315345894234699E-01  9.314596635351219E-01  9.313860882563774E-01
  9.316853456868872E-01  9.316159406930610E-01  9.315477294652733E-01
  9.316813099544627E-01  9.316118621963724E-01  9.315436117342475E-01
  9.316792910007279E-01  9.316098218379988E-01  9.315415517418856E-01
  9.318459106541157E-01  9.317812989092314E-01  9.317177227719070E-01
  9.318418349397244E-01  9.317771930393756E-01  9.317135896635723E-01
  9.318397959825389E-01  9.317751389995019E-01  9.317115220036505E-01
  9.320197112905108E-01  9.319592593049473E-01  9.318996951815313E-01
  9.320156367746109E-01  9.319551646454334E-01  9.318955825835487E-01
  9.320135984548260E-01  9.319531162609235E-01  9.318935252396353E-01
  9.322044034965911E-01  9.321475438786625E-01  9.320914466314238E-01
  9.322003610153369E-01  9.321434884737176E-01  9.320873797903294E-01
  9.321983387833139E-01  9.321414597943833E-01  9.320853454090925E-01
  9.323979751404632E-01  9.323442412091714E-01  9.322911720943409E-01
  9.323939850461378E-01  9.323402427458447E-01  9.322871661006822E-01
  9.323919890961790E-01  9.323382426299741E-01  9.322851622390806E-01
  9.325988387900253E-01  9.325478763571267E-01  9.324975093495166E-01
  9.325949118972955E-01  9.325439433532186E-01  9.324935705440949E-01
  9.325929476450133E-01  9.325419760656718E-01  9.324916003764276E-01
  9.328058424514983E-01  9.327574027452711E-01  9.327095133362908E-01
  9.328019817463871E-01  9.327535364102337E-01  9.327056412995424E-01
  9.328000506864453E-01  9.327516025558087E-01  9.327037046146752E-01
  9.330182171842454E-01  9.329721366736682E-01  9.329265791829634E-01
  9.330144199586003E-01  9.329683331087723E-01  9.329227689793705E-01
  9.330125207338016E-01  9.329664307337719E-01  9.329208633040704E-01
  9.332354850851406E-01  9.331916585215512E-01  9.331483382471444E-01
  9.332317451826321E-01  9.331879109546097E-01  9.331445826301467E-01
  9.332298747076238E-01  9.331860366646766E-01  9.331427043318220E-01
  9.334573515133234E-01  9.334157041185800E-01  9.333745500462014E-01
  9.334536614137955E-01  9.334120049127478E-01  9.333708413767493E-01
  9.334518159175106E-01  9.334101548774913E-01  9.333689866229692E-01
  9.336836025681706E-01  9.336440661754776E-01  9.336050086769059E-01
  9.336799550926245E-01  9.336404084113148E-01  9.336013403730183E-01
  9.336781309712523E-01  9.336385791559468E-01  9.335995058570494E-01
  9.339140235437809E-01  9.338765198444509E-01  9.338394760347897E-01
  9.339104130353973E-01  9.338728983523830E-01  9.338358434521160E-01
  9.339086074440915E-01  9.338710872753244E-01  9.338340268347618E-01
  9.341483472411901E-01  9.341127793774148E-01  9.340776468652021E-01
  9.341447701674642E-01  9.341091911904607E-01  9.340740476035641E-01
  9.341429813231840E-01  9.341073967916046E-01  9.340722476684348E-01
  9.343862337667604E-01  9.343524856781271E-01  9.343191436829410E-01
  9.343826887821235E-01  9.343489299679888E-01  9.343155774046771E-01
  9.343809159970349E-01  9.343471518188333E-01  9.343137939694093E-01
  9.346272770914356E-01  9.345952186154221E-01  9.345635341746594E-01
  9.346237646815879E-01  9.345916962508091E-01  9.345600020890811E-01
  9.346220081869879E-01  9.345899347752333E-01  9.345582357490033E-01
  9.348710293500638E-01  9.348405243392041E-01  9.348103607838416E-01
  9.348675512302204E-01  9.348370372463937E-01  9.348068649827381E-01
  9.348658118766962E-01  9.348352934017345E-01  9.348051167791646E-01
  9.351170322718267E-01  9.350879469919556E-01  9.350591720575226E-01
  9.351135907217433E-01  9.350844974973130E-01  9.350557148755778E-01
  9.351118696467264E-01  9.350827724454081E-01  9.350539859755466E-01
  9.353648461975176E-01  9.353370558914761E-01  9.353095475788777E-01
  9.353614434874402E-01  9.353336461878795E-01  9.353061311068812E-01
  9.353597418273139E-01  9.353319410272111E-01  9.353044225585140E-01
  9.356140701520532E-01  9.355874626311274E-01  9.355611119577406E-01
  9.356107081569320E-01  9.355840944484898E-01  9.355577377710262E-01
  9.356090268527026E-01  9.355824100479183E-01  9.355560503661583E-01
  9.358643503089431E-01  9.358388264607294E-01  9.358135372376304E-01
  9.358610303412421E-01  9.358355009537506E-01  9.358102063363155E-01
  9.358593700533769E-01  9.358338378948488E-01  9.358085405791287E-01
  9.361153777855878E-01  9.360908496962006E-01  9.360665361897547E-01
  9.361121006174722E-01  9.360875675071135E-01  9.360632490970633E-01
  9.361104617357033E-01  9.360859261143670E-01  9.360616052522096E-01
  9.363668792005974E-01  9.363432670238011E-01  9.363198506857672E-01
  9.363636452076322E-01  9.363400284458806E-01  9.363166076257211E-01
  9.363620279220718E-01  9.363384088678663E-01  9.363149858067539E-01
  9.366186044223304E-01  9.365958331614017E-01  9.365732395476127E-01
  9.366154137686714E-01  9.365926383237901E-01  9.365700406248779E-01
  9.366138181622552E-01  9.365910406255827E-01  9.365684408843039E-01
  9.368703155283993E-01  9.368483126134026E-01  9.368264692656439E-01
  9.368671683252712E-01  9.368451616249099E-01  9.368233145920702E-01
  9.368655944533233E-01  9.368435858604010E-01  9.368217369851159E-01
  9.371217796212604E-01  9.371004737162287E-01  9.370793093156329E-01
  9.371186760179115E-01  9.370973667356429E-01  9.370761990595857E-01
  9.371171239541891E-01  9.370958129832899E-01  9.370746436694669E-01
  9.373727664083504E-01  9.373520874319877E-01  9.373315321025769E-01
  9.373697066063484E-01  9.373490246636400E-01  9.373284664671929E-01
  9.373681764507505E-01  9.373474930247810E-01  9.373269333947325E-01
  9.376230499219190E-01  9.376029299380075E-01  9.375829162971178E-01
  9.376200341295462E-01  9.375999115745632E-01  9.375798954537695E-01
  9.376185259856924E-01  9.375984021451308E-01  9.375783847843819E-01
  9.378724128017762E-01  9.378527872933173E-01  9.378332517545945E-01
  9.378694411590992E-01  9.378498134379971E-01  9.378302757644559E-01
  9.378679550969943E-01  9.378483262696943E-01  9.378287875289344E-01
  9.381206513163121E-01  9.381014603940783E-01  9.380823443056800E-01
  9.381177238221813E-01  9.380985309920149E-01  9.380794130568763E-01
  9.381162598416284E-01  9.380970660578622E-01  9.380779471997985E-01
  9.383675796421130E-01  9.383487688957920E-01  9.383300192739020E-01
  9.383646961049690E-01  9.383458836929898E-01  9.383271324490473E-01
  9.383632541107735E-01  9.383444408665903E-01  9.383256888123216E-01
  9.386130325986519E-01  9.385945534968348E-01  9.385761233112196E-01
  9.386101926193381E-01  9.385917120312675E-01  9.385732803863642E-01
  9.386087724124936E-01  9.385902910821452E-01  9.385718587085077E-01
  9.388568667460845E-01  9.388386766574687E-01  9.388205247750256E-01
  9.388540697283938E-01  9.388358782754055E-01  9.388177250408634E-01
  9.388526710111985E-01  9.388344788770357E-01  9.388163249674998E-01
  9.390989602700560E-01  9.390810222689318E-01  9.390631132290731E-01
  9.390962054474107E-01  9.390782661538840E-01  9.390603558212364E-01
  9.390948278367739E-01  9.390768878981595E-01  9.390589769202606E-01
  9.393392122912396E-01  9.393214949182983E-01  9.393037987024153E-01
  9.393364987567218E-01  9.393187801202941E-01  9.393010826293789E-01
  9.393351417991681E-01  9.393174225321682E-01  9.392997244049291E-01
  9.395775421699778E-01  9.395600192668717E-01  9.395425111608796E-01
  9.395748689002367E-01  9.395573447239581E-01  9.395398353228592E-01
  9.395735320839774E-01  9.395560072723189E-01  9.395384972248914E-01
  9.398138891366767E-01  9.397965397959822E-01  9.397792003675276E-01
  9.398112550060663E-01  9.397939043457991E-01  9.397765635656422E-01
  9.398099377681270E-01  9.397925864493109E-01  9.397752449945591E-01
  9.400482123025384E-01  9.400310209079398E-01  9.400138360596166E-01
  9.400456160886355E-01  9.400284232915583E-01  9.400112369983736E-01
  9.400443178176611E-01  9.400271243206179E-01  9.400099373062958E-01
  9.402804909002396E-01  9.402634471951419E-01  9.402464082276873E-01
  9.402779312848620E-01  9.402608860576482E-01  9.402438455154501E-01
  9.402766513216639E-01  9.402596053347052E-01  9.402425640064692E-01
  9.405107245194709E-01  9.404938236391074E-01  9.404769272630880E-01
  9.405082000896414E-01  9.404912975311513E-01  9.404743994144056E-01
  9.405069377276754E-01  9.404900343314743E-01  9.404731353457370E-01
  9.407389331425561E-01  9.407221755687637E-01  9.407054238304188E-01
  9.407364423940666E-01  9.407196829512680E-01  9.407029292719242E-01
  9.407351968812996E-01  9.407184365053822E-01  9.407016818569400E-01
