  7.521579784072915E+00  7.511054667653142E+00  7.500519467651962E+00

  9.435523699889938E-01  9.435263214944902E-01  9.435005099673700E-01
  9.433705840336308E-01  9.433435779165662E-01  9.433167932431129E-01
  9.431907855419487E-01  9.431628686598652E-01  9.431351598534879E-01
  9.435510472592077E-01  9.435249878734489E-01  9.434991652321620E-01
  9.433692728653887E-01  9.433422564027956E-01  9.433154611853116E-01
  9.431894840854589E-01  9.431615573157988E-01  9.431338384496408E-01
  9.435503859934907E-01  9.435243211653072E-01  9.434984929702550E-01
  9.433686173718751E-01  9.433415957393477E-01  9.433147952528095E-01
  9.431888334406463E-01  9.431609017296108E-01  9.431331778361093E-01
  9.435503859934907E-01  9.435243211653072E-01  9.434984929702550E-01
  9.433686173718751E-01  9.433415957393477E-01  9.433147952528095E-01
  9.431888334406463E-01  9.431609017296108E-01  9.431331778361093E-01
  9.435510472592077E-01  9.435249878734489E-01  9.434991652321620E-01
  9.433692728653887E-01  9.433422564027956E-01  9.433154611853116E-01
  9.431894840854589E-01  9.431615573157988E-01  9.431338384496408E-01
  9.435523699889938E-01  9.435263214944902E-01  9.435005099673700E-01
  9.433705840336308E-01  9.433435779165662E-01  9.433167932431129E-01
  9.431907855419487E-01  9.431628686598652E-01  9.431351598534879E-01
  9.435543545832911E-01  9.435283224416509E-01  9.435025276023327E-01
  9.433725512417009E-01  9.433455606570686E-01  9.433187918144526E-01
  9.431927381453709E-01  9.431648361067280E-01  9.431371424027645E-01
  9.435570016462247E-01  9.435309913382379E-01  9.435052187802178E-01
  9.433751750400960E-01  9.433482051917997E-01  9.433214574846023E-01
  9.431953424009151E-01  9.431674601761216E-01  9.431397866325442E-01
  9.435603119861619E-01  9.435343290182548E-01  9.435085843615584E-01
  9.433784561663067E-01  9.433515122810057E-01  9.433247910375893E-01
  9.431985989853674E-01  9.431707415643341E-01  9.431430932596681E-01
  9.435642866196672E-01  9.435383365304294E-01  9.435126254283471E-01
  9.433823955472564E-01  9.433554828802161E-01  9.433287934588183E-01
  9.432025087491591E-01  9.431746811463572E-01  9.431470631849942E-01
  9.435689267737046E-01  9.435430151405130E-01  9.435173432864227E-01
  9.433869943019447E-01  9.433601181430050E-01  9.433334659379471E-01
  9.432070727187027E-01  9.431792799783492E-01  9.431516974959852E-01
  9.435742338894773E-01  9.435483663352375E-01  9.435227394695337E-01
  9.433922537447504E-01  9.433654194244380E-01  9.433388098724713E-01
  9.432122920992577E-01  9.431845393006525E-01  9.431569974698772E-01
  9.435802096271075E-01  9.435543918271297E-01  9.435288157442743E-01
  9.433981753893641E-01  9.433713882851700E-01  9.433448268719821E-01
  9.432181682782728E-01  9.431904605413131E-01  9.431629645773758E-01
  9.435868558698421E-01  9.435610935588647E-01  9.435355741145706E-01
  9.434047609532090E-01  9.433780264960541E-01  9.433515187629535E-01
  9.432247028292629E-01  9.431970453201607E-01  9.431696004869369E-01
  9.435941747306672E-01  9.435684737100395E-01  9.435430168285939E-01
  9.434120123627672E-01  9.433853360436754E-01  9.433588875944738E-01
  9.432318975163564E-01  9.432042954535861E-01  9.431769070697705E-01
  9.436021685583486E-01  9.435765347033792E-01  9.435511463851096E-01
  9.434199317594475E-01  9.433933191364445E-01  9.433669356445498E-01
  9.432397542994084E-01  9.432122129599094E-01  9.431848864054583E-01
  9.436108399448402E-01  9.435852792123136E-01  9.435599655411947E-01
  9.434285215062291E-01  9.434019782114809E-01  9.433756654272123E-01
  9.432482753398185E-01  9.432208000654760E-01  9.431935407883176E-01
  9.436201917327915E-01  9.435947101686505E-01  9.435694773200460E-01
  9.434377841949876E-01  9.434113159421884E-01  9.433850797003218E-01
  9.432574630070485E-01  9.432300592114711E-01  9.432028727345030E-01
  9.436302270258211E-01  9.436048307730073E-01  9.435796850215336E-01
  9.434477226548182E-01  9.434213352468357E-01  9.433951814743791E-01
  9.432673198858449E-01  9.432399930614549E-01  9.432128849898408E-01
  9.436409491951776E-01  9.436156445016178E-01  9.435905922291111E-01
  9.434583399605726E-01  9.434320392973485E-01  9.434059740215462E-01
  9.432778487842360E-01  9.432506045096857E-01  9.432235805384610E-01
  9.436523618928501E-01  9.436271551195645E-01  9.436022028231238E-01
  9.434696394430359E-01  9.434434315297400E-01  9.434174608862954E-01
  9.432890527423879E-01  9.432618966903099E-01  9.432349626123013E-01
  9.436644690611191E-01  9.436393666904230E-01  9.436145209904924E-01
  9.434816246993600E-01  9.434555156547850E-01  9.434296458962846E-01
  9.433009350423199E-01  9.432738729874172E-01  9.432470347014767E-01
  9.436772749445732E-01  9.436522835883339E-01  9.436275512367800E-01
  9.434942996045835E-01  9.434682956697635E-01  9.434425331742790E-01
  9.433134992184662E-01  9.432865370459417E-01  9.432598005654907E-01
  9.436907841032282E-01  9.436659105111264E-01  9.436412983992521E-01
  9.435076683240918E-01  9.434817758711183E-01  9.434561271509523E-01
  9.433267490692293E-01  9.432998927835500E-01  9.432732642454211E-01
  9.437050014254612E-01  9.436802524931976E-01  9.436557676596247E-01
  9.435217353268308E-01  9.434959608678283E-01  9.434704325783611E-01
  9.433406886694535E-01  9.433139444034343E-01  9.432874300769905E-01
  9.437199321421387E-01  9.436953149195104E-01  9.436709645578477E-01
  9.435365053994254E-01  9.435108555956407E-01  9.434854545442191E-01
  9.433553223838675E-01  9.433286964080523E-01  9.433023027045533E-01
  9.437355818407459E-01  9.437111035395049E-01  9.436868950057065E-01
  9.435519836610912E-01  9.435264653320333E-01  9.435011984868334E-01
  9.433706548815277E-01  9.433441536138346E-01  9.433178870960097E-01
  9.437519564814627E-01  9.437276244828520E-01  9.437035653021497E-01
  9.435681755795717E-01  9.435427957121277E-01  9.435176702109069E-01
  9.433866911513082E-01  9.433603211668934E-01  9.433341885586646E-01
  9.437690624111760E-01  9.437448842730219E-01  9.437209821463046E-01
  9.435850869875155E-01  9.435598527449517E-01  9.435348759035859E-01
  9.434034365183284E-01  9.433772045596102E-01  9.433512127558986E-01
  9.437869063816523E-01  9.437628898448753E-01  9.437391526543649E-01
  9.436027241000681E-01  9.435776428308074E-01  9.435528221514972E-01
  9.434208966614304E-01  9.433948096482005E-01  9.433689657247312E-01
  9.438054955633209E-01  9.437816485577050E-01  9.437580843717640E-01
  9.436210935323616E-01  9.435961727784091E-01  9.435715159574140E-01
  9.434390776314587E-01  9.434131426709893E-01  9.433874538939913E-01
  9.438248375621211E-01  9.438011682111654E-01  9.437777852880491E-01
  9.436402023178619E-01  9.436154498227305E-01  9.435909647574717E-01
  9.434579858704450E-01  9.434322102674801E-01  9.434066841031604E-01
  9.438449404349143E-01  9.438214570595679E-01  9.437982638499155E-01
  9.436600579269170E-01  9.436354816428811E-01  9.436111764382326E-01
  9.434776282315492E-01  9.434520194980515E-01  9.434266636216969E-01
  9.438658127044189E-01  9.438425238254798E-01  9.438195289733208E-01
  9.436806682853583E-01  9.436562763798437E-01  9.436321593534037E-01
  9.434980119996011E-01  9.434725778640967E-01  9.434474001686366E-01
  9.438874633739114E-01  9.438643777128510E-01  9.438415900548819E-01
  9.437020417929903E-01  9.436778426538782E-01  9.436539223399958E-01
  9.435191449120884E-01  9.434938933284306E-01  9.434689019322657E-01
  9.439099019387200E-01  9.438870284166744E-01  9.438644569795468E-01
  9.437241873412953E-01  9.437001895809011E-01  9.436764747332044E-01
  9.435410351803375E-01  9.435159743356829E-01  9.434911775895622E-01
  9.439331383986271E-01  9.439104861332785E-01  9.438881401286215E-01
  9.437471143307158E-01  9.437233267881716E-01  9.436998263803226E-01
  9.435636915107157E-01  9.435388298324782E-01  9.435142363251745E-01
  9.439571832662952E-01  9.439347615663540E-01  9.439126503832446E-01
  9.437708326864612E-01  9.437472644282119E-01  9.437239876525916E-01
  9.435871231254439E-01  9.435624692869622E-01  9.435380878494730E-01
  9.439820475736354E-01  9.439598659306173E-01  9.439379991252023E-01
  9.437953528726811E-01  9.437720131907787E-01  9.437489694547869E-01
  9.436113397827023E-01  9.435869027073285E-01  9.435627424152968E-01
  9.440077428756131E-01  9.439858109526025E-01  9.439641982345739E-01
  9.438206859044871E-01  9.437975843123489E-01  9.437747832319830E-01
  9.436363517955859E-01  9.436121406588717E-01  9.435882108328977E-01
  9.440342812483041E-01  9.440126088653895E-01  9.439912600810170E-01
  9.438468433569591E-01  9.438239895822366E-01  9.438014409726052E-01
  9.436621700493395E-01  9.436381942789676E-01  9.436145044824522E-01
  9.440616752848576E-01  9.440402724009312E-01  9.440191975123655E-01
  9.438738373711012E-01  9.438512413452966E-01  9.438289552077140E-01
  9.436888060164776E-01  9.436650752895636E-01  9.436416353237082E-01
  9.440899380855633E-01  9.440688147761890E-01  9.440480238367688E-01
  9.439016806556588E-01  9.438793525001202E-01  9.438573390054279E-01
  9.437162717690153E-01  9.436927960063789E-01  9.436696159019431E-01
  9.441190832418112E-01  9.440982496728886E-01  9.440777527982146E-01
  9.439303864839017E-01  9.439083364918300E-01  9.438866059596033E-01
  9.437445799870874E-01  9.437213693440818E-01  9.436984593494948E-01
  9.441491248125037E-01  9.441285912094890E-01  9.441083985440655E-01
  9.439599686847407E-01  9.439382072988538E-01  9.439167701721670E-01
  9.437737439632029E-01  9.437508088166744E-01  9.437281793820889E-01
  9.441800772963838E-01  9.441598539088716E-01  9.441399755881696E-01
  9.439904416279037E-01  9.439689794134221E-01  9.439478462288752E-01
  9.438037776013825E-01  9.437811285323308E-01  9.437587902892108E-01
  9.442119555934629E-01  9.441920526549894E-01  9.441724987628469E-01
  9.440218202014653E-01  9.440006678141165E-01  9.439798491668665E-01
  9.438346954102098E-01  9.438123431817226E-01  9.437903069175709E-01
  9.442447749595553E-01  9.442252026425509E-01  9.442059831638991E-01
  9.440541197815876E-01  9.440332879303708E-01  9.440127944339626E-01
  9.438665124889476E-01  9.438444680189982E-01  9.438227446468499E-01
  9.442785509519981E-01  9.442593193179020E-01  9.442404440868976E-01
  9.440873561935160E-01  9.440668555980319E-01  9.440466978388966E-01
  9.438992445058104E-01  9.438775188345447E-01  9.438561193569007E-01
  9.443132993650390E-01  9.442944183096860E-01  9.442758969534304E-01
  9.441215456629704E-01  9.441013870052088E-01  9.440815754917876E-01
  9.439329076674327E-01  9.439115119186302E-01  9.438904473855723E-01
  9.443490361559689E-01  9.443305153504795E-01  9.443123572286283E-01
  9.441567047573973E-01  9.441368986279781E-01  9.441174437345436E-01
  9.439675186785449E-01  9.439464640150241E-01  9.439257454763424E-01
  9.443857773621663E-01  9.443676261896989E-01  9.443498403303940E-01
  9.441928503165961E-01  9.441734071555808E-01  9.441543190609544E-01
  9.440030946909441E-01  9.439823922637738E-01  9.439620307150498E-01
  9.444235390064625E-01  9.444057664953223E-01  9.443883615280189E-01
  9.442299993717694E-01  9.442109294042856E-01  9.441922180257803E-01
  9.440396532407265E-01  9.440193141322032E-01  9.439993204548953E-01
  9.444623369944513E-01  9.444449517481867E-01  9.444279358340766E-01
  9.442681690533383E-01  9.442494822203800E-01  9.442311571434311E-01
  9.440772121732938E-01  9.440572473337399E-01  9.440376322294297E-01
  9.445021870009092E-01  9.444851971261461E-01  9.444685778870013E-01
  9.443073764872194E-01  9.442890823721145E-01  9.442711527761803E-01
  9.441157895557665E-01  9.440962097343008E-01  9.440769836533629E-01
  9.445431043501897E-01  9.445265173830782E-01  9.445103018294481E-01
  9.443476386805696E-01  9.443297464317424E-01  9.443122210131960E-01
  9.441554035769804E-01  9.441362192465488E-01  9.441173923116373E-01
  9.445851038867400E-01  9.445689267190095E-01  9.445531211788140E-01
  9.443889723971647E-01  9.443714906479916E-01  9.443543775408783E-01
  9.441960724353919E-01  9.441772937125361E-01  9.441588756374660E-01
  9.446281998426072E-01  9.446124386483623E-01  9.445970486970385E-01
  9.444313940241452E-01  9.444143308109113E-01  9.443976375066356E-01
  9.442378142154383E-01  9.442194507755384E-01  9.442014507803804E-01
  9.446724056979700E-01  9.446570658625061E-01  9.446420962559854E-01
  9.444749194306161E-01  9.444582821098065E-01  9.444420153770272E-01
  9.442806467526133E-01  9.442627077416378E-01  9.442451344651349E-01
  9.447177340440875E-01  9.447028200961450E-01  9.446882747080565E-01
  9.445195638202110E-01  9.445033589865941E-01  9.444875247928008E-01
  9.443245874877320E-01  9.443070814318161E-01  9.442899428425104E-01
  9.447641964416863E-01  9.447497119906642E-01  9.447355937552402E-01
  9.445653415776351E-01  9.445495749847526E-01  9.445341784211562E-01
  9.443696533106057E-01  9.443525880249939E-01  9.443358913326692E-01
  9.448118032820327E-01  9.447977509617185E-01  9.447840618238978E-01
  9.446122661116430E-01  9.445969425964036E-01  9.445819878078315E-01
  9.444158603943621E-01  9.443992428933693E-01  9.443829944625285E-01
  9.448605636545480E-01  9.448469450748722E-01  9.448336859490285E-01
  9.446603496969999E-01  9.446454731100666E-01  9.446309632315311E-01
  9.444632240223592E-01  9.444470604320365E-01  9.444312656991489E-01
  9.449104852169075E-01  9.448973009251044E-01  9.448844716636819E-01
  9.447096033173952E-01  9.446951764609873E-01  9.446811135624961E-01
  9.445117584106999E-01  9.444960538858851E-01  9.444807172821001E-01
  9.449615740773457E-01  9.449488235297232E-01  9.449364229028572E-01
  9.447600365136737E-01  9.447460610883176E-01  9.447324461293705E-01
  9.445614765301868E-01  9.445462351776360E-01  9.445313600586265E-01
  9.450138346862564E-01  9.450015162315726E-01  9.449895419185378E-01
  9.448116572405656E-01  9.447981338022388E-01  9.447849665973193E-01
  9.446123899319407E-01  9.445976147412891E-01  9.445832033258849E-01
  9.450672697476555E-01  9.450553806228927E-01  9.450438292159905E-01
  9.448644717366154E-01  9.448513996656345E-01  9.448386788618758E-01
  9.446645085807759E-01  9.446502013651387E-01  9.446362546844278E-01
  9.451218801451156E-01  9.451104164842224E-01  9.450992835054781E-01
  9.449184844094092E-01  9.449058618922868E-01  9.448935849603370E-01
  9.447178406999224E-01  9.447040020479597E-01  9.446905199065132E-01
  9.451776648896335E-01  9.451666217455653E-01  9.451559016763610E-01
  9.449736977396773E-01  9.449615217649747E-01  9.449496850038733E-01
  9.447723926303969E-01  9.447590218715758E-01  9.447460028223340E-01
  9.452346210897715E-01  9.452239924698771E-01  9.452136787933673E-01
  9.450301122066433E-01  9.450183785755658E-01  9.450069771321552E-01
  9.448281687081006E-01  9.448152638926567E-01  9.448027052267736E-01
  9.452927439447937E-01  9.452825228592733E-01  9.452726081151203E-01
  9.450877262364969E-01  9.450764295886145E-01  9.450654574916493E-01
  9.448851711616784E-01  9.448727290564416E-01  9.448606268090234E-01
  9.453520267608141E-01  9.453422052836175E-01  9.453326811342501E-01
  9.451465361756316E-01  9.451356700296993E-01  9.451251202384096E-01
  9.449434000340687E-01  9.449314161348991E-01  9.449197651071435E-01
  9.454124609903937E-01  9.454030303315704E-01  9.453938876388358E-01
  9.452065362900677E-01  9.451960930994934E-01  9.451859575659401E-01
  9.450028531304887E-01  9.449913216916266E-01  9.449801154894126E-01
  9.454740362969951E-01  9.454649868851789E-01  9.454562157959583E-01
  9.452677187920102E-01  9.452576900141088E-01  9.452479597582828E-01
  9.450635259951369E-01  9.450524400753296E-01  9.450416711638613E-01
  9.455367406393741E-01  9.455280622127988E-01  9.455196522519037E-01
  9.453300738928638E-01  9.453204500706592E-01  9.453111152669157E-01
  9.451254119179043E-01  9.451147634427293E-01  9.451044232164072E-01
  9.456005603754351E-01  9.455922420796575E-01  9.455841822481414E-01
  9.453935898821946E-01  9.453843607371888E-01  9.453754108103114E-01
  9.451885019716472E-01  9.451782818110165E-01  9.451683606773030E-01
  9.456654803884905E-01  9.456575108788288E-01  9.456497897557253E-01
  9.454582532317725E-01  9.454494077658008E-01  9.454408314947300E-01
  9.452527850796968E-01  9.452429831391006E-01  9.452334706147512E-01
  9.457314842233782E-01  9.457238517699821E-01  9.457164576154273E-01
  9.455240487209025E-01  9.455155753249499E-01  9.455073609520155E-01
  9.453182481121326E-01  9.453088534357730E-01  9.452997382534503E-01
  9.457985542378659E-01  9.457912468313016E-01  9.457841676890073E-01
  9.455909595813410E-01  9.455828461490146E-01  9.455749814923822E-01
  9.453848760088233E-01  9.453758768924395E-01  9.453671471154281E-01
  9.458666717611023E-01  9.458596772163707E-01  9.458529010134905E-01
  9.456589676578658E-01  9.456512017011209E-01  9.456436742681138E-01
  9.454526519264034E-01  9.454440360373154E-01  9.454356791798316E-01
  9.459358172586332E-01  9.459291233156513E-01  9.459226379582165E-01
  9.457280535810877E-01  9.457206223457936E-01  9.457134194447822E-01
  9.455215574057393E-01  9.455133119074531E-01  9.455053150579221E-01
  9.460059704969954E-01  9.459995649157378E-01  9.459933583780340E-01
  9.457981969479273E-01  9.457910875269354E-01  9.457841963756051E-01
  9.455915725557730E-01  9.455836842344163E-01  9.455760341790620E-01
  9.460771107073510E-01  9.460709813560775E-01  9.460650417625749E-01
  9.458693765062075E-01  9.458625759477423E-01  9.458559837757375E-01
  9.456626762493250E-01  9.456551316392005E-01  9.456478149833687E-01
  9.461492167440407E-01  9.461433516793041E-01  9.461376673780282E-01
  9.459415703390616E-01  9.459350657484786E-01  9.459287598926719E-01
  9.457348463262443E-01  9.457276318319049E-01  9.457206351166987E-01
  9.462222672348595E-01  9.462166547722834E-01  9.462112143988080E-01
  9.460147560453258E-01  9.460085346785670E-01  9.460025026694955E-01
  9.458080597990358E-01  9.458011618114914E-01  9.457944716235376E-01
  9.462962407206634E-01  9.462908694957907E-01  9.462856620273339E-01
  9.460889109121956E-01  9.460829602595916E-01  9.460771898979339E-01
  9.458822930564451E-01  9.458756980613898E-01  9.458693011338599E-01
  9.463711157814277E-01  9.463659748002479E-01  9.463609895996490E-01
  9.461640120770718E-01  9.461583199364929E-01  9.461527993588009E-01
  9.459575220606521E-01  9.459512167369427E-01  9.459451000403050E-01
  9.464468711502320E-01  9.464419498292949E-01  9.464371766789195E-01
  9.462400366763760E-01  9.462345912150922E-01  9.462293089483365E-01
  9.460337225342419E-01  9.460276938412441E-01  9.460218446626089E-01
  9.465234858096059E-01  9.465187740059028E-01  9.465142031317805E-01
  9.463169619786165E-01  9.463117517835768E-01  9.463066967883960E-01
  9.461108701336103E-01  9.461051053864357E-01  9.460995113967542E-01
  9.466009390735443E-01  9.465964271045771E-01  9.465920491912855E-01
  9.463947655008077E-01  9.463897796173819E-01  9.463849413202304E-01
  9.461889406061254E-01  9.461834275381927E-01  9.461780768469602E-01
  9.466792106535932E-01  9.466748893082616E-01  9.466706955052522E-01
  9.464734251072083E-01  9.464686530667303E-01  9.464640213813884E-01
  9.462679099290010E-01  9.462626367417512E-01  9.462575179392342E-01
  9.467582807089007E-01  9.467541412499967E-01  9.467501231701948E-01
  9.465529190898636E-01  9.465483509265750E-01  9.465439162657092E-01
  9.463477544285265E-01  9.463427098284810E-01  9.463378120158196E-01
  9.468381298810458E-01  9.468341640402707E-01  9.468303137518792E-01
  9.466332262312794E-01  9.466288524894791E-01  9.466246057671241E-01
  9.464284508790242E-01  9.464236241027022E-01  9.464189369105261E-01
  9.469187393166444E-01  9.469149392831422E-01  9.469112492956409E-01
  9.467143258501104E-01  9.467101375824829E-01  9.467060702084468E-01
  9.465099765814504E-01  9.465053574089259E-01  9.465008710053572E-01
  9.470000906750270E-01  9.469964490784730E-01  9.469929123238281E-01
  9.467961978303608E-01  9.467921865885637E-01  9.467882904558488E-01
  9.465923094222076E-01  9.465878881803043E-01  9.465835932693992E-01
  9.470821661271793E-01  9.470786760164720E-01  9.470752858265686E-01
  9.468788226360434E-01  9.468749804547086E-01  9.468712479210847E-01
  9.466754279131026E-01  9.466711954693824E-01  9.466670832811955E-01
  9.471649483425537E-01  9.471616031611377E-01  9.471583532424147E-01
  9.469621813122617E-01  9.469585006875899E-01  9.469549245524650E-01
  9.467593112138618E-01  9.467552589626665E-01  9.467513212361898E-01
  9.472484204704099E-01  9.472452140292156E-01  9.472420984354285E-01
  9.470462554750666E-01  9.470427293391814E-01  9.470393028168913E-01
  9.468439391389375E-01  9.468400589807933E-01  9.468362879410567E-01
  9.473325661127178E-01  9.473294925616353E-01  9.473265056656078E-01
  9.471310272912192E-01  9.471276489834146E-01  9.471243656740017E-01
  9.469292921503665E-01  9.469255764660719E-01  9.469219647966796E-01
  9.474173692919388E-01  9.474144230906687E-01  9.474115595558050E-01
  9.472164794500133E-01  9.472132426859545E-01  9.472100965444329E-01
  9.470153513388044E-01  9.470117929594896E-01  9.470083337718185E-01
  9.475028144182069E-01  9.474999903072360E-01  9.474972450594801E-01
  9.473025951293655E-01  9.472994939692265E-01  9.472964792742410E-01
  9.471020983948645E-01  9.470986905692469E-01  9.470953773694636E-01
  9.475888862505776E-01  9.475861792229340E-01  9.475835474237624E-01
  9.473893579569095E-01  9.473863867733260E-01  9.473834980960137E-01
  9.471895155726761E-01  9.471862519326523E-01  9.471830785876100E-01
  9.476755698604369E-01  9.476729751347760E-01  9.476704521557134E-01
  9.474767519687106E-01  9.474739054153226E-01  9.474711375890775E-01
  9.472775856477793E-01  9.472744601733845E-01  9.472714208763513E-01
  9.477628505939399E-01  9.477603635894115E-01  9.477579449884616E-01
  9.475647615665181E-01  9.475620345477629E-01  9.475593826394912E-01
  9.473662918712501E-01  9.473632988559006E-01  9.473603880929533E-01
  9.478507140359473E-01  9.478483303491952E-01  9.478460118494809E-01
  9.476533714751407E-01  9.476507591178395E-01  9.476482184011848E-01
  9.474556179217676E-01  9.474527519385750E-01  9.474499644563663E-01
  9.479391459776636E-01  9.479368613622129E-01  9.479346388330339E-01
  9.477425667012058E-01  9.477400643283785E-01  9.477376302592860E-01
  9.475455478572524E-01  9.475428037270683E-01  9.475401345025525E-01
  9.480281323840342E-01  9.480259427322324E-01  9.480238121726620E-01
  9.478323324936745E-01  9.478299356009048E-01  9.478276037957905E-01
  9.476360660673524E-01  9.476334388290767E-01  9.476308830416524E-01
  9.481176593678909E-01  9.481155606954874E-01  9.481135182205526E-01
  9.479226543078643E-01  9.479203585424346E-01  9.479181247591290E-01
  9.477271572280965E-01  9.477246421116564E-01  9.477221951180702E-01
  9.482077131651545E-01  9.482057015985259E-01  9.482037434279497E-01
  9.480135177728202E-01  9.480113189157438E-01  9.480091790372911E-01
  9.478188062596258E-01  9.478163986619157E-01  9.478140559741564E-01
  9.482982801169637E-01  9.482963518829302E-01  9.482944743323523E-01
  9.481049086631702E-01  9.481028026141572E-01  9.481007526354710E-01
  9.479109982878355E-01  9.479086937517984E-01  9.479064510181120E-01
  9.483893466518487E-01  9.483874980699672E-01  9.483856975445096E-01
  9.481968128749083E-01  9.481947956402307E-01  9.481928316575364E-01
  9.480037186104688E-01  9.480015128074004E-01  9.479993657964605E-01
  9.484808992770722E-01  9.484791267542464E-01  9.484773997442477E-01
  9.482892164064816E-01  9.482872840896308E-01  9.482854022925677E-01
  9.480969526681090E-01  9.480948413831765E-01  9.480927859713663E-01
  9.485729245693670E-01  9.485712245965737E-01  9.485695676752823E-01
  9.483821053438454E-01  9.483802541388249E-01  9.483784508050263E-01
  9.481906860202780E-01  9.481886651411676E-01  9.481866973028555E-01
  9.486654091714580E-01  9.486637783223615E-01  9.486621881453530E-01
  9.484754658504037E-01  9.484736920374475E-01  9.484719635293799E-01
  9.482849043267605E-01  9.482829698353017E-01  9.482810856359354E-01
  9.487583397934548E-01  9.487567747246560E-01  9.487552480307215E-01
  9.485692841615657E-01  9.485675841050407E-01  9.485659268688511E-01
  9.483795933341289E-01  9.483777413006866E-01  9.483759368924795E-01
  9.488517032156888E-01  9.488502006683466E-01  9.488487342815902E-01
  9.486635465830519E-01  9.486619167312734E-01  9.486603272973690E-01
  9.484747388671940E-01  9.484729654475768E-01  9.484712370675221E-01
  9.489454862934561E-01  9.489440430960070E-01  9.489426339288869E-01
  9.487582394927609E-01  9.487566763794324E-01  9.487551513645071E-01
  9.485703268250930E-01  9.485686282596897E-01  9.485669722296112E-01
  9.490396759670651E-01  9.490382890387706E-01  9.490369340958205E-01
  9.488533493463883E-01  9.488518495933653E-01  9.488503857035768E-01
  9.486663431817750E-01  9.486647157966100E-01  9.486631285249354E-01
  9.491342592713902E-01  9.491329256264479E-01  9.491316220084264E-01
  9.489488626855899E-01  9.489474230066686E-01  9.489460170416754E-01
  9.487627739903015E-01  9.487612141996823E-01  9.487596921846179E-01
  9.492292233476461E-01  9.492279400996101E-01  9.492266850078396E-01
  9.490447661485397E-01  9.490433833539719E-01  9.490420322115433E-01
  9.488596053905504E-01  9.488581097009752E-01  9.488566495347586E-01
  9.493245554571557E-01  9.493233198234317E-01  9.493221105641043E-01
  9.491410464825241E-01  9.491397174839734E-01  9.491384181649027E-01
  9.489568236197600E-01  9.489553886347573E-01  9.489539870086687E-01
  9.494202429937119E-01  9.494190522999120E-01  9.494178862881660E-01
  9.492376905575978E-01  9.492364123732701E-01  9.492351619863374E-01
  9.490544150253337E-01  9.490530374509130E-01  9.490516911607390E-01
  9.495162734991404E-01  9.495151251831057E-01  9.495139999466967E-01
  9.493346853814545E-01  9.493334551411531E-01  9.493322509079085E-01
  9.491523660793730E-01  9.491510427297820E-01  9.491497486814449E-01
  9.496126346743885E-01  9.496115262897165E-01  9.496104394721391E-01
  9.494320181140645E-01  9.494308330639510E-01  9.494296723231161E-01
  9.492506633943102E-01  9.492493911978179E-01  9.492481464129066E-01
  9.497093143944431E-01  9.497082436133848E-01  9.497071929763246E-01
  9.495296760829282E-01  9.495285335897958E-01  9.495274138011095E-01
  9.493492937392178E-01  9.493480697436665E-01  9.493468713646326E-01
  9.498063007200768E-01  9.498052653356964E-01  9.498042487607232E-01
  9.496276467974847E-01  9.496265443523823E-01  9.496254630997480E-01
  9.494482440562071E-01  9.494470654341076E-01  9.494459107289228E-01
  9.499035819084011E-01  9.499025798359226E-01  9.499015953253650E-01
  9.497259179626443E-01  9.497248531837227E-01  9.497238081775481E-01
  9.495475014764225E-01  9.495463655294035E-01  9.495452518955063E-01
  9.500011464230201E-01  9.500001757003128E-01  9.499992213772792E-01
  9.498244774912732E-01  9.498234481257580E-01  9.498224372044067E-01
  9.496470533352493E-01  9.496459574977011E-01  9.496448824650977E-01
  9.500989829416020E-01  9.500980417287849E-01  9.500971158363253E-01
  9.499233135151584E-01  9.499223174403854E-01  9.499213385706955E-01
  9.497468871863463E-01  9.497458290281412E-01  9.497447902615596E-01
  9.501970803633866E-01  9.501961669415583E-01  9.501952678409821E-01
  9.500224143945635E-01  9.500214496180440E-01  9.500205008948946E-01
  9.498469908142678E-01  9.498459680424729E-01  9.498449633425055E-01
  9.502954278134822E-01  9.502945405826039E-01  9.502936667509927E-01
  9.501217687257912E-01  9.501208333843059E-01  9.501199130292417E-01
  9.499473522452816E-01  9.499463627048140E-01  9.499453900080163E-01
  9.503940146456195E-01  9.503931521216011E-01  9.503923021485736E-01
  9.502213653468876E-01  9.502204577046309E-01  9.502195640635808E-01
  9.500479597563315E-01  9.500470014295429E-01  9.500460588074883E-01
  9.504928304447183E-01  9.504919912557750E-01  9.504911638395738E-01
  9.503211933417518E-01  9.503203117875771E-01  9.503194433277214E-01
  9.501488018819865E-01  9.501478728871912E-01  9.501469585445111E-01
  9.505918650259915E-01  9.505910479083490E-01  9.505902418513350E-01
  9.504212420420713E-01  9.504203850859025E-01  9.504195403917657E-01
  9.502498674193189E-01  9.502489660083098E-01  9.502480782797724E-01
  9.506911084335155E-01  9.506903122265573E-01  9.506895264302022E-01
  9.505215010276076E-01  9.505206672961033E-01  9.505198450649591E-01
  9.503511454307065E-01  9.503502699853258E-01  9.503494073320288E-01
  9.507905509379306E-01  9.507897745788823E-01  9.507890080383570E-01
  9.506219601248317E-01  9.506211483563987E-01  9.506203473930880E-01
  9.504526252446333E-01  9.504517742724856E-01  9.504509352772560E-01
  9.508901830305163E-01  9.508894255487695E-01  9.508886773472280E-01
  9.507226094036952E-01  9.507218184429574E-01  9.507210376542250E-01
  9.505542964545416E-01  9.505534685839521E-01  9.505526519460595E-01
  9.509899954203700E-01  9.509892559315476E-01  9.509885252342035E-01
  9.508234391735592E-01  9.508226679653931E-01  9.508219063538530E-01
  9.506561489159988E-01  9.506553428903294E-01  9.506545474196274E-01
  9.510899790258189E-01  9.510892567256795E-01  9.510885427737719E-01
  9.509244399772939E-01  9.509236875605429E-01  9.509229442183815E-01
  9.507581727421739E-01  9.507573874136203E-01  9.507566120242353E-01
  9.511901249699131E-01  9.511894191281907E-01  9.511887212329280E-01
  9.510256025849081E-01  9.510248680858865E-01  9.510241421884096E-01
  9.508603582979881E-01  9.508595926209794E-01  9.508588363246694E-01
  9.512904245706861E-01  9.512897345249522E-01  9.512890520615153E-01
  9.511269179857511E-01  9.511262006116437E-01  9.511254914107693E-01
  9.509626961929828E-01  9.509619492173080E-01  9.509612111166081E-01
  9.513908693355706E-01  9.513901944851980E-01  9.513895268868778E-01
  9.512283773807023E-01  9.512276764129591E-01  9.512269832307476E-01
  9.510651772732961E-01  9.510644481370752E-01  9.510637274183444E-01
  9.514914509515077E-01  9.514907907518058E-01  9.514901375043376E-01
  9.513299721733526E-01  9.513292869611688E-01  9.513286091834752E-01
  9.511677926128241E-01  9.511670805354359E-01  9.511663764619096E-01
  9.515921612786707E-01  9.515915152352524E-01  9.515908758714013E-01
  9.514316939614147E-01  9.514310239153750E-01  9.514303609856959E-01
  9.512705335038862E-01  9.512698377789546E-01  9.512691496838988E-01
  9.516929923410550E-01  9.516923600044840E-01  9.516917340989230E-01
  9.515335345276046E-01  9.515328791135613E-01  9.515322305271384E-01
  9.513733914475013E-01  9.513727114360324E-01  9.513720387160822E-01
  9.517939363192899E-01  9.517933172800461E-01  9.517927044445620E-01
  9.516354858308341E-01  9.516348445640757E-01  9.516342098623066E-01
  9.514763581435830E-01  9.514756932673308E-01  9.514750353760869E-01
  9.518949855432396E-01  9.518943794270314E-01  9.518937793060791E-01
  9.517375399976232E-01  9.517369124373775E-01  9.517362912025713E-01
  9.515794254811430E-01  9.515787752162705E-01  9.515781316582103E-01
  9.519961324848683E-01  9.519955389483090E-01  9.519949512149294E-01
  9.518396893137742E-01  9.518390750580804E-01  9.518384669085872E-01
  9.516825855287151E-01  9.516819493998032E-01  9.516813197245537E-01
  9.520973697520682E-01  9.520967884787271E-01  9.520962128308328E-01
  9.519419262164428E-01  9.519413248974149E-01  9.519407294831449E-01
  9.517858305250382E-01  9.517852080994832E-01  9.517845918964897E-01
  9.521986900809903E-01  9.521981207778178E-01  9.521975569348454E-01
  9.520442432864361E-01  9.520436545659280E-01  9.520430715642701E-01
  9.518891528701580E-01  9.518885437529843E-01  9.518879406465951E-01
  9.523000863321123E-01  9.522995287262348E-01  9.522989764261549E-01
  9.521466332414886E-01  9.521460568071665E-01  9.521454859193034E-01
  9.519925451170654E-01  9.519919489461701E-01  9.519913585911506E-01
  9.524015514835575E-01  9.524010053194294E-01  9.524004643161003E-01
  9.522490889296700E-01  9.522485244914850E-01  9.522479654390980E-01
  9.520959999638877E-01  9.520954164057230E-01  9.520948384831981E-01
  9.525030786277146E-01  9.525025436646104E-01  9.525020137254578E-01
  9.523516033236997E-01  9.523510506107512E-01  9.523505031331009E-01
  9.521995102466736E-01  9.521989389923641E-01  9.521983732061851E-01
  9.526046609662711E-01  9.526041369760995E-01  9.526036178801010E-01
  9.524541695155317E-01  9.524536282733015E-01  9.524530921246654E-01
  9.523030689328099E-01  9.523025096946921E-01  9.523019557682115E-01
  9.527062918059217E-01  9.527057785713351E-01  9.527052701072860E-01
  9.525567807115861E-01  9.525562506995239E-01  9.525557256469678E-01
  9.524066691150602E-01  9.524061216236288E-01  9.524055792968660E-01
  9.528079645573090E-01  9.528074618700875E-01  9.528069638351234E-01
  9.526594302288989E-01  9.526589112183348E-01  9.526583970397933E-01
  9.525103040063005E-01  9.525097680075384E-01  9.525092370347102E-01
  9.529096727299420E-01  9.529091803896230E-01  9.529086925879737E-01
  9.527621114911359E-01  9.527616032634910E-01  9.527610997461300E-01
  9.526139669347383E-01  9.526134421878030E-01  9.526129223351946E-01
  9.530114099310339E-01  9.530109277437639E-01  9.530104499857127E-01
  9.528648180255408E-01  9.528643203708103E-01  9.528638273096443E-01
  9.527176513397645E-01  9.527171376150042E-01  9.527166286591493E-01
  9.531131698629444E-01  9.531126976405260E-01  9.531122297415515E-01
  9.529675434601611E-01  9.529670561756398E-01  9.529665733723766E-01
  9.528213507683563E-01  9.528208478456245E-01  9.528203495717665E-01
  9.532149463219084E-01  9.532144838810186E-01  9.532140256610943E-01
  9.530702815215609E-01  9.530698044107855E-01  9.530693316728700E-01
  9.529250588719372E-01  9.529245665391746E-01  9.529240787399783E-01
  9.533167331960500E-01  9.533162803576070E-01  9.533158316406364E-01
  9.531730260327498E-01  9.531725589046290E-01  9.531720960444632E-01
  9.530287694036922E-01  9.530282874557475E-01  9.530278099302321E-01
  9.534185244647602E-01  9.534180810534166E-01  9.534176416667851E-01
  9.532757709115695E-01  9.532753135796785E-01  9.532748604139901E-01
  9.531324762162933E-01  9.531320044539519E-01  9.531315370066162E-01
  9.535203141966228E-01  9.535198800403663E-01  9.535194498145892E-01
  9.533785101691505E-01  9.533780624511645E-01  9.533776188005046E-01
  9.532361732599368E-01  9.532357114891307E-01  9.532352539292460E-01
  9.536220965501671E-01  9.536216714800093E-01  9.536212502484618E-01
  9.534812379089663E-01  9.534807996262125E-01  9.534803653145603E-01
  9.533398545807593E-01  9.533394026119308E-01  9.533389547529748E-01
  9.537238657720729E-01  9.537234496218129E-01  9.537230372205241E-01
  9.535839483256503E-01  9.535835193027585E-01  9.535830941572156E-01
  9.534435143194032E-01  9.534430719670014E-01  9.534426336262112E-01
  9.538256161959479E-01  9.538252088019943E-01  9.538248050694962E-01
  9.536866357040363E-01  9.536862157686712E-01  9.536857996192284E-01
  9.535471467098663E-01  9.535467137919510E-01  9.535462847899766E-01
  9.539273422434180E-01  9.539269434446588E-01  9.539265482218763E-01
  9.537892944187232E-01  9.537888834013816E-01  9.537884760807455E-01
  9.536507460785515E-01  9.536503224164891E-01  9.536499025771270E-01
  9.540290384225361E-01  9.540286480602458E-01  9.540282611904195E-01
  9.538919189333508E-01  9.538915166672124E-01  9.538911180106778E-01
  9.537543068434516E-01  9.537538922616834E-01  9.537534814116768E-01
  9.541306993280445E-01  9.541303172458193E-01  9.541299385744527E-01
  9.539945038001125E-01  9.539941101209314E-01  9.539937199662906E-01
  9.538578235134114E-01  9.538574178392808E-01  9.538570158081713E-01
  9.542323196406086E-01  9.542319456843232E-01  9.542315750591487E-01
  9.540970436591881E-01  9.540966584052164E-01  9.540962765926958E-01
  9.539612906874972E-01  9.539608937511233E-01  9.539605003711439E-01
  9.543338941258847E-01  9.543335281436643E-01  9.543331654146217E-01
  9.541995332382356E-01  9.541991562501702E-01  9.541987826223874E-01
  9.540647030544194E-01  9.540643146886058E-01  9.540639297946045E-01
  9.544354176355183E-01  9.544350594777217E-01  9.544347044969453E-01
  9.543019673522066E-01  9.543015984731542E-01  9.543012328750903E-01
  9.541680553920715E-01  9.541676754322425E-01  9.541672988616297E-01
  9.545368851061665E-01  9.545365346253746E-01  9.545361872471861E-01
  9.544043409028524E-01  9.544039799783055E-01  9.544036222572858E-01
  9.542713425670232E-01  9.542709708511791E-01  9.542706024438908E-01
  9.546382915586397E-01  9.546379486096498E-01  9.546376086905539E-01
  9.545066488782100E-01  9.545062957560317E-01  9.545059457617148E-01
  9.543745595340368E-01  9.543741959027232E-01  9.543738355011966E-01
  9.547396320981275E-01  9.547392965379485E-01  9.547389639366290E-01
  9.546088863522724E-01  9.546085408826854E-01  9.546081984670536E-01
  9.544777013356133E-01  9.544773456318998E-01  9.544769930810553E-01
  9.548409019137839E-01  9.548405736016314E-01  9.548402481789475E-01
  9.547110484845822E-01  9.547107105201603E-01  9.547103755375131E-01
  9.545807631015357E-01  9.545804151709997E-01  9.545800703182282E-01
  9.549420962777186E-01  9.549417750750100E-01  9.549414566939912E-01
  9.548131305197120E-01  9.548127999153718E-01  9.548124722223189E-01
  9.546837400483925E-01  9.546833997391067E-01  9.546830624342583E-01
  9.550432105457067E-01  9.550428963160535E-01  9.550425848418927E-01
  9.549151277869995E-01  9.549148043999923E-01  9.549144838554445E-01
  9.547866274791141E-01  9.547862946416340E-01  9.547859647370069E-01
  9.551442401557632E-01  9.551439327649623E-01  9.551436280650062E-01
  9.550170356998967E-01  9.550167193897976E-01  9.550164058549571E-01
  9.548894207824439E-01  9.548890952697962E-01  9.548887726201249E-01
  9.552451806277223E-01  9.552448799437446E-01  9.552445818874822E-01
  9.551188497554733E-01  9.551185403841691E-01  9.551182337225170E-01
  9.549921154324160E-01  9.549917971000844E-01  9.549914815625266E-01
  9.553460275634439E-01  9.553457334564203E-01  9.553454419154692E-01
  9.552205655340186E-01  9.552202629656934E-01  9.552199630429754E-01
  9.550947069878404E-01  9.550943956937503E-01  9.550940871278705E-01
  9.554467766452052E-01  9.554464889874108E-01  9.554462038355013E-01
  9.553221786983748E-01  9.553218827994933E-01  9.553215894837023E-01
  9.551971910917204E-01  9.551968866962209E-01  9.551965849639733E-01
  9.555474236368251E-01  9.555471423026612E-01  9.555468634156179E-01
  9.554236849936003E-01  9.554233956328885E-01  9.554231087942457E-01
  9.552995634707151E-01  9.552992658365590E-01  9.552989708022670E-01
  9.556479643812065E-01  9.556476892471808E-01  9.556474165029031E-01
  9.555250802461387E-01  9.555247972945625E-01  9.555245168054965E-01
  9.554018199345020E-01  9.554015289268237E-01  9.554012404571578E-01
  9.557483948012059E-01  9.557481257459107E-01  9.557478590243513E-01
  9.556263603633973E-01  9.556260836941404E-01  9.556258094292639E-01
  9.555039563751884E-01  9.555036718614790E-01  9.555033898254320E-01
  9.558487108983483E-01  9.558484478024379E-01  9.558481869855804E-01
  9.557275213330633E-01  9.557272508215012E-01  9.557269826575867E-01
  9.556059687666333E-01  9.556056906167147E-01  9.556054148855762E-01
  9.559489087523396E-01  9.559486514985063E-01  9.559483964703412E-01
  9.558285592224874E-01  9.558282947461627E-01  9.558280325621168E-01
  9.557078531638279E-01  9.557075812498248E-01  9.557073116971526E-01
  9.560489845206535E-01  9.560487329936023E-01  9.560484836401030E-01
  9.559294701780509E-01  9.559292116166451E-01  9.559289552934818E-01
  9.558096057022355E-01  9.558093398985459E-01  9.558090764001379E-01
  9.561489344375201E-01  9.561486885239435E-01  9.561484447330407E-01
  9.560302504245010E-01  9.560299976598071E-01  9.560297470806198E-01
  9.559112225970758E-01  9.559109627803408E-01  9.559107052142045E-01
  9.562487548140196E-01  9.562485144025711E-01  9.562482760641271E-01
  9.561308962643509E-01  9.561306491802445E-01  9.561304042301786E-01
  9.560127001426663E-01  9.560124461917388E-01  9.560121944380608E-01
  9.563484420363122E-01  9.563482070175799E-01  9.563479740233632E-01
  9.562314040770475E-01  9.562311625594576E-01  9.562309231256813E-01
  9.561140347116794E-01  9.561137865075922E-01  9.561135404487068E-01
  9.564479925660263E-01  9.564477628325060E-01  9.564475350761645E-01
  9.563317703184216E-01  9.563315342553009E-01  9.563313002269762E-01
  9.562152227544434E-01  9.562149801803765E-01  9.562147397007339E-01
  9.565474029390235E-01  9.565471783850922E-01  9.565469557621274E-01
  9.564319915199193E-01  9.564317608012146E-01  9.564315320694688E-01
  9.563162607982030E-01  9.563160237394517E-01  9.563157887255859E-01
  9.566466697647269E-01  9.566464502866152E-01  9.566462326943561E-01
  9.565320642878928E-01  9.565318388055155E-01  9.565316152634117E-01
  9.564171454463912E-01  9.564169137903328E-01  9.564166841308298E-01
  9.567457897257158E-01  9.567455752214817E-01  9.567453625590580E-01
  9.566319853029149E-01  9.566317649507108E-01  9.566315464932189E-01
  9.565178733778917E-01  9.565176470139527E-01  9.565174225994184E-01
  9.568447595766555E-01  9.568445499461575E-01  9.568443421144739E-01
  9.567317513190463E-01  9.567315359927663E-01  9.567313225167344E-01
  9.566184413462886E-01  9.566182201659121E-01  9.566180008889404E-01
  9.569435761443557E-01  9.569433712892259E-01  9.569431681909364E-01
  9.568313591631865E-01  9.568311487604572E-01  9.568309401645825E-01
  9.567188461791155E-01  9.567186300757290E-01  9.567184158308697E-01
  9.570422363258912E-01  9.570420361495093E-01  9.570418376889912E-01
  9.569308057341507E-01  9.569306001544446E-01  9.569303963392450E-01
  9.568190847770612E-01  9.568188736460438E-01  9.568186643297716E-01
  9.571407370886924E-01  9.571405414961593E-01  9.571403475794877E-01
  9.570300880020607E-01  9.570298871466681E-01  9.570296880144541E-01
  9.569191541132375E-01  9.569189478518881E-01  9.569187433625709E-01
  9.572390754698071E-01  9.572388843679192E-01  9.572386949028417E-01
  9.571292030076294E-01  9.571290067796289E-01  9.571288122344749E-01
  9.570190512324047E-01  9.570188497399106E-01  9.570186499777786E-01
  9.573372485750384E-01  9.573370618722612E-01  9.573368767681730E-01
  9.572281478613938E-01  9.572279561656237E-01  9.572277661133410E-01
  9.571187732502116E-01  9.571185764276161E-01  9.571183812947314E-01
  9.574352535781516E-01  9.574350711845941E-01  9.574348903525122E-01
  9.573269197429791E-01  9.573267324860090E-01  9.573265468341168E-01
  9.572183173524270E-01  9.572181251025992E-01  9.572179345028244E-01
  9.575330877201780E-01  9.575329095475661E-01  9.575327329001031E-01
  9.574255159004387E-01  9.574253329905394E-01  9.574251516482365E-01
  9.573176807942541E-01  9.573174930218559E-01  9.573173068608239E-01
