  7.521579784072915E+00  7.511054667653142E+00  7.500519467651962E+00

 -3.103189779472727E+00 -3.105886135128435E+00 -3.108986393563659E+00
 -3.190544132586117E+00 -3.192259358763999E+00 -3.194557154936999E+00
 -3.228309402531452E+00 -3.229252612239740E+00 -3.230914469497991E+00
 -3.228309402531452E+00 -3.229252612239740E+00 -3.230914469497991E+00
 -3.190544132586117E+00 -3.192259358763999E+00 -3.194557154936999E+00
 -3.103189779472727E+00 -3.105886135128435E+00 -3.108986393563659E+00
 -2.960488343973451E+00 -2.963883898975969E+00 -2.967552181436043E+00
 -2.776453219377598E+00 -2.780234177732715E+00 -2.784222478307675E+00
 -2.580496148702202E+00 -2.584564635587436E+00 -2.588810524401939E+00
 -2.402301061927819E+00 -2.406677742987223E+00 -2.411209771926257E+00
 -2.259668901766415E+00 -2.264328789920858E+00 -2.269121832049503E+00
 -2.155125116403477E+00 -2.159962800874003E+00 -2.164912676166199E+00
 -2.079457807945705E+00 -2.084342057488378E+00 -2.089320186483753E+00
 -2.018257336030874E+00 -2.023079400164077E+00 -2.027979570347130E+00
 -1.958057127293120E+00 -1.962743609946614E+00 -1.967494406829060E+00
 -1.889942592438907E+00 -1.894446741988610E+00 -1.899002926586861E+00
 -1.810152590021801E+00 -1.814439292292227E+00 -1.818766876071668E+00
 -1.718638062814513E+00 -1.722671570107359E+00 -1.726735658044912E+00
 -1.617107060937831E+00 -1.620846907120428E+00 -1.624607827247865E+00
 -1.507686771621005E+00 -1.511092457775372E+00 -1.514510651558367E+00
 -1.392490788319144E+00 -1.395530703533477E+00 -1.398575726085104E+00
 -1.273736451143543E+00 -1.276395250478656E+00 -1.279053116095416E+00
 -1.153906381441471E+00 -1.156187740596201E+00 -1.158463606781549E+00
 -1.035669359548396E+00 -1.037594272956865E+00 -1.039510652577363E+00
 -9.215775378086570E-01 -9.231798603944755E-01 -9.247720429380966E-01
 -8.137264318373137E-01 -8.150474272379112E-01 -8.163578834180453E-01
 -7.135538855223283E-01 -7.146371096466430E-01 -7.157102614820343E-01
 -6.218377646349383E-01 -6.227250965022663E-01 -6.236033097407492E-01
 -5.388355387473744E-01 -5.395646341836990E-01 -5.402857117799170E-01
 -4.644610944408160E-01 -4.650641105142779E-01 -4.656601058885350E-01
 -3.984199554719025E-01 -3.989232022114454E-01 -3.994201724825916E-01
 -3.402820474562372E-01 -3.407062438379918E-01 -3.411245948955386E-01
 -2.895147293913684E-01 -2.898756500217360E-01 -2.902308525319462E-01
 -2.455080357145865E-01 -2.458174261444351E-01 -2.461209849450733E-01
 -2.076084368564289E-01 -2.078750989383443E-01 -2.081356802322158E-01
 -1.751581861542929E-01 -1.753890947596211E-01 -1.756136647532509E-01
 -1.475288554340875E-01 -1.477301088530538E-01 -1.479248710870588E-01
 -1.241409408174400E-01 -1.243183246590210E-01 -1.244892262075325E-01
 -1.044691506618000E-01 -1.046281458199448E-01 -1.047807911475355E-01
 -8.803818149648160E-02 -8.818337708510234E-02 -8.832233974641975E-02
 -7.441442066630252E-02 -7.454847844866454E-02 -7.467619916983016E-02
 -6.319714386493200E-02 -6.331965110858186E-02 -6.343529829548691E-02
 -5.401113273498914E-02 -5.411780981230259E-02 -5.421658838615231E-02
 -4.650223965259857E-02 -4.658496980717741E-02 -4.665833243059778E-02
 -4.033748742376218E-02 -4.038545727108436E-02 -4.042245441972760E-02
 -3.521055864487218E-02 -3.521244131740175E-02 -3.520206208490387E-02
 -3.085162822995890E-02 -3.079831799654192E-02 -3.073225753289648E-02
 -2.703835922460700E-02 -2.692549858763622E-02 -2.680057403087391E-02
 -2.360406586544874E-02 -2.343369411018711E-02 -2.325329299306495E-02
 -2.044035307002577E-02 -2.022142193014455E-02 -1.999581836384378E-02
 -1.749407700117188E-02 -1.724200096361264E-02 -1.698774919257475E-02
 -1.476013012214870E-02 -1.449558083737239E-02 -1.423414298548130E-02
 -1.227089700029606E-02 -1.201768867497385E-02 -1.177306153829046E-02
 -1.008129883251869E-02 -9.862973287617051E-03 -9.657962968185189E-03
 -8.248312924406765E-03 -8.083567698674646E-03 -7.935088224938103E-03
 -6.807734749017923E-03 -6.706048516009255E-03 -6.621057789749573E-03
 -5.756179200833107E-03 -5.715746134658293E-03 -5.689917899089602E-03
 -5.047030595150544E-03 -5.056313372539611E-03 -5.076382094423555E-03
 -4.602534230329008E-03 -4.644732129883393E-03 -4.693359289121286E-03
 -4.335139157668236E-03 -4.393308313118080E-03 -4.454055398380782E-03
 -4.167196026965707E-03 -4.227870220319628E-03 -4.288339701908843E-03
 -4.041700737455395E-03 -4.096230317680138E-03 -4.148923054773621E-03
 -3.923578251445559E-03 -3.967715941314585E-03 -4.009327408625660E-03
 -3.795384549952329E-03 -3.828094299941842E-03 -3.858230413406882E-03
 -3.651551207501179E-03 -3.673753271272583E-03 -3.693694728011931E-03
 -3.493371325474942E-03 -3.506916027002995E-03 -3.518651427645129E-03
 -3.325238961872343E-03 -3.332161580010598E-03 -3.337711119496525E-03
 -3.152045156574531E-03 -3.154097005981503E-03 -3.155113944868329E-03
 -2.977651323552752E-03 -2.976098826842814E-03 -2.973734141873707E-03
 -2.804392384095951E-03 -2.800050785642263E-03 -2.795037535518997E-03
 -2.633421683634949E-03 -2.626847288874298E-03 -2.619719211909492E-03
 -2.465526828573819E-03 -2.457260907675103E-03 -2.448594023415419E-03
 -2.301964139889750E-03 -2.292718150191947E-03 -2.283286963033958E-03
 -2.144910947354386E-03 -2.135605525466807E-03 -2.126374474972514E-03
 -1.997280859303936E-03 -1.988894645945035E-03 -1.980814843377433E-03
 -1.861847116976122E-03 -1.855090715472623E-03 -1.848735405877487E-03
 -1.739847452708927E-03 -1.734744362978292E-03 -1.729883469653935E-03
 -1.629468445090297E-03 -1.624983277908815E-03 -1.620250344432588E-03
 -1.524772279075471E-03 -1.518655355243099E-03 -1.511476970531108E-03
 -1.415659265279970E-03 -1.404654450098306E-03 -1.391573260832945E-03
 -1.289288394658725E-03 -1.269766576608856E-03 -1.247187660309049E-03
 -1.132985497831299E-03 -1.101928130672804E-03 -1.067169745536356E-03
 -9.381153419728651E-04 -8.942130546525967E-04 -8.465847715706769E-04
 -7.038312825903321E-04 -6.483326846499394E-04 -5.898512705596122E-04
 -4.392567277028510E-04 -3.761603042587267E-04 -3.115041461011211E-04
 -1.627089988922674E-04 -9.798478942523642E-05 -3.342364469880037E-05
  1.028218263447164E-04  1.630467245670841E-04  2.217228854292747E-04
  3.376095517554763E-04  3.896016686113324E-04  4.397448911344939E-04
  5.348208301302177E-04  5.798404901986059E-04  6.244171648972009E-04
  7.088737948258746E-04  7.548748470537635E-04  8.037615675286206E-04
  8.989971516579656E-04  9.604779731630951E-04  1.029684602249341E-03
  1.164983750375177E-03  1.260381467083213E-03  1.368738078775141E-03
  1.573857492983595E-03  1.720520794415193E-03  1.884075089183837E-03
  2.178817618737343E-03  2.386405985745743E-03  2.611610094435731E-03
  2.994804277466076E-03  3.258754797036701E-03  3.536277087507013E-03
  3.977605712667135E-03  4.274863178619284E-03  4.576308789818843E-03
  5.014730848044614E-03  5.303975952927789E-03  5.583642662313300E-03
  5.935226309868657E-03  6.163038665914428E-03  6.365760485562341E-03
  6.541203193566316E-03  6.653790758390798E-03  6.727863696758767E-03
  6.656099742291839E-03  6.613775531457215E-03  6.525483116982823E-03
  6.176044745003647E-03  5.965645570814053E-03  5.710285319464102E-03
  5.105844965318282E-03  4.746187791956167E-03  4.351084768222961E-03
  3.564528019865988E-03  3.102430168408744E-03  2.620454996015886E-03
  1.757104696206063E-03  1.255442328175968E-03  7.515648109304501E-04
 -7.659246604276105E-05 -5.540964898053392E-04 -1.018027854697059E-03
 -1.716716910032751E-03 -2.118626616144836E-03 -2.495810417555857E-03
 -3.004246800621016E-03 -3.299017553924635E-03 -3.563626145747065E-03
 -3.859322774103853E-03 -4.036777448746032E-03 -4.183978915611023E-03
 -4.278460551203274E-03 -4.346631500148655E-03 -4.388534467423818E-03
 -4.317757682739802E-03 -4.297280592582396E-03 -4.256983321566712E-03
 -4.070076474527741E-03 -3.988004862334711E-03 -3.893458942212622E-03
 -3.642297677234945E-03 -3.526564358945719E-03 -3.405316955080427E-03
 -3.136362704138307E-03 -3.011560542592345E-03 -2.886930256655133E-03
 -2.635971185059394E-03 -2.520734737672422E-03 -2.409618624457574E-03
 -2.199482767439941E-03 -2.105459642711520E-03 -2.017692343018488E-03
 -1.858550153707955E-03 -1.790716474702254E-03 -1.729684120103124E-03
 -1.621230135206778E-03 -1.579145933361518E-03 -1.543223400394243E-03
 -1.477879952000359E-03 -1.457424428014150E-03 -1.441776159266436E-03
 -1.408108994329168E-03 -1.403278422764054E-03 -1.401627064473422E-03
 -1.387350870200592E-03 -1.391809117987707E-03 -1.397893849865257E-03
 -1.392093642825596E-03 -1.400295267558828E-03 -1.408872861934495E-03
 -1.403306979104724E-03 -1.411134970062488E-03 -1.418494234199045E-03
 -1.408037305425498E-03 -1.412994919131756E-03 -1.417045158917927E-03
 -1.399458760972008E-03 -1.400519829098360E-03 -1.400570080052038E-03
 -1.375851480681322E-03 -1.373103626100744E-03 -1.369470486906939E-03
 -1.339031522163568E-03 -1.333244482837611E-03 -1.326816516890171E-03
 -1.292699119992257E-03 -1.284923643026694E-03 -1.276778601183101E-03
 -1.241041138880212E-03 -1.232304112870368E-03 -1.223433693162987E-03
 -1.187764906408068E-03 -1.178885437250269E-03 -1.170042450367221E-03
 -1.135595198745472E-03 -1.127113373768801E-03 -1.118766156810501E-03
 -1.086161403304410E-03 -1.078351268482919E-03 -1.070713492872958E-03
 -1.040147897881865E-03 -1.033079030393569E-03 -1.026179011294127E-03
 -9.975727156136332E-04 -9.911879005175227E-04 -9.849467406450462E-04
 -9.580837459061590E-04 -9.522693975833680E-04 -9.465673742174471E-04
 -9.212013680592046E-04 -9.158382615179847E-04 -9.105597561376402E-04
 -8.864769533983857E-04 -8.814683773622151E-04 -8.765245343458690E-04
 -8.535684172443520E-04 -8.488493092236571E-04 -8.441831550617190E-04
 -8.222528133075435E-04 -8.177864323857034E-04 -8.133673447592612E-04
 -7.924023262463968E-04 -7.881711824659983E-04 -7.839851730350180E-04
 -7.639472906789165E-04 -7.599434720896781E-04 -7.559838829574575E-04
 -7.368423954707112E-04 -7.330602268781896E-04 -7.293212056643783E-04
 -7.110438812215347E-04 -7.074758477367249E-04 -7.039490994073134E-04
 -6.864988549186568E-04 -6.831343719079010E-04 -6.798085279873377E-04
 -6.631438948686262E-04 -6.599698888200001E-04 -6.568313931335208E-04
 -6.409087819204284E-04 -6.379110109255336E-04 -6.349455010582681E-04
 -6.197216774231991E-04 -6.168860142615763E-04 -6.140795209820524E-04
 -5.995134092590411E-04 -5.968266979235326E-04 -5.941663695936968E-04
 -5.802199364612051E-04 -5.776703551355979E-04 -5.751447053958594E-04
 -5.617830840341687E-04 -5.593601360233414E-04 -5.569589647921897E-04
 -5.441501399507749E-04 -5.418444528577133E-04 -5.395586210558297E-04
 -5.272729750577128E-04 -5.250760604383124E-04 -5.228972558485276E-04
 -5.111071676821341E-04 -5.090112291930454E-04 -5.069317937832064E-04
 -4.956113657324494E-04 -4.936091821446051E-04 -4.916220139816898E-04
 -4.807469168604055E-04 -4.788317867055069E-04 -4.769302967802596E-04
 -4.664776871618011E-04 -4.646434069464092E-04 -4.628215020499255E-04
 -4.527699632267431E-04 -4.510108139321838E-04 -4.492628826314023E-04
 -4.395923579405381E-04 -4.379030850717887E-04 -4.362239750784363E-04
 -4.269156822001548E-04 -4.252914652361034E-04 -4.236764502864374E-04
 -4.147127794228410E-04 -4.131491932203697E-04 -4.115939330694425E-04
 -4.029583381262048E-04 -4.014513111656698E-04 -3.999518096552878E-04
 -3.916287016016409E-04 -3.901744753067430E-04 -3.887270403184268E-04
 -3.807016890027514E-04 -3.792967805587225E-04 -3.778979877883043E-04
 -3.701564352020804E-04 -3.687976046341467E-04 -3.674442656262425E-04
 -3.599732513228632E-04 -3.586574726533191E-04 -3.573466067988666E-04
 -3.501335051357983E-04 -3.488579411422141E-04 -3.475867511805447E-04
 -3.406195197870893E-04 -3.393814999758439E-04 -3.381473506794690E-04
 -3.314144897323878E-04 -3.302114912943892E-04 -3.290118911596476E-04
 -3.225024132672226E-04 -3.213320448494649E-04 -3.201646306336896E-04
 -3.138680412468995E-04 -3.127280293120912E-04 -3.115905531808146E-04
 -3.054968413537752E-04 -3.043850187880775E-04 -3.032753377006836E-04
 -2.973749765445166E-04 -2.962892730641410E-04 -2.952053399267421E-04
 -2.894892954256535E-04 -2.884277292810517E-04 -2.873675853479366E-04
 -2.818273317129672E-04 -2.807880022125763E-04 -2.797497702426083E-04
 -2.743773101863329E-04 -2.733583906166923E-04 -2.723402683545953E-04
 -2.671281580343194E-04 -2.661278886653498E-04 -2.651281423219528E-04
 -2.600695224572455E-04 -2.590862034212525E-04 -2.581031609152660E-04
 -2.531917961388863E-04 -2.522237801331895E-04 -2.512558240095625E-04
 -2.464861500928447E-04 -2.455318350712457E-04 -2.445773951972972E-04
 -2.399445676860468E-04 -2.390023899970148E-04 -2.380599363922155E-04
 -2.335598667298607E-04 -2.326282955242169E-04 -2.316963320158125E-04
 -2.273256931354269E-04 -2.264032272592460E-04 -2.254802870273527E-04
 -2.212364743205840E-04 -2.203216432202970E-04 -2.194062876160417E-04
 -2.152873339076720E-04 -2.143787040923793E-04 -2.134695262126482E-04
 -2.094739845890908E-04 -2.085701727897506E-04 -2.076658070090356E-04
 -2.037926210663744E-04 -2.028923141885631E-04 -2.019914519756108E-04
 -1.982398187746019E-04 -1.973417990197706E-04 -1.964432098168066E-04
 -1.928124072077576E-04 -1.919155784306490E-04 -1.910181321753927E-04
 -1.875072477248242E-04 -1.866106564787023E-04 -1.857133417248976E-04
 -1.823208358901748E-04 -1.814236783392951E-04 -1.805256075133658E-04
 -1.772486952235943E-04 -1.763502998951639E-04 -1.754506917494417E-04
 -1.722846380242908E-04 -1.713844146957629E-04 -1.704825440004085E-04
 -1.674201093956249E-04 -1.665174562394553E-04 -1.656125622934006E-04
 -1.626439312224729E-04 -1.617380958408130E-04 -1.608292446816596E-04
 -1.579427170213873E-04 -1.570326123837346E-04 -1.561185130698400E-04
 -1.533019418180294E-04 -1.523859253055152E-04 -1.514647083951973E-04
 -1.487071425021122E-04 -1.477827752521229E-04 -1.468517515016738E-04
 -1.441442383592991E-04 -1.432080541222765E-04 -1.422634845043715E-04
 -1.395980150745250E-04 -1.386453391240286E-04 -1.376822602214084E-04
 -1.350489900229538E-04 -1.340738464470030E-04 -1.330859950414940E-04
 -1.304710691792457E-04 -1.294661991387434E-04 -1.284460634075914E-04
 -1.258338718254615E-04 -1.247908912335887E-04 -1.237299161013121E-04
 -1.211117830993786E-04 -1.200215469478016E-04 -1.189105544181928E-04
 -1.162972279807692E-04 -1.151504656262056E-04 -1.139803500802147E-04
 -1.942935866177233E+00 -1.944580045598245E+00 -1.946478471703339E+00
 -1.997178793949420E+00 -1.998232071749080E+00 -1.999651737432247E+00
 -2.020403439042921E+00 -2.020987476300985E+00 -2.022023805354054E+00
 -2.020403439042921E+00 -2.020987476300985E+00 -2.022023805354054E+00
 -1.997178793949420E+00 -1.998232071749080E+00 -1.999651737432247E+00
 -1.942935866177233E+00 -1.944580045598245E+00 -1.946478471703339E+00
 -1.853740657303349E+00 -1.855801696221844E+00 -1.858035559990599E+00
 -1.738363786216633E+00 -1.740660170945107E+00 -1.743089508435443E+00
 -1.615370224963842E+00 -1.617857954532569E+00 -1.620460510861879E+00
 -1.503409265387982E+00 -1.506109642291390E+00 -1.508911030789612E+00
 -1.413568766493170E+00 -1.416464821553968E+00 -1.419447608994275E+00
 -1.347337823993443E+00 -1.350359156865689E+00 -1.353453587388919E+00
 -1.298908011219506E+00 -1.301969338037013E+00 -1.305091777967790E+00
 -1.259308102602876E+00 -1.262339329818370E+00 -1.265421295182430E+00
 -1.220231529541694E+00 -1.223184462558316E+00 -1.226179021361982E+00
 -1.176242358601950E+00 -1.179084894721750E+00 -1.181960916955249E+00
 -1.125101619019415E+00 -1.127808820060226E+00 -1.130542117964583E+00
 -1.066843326536183E+00 -1.069390299192867E+00 -1.071956587253301E+00
 -1.002556891136440E+00 -1.004916565649814E+00 -1.007289361926444E+00
 -9.335675551773417E-01 -9.357136930308005E-01 -9.378674338482870E-01
 -8.611809305808927E-01 -8.630935640360449E-01 -8.650090783197515E-01
 -7.867648111814513E-01 -7.884346016694581E-01 -7.901034458449544E-01
 -7.118535486443228E-01 -7.132832714806990E-01 -7.147091751730692E-01
 -6.380990941076246E-01 -6.393024339410119E-01 -6.405000497886153E-01
 -5.670802417790639E-01 -5.680789542558966E-01 -5.690709506371676E-01
 -5.000874641745588E-01 -5.009079528226476E-01 -5.017215031907696E-01
 -4.379951944874008E-01 -4.386652914258073E-01 -4.393287828032875E-01
 -3.812606810771672E-01 -3.818071317499760E-01 -3.823476232691339E-01
 -3.300142079180937E-01 -3.304610473709383E-01 -3.309026705048282E-01
 -2.841737588055167E-01 -2.845414982636406E-01 -2.849046996585477E-01
 -2.435326985079487E-01 -2.438381077203091E-01 -2.441394963807237E-01
 -2.078061823262555E-01 -2.080624563451318E-01 -2.083150270244572E-01
 -1.766507791640689E-01 -1.768679475682314E-01 -1.770815334968731E-01
 -1.496785012872340E-01 -1.498640022136305E-01 -1.500458829316973E-01
 -1.264765523098141E-01 -1.266359141173710E-01 -1.267915238664278E-01
 -1.066313356378296E-01 -1.067688845451615E-01 -1.069025350511691E-01
 -8.974931769555911E-02 -8.986878999424339E-02 -8.998427653704828E-02
 -7.546922242100243E-02 -7.557414301447339E-02 -7.567508892849355E-02
 -6.346509305336613E-02 -6.355881225818405E-02 -6.364864831096886E-02
 -5.344328905307801E-02 -5.352864962583367E-02 -5.361021798465055E-02
 -4.513698371890478E-02 -4.521570382505711E-02 -4.529059816170621E-02
 -3.830047251279087E-02 -3.837244691033399E-02 -3.844031514862327E-02
 -3.270443953279350E-02 -3.276724129143844E-02 -3.282534578568887E-02
 -2.813302026705074E-02 -2.818188900722951E-02 -2.822520285975236E-02
 -2.438357890828730E-02 -2.441207774788376E-02 -2.443406890166951E-02
 -2.126975475650239E-02 -2.127106601319440E-02 -2.126509120467592E-02
 -1.862721827311346E-02 -1.859579009821744E-02 -1.855676551666813E-02
 -1.632024941165497E-02 -1.625333325304877E-02 -1.617920739008064E-02
 -1.424667934318687E-02 -1.414533920551310E-02 -1.403798024145581E-02
 -1.233948568479777E-02 -1.220891314742253E-02 -1.207430142448290E-02
 -1.056492477908969E-02 -1.041417028608054E-02 -1.026203773801551E-02
 -8.918214646882481E-03 -8.759494089371983E-03 -8.602540240254777E-03
 -7.417430683942444E-03 -7.264935472197464E-03 -7.117490600344434E-03
 -6.094943316637874E-03 -5.962881513979178E-03 -5.838754732020809E-03
 -4.985418070064867E-03 -4.885286919176036E-03 -4.794936665904932E-03
 -4.111659396567964E-03 -4.049510942239981E-03 -3.997473403265985E-03
 -3.473077344311279E-03 -3.448102736990225E-03 -3.432019222082188E-03
 -3.042481753966857E-03 -3.047829711972845E-03 -3.059765862716581E-03
 -2.773075063711922E-03 -2.798556591498043E-03 -2.827973129909104E-03
 -2.611597174844743E-03 -2.646870608006508E-03 -2.683727108311760E-03
 -2.510678516360608E-03 -2.547520062162178E-03 -2.584246141608478E-03
 -2.435589096130350E-03 -2.468725535118160E-03 -2.500750972060182E-03
 -2.365003136230237E-03 -2.391845307690435E-03 -2.417154657941406E-03
 -2.288298314131143E-03 -2.308205095052371E-03 -2.326547544631579E-03
 -2.202035578714174E-03 -2.215554545678061E-03 -2.227698276116438E-03
 -2.106954206574370E-03 -2.115206239512424E-03 -2.122358479980189E-03
 -2.005723665976259E-03 -2.009951823402713E-03 -2.013347853018183E-03
 -1.901356186808580E-03 -1.902634938704509E-03 -1.903289227117659E-03
 -1.796246020774826E-03 -1.795351460036231E-03 -1.793968080059532E-03
 -1.691836042439223E-03 -1.689261719859442E-03 -1.686281992951604E-03
 -1.588814652865670E-03 -1.584888543271716E-03 -1.580625164512982E-03
 -1.487619692030187E-03 -1.482656824357977E-03 -1.477445972543495E-03
 -1.388968211225208E-03 -1.383390108767278E-03 -1.377693603175761E-03
 -1.294158807053013E-03 -1.288524065056735E-03 -1.282930725768291E-03
 -1.204981457316112E-03 -1.199898246709730E-03 -1.195003773142475E-03
 -1.123193439850459E-03 -1.119121350907238E-03 -1.115305379784129E-03
 -1.049662467339729E-03 -1.046652673997759E-03 -1.043813622290357E-03
 -9.834191902607459E-04 -9.808788688391737E-04 -9.782208519031905E-04
 -9.209662388825385E-04 -9.175521751223051E-04 -9.135299566117171E-04
 -8.562140651752041E-04 -8.499481022398192E-04 -8.424534343381935E-04
 -7.813131500934011E-04 -7.699613501460764E-04 -7.567727387896115E-04
 -6.884137896588215E-04 -6.700867397287090E-04 -6.495133283187000E-04
 -5.720445010686334E-04 -5.458774729346511E-04 -5.174295359394761E-04
 -4.314498914926661E-04 -3.981397984222778E-04 -3.629868407893555E-04
 -2.719994986586659E-04 -2.339467148992760E-04 -1.949151543031728E-04
 -1.048024634899047E-04 -6.565988321482341E-05 -2.660254752634063E-05
  5.597852620225133E-05  9.239763129230203E-05  1.278540883381187E-04
  1.979418381298024E-04  2.292218636342873E-04  2.593087583613317E-04
  3.163614673346910E-04  3.430939828917286E-04  3.694383456446001E-04
  4.194014943580318E-04  4.462657127398569E-04  4.747293528959580E-04
  5.304637048159499E-04  5.661921348440865E-04  6.064562289691586E-04
  6.858000288015861E-04  7.416457671798293E-04  8.052444587756014E-04
  9.265583872264053E-04  1.013269765632277E-03  1.110206746694551E-03
  1.286036921654993E-03  1.409840076528732E-03  1.544429912650039E-03
  1.774741630276695E-03  1.933318159648742E-03  2.100359703419800E-03
  2.367431018146588E-03  2.547224691359365E-03  2.729898078939493E-03
  2.997168364217809E-03  3.173395910107120E-03  3.344198481340704E-03
  3.560836547762054E-03  3.701114307134154E-03  3.826519259609043E-03
  3.937957462069757E-03  4.009371846291743E-03  4.057650459509336E-03
  4.019967680318604E-03  3.997915240191201E-03  3.948036511969464E-03
  3.741746006329586E-03  3.617619388333463E-03  3.466110316179673E-03
  3.104072172874778E-03  2.888757492864965E-03  2.651715605311069E-03
  2.177615227909594E-03  1.899218960785912E-03  1.608497704967938E-03
  1.086158541342956E-03  7.828018030543472E-04  4.778610491079390E-04
 -2.447395905651623E-05 -3.139475795118982E-04 -5.953603877137477E-04
 -1.020007508859039E-03 -1.264114694860993E-03 -1.493318615638912E-03
 -1.802917992942805E-03 -1.982253848008457E-03 -2.143325168083032E-03
 -2.323875125046496E-03 -2.432068099739314E-03 -2.521899729246685E-03
 -2.580189440512571E-03 -2.621999068334322E-03 -2.647844221218515E-03
 -2.605617475119653E-03 -2.593519082649018E-03 -2.569362317551508E-03
 -2.456440364142514E-03 -2.406848598556944E-03 -2.349658434872528E-03
 -2.197571177927737E-03 -2.127457352500903E-03 -2.053975070622505E-03
 -1.890976927578081E-03 -1.815292799996432E-03 -1.739697677224006E-03
 -1.587558374056454E-03 -1.517638178662772E-03 -1.450209259253042E-03
 -1.322819767093973E-03 -1.265752490136204E-03 -1.212477298987871E-03
 -1.116034265222978E-03 -1.074854860664470E-03 -1.037802249197351E-03
 -9.721353274156043E-04 -9.465874368248162E-04 -9.247807561609943E-04
 -8.852997267344106E-04 -8.728894727999715E-04 -8.634000907123744E-04
 -8.431692581141085E-04 -8.402566964314668E-04 -8.392776711015590E-04
 -8.308405990989290E-04 -8.335810023457588E-04 -8.373124933506479E-04
 -8.340408946528017E-04 -8.390669210272498E-04 -8.443244000155511E-04
 -8.412100772178118E-04 -8.460196958567041E-04 -8.505471068027515E-04
 -8.444722299735581E-04 -8.475461445128705E-04 -8.500705791599981E-04
 -8.396698272515248E-04 -8.403814831743088E-04 -8.404799771699721E-04
 -8.257461930470120E-04 -8.241457863970256E-04 -8.220077548409053E-04
 -8.037939707999078E-04 -8.003466594223232E-04 -7.965096395229055E-04
 -7.760528992152861E-04 -7.713952992785883E-04 -7.665125137194574E-04
 -7.450610964029752E-04 -7.398160392198539E-04 -7.344891106225299E-04
 -7.130678106632344E-04 -7.077324629475440E-04 -7.024184044557099E-04
 -6.817272560801256E-04 -6.766296651168326E-04 -6.716130080199593E-04
 -6.520294319232887E-04 -6.473362455947514E-04 -6.427469935863597E-04
 -6.243909333059454E-04 -6.201446809448994E-04 -6.160003039634249E-04
 -5.988238412715712E-04 -5.949900426318480E-04 -5.912428817619119E-04
 -5.751154175852540E-04 -5.716253236454832E-04 -5.682028902602243E-04
 -5.529753836476589E-04 -5.497567839996266E-04 -5.465890482728446E-04
 -5.321321764940103E-04 -5.291265065987184E-04 -5.261596692834791E-04
 -5.123788595948704E-04 -5.095467604875252E-04 -5.067463730248327E-04
 -4.935808023468755E-04 -4.909001086741325E-04 -4.882477213354279E-04
 -4.756611200131901E-04 -4.731213551248085E-04 -4.706086179248938E-04
 -4.585782207009229E-04 -4.561747218434711E-04 -4.537977331331968E-04
 -4.423052765868732E-04 -4.400347339964523E-04 -4.377900750043253E-04
 -4.268163673625455E-04 -4.246743458506006E-04 -4.225571054514923E-04
 -4.120799837106305E-04 -4.100601738418145E-04 -4.080635640565403E-04
 -3.980581767707236E-04 -3.961527471629142E-04 -3.942686409936892E-04
 -3.847088250542257E-04 -3.829092249569592E-04 -3.811289962446793E-04
 -3.719887828523132E-04 -3.702865225843182E-04 -3.686017757284510E-04
 -3.598564880482380E-04 -3.582436604623269E-04 -3.566466716158668E-04
 -3.482734634116124E-04 -3.467429653698902E-04 -3.452268338004890E-04
 -3.372047662509086E-04 -3.357502937927077E-04 -3.343088944861960E-04
 -3.266187458641389E-04 -3.252346726320099E-04 -3.238625198018834E-04
 -3.164865104200425E-04 -3.151677419203899E-04 -3.138598470109853E-04
 -3.067813963589985E-04 -3.055232536339751E-04 -3.042750206390142E-04
 -2.974785820218949E-04 -2.962767308289012E-04 -2.950838969665921E-04
 -2.885548642811002E-04 -2.874052817607795E-04 -2.862638915487446E-04
 -2.799885498405219E-04 -2.788875116144827E-04 -2.777939068081750E-04
 -2.717593972700701E-04 -2.707034695876504E-04 -2.696542810073096E-04
 -2.638485613025188E-04 -2.628345892614170E-04 -2.618267233775522E-04
 -2.562385163584391E-04 -2.552636056581984E-04 -2.542942247744785E-04
 -2.489129573426775E-04 -2.479744511184441E-04 -2.470409493441739E-04
 -2.418566870163444E-04 -2.409521407386262E-04 -2.400521187750649E-04
 -2.350555015279926E-04 -2.341826585371680E-04 -2.333138995931132E-04
 -2.284960828063018E-04 -2.276528519560088E-04 -2.268132999695637E-04
 -2.221659022957843E-04 -2.213503381762764E-04 -2.205380786184747E-04
 -2.160531371980001E-04 -2.152634228252122E-04 -2.144766658959396E-04
 -2.101465987121657E-04 -2.093810303847518E-04 -2.086180963199030E-04
 -2.044356713277183E-04 -2.036926454231229E-04 -2.029519517188727E-04
 -1.989102624586962E-04 -1.981882640222055E-04 -1.974683144652202E-04
 -1.935607620710245E-04 -1.928583550877582E-04 -1.921577304903667E-04
 -1.883780120291582E-04 -1.876938312503237E-04 -1.870111817479810E-04
 -1.833532847434098E-04 -1.826860288582314E-04 -1.820200675493254E-04
 -1.784782703211981E-04 -1.778266962017359E-04 -1.771761938412155E-04
 -1.737450708495666E-04 -1.731079885693294E-04 -1.724717690056895E-04
 -1.691462001136124E-04 -1.685224684495196E-04 -1.678994045073081E-04
 -1.646745871784130E-04 -1.640631093497385E-04 -1.634521189042388E-04
 -1.603235831969994E-04 -1.597233026464678E-04 -1.591233446881159E-04
 -1.560869719386383E-04 -1.554968680402782E-04 -1.549069386017576E-04
 -1.519589850501788E-04 -1.513780687111724E-04 -1.507971966001396E-04
 -1.479343217209887E-04 -1.473616309822645E-04 -1.467888733820850E-04
 -1.440081690619868E-04 -1.434427649730590E-04 -1.428772031309899E-04
 -1.401762153064863E-04 -1.396171785809845E-04 -1.390579140125953E-04
 -1.364346459419847E-04 -1.358810751184104E-04 -1.353272269561447E-04
 -1.327801156756955E-04 -1.322311277050293E-04 -1.316818320324646E-04
 -1.292096970748373E-04 -1.286644312746733E-04 -1.281188433436196E-04
 -1.257208160094730E-04 -1.251784420566224E-04 -1.246357421044719E-04
 -1.223111870912066E-04 -1.217709171115544E-04 -1.212303199705383E-04
 -1.189787527396982E-04 -1.184398565057087E-04 -1.179006242644557E-04
 -1.157216075743948E-04 -1.151834284337432E-04 -1.146448840745707E-04
 -1.125378662976167E-04 -1.119998338858112E-04 -1.114613722594459E-04
 -1.094254267087422E-04 -1.088870611331900E-04 -1.083481521708545E-04
 -1.063816062669224E-04 -1.058425077472304E-04 -1.053026859406630E-04
 -1.034026946521178E-04 -1.028625128498369E-04 -1.023213470762916E-04
 -1.004835506083001E-04 -9.994192907490516E-05 -9.939896786623309E-05
 -9.761744181276472E-05 -9.707393492646114E-05 -9.652862409705147E-05
 -9.479631864291001E-05 -9.425028103847880E-05 -9.370185332326381E-05
 -9.201154811712649E-05 -9.146200056498035E-05 -9.090934116616001E-05
 -8.925476881403323E-05 -8.870025149399711E-05 -8.814175089416482E-05
 -8.651808046814795E-05 -8.595651552539818E-05 -8.538993247301083E-05
 -8.379272101199532E-05 -8.322131271084758E-05 -8.264367794767070E-05
 -8.106648076241549E-05 -8.048166730130206E-05 -7.988924589911893E-05
 -7.832259445797475E-05 -7.772004470057192E-05 -7.710835316213718E-05
 -7.554497627158071E-05 -7.491967193255867E-05 -7.428358801909406E-05
 -7.273294916266785E-05 -7.207953206112968E-05 -7.141366914882676E-05
 -6.992248275940851E-05 -6.923607648330904E-05 -6.853562618367302E-05
 -6.616585000786287E-01 -6.622098145011204E-01 -6.628479788315280E-01
 -6.800530797179614E-01 -6.804068618595526E-01 -6.808857003545498E-01
 -6.878854293781395E-01 -6.880814331676177E-01 -6.884318298096573E-01
 -6.878854293781395E-01 -6.880814331676177E-01 -6.884318298096573E-01
 -6.800530797179614E-01 -6.804068618595526E-01 -6.808857003545498E-01
 -6.616585000786287E-01 -6.622098145011204E-01 -6.628479788315280E-01
 -6.313005714910325E-01 -6.319903399344660E-01 -6.327393572498614E-01
 -5.919703006868494E-01 -5.927393266470837E-01 -5.935542050148536E-01
 -5.500221087188943E-01 -5.508585982329615E-01 -5.517348745873129E-01
 -5.118211187245535E-01 -5.127337909684542E-01 -5.136815419307957E-01
 -4.811351104594428E-01 -4.821178160637659E-01 -4.831306633793342E-01
 -4.584549918236230E-01 -4.594828795152484E-01 -4.605361682552808E-01
 -4.417931097257735E-01 -4.428365280020387E-01 -4.439011692791547E-01
 -4.281001070166266E-01 -4.291347890587687E-01 -4.301870701123183E-01
 -4.145665471216893E-01 -4.155756635424079E-01 -4.165991905547999E-01
 -3.993652031263233E-01 -4.003373230826501E-01 -4.013210023301256E-01
 -3.817533801005105E-01 -3.826795040107629E-01 -3.836146002459611E-01
 -3.617541259083998E-01 -3.626253505842491E-01 -3.635031807860394E-01
 -3.397422959030759E-01 -3.405491116606383E-01 -3.413603821698677E-01
 -3.161683902661059E-01 -3.169017166135357E-01 -3.176375917458780E-01
 -2.914741922628371E-01 -2.921272054188457E-01 -2.927811442736711E-01
 -2.661221007971776E-01 -2.666916730218610E-01 -2.672608602235892E-01
 -2.406312780477115E-01 -2.411184414755485E-01 -2.416042386376351E-01
 -2.155611136104122E-01 -2.159706257814435E-01 -2.163781230056901E-01
 -1.914460808782711E-01 -1.917854501880741E-01 -1.921224692134684E-01
 -1.687220693553845E-01 -1.690003878104987E-01 -1.692762852952805E-01
 -1.476825536374698E-01 -1.479093975939900E-01 -1.481339409826230E-01
 -1.284782350154876E-01 -1.286628032099654E-01 -1.288452995004629E-01
 -1.111482470934357E-01 -1.112988028879551E-01 -1.114475489357824E-01
 -9.565989413837271E-02 -9.578348648421622E-02 -9.590550923716416E-02
 -8.193904014287409E-02 -8.204142982432432E-02 -8.214243484650988E-02
 -6.988606297768080E-02 -6.997178066266073E-02 -7.005622963719672E-02
 -5.938235163360230E-02 -5.945483823953189E-02 -5.952610421396401E-02
 -5.029477424296347E-02 -5.035657689244321E-02 -5.041715172085204E-02
 -4.248216189816569E-02 -4.253516648081434E-02 -4.258690251485093E-02
 -3.580337742898308E-02 -3.584905081043590E-02 -3.589340846578448E-02
 -3.012439977222245E-02 -3.016400094104082E-02 -3.020225810712399E-02
 -2.532246557894996E-02 -2.535717874933992E-02 -2.539055268063652E-02
 -2.128707071983925E-02 -2.131802320785720E-02 -2.134766910302623E-02
 -1.791888616689441E-02 -1.794704075082446E-02 -1.797392266751938E-02
 -1.512783061809306E-02 -1.515378048289897E-02 -1.517845143075357E-02
 -1.283110050384031E-02 -1.285483427001995E-02 -1.287720123353234E-02
 -1.095153912080765E-02 -1.097227072461044E-02 -1.099144369752324E-02
 -9.416610993602571E-03 -9.432770960639962E-03 -9.447090210859099E-03
 -8.158281532738247E-03 -8.167731917513152E-03 -8.175025596289982E-03
 -7.113992847123708E-03 -7.114457281051068E-03 -7.112504768130460E-03
 -6.228558942406939E-03 -6.218172544231271E-03 -6.205262977940323E-03
 -5.456353802708818E-03 -5.434178859047296E-03 -5.409605603602861E-03
 -4.762963813392947E-03 -4.729329288529088E-03 -4.693688587111312E-03
 -4.125720166470136E-03 -4.082327578550113E-03 -4.037583106181477E-03
 -3.533067741511232E-03 -3.482901453826487E-03 -3.432264233310123E-03
 -2.983125192079494E-03 -2.930225496215008E-03 -2.877898300845163E-03
 -2.481684013562950E-03 -2.430763200310387E-03 -2.381509229394560E-03
 -2.039423998072416E-03 -1.995229321500625E-03 -1.953669989967285E-03
 -1.667968623529526E-03 -1.634377627656151E-03 -1.604049854947135E-03
 -1.375138780437331E-03 -1.354230598265290E-03 -1.336708081145445E-03
 -1.160986330770986E-03 -1.152539377002105E-03 -1.147077683847585E-03
 -1.016588054433701E-03 -1.018331980643441E-03 -1.022291746693097E-03
 -9.263249573362850E-04 -9.348453653156062E-04 -9.446905648360131E-04
 -8.723202051726018E-04 -8.841399254671904E-04 -8.964934477604298E-04
 -8.386510359366418E-04 -8.510043706507186E-04 -8.633204644554142E-04
 -8.136523254055396E-04 -8.247677053712766E-04 -8.355113133956496E-04
 -7.901696350051314E-04 -7.991773526869487E-04 -8.076713271348896E-04
 -7.646364600225810E-04 -7.713194732163526E-04 -7.774776896365430E-04
 -7.358891471374342E-04 -7.404289840876986E-04 -7.445072258963294E-04
 -7.041667834818057E-04 -7.069386784204738E-04 -7.093415548587246E-04
 -6.703640847776413E-04 -6.717860208766363E-04 -6.729291633448990E-04
 -6.354982062700902E-04 -6.359323837291618E-04 -6.361578112113202E-04
 -6.003806693197822E-04 -6.000886172357840E-04 -5.996333891772041E-04
 -5.654999352822551E-04 -5.646469864406708E-04 -5.636585232964427E-04
 -5.310851076010427E-04 -5.297796223985453E-04 -5.283608815374890E-04
 -4.972762385195190E-04 -4.956215339824598E-04 -4.938829176899640E-04
 -4.643058693750511E-04 -4.624414533602486E-04 -4.605363094753127E-04
 -4.326051607434689E-04 -4.307181719572588E-04 -4.288443811756588E-04
 -4.027774773099919E-04 -4.010740994447012E-04 -3.994343829012783E-04
 -3.754241399726689E-04 -3.740631531299892E-04 -3.727900745937284E-04
 -3.508555431600100E-04 -3.498603123221645E-04 -3.489262372214679E-04
 -3.287689130695891E-04 -3.279467489030148E-04 -3.270905743494710E-04
 -3.080100119703852E-04 -3.069144644081574E-04 -3.056210959061736E-04
 -2.865446069948391E-04 -2.845123431154411E-04 -2.820734991184627E-04
 -2.617323023901198E-04 -2.580092806638752E-04 -2.536736831440131E-04
 -2.309154487396223E-04 -2.248586831860406E-04 -2.180488995918037E-04
 -1.922210848961499E-04 -1.835288710850855E-04 -1.740687685722259E-04
 -1.453550199600640E-04 -1.342505894490004E-04 -1.225228668392824E-04
 -9.208838759878314E-05 -7.937172770060832E-05 -6.632142361107075E-05
 -3.614299198912452E-05 -2.304332731084334E-05 -9.969715277497131E-06
  1.769919731436564E-05  2.988792081941630E-05  4.175041252711433E-05
  6.520939606633634E-05  7.565241158320266E-05  8.568384087774504E-05
  1.047063468313225E-04  1.135728291916404E-04  1.222894294717425E-04
  1.388279345841773E-04  1.476613723362726E-04  1.570056324307297E-04
  1.753496074728421E-04  1.870657066869787E-04  2.002765519384805E-04
  2.264159348054943E-04  2.447970558103504E-04  2.657581721868130E-04
  3.058975777940122E-04  3.345829834773985E-04  3.666915647210611E-04
  4.251245966912297E-04  4.662619609060132E-04  5.110308105107054E-04
  5.878590143043127E-04  6.407465870988952E-04  6.965096127601960E-04
  7.859061537697027E-04  8.460729109834629E-04  9.072612979658684E-04
  9.970523811479032E-04  1.056240120136290E-03  1.113674145977680E-03
  1.186838741096634E-03  1.234198427826537E-03  1.276631747875981E-03
  1.314815706471404E-03  1.339269283889401E-03  1.356007131678309E-03
  1.344353971569647E-03  1.337566925660347E-03  1.321463790111919E-03
  1.253273775077948E-03  1.212257048247387E-03  1.162045030407456E-03
  1.041478630847887E-03  9.697923329630130E-04  8.907865656332631E-04
  7.323967799411844E-04  6.394116488891227E-04  5.422511132449301E-04
  3.674169822740533E-04  2.659055292899794E-04  1.638228605352091E-04
 -4.532575135146661E-06 -1.015207801196022E-04 -1.958364582686873E-04
 -3.382977173472658E-04 -4.201638803523733E-04 -4.970513293459339E-04
 -6.010150176729137E-04 -6.612099800349189E-04 -7.152888887961077E-04
 -7.760009210339503E-04 -8.123555159916778E-04 -8.425545154591007E-04
 -8.622557288663576E-04 -8.763458337822362E-04 -8.850801582809347E-04
 -8.710464563934271E-04 -8.670460403084404E-04 -8.589981421641671E-04
 -8.212277432947604E-04 -8.046390391574120E-04 -7.854983501987251E-04
 -7.345694527614597E-04 -7.110852620819536E-04 -6.864681448513842E-04
 -6.318626274274047E-04 -6.064999389684640E-04 -5.811645413351627E-04
 -5.301890193605683E-04 -5.067517529087869E-04 -4.841481110337242E-04
 -4.414655314157314E-04 -4.223335322504531E-04 -4.044720281800894E-04
 -3.721637136043485E-04 -3.583568682512643E-04 -3.459333232812877E-04
 -3.239445960674598E-04 -3.153787117729023E-04 -3.080673008275042E-04
 -2.948607550464067E-04 -2.907009596606871E-04 -2.875209084353787E-04
 -2.807720680679101E-04 -2.797987468251202E-04 -2.794743023049773E-04
 -2.766834263759740E-04 -2.776078053868165E-04 -2.788651025131267E-04
 -2.778094833980049E-04 -2.795024033578022E-04 -2.812734660514158E-04
 -2.802731065233112E-04 -2.818952177646431E-04 -2.834231023174241E-04
 -2.814315691929221E-04 -2.824728679144702E-04 -2.833301618591897E-04
 -2.798886003080952E-04 -2.801384064168705E-04 -2.801827073087737E-04
 -2.752877959615833E-04 -2.747624365842039E-04 -2.740567861755557E-04
 -2.679938583038024E-04 -2.668489387564085E-04 -2.655732513628640E-04
 -2.587566464353525E-04 -2.572054055734977E-04 -2.555785238666625E-04
 -2.484265596252651E-04 -2.466777316850666E-04 -2.449013047829611E-04
 -2.377575182053024E-04 -2.359777829343132E-04 -2.342050430078742E-04
 -2.273041756548776E-04 -2.256035531735624E-04 -2.239299368435982E-04
 -2.173986089474469E-04 -2.158330216688121E-04 -2.143021661769973E-04
 -2.081806859266697E-04 -2.067644419848603E-04 -2.053822515537368E-04
 -1.996546456129138E-04 -1.983762262534027E-04 -1.971267607734326E-04
 -1.917493279191694E-04 -1.905857163820898E-04 -1.894447028974931E-04
 -1.843675519976989E-04 -1.832945645963829E-04 -1.822385490709459E-04
 -1.774183956685746E-04 -1.764164204361085E-04 -1.754273880511284E-04
 -1.708325965204879E-04 -1.698884596991605E-04 -1.689548830839434E-04
 -1.645651324692282E-04 -1.636714252487336E-04 -1.627871416151402E-04
 -1.585903422952208E-04 -1.577435753408703E-04 -1.569058085691346E-04
 -1.528943968601726E-04 -1.520930301026736E-04 -1.513004952893914E-04
 -1.474684139180962E-04 -1.467113601374564E-04 -1.459629332767407E-04
 -1.423038098037831E-04 -1.415896030131475E-04 -1.408836581544726E-04
 -1.373901195600281E-04 -1.367166635771113E-04 -1.360509436376710E-04
 -1.327147111400923E-04 -1.320793976521999E-04 -1.314511947686786E-04
 -1.282635457778120E-04 -1.276635235983679E-04 -1.270699609243300E-04
 -1.240222344565496E-04 -1.234546714494591E-04 -1.228929480884116E-04
 -1.199769132680397E-04 -1.194391714416422E-04 -1.189067106160610E-04
 -1.161147476388386E-04 -1.156044575934261E-04 -1.150989575621265E-04
 -1.124240836887369E-04 -1.119391431068519E-04 -1.114585613663079E-04
 -1.088943672613873E-04 -1.084329002023546E-04 -1.079754077663615E-04
 -1.055159653609560E-04 -1.050762734228768E-04 -1.046402072366655E-04
 -1.022799883858650E-04 -1.018605117251445E-04 -1.014443395894203E-04
 -9.917816072542627E-05 -9.877745434394262E-05 -9.837975506173802E-05
 -9.620274605873288E-05 -9.581946867164595E-05 -9.543892340097869E-05
 -9.334651113155617E-05 -9.297942089621905E-05 -9.261480983267612E-05
 -9.060270657359752E-05 -9.025065851172398E-05 -8.990085820499190E-05
 -8.796504846264583E-05 -8.762699056898341E-05 -8.729096947964669E-05
 -8.542769292329134E-05 -8.510266009508238E-05 -8.477947199696268E-05
 -8.298520307118998E-05 -8.267230938581879E-05 -8.236108535353581E-05
 -8.063251143972688E-05 -8.033094177931091E-05 -8.003088177488375E-05
 -7.836488177966838E-05 -7.807388366838565E-05 -7.778424850389341E-05
 -7.617787314599007E-05 -7.589674928752683E-05 -7.561685335793246E-05
 -7.406730777768168E-05 -7.379540946114302E-05 -7.352461434323616E-05
 -7.202924316833799E-05 -7.176596449578654E-05 -7.150367334645009E-05
 -7.005994814355099E-05 -6.980472098341141E-05 -6.955037364226056E-05
 -6.815588263631384E-05 -6.790817222395705E-05 -6.766124095889287E-05
 -6.631368090890393E-05 -6.607298204557463E-05 -6.583296789687561E-05
 -6.453013811207301E-05 -6.429597192499281E-05 -6.406240162127360E-05
 -6.280220009216490E-05 -6.257411130933951E-05 -6.234653469969139E-05
 -6.112695628391597E-05 -6.090451096095523E-05 -6.068249889721328E-05
 -5.950163544124426E-05 -5.928441904292647E-05 -5.906756161137892E-05
 -5.792360374571779E-05 -5.771121948446223E-05 -5.749912448338707E-05
 -5.639036471209645E-05 -5.618243204619034E-05 -5.597472361187507E-05
 -5.489956039001550E-05 -5.469571360403198E-05 -5.449203090222380E-05
 -5.344897363676853E-05 -5.324886042684477E-05 -5.304885633234952E-05
 -5.203653161026001E-05 -5.183981165257849E-05 -5.164315139152197E-05
 -5.066031086374916E-05 -5.046665434552068E-05 -5.027301407014949E-05
 -4.931854388741832E-05 -4.912763003696729E-05 -4.893669535485458E-05
 -4.800962589592232E-05 -4.782114160603675E-05 -4.763260614122401E-05
 -4.673211922471491E-05 -4.654575794059242E-05 -4.635932207128867E-05
 -4.548475202264426E-05 -4.530021313368161E-05 -4.511558311181088E-05
 -4.426640890066369E-05 -4.408339794062325E-05 -4.390028567560104E-05
 -4.307611378304814E-05 -4.289434376298731E-05 -4.271246757442369E-05
 -4.191300833261976E-05 -4.173220242148293E-05 -4.155128899403433E-05
 -4.077633037869534E-05 -4.059622595214839E-05 -4.041601355805064E-05
 -3.966539356541587E-05 -3.948574729315411E-05 -3.930599003604005E-05
 -3.857956222523397E-05 -3.840015539903718E-05 -3.822062777949262E-05
 -3.751820757409228E-05 -3.733885035992446E-05 -3.715935095108665E-05
 -3.648062904582014E-05 -3.630116188304576E-05 -3.612151441099607E-05
 -3.546593325923048E-05 -3.528622340403210E-05 -3.510627323853098E-05
 -3.447288411040494E-05 -3.429281540883945E-05 -3.411241950517347E-05
 -3.349976626892388E-05 -3.331922067659796E-05 -3.313822936718411E-05
 -3.254432981658639E-05 -3.236315979152414E-05 -3.218138940819586E-05
 -3.160388570440018E-05 -3.142187733968153E-05 -3.123907341609583E-05
 -3.067556996813753E-05 -3.049239792746408E-05 -3.030819002879235E-05
 -2.975666122519974E-05 -2.957183924752540E-05 -2.938569130954702E-05
 -2.884465051946322E-05 -2.865748591601768E-05 -2.846865082175344E-05
 -2.793671111286210E-05 -2.774627405148372E-05 -2.755376403087244E-05
 -2.702865615323138E-05 -2.683376620516951E-05 -2.663634294067000E-05
 -2.611458294064135E-05 -2.591380236464772E-05 -2.570997726797547E-05
 -2.518949213161284E-05 -2.498114412534588E-05 -2.476920559277699E-05
 -2.425662797553856E-05 -2.403898430133993E-05 -2.381719255553156E-05
 -2.333841892733643E-05 -2.311031564270406E-05 -2.287752109836695E-05
