  7.521579784072915E+00  7.511054667653142E+00  7.500519467651962E+00

  9.796173437398883E-01  9.796560734697142E-01  9.796946301856332E-01
  9.796143741310821E-01  9.796531210046189E-01  9.796916942827819E-01
  9.796128887810674E-01  9.796516442397646E-01  9.796902258120870E-01
  9.796128887810674E-01  9.796516442397646E-01  9.796902258120870E-01
  9.796143741310821E-01  9.796531210046189E-01  9.796916942827819E-01
  9.796173437398883E-01  9.796560734697142E-01  9.796946301856332E-01
  9.796217954292473E-01  9.796604995099307E-01  9.796990314475688E-01
  9.796277259421571E-01  9.796663959476930E-01  9.797048949688401E-01
  9.796351309551528E-01  9.796737585649717E-01  9.797122166347272E-01
  9.796440050946428E-01  9.796825821192308E-01  9.797209913311047E-01
  9.796543419571501E-01  9.796928603631853E-01  9.797312129637260E-01
  9.796661341334044E-01  9.797045860683241E-01  9.797428744811829E-01
  9.796793732361526E-01  9.797177510520613E-01  9.797559679014148E-01
  9.796940499312639E-01  9.797323462081006E-01  9.797704843413396E-01
  9.797101539725164E-01  9.797483615403950E-01  9.797864140500049E-01
  9.797276742393584E-01  9.797657862000044E-01  9.798037464445548E-01
  9.797465987776822E-01  9.797846085248899E-01  9.798224701490645E-01
  9.797669148434522E-01  9.798048160824923E-01  9.798425730360868E-01
  9.797886089485135E-01  9.798263957144283E-01  9.798640422702564E-01
  9.798116669092166E-01  9.798493335839429E-01  9.798868643545888E-01
  9.798360738965022E-01  9.798736152247638E-01  9.799110251781340E-01
  9.798618144880922E-01  9.798992255920188E-01  9.799365100656394E-01
  9.798888727218731E-01  9.799261491143025E-01  9.799633038283300E-01
  9.799172321508454E-01  9.799543697472733E-01  9.799913908161784E-01
  9.799468758986151E-01  9.799838710277653E-01  9.800207549706711E-01
  9.799777867155973E-01  9.800146361285953E-01  9.800513798782465E-01
  9.800099470357296E-01  9.800466479138661E-01  9.800832488242228E-01
  9.800433390330391E-01  9.800798889941164E-01  9.801163448465648E-01
  9.800779446781984E-01  9.801143417814607E-01  9.801506507896443E-01
  9.801137457943006E-01  9.801499885439658E-01  9.801861493572517E-01
  9.801507241124224E-01  9.801868114598451E-01  9.802228231654545E-01
  9.801888613255977E-01  9.802247926700904E-01  9.802606547939242E-01
  9.802281391418473E-01  9.802639143301981E-01  9.802996268363948E-01
  9.802685393358573E-01  9.803041586605489E-01  9.803397219497845E-01
  9.803100437988720E-01  9.803455079950247E-01  9.803809229015724E-01
  9.803526345874897E-01  9.803879448285905E-01  9.804232126161868E-01
  9.803962939700547E-01  9.804314518626053E-01  9.804665742192420E-01
  9.804410044706744E-01  9.804760120479322E-01  9.805109910797413E-01
  9.804867489098401E-01  9.805216086247257E-01  9.805564468490646E-01
  9.805335104425509E-01  9.805682251595884E-01  9.806029254972336E-01
  9.805812725949862E-01  9.806158455809493E-01  9.806504113470890E-01
  9.806300193017469E-01  9.806644542148268E-01  9.806988891085999E-01
  9.806797349427987E-01  9.807140358207133E-01  9.807483439135559E-01
  9.807304043764187E-01  9.807645756246418E-01  9.807987613484893E-01
  9.807820129611948E-01  9.808160593426261E-01  9.808501274793536E-01
  9.808345465643350E-01  9.808684731904683E-01  9.809024288630074E-01
  9.808879915630863E-01  9.809218038842979E-01  9.809556525475662E-01
  9.809423348578312E-01  9.809760386484858E-01  9.810097860760421E-01
  9.809975639169253E-01  9.810311652521556E-01  9.810648175148414E-01
  9.810536668543232E-01  9.810871720808937E-01  9.811207355184421E-01
  9.811106325051048E-01  9.811440482165615E-01  9.811775294108924E-01
  9.811684504330663E-01  9.812017834634661E-01  9.812351892278052E-01
  9.812271108127202E-01  9.812603682570749E-01  9.812937056512985E-01
  9.812866041945170E-01  9.813197934460207E-01  9.813530698126364E-01
  9.813469212721757E-01  9.813800500437547E-01  9.814132730362094E-01
  9.814080528580138E-01  9.814411291436448E-01  9.814743067031225E-01
  9.814699902648869E-01  9.815030222085563E-01  9.815361624522790E-01
  9.815327261487193E-01  9.815657218279442E-01  9.815988328464595E-01
  9.815962556262106E-01  9.816292228071953E-01  9.816623124181736E-01
  9.816605772689394E-01  9.816935232239926E-01  9.817265987692947E-01
  9.817256935191687E-01  9.817586249898566E-01  9.817916932647325E-01
  9.817916102467886E-01  9.818245335845991E-01  9.818576009439620E-01
  9.818583355060528E-01  9.818912569483866E-01  9.819243295626549E-01
  9.819258778934795E-01  9.819588038742365E-01  9.819918880424791E-01
  9.819942450720339E-01  9.820271824542360E-01  9.820602848597813E-01
  9.820634429256268E-01  9.820963990841639E-01  9.821295269091614E-01
  9.821334755019188E-01  9.821664582543472E-01  9.821996191368201E-01
  9.822043455579611E-01  9.822373630025538E-01  9.822705648854707E-01
  9.822760553216299E-01  9.823091156651153E-01  9.823423666191112E-01
  9.823486070951649E-01  9.823817185327615E-01  9.824150266219014E-01
  9.824220035125816E-01  9.824551741790101E-01  9.824885473975327E-01
  9.824962474823163E-01  9.825294854526284E-01  9.825629317178648E-01
  9.825713419822925E-01  9.826046552850309E-01  9.826381824499933E-01
  9.826472898796058E-01  9.826806864934589E-01  9.827143023470389E-01
  9.827240938588899E-01  9.827575816847451E-01  9.827912939271971E-01
  9.828017564442720E-01  9.828353432616445E-01  9.828691594618322E-01
  9.828802800485291E-01  9.829139734703375E-01  9.829479010187692E-01
  9.829596669909626E-01  9.829934744252221E-01  9.830275204930267E-01
  9.830399194665105E-01  9.830738480850710E-01  9.831080195905952E-01
  9.831210394824398E-01  9.831550961918779E-01  9.831893997705889E-01
  9.832030287891632E-01  9.832372201991344E-01  9.832716621717744E-01
  9.832858888200667E-01  9.833202212075404E-01  9.833548075443060E-01
  9.833696206398587E-01  9.834040999104476E-01  9.834388361920290E-01
  9.834542248924860E-01  9.834888565408523E-01  9.835237479183507E-01
  9.835397017414753E-01  9.835744908119496E-01  9.836095419670797E-01
  9.836260508016610E-01  9.836610018490985E-01  9.836962169549004E-01
  9.837132710653117E-01  9.837483881157457E-01  9.837837707974270E-01
  9.838013608261430E-01  9.838366473370550E-01  9.838722006327264E-01
  9.838903176027802E-01  9.839257764232944E-01  9.839615027448442E-01
  9.839801380611306E-01  9.840157713927165E-01  9.840516724874065E-01
  9.840708179357921E-01  9.841066272940719E-01  9.841427042074905E-01
  9.841623519503162E-01  9.841983381284612E-01  9.842345911693546E-01
  9.842547337378119E-01  9.842908967719505E-01  9.843273254793816E-01
  9.843479557626024E-01  9.843842948997074E-01  9.844208980130008E-01
  9.844420092450074E-01  9.844785229138099E-01  9.845152983458212E-01
  9.845368840892385E-01  9.845735698747613E-01  9.846105146890567E-01
  9.846325688163693E-01  9.846694234386834E-01  9.847065338312192E-01
  9.847290505032750E-01  9.847660698010604E-01  9.848033410869336E-01
  9.848263147281358E-01  9.848634936476038E-01  9.849009202533996E-01
  9.849243455249412E-01  9.849616781146473E-01  9.849992535768850E-01
  9.850231253473937E-01  9.850606047594271E-01  9.850983217295461E-01
  9.851226350437898E-01  9.851602535417852E-01  9.851981037980654E-01
  9.852228538437929E-01  9.852606028181137E-01  9.852985772848392E-01
  9.853237593583525E-01  9.853616293487321E-01  9.853997181228054E-01
  9.854253275934562E-01  9.854633083192557E-01  9.855015007043774E-01
  9.855275329784371E-01  9.855656133765803E-01  9.856038979249724E-01
  9.856303484095472E-01  9.856685166800632E-01  9.857068812416022E-01
  9.857337453090288E-01  9.857719889679984E-01  9.858104207464834E-01
  9.858376936994317E-01  9.858759996389989E-01  9.859144852551430E-01
  9.859421622934940E-01  9.859805168484577E-01  9.860190424090592E-01
  9.860471185982514E-01  9.860855076186194E-01  9.861240587912246E-01
  9.861525290337958E-01  9.861909379625384E-01  9.862295000547912E-01
  9.862583590640737E-01  9.862967730192127E-01  9.863353310619691E-01
  9.863645733397763E-01  9.864029771998106E-01  9.864415160330010E-01
  9.864711358503537E-01  9.865095143419582E-01  9.865480187021007E-01
  9.865780100846864E-01  9.866163478715317E-01  9.866548024797475E-01
  9.866851591966893E-01  9.867234409682004E-01  9.867618306175464E-01
  9.867925461753406E-01  9.868307567341860E-01  9.868690663751302E-01
  9.869001340153507E-01  9.869382583624760E-01  9.869764731853518E-01
  9.870078858868531E-01  9.870459093029064E-01  9.870840148162549E-01
  9.871157653016283E-01  9.871536734236965E-01  9.871916555274697E-01
  9.872237362734103E-01  9.872615151660836E-01  9.872993602188004E-01
  9.873317634701791E-01  9.873693996900776E-01  9.874070945691473E-01
  9.874398123562144E-01  9.874772930092548E-01  9.875148251638327E-01
  9.875478493226401E-01  9.875851621134736E-01  9.876225196093666E-01
  9.876558418043013E-01  9.876929750775243E-01  9.877301466338412E-01
  9.877637583824600E-01  9.878007011553707E-01  9.878376761727734E-01
  9.878715688717596E-01  9.879083108586063E-01  9.879450794391980E-01
  9.879792443914758E-01  9.880157760193164E-01  9.880523289783519E-01
  9.880867574205289E-01  9.881230698369722E-01  9.881593987067365E-01
  9.881940818366077E-01  9.882301669098528E-01  9.882662639361746E-01
  9.883011929395942E-01  9.883370432513156E-01  9.883729013833096E-01
  9.884080674603993E-01  9.884436762921219E-01  9.884792891658332E-01
  9.885146835560310E-01  9.885500448697232E-01  9.885854067864248E-01
  9.886210207917357E-01  9.886561292054059E-01  9.886912351053389E-01
  9.887270601121801E-01  9.887619108712973E-01  9.887967563036707E-01
  9.888327838026292E-01  9.888673727481893E-01  9.889019538382461E-01
  9.889381754420512E-01  9.889724989761095E-01  9.890068123900554E-01
  9.890432198493407E-01  9.890772748987918E-01  9.891113178073394E-01
  9.891479030242980E-01  9.891816870036424E-01  9.892154570448684E-01
  9.892522120851137E-01  9.892857228588814E-01  9.893192181010335E-01
  9.893561352032783E-01  9.893893710487183E-01  9.894225899535317E-01
  9.894596615375125E-01  9.894926211080705E-01  9.895255624950748E-01
  9.895627811678637E-01  9.895954634578944E-01  9.896281264701172E-01
  9.896654850306510E-01  9.896978893417285E-01  9.897302734131109E-01
  9.897677648554954E-01  9.897998907645978E-01  9.898319955893687E-01
  9.898696131048716E-01  9.899014604346499E-01  9.899332859388269E-01
  9.899710229167127E-01  9.900025917079753E-01  9.900341380230971E-01
  9.900719880506332E-01  9.901032785371182E-01  9.901345459762475E-01
  9.901725028378485E-01  9.902035154232925E-01  9.902345044592883E-01
  9.902725621350396E-01  9.903032973725129E-01  9.903340086185106E-01
  9.903721612821331E-01  9.904026198555693E-01  9.904330540475920E-01
  9.904712960640476E-01  9.905014787718558E-01  9.905316367534309E-01
  9.905699626761645E-01  9.905998704168010E-01  9.906297531254562E-01
  9.906681576934041E-01  9.906977914527577E-01  9.907273999082428E-01
  9.907658780427747E-01  9.907952388832096E-01  9.908245741772933E-01
  9.908631209789726E-01  9.908922100298685E-01  9.909212733175455E-01
  9.909598840626117E-01  9.909887025122458E-01  9.910174950042063E-01
  9.910561651415492E-01  9.910847142301614E-01  9.911132371863677E-01
  9.911519623341741E-01  9.911802433480694E-01  9.912084980722959E-01
  9.912472740146182E-01  9.912752882811662E-01  9.913032761163788E-01
  9.913420988001294E-01  9.913698476835341E-01  9.913975700079743E-01
  9.914364355396280E-01  9.914639204373558E-01  9.914913786612339E-01
  9.915302833036216E-01  9.915575056433741E-01  9.915847012060636E-01
  9.916236413753823E-01  9.916506026125305E-01  9.916775369801817E-01
  9.917165092429013E-01  9.917432108582985E-01  9.917698855217976E-01
  9.918088865919683E-01  9.918353300900669E-01  9.918617465632723E-01
  9.919007732996059E-01  9.919269602068294E-01  9.919531200250351E-01
  9.919921694282289E-01  9.920181012915421E-01  9.920440060101239E-01
  9.920830752201675E-01  9.921087536058090E-01  9.921344047990144E-01
  9.921734910916545E-01  9.921989175839969E-01  9.922243168438496E-01
  9.922634176276935E-01  9.922885938282023E-01  9.923137427634949E-01
  9.923528555769073E-01  9.923777831031718E-01  9.924026833385236E-01
  9.924418058481066E-01  9.924664863329266E-01  9.924911395078908E-01
  9.925302695072121E-01  9.925547045977291E-01  9.925791123659385E-01
  9.926182477750937E-01  9.926424391319636E-01  9.926666031603143E-01
  9.927057420230599E-01  9.927296913196650E-01  9.927536132875386E-01
  9.927927537655571E-01  9.928164626872613E-01  9.928401442857862E-01
  9.928792846502992E-01  9.929027548937281E-01  9.929261978250677E-01
  9.929653364494323E-01  9.929885697217600E-01  9.930117756984030E-01
  9.930509110572848E-01  9.930739090754988E-01  9.930968798195311E-01
  9.931360104992226E-01  9.931587749893698E-01  9.931815122317236E-01
  9.932206369484605E-01  9.932431696448951E-01  9.932656751246032E-01
  9.933047927392366E-01  9.933270953839279E-01  9.933493708474352E-01
  9.933884803584248E-01  9.934105547003751E-01  9.934326019009598E-01
  9.934717024030114E-01  9.934935501977927E-01  9.935153708951111E-01
  9.935544615099147E-01  9.935760845192653E-01  9.935976804789515E-01
  9.936367602922803E-01  9.936581602836283E-01  9.936795332768248E-01
  9.937186013361463E-01  9.937397800819421E-01  9.937609318846368E-01
  9.937999873034151E-01  9.938209465802310E-01  9.938418789723648E-01
  9.938809211434247E-01  9.939016627309170E-01  9.939223774953473E-01
  9.939614063306940E-01  9.939819320107218E-01  9.940024309323485E-01
  9.940414470024810E-01  9.940617585585192E-01  9.940820434237007E-01
  9.941210477798903E-01  9.941411469972731E-01  9.941612195940729E-01
  9.942002133330758E-01  9.942201019989599E-01  9.942399641171220E-01
  9.942789474001571E-01  9.942986273055519E-01  9.943182807385237E-01
  9.943572525880082E-01  9.943767255243485E-01  9.943961720658896E-01
  9.944351288078181E-01  9.944543965761566E-01  9.944736380294555E-01
  9.945125777587491E-01  9.945316421435724E-01  9.945506802952749E-01
  9.945895956966561E-01  9.946084585296509E-01  9.946272952130707E-01
  9.946662007088068E-01  9.946848636990270E-01  9.947035006257678E-01
  9.947423750490870E-01  9.947608401792013E-01  9.947792793319531E-01
  9.948182732023465E-01  9.948365410754286E-01  9.948547830692259E-01
  9.792880670709537E-01  9.793281567842855E-01  9.793680283584937E-01
  9.792849770673641E-01  9.793250869694832E-01  9.793649780942285E-01
  9.792834314470380E-01  9.793235514585822E-01  9.793634523733282E-01
  9.792834314470380E-01  9.793235514585822E-01  9.793634523733282E-01
  9.792849770673641E-01  9.793250869694832E-01  9.793649780942285E-01
  9.792880670709537E-01  9.793281567842855E-01  9.793680283584937E-01
  9.792926989884670E-01  9.793327584936604E-01  9.793726008156114E-01
  9.792988691277326E-01  9.793388884951703E-01  9.793786919510912E-01
  9.793065725878684E-01  9.793465420070552E-01  9.793862970999196E-01
  9.793158032779775E-01  9.793557130864877E-01  9.793954104643851E-01
  9.793265539403140E-01  9.793663946521987E-01  9.794060251361697E-01
  9.793388161778189E-01  9.793785785113694E-01  9.794181331226127E-01
  9.793525804858423E-01  9.793922553906157E-01  9.794317253769667E-01
  9.793678362878915E-01  9.794074149708984E-01  9.794467918324893E-01
  9.793845719752617E-01  9.794240459262300E-01  9.794633214402356E-01
  9.794027749503033E-01  9.794421359659212E-01  9.794813022103087E-01
  9.794224316730682E-01  9.794616718801317E-01  9.795007212563251E-01
  9.794435277111543E-01  9.794826395885317E-01  9.795215648429210E-01
  9.794660477923596E-01  9.795050241917052E-01  9.795438184359213E-01
  9.794899758600558E-01  9.795288100252039E-01  9.795674667550964E-01
  9.795152951307554E-01  9.795539807157263E-01  9.795924938289806E-01
  9.795419881537801E-01  9.795805192393494E-01  9.796188830516895E-01
  9.795700368725558E-01  9.796084079813312E-01  9.796466172412578E-01
  9.795994226873612E-01  9.796376287973276E-01  9.796756786993555E-01
  9.796301265190591E-01  9.796681630755576E-01  9.797060492719142E-01
  9.796621288735475E-01  9.796999917996603E-01  9.797377104104233E-01
  9.796954099066418E-01  9.797330956119614E-01  9.797706432336195E-01
  9.797299494890087E-01  9.797674548767793E-01  9.798048285891953E-01
  9.797657272709113E-01  9.798030497435400E-01  9.798402471153277E-01
  9.798027227463108E-01  9.798398602092704E-01  9.798768793015949E-01
  9.798409153161655E-01  9.798778661803154E-01  9.799147055491537E-01
  9.798802843503366E-01  9.799170475326918E-01  9.799537062295836E-01
  9.799208092481800E-01  9.799573841711344E-01  9.799938617424370E-01
  9.799624694975758E-01  9.799988560865783E-01  9.800351525712269E-01
  9.800052447323825E-01  9.800414434121111E-01  9.800775593379117E-01
  9.800491147879481E-01  9.800851264771204E-01  9.801210628556946E-01
  9.800940597537174E-01  9.801298858587608E-01  9.801656441793535E-01
  9.801400600222117E-01  9.801757024299617E-01  9.802112846523089E-01
  9.801870963343525E-01  9.802225574036840E-01  9.802579659499057E-01
  9.802351498229107E-01  9.802704323748884E-01  9.803056701200427E-01
  9.802842020565588E-01  9.803193093627073E-01  9.803543796235501E-01
  9.803342350851966E-01  9.803691708541395E-01  9.804040773761520E-01
  9.803852314823686E-01  9.804199998461945E-01  9.804547467900097E-01
  9.804371743761752E-01  9.804717798784832E-01  9.805063718076484E-01
  9.804900474616708E-01  9.805244950481211E-01  9.805589369194253E-01
  9.805438349996177E-01  9.805781300087262E-01  9.806124271635456E-01
  9.805985218234816E-01  9.806326699721424E-01  9.806668281237831E-01
  9.806540933843596E-01  9.806881007426796E-01  9.807221259538249E-01
  9.807105358458029E-01  9.807444088019535E-01  9.807783074511918E-01
  9.807678361945512E-01  9.808015814209614E-01  9.808353601675289E-01
  9.808259822842537E-01  9.808596067243738E-01  9.808932724894860E-01
  9.808849627226561E-01  9.809184736130866E-01  9.809520335949364E-01
  9.809447665853595E-01  9.809781715068160E-01  9.810116332281532E-01
  9.810053830804502E-01  9.810386900001893E-01  9.810720613571499E-01
  9.810668014237814E-01  9.811000186711317E-01  9.811333079271164E-01
  9.811290112052921E-01  9.811621473318183E-01  9.811953630027366E-01
  9.811920033628849E-01  9.812250668864452E-01  9.812582175045058E-01
  9.812557715677152E-01  9.812887706675000E-01  9.813218644772920E-01
  9.813203135166035E-01  9.813532557967983E-01  9.813863004948338E-01
  9.813856315198468E-01  9.814185239566952E-01  9.814515265952627E-01
  9.814517319780572E-01  9.814845810990384E-01  9.815175482205143E-01
  9.815186237984526E-01  9.815514360410499E-01  9.815843740105169E-01
  9.815863162826739E-01  9.816190983968287E-01  9.816520138093039E-01
  9.816548172611498E-01  9.816875766008155E-01  9.817204766055347E-01
  9.817241321136310E-01  9.817568767198577E-01  9.817897691475571E-01
  9.817942638780978E-01  9.818270023562664E-01  9.818598956314495E-01
  9.818652141571149E-01  9.818979554385481E-01  9.819308583534012E-01
  9.819369842445396E-01  9.819697373533345E-01  9.820026588238456E-01
  9.820095759379104E-01  9.820423498499892E-01  9.820752987522130E-01
  9.820829917943825E-01  9.821157954071316E-01  9.821487805261456E-01
  9.821572349258892E-01  9.821900770973058E-01  9.822231071568669E-01
  9.822323086216167E-01  9.822651982172238E-01  9.822982819287969E-01
  9.823082160673949E-01  9.823411619718782E-01  9.823743080539958E-01
  9.823849602742201E-01  9.824179713605050E-01  9.824511885141377E-01
  9.824625441636597E-01  9.824956292390556E-01  9.825289260949629E-01
  9.825409706843108E-01  9.825741384386945E-01  9.826075235024363E-01
  9.826202428622911E-01  9.826535018315414E-01  9.826869834424458E-01
  9.827003637652801E-01  9.827337223078416E-01  9.827673086124648E-01
  9.827813364186341E-01  9.828148026951377E-01  9.828485016258823E-01
  9.828631637228887E-01  9.828967456704061E-01  9.829305649199721E-01
  9.829458483966650E-01  9.829795536955396E-01  9.830135006838743E-01
  9.830293929387288E-01  9.830632289748943E-01  9.830973108109167E-01
  9.831137995900707E-01  9.831477734166124E-01  9.831819968586463E-01
  9.831990702825113E-01  9.832331885821544E-01  9.832675599992835E-01
  9.832852065729585E-01  9.833194756208953E-01  9.833540009550344E-01
  9.833722095700560E-01  9.834066351957778E-01  9.834413199231603E-01
  9.834600798593941E-01  9.834946674068478E-01  9.835295164980979E-01
  9.835488174289942E-01  9.835835717153747E-01  9.836185895943345E-01
  9.836384215933489E-01  9.836733468673103E-01  9.837085373694044E-01
  9.837288909140222E-01  9.837639908139826E-01  9.837993571448803E-01
  9.838202231167146E-01  9.838555006296255E-01  9.838910453246537E-01
  9.839124150059804E-01  9.839478724268030E-01  9.839835973113864E-01
  9.840054623792381E-01  9.840411012714623E-01  9.840770074229235E-01
  9.840993599411385E-01  9.841351810988511E-01  9.841712688100676E-01
  9.841941012191475E-01  9.842301046312684E-01  9.842663733768070E-01
  9.842896784809044E-01  9.843258632982204E-01  9.843623117035949E-01
  9.843860826546104E-01  9.844224471602306E-01  9.844590729749043E-01
  9.844833032536078E-01  9.845198448374463E-01  9.845566449121874E-01
  9.845813283064939E-01  9.846180434444067E-01  9.846550137136024E-01
  9.846801442942854E-01  9.847170285324941E-01  9.847541640020254E-01
  9.847797360958371E-01  9.848167840412482E-01  9.848540787825147E-01
  9.848800869429402E-01  9.849172922599420E-01  9.849547394105695E-01
  9.849811783863652E-01  9.850185338006155E-01  9.850561255723211E-01
  9.850829902742078E-01  9.851204875838567E-01  9.851582152778597E-01
  9.851855007436576E-01  9.852231308383674E-01  9.852609848686454E-01
  9.852886862273053E-01  9.853264391153183E-01  9.853644090398961E-01
  9.853925214748726E-01  9.854303863182731E-01  9.854684608786112E-01
  9.854969795910098E-01  9.855349447491838E-01  9.855731119176041E-01
  9.856020320896273E-01  9.856400851707894E-01  9.856783322057230E-01
  9.857076489649317E-01  9.857457768854311E-01  9.857840903941293E-01
  9.858137987790614E-01  9.858519878300288E-01  9.858903538382185E-01
  9.859204487659963E-01  9.859586846867365E-01  9.859970887145643E-01
  9.860275649508279E-01  9.860658330082236E-01  9.861042601516778E-01
  9.861351122835114E-01  9.861733973565499E-01  9.862118323734348E-01
  9.862430547855330E-01  9.862813414539496E-01  9.863197688533500E-01
  9.863513557080266E-01  9.863896283439438E-01  9.864280324780365E-01
  9.864599776991834E-01  9.864982205605415E-01  9.865365857175317E-01
  9.865688829789361E-01  9.866070803034513E-01  9.866453908003723E-01
  9.866780335184460E-01  9.867161696168021E-01  9.867544098908967E-01
  9.867873912218773E-01  9.868254505688527E-01  9.868636052662736E-01
  9.868969181079315E-01  9.869348854301996E-01  9.869729394908114E-01
  9.870065764884817E-01  9.870444368478826E-01  9.870823755850260E-01
  9.871163291417816E-01  9.871540680129594E-01  9.871918771871432E-01
  9.872261394777561E-01  9.872637428191763E-01  9.873014087047953E-01
  9.873359716932170E-01  9.873734260107215E-01  9.874109354550525E-01
  9.874457909148999E-01  9.874830833171274E-01  9.875204237910182E-01
  9.875555633286803E-01  9.875926815738516E-01  9.876298412137077E-01
  9.876652562934164E-01  9.877021888271785E-01  9.877391564680321E-01
  9.877748384385051E-01  9.878115744227133E-01  9.878483396223474E-01
  9.878842797443994E-01  9.879208090768994E-01  9.879573621311729E-01
  9.879935516058040E-01  9.880298649314589E-01  9.880661968811509E-01
  9.881026268775615E-01  9.881387155909238E-01  9.881748182205655E-01
  9.882114799037566E-01  9.882473361439352E-01  9.882832019732255E-01
  9.883200865306304E-01  9.883557031690143E-01  9.883913254375233E-01
  9.884284241043692E-01  9.884637947259671E-01  9.884991673719118E-01
  9.885364714550289E-01  9.885715903342583E-01  9.886067079681887E-01
  9.886442088680102E-01  9.886790709398031E-01  9.887139288140755E-01
  9.887516180446757E-01  9.887862188717916E-01  9.888208128466957E-01
  9.888586820536955E-01  9.888930177911224E-01  9.889273442985290E-01
  9.889653852748544E-01  9.889994526321467E-01  9.890335086374878E-01
  9.890717133370061E-01  9.891055095393624E-01  9.891392925027132E-01
  9.891776530517192E-01  9.892111758005417E-01  9.892446836374986E-01
  9.892831923442003E-01  9.893164397777979E-01  9.893496708207752E-01
  9.893883201828626E-01  9.894212908378830E-01  9.894542437983618E-01
  9.894930265087916E-01  9.895257192828708E-01  9.895583932150465E-01
  9.895973021662304E-01  9.896297162822668E-01  9.896621105484543E-01
  9.897011388350123E-01  9.897332738073817E-01  9.897653880454559E-01
  9.898045289656584E-01  9.898363845686048E-01  9.898682186616693E-01
  9.899074657178235E-01  9.899390419561788E-01  9.899705960045881E-01
  9.900099429024468E-01  9.900412399847636E-01  9.900725142805491E-01
  9.901119549279712E-01  9.901429732420954E-01  9.901739682457962E-01
  9.902134967507458E-01  9.902442368417954E-01  9.902749531616463E-01
  9.903145638297188E-01  9.903450263803973E-01  9.903754647537831E-01
  9.904151520853172E-01  9.904453378984526E-01  9.904754991755081E-01
  9.905152578624103E-01  9.905451678455841E-01  9.905750529748021E-01
  9.906148778972175E-01  9.906445130493329E-01  9.906741230650161E-01
  9.907140092878067E-01  9.907433706874272E-01  9.907727066988271E-01
  9.908126494679742E-01  9.908417382632670E-01  9.908708014452337E-01
  9.909107961843031E-01  9.909396135844160E-01  9.909684051693975E-01
  9.910084474759520E-01  9.910369947436560E-01  9.910655160148839E-01
  9.911056016569181E-01  9.911338801023606E-01  9.911621323880686E-01
  9.912022573005724E-01  9.912302682759898E-01  9.912582529445245E-01
  9.912984132260264E-01  9.913261581212811E-01  9.913538765769754E-01
  9.913940684861672E-01  9.914215487249831E-01  9.914490024046736E-01
  9.914892223571092E-01  9.915164393938944E-01  9.915436297639766E-01
  9.915838743288945E-01  9.916108296460540E-01  9.916377581999848E-01
  9.916780240972668E-01  9.917047192029158E-01  9.917313874590832E-01
  9.917716715562922E-01  9.917981079823002E-01  9.918245174821915E-01
  9.918648167916734E-01  9.918909960919741E-01  9.919171483985845E-01
  9.919574600744863E-01  9.919833838236022E-01  9.920092805200381E-01
  9.920496018550797E-01  9.920752716468174E-01  9.921009143350518E-01
  9.921412427573716E-01  9.921666602036493E-01  9.921920505033976E-01
  9.922323835736814E-01  9.922575503034604E-01  9.922826898511471E-01
  9.923230252605321E-01  9.923479429188246E-01  9.923728333666185E-01
  9.924131689352285E-01  9.924378391821665E-01  9.924624821970716E-01
  9.925028158726179E-01  9.925272403825759E-01  9.925516376455688E-01
  9.925919675005660E-01  9.926161479613309E-01  9.926403011665434E-01
  9.926806253932672E-01  9.927045635052514E-01  9.927284743591929E-01
  9.927687912628436E-01  9.927924887383268E-01  9.928161589591348E-01
  9.928564669519685E-01  9.928799255143512E-01  9.929033568310502E-01
  9.929436544316234E-01  9.929668758146728E-01  9.929900699664266E-01
  9.930303558067982E-01  9.930533417538858E-01  9.930763004892404E-01
  9.931165733277757E-01  9.931393255911245E-01  9.931620506672597E-01
  9.932023093979363E-01  9.932248297379196E-01  9.932473229199532E-01
  9.932875665651109E-01  9.933098567496377E-01  9.933321198100162E-01
  9.933723474878439E-01  9.933944092918365E-01  9.934164440098165E-01
  9.934566548827688E-01  9.934784900876800E-01  9.935002982488514E-01
  9.935404914795599E-01  9.935621018728361E-01  9.935836852685922E-01
  9.936238600237683E-01  9.936452473981736E-01  9.936666078250390E-01
  9.937067633600585E-01  9.937279295128334E-01  9.937490687716297E-01
  9.937892045919137E-01  9.938101513238632E-01  9.938310712188013E-01
  9.938711872554844E-01  9.938919163701868E-01  9.939126187080811E-01
  9.939527153969151E-01  9.939732287002453E-01  9.939937152900412E-01
  9.940337934282876E-01  9.940540927283942E-01  9.940743653811498E-01
  9.941144257230435E-01  9.941345128305922E-01  9.941545733597297E-01
  9.941946159991313E-01  9.942144927278039E-01  9.942343429496104E-01
  9.942743668433351E-01  9.942940350095339E-01  9.943136767428763E-01
  9.943536794907282E-01  9.943731409140811E-01  9.943925759809047E-01
  9.944325548781660E-01  9.944518113782533E-01  9.944710416003308E-01
  9.945109942589453E-01  9.945300476614407E-01  9.945490748664539E-01
  9.945890033507615E-01  9.946078554732125E-01  9.946266814806423E-01
  9.946665862590496E-01  9.946852389636759E-01  9.947038656371436E-01
  9.947437590246423E-01  9.947622141108601E-01  9.947806432516093E-01
  9.789465741681042E-01  9.789883178994839E-01  9.790297934989732E-01
  9.789433433570515E-01  9.789851107639042E-01  9.790266093347311E-01
  9.789417272478156E-01  9.789835065094185E-01  9.790250165825928E-01
  9.789417272478156E-01  9.789835065094185E-01  9.790250165825928E-01
  9.789433433570515E-01  9.789851107639042E-01  9.790266093347311E-01
  9.789465741681042E-01  9.789883178994839E-01  9.790297934989732E-01
  9.789514168716058E-01  9.789931251747174E-01  9.790345664004647E-01
  9.789578672670766E-01  9.789995284906958E-01  9.790409240398622E-01
  9.789659197791312E-01  9.790075224068705E-01  9.790488611087885E-01
  9.789755674789018E-01  9.790171001619800E-01  9.790583710102726E-01
  9.789868021105793E-01  9.790282536999791E-01  9.790694458840772E-01
  9.789996141229457E-01  9.790409737008458E-01  9.790820766367966E-01
  9.790139927056947E-01  9.790552496160682E-01  9.790962529765245E-01
  9.790299258304045E-01  9.790710697086737E-01  9.791119634519594E-01
  9.790474002959130E-01  9.790884210975629E-01  9.791291954957099E-01
  9.790664017778794E-01  9.791072898059248E-01  9.791479354715901E-01
  9.790869148822563E-01  9.791276608134724E-01  9.791681687256371E-01
  9.791089232023714E-01  9.791495181122016E-01  9.791898796405684E-01
  9.791324093793441E-01  9.791728447654005E-01  9.792130516934073E-01
  9.791573551655030E-01  9.791976229695826E-01  9.792376675159581E-01
  9.791837414904623E-01  9.792238341190078E-01  9.792637089577976E-01
  9.792115485295487E-01  9.792514588724931E-01  9.792911571514924E-01
  9.792407557741832E-01  9.792804772221148E-01  9.793199925796547E-01
  9.792713421038777E-01  9.793108685634840E-01  9.793501951435207E-01
  9.793032858594642E-01  9.793426117672074E-01  9.793817442326741E-01
  9.793365649171586E-01  9.793756852511477E-01  9.794146187955372E-01
  9.793711567631159E-01  9.794100670531452E-01  9.794487974102924E-01
  9.794070385681367E-01  9.794457349038683E-01  9.794842583559130E-01
  9.794441872621279E-01  9.794826662994116E-01  9.795209796829345E-01
  9.794825796079225E-01  9.795208385732714E-01  9.795589392836234E-01
  9.795221922739730E-01  9.795602289672248E-01  9.795981149610795E-01
  9.795630019056158E-01  9.796008147007915E-01  9.796384844969472E-01
  9.796049851946844E-01  9.796425730390299E-01  9.796800257174525E-01
  9.796481189475086E-01  9.796854813586958E-01  9.797227165577783E-01
  9.796923801511663E-01  9.797295172127147E-01  9.797665351247964E-01
  9.797377460372905E-01  9.797746583924198E-01  9.798114597577415E-01
  9.797841941421574E-01  9.798208829863844E-01  9.798574690857912E-01
  9.798317023619468E-01  9.798681694345922E-01  9.799045420812028E-01
  9.798802490038347E-01  9.799164965781759E-01  9.799526581078573E-01
  9.799298128358573E-01  9.799658437072407E-01  9.800017969672500E-01
  9.799803731391413E-01  9.800161906105542E-01  9.800519389457334E-01
  9.800319097622862E-01  9.800675176280632E-01  9.801030648649455E-01
  9.800844031701491E-01  9.801198057001056E-01  9.801551561309304E-01
  9.801378344737435E-01  9.801730364004985E-01  9.802081947699941E-01
  9.801921854335988E-01  9.802271919435124E-01  9.802621634395913E-01
  9.802474384489461E-01  9.802822551721384E-01  9.803170454170552E-01
  9.803035765695449E-01  9.803382095603218E-01  9.803728245940994E-01
  9.803605835716546E-01  9.803950392726301E-01  9.804294855209068E-01
  9.804184441030838E-01  9.804527292973280E-01  9.804870135250942E-01
  9.804771438291746E-01  9.805112656005303E-01  9.805453948688826E-01
  9.805366694483226E-01  9.805706351783826E-01  9.806046168325091E-01
  9.805970084614577E-01  9.806308258791119E-01  9.806646675880475E-01
  9.806581487161348E-01  9.806918259791317E-01  9.807255358154120E-01
  9.807200779625599E-01  9.807536237064638E-01  9.807872102089151E-01
  9.807827838243373E-01  9.808162070939208E-01  9.808496792289914E-01
  9.808462545444393E-01  9.808795645536476E-01  9.809129315103761E-01
  9.809104805490778E-01  9.809436862986673E-01  9.809769571270320E-01
  9.809754563882851E-01  9.810085662678725E-01  9.810417494697200E-01
  9.810411822275091E-01  9.810742037814086E-01  9.811073070296027E-01
  9.811076640555157E-01  9.811406040538788E-01  9.811736341969914E-01
  9.811749122359781E-01  9.812077770678973E-01  9.812407404666967E-01
  9.812429387748020E-01  9.812757350277770E-01  9.813086381158954E-01
  9.813117543095082E-01  9.813444893044811E-01  9.813773391526873E-01
  9.813813659816316E-01  9.814140480520711E-01  9.814468527104933E-01
  9.814517769234694E-01  9.814844153525817E-01  9.815171838541548E-01
  9.815229873122068E-01  9.815555920036918E-01  9.815883340741418E-01
  9.815949962533532E-01  9.816275773189563E-01  9.816603029633585E-01
  9.816678035142736E-01  9.817003709632401E-01  9.817330901230801E-01
  9.817414104116177E-01  9.817739740364630E-01  9.818066964344176E-01
  9.818158197302320E-01  9.818483891645085E-01  9.818811243345320E-01
  9.818910350518980E-01  9.819236198987604E-01  9.819563773095623E-01
  9.819670600444235E-01  9.819996699720451E-01  9.820324591346402E-01
  9.820438980922295E-01  9.820765428457651E-01  9.821093733417339E-01
  9.821215523270946E-01  9.821542416706591E-01  9.821871231035201E-01
  9.822000258709613E-01  9.822327695072621E-01  9.822657114213192E-01
  9.822793220508534E-01  9.823121295602903E-01  9.823451413726277E-01
  9.823594444543152E-01  9.823923252667307E-01  9.824254162317196E-01
  9.824403968403191E-01  9.824733602267975E-01  9.825065394243643E-01
  9.825221830010412E-01  9.825552380652491E-01  9.825885143923736E-01
  9.826048066582064E-01  9.826379623149579E-01  9.826713444657114E-01
  9.826882714172562E-01  9.827215363586747E-01  9.827550327909299E-01
  9.827725807520978E-01  9.828059634088004E-01  9.828395823043758E-01
  9.828577379822050E-01  9.828912464859567E-01  9.829249957113596E-01
  9.829437462233908E-01  9.829773883727202E-01  9.830112754430249E-01
  9.830306083172309E-01  9.830643915437189E-01  9.830984235877973E-01
  9.831183267538508E-01  9.831522580863452E-01  9.831864418105807E-01
  9.832069035976843E-01  9.832409896234645E-01  9.832753312725960E-01
  9.832963404162887E-01  9.833305872399485E-01  9.833650925555938E-01
  9.833866382072474E-01  9.834210514085633E-01  9.834557255867321E-01
  9.834777973193845E-01  9.835123819109319E-01  9.835472295594644E-01
  9.835698173682141E-01  9.836045777528699E-01  9.836396028490675E-01
  9.836626971477986E-01  9.836976370761019E-01  9.837328429245552E-01
  9.837564345411991E-01  9.837915570687857E-01  9.838269462595773E-01
  9.838510264303811E-01  9.838863338760053E-01  9.839219082437913E-01
  9.839464686058701E-01  9.839819625106720E-01  9.840177230953105E-01
  9.840427556764836E-01  9.840784367651416E-01  9.841143837745452E-01
  9.841398809801575E-01  9.841757491245251E-01  9.842118819003529E-01
  9.842378364972159E-01  9.842738906830466E-01  9.843102076698457E-01
  9.843366127674852E-01  9.843728510649001E-01  9.844093497833407E-01
  9.844361988126363E-01  9.844726183510271E-01  9.845092953759081E-01
  9.845365820651156E-01  9.845731790131883E-01  9.846100299569027E-01
  9.846377483050536E-01  9.846745178566955E-01  9.847115373588090E-01
  9.847396816066176E-01  9.847766179732316E-01  9.848137996967866E-01
  9.848423642953410E-01  9.848794607052389E-01  9.849167973403317E-01
  9.849457769178176E-01  9.849830256232073E-01  9.850205088983147E-01
  9.850498982251581E-01  9.850872905171666E-01  9.851249112186126E-01
  9.851547051713857E-01  9.851922314034767E-01  9.852299794033140E-01
  9.852601729278454E-01  9.852978225478541E-01  9.853356868403244E-01
  9.853662749144511E-01  9.854040365053340E-01  9.854420052519148E-01
  9.854729828484134E-01  9.855108441776516E-01  9.855489047605531E-01
  9.855802668108168E-01  9.856182148882562E-01  9.856563539720657E-01
  9.856880953310722E-01  9.857261164748261E-01  9.857643200758414E-01
  9.857964354889415E-01  9.858345153988090E-01  9.858727689614374E-01
  9.859052530335201E-01  9.859433768712078E-01  9.859816653506503E-01
  9.860145125181353E-01  9.860526649934135E-01  9.860909729436964E-01
  9.861241774498968E-01  9.861623429116688E-01  9.862006545779536E-01
  9.862342104521883E-01  9.862723729833331E-01  9.863106723973224E-01
  9.863445734381246E-01  9.863827169528623E-01  9.864209880300294E-01
  9.864552277927039E-01  9.864933361351592E-01  9.865315627724667E-01
  9.865661345611821E-01  9.866041916037678E-01  9.866423577765063E-01
  9.866772546409763E-01  9.867152443812074E-01  9.867533342375916E-01
  9.867885489743715E-01  9.868264556287362E-01  9.868644535809260E-01
  9.868999787391728E-01  9.869377868327458E-01  9.869756776430387E-01
  9.870115055345300E-01  9.870491999850977E-01  9.870869688461312E-01
  9.871230915592706E-01  9.871606577548566E-01  9.871982903627972E-01
  9.872346997802152E-01  9.872721236490424E-01  9.873096062688890E-01
  9.873462940882159E-01  9.873835621603172E-01  9.874208816826298E-01
  9.874578394399126E-01  9.874949388997800E-01  9.875320828883309E-01
  9.875693019835780E-01  9.876062207134493E-01  9.876431774434964E-01
  9.876806491678211E-01  9.877173757813963E-01  9.877541342684693E-01
  9.877918498322532E-01  9.878283736988444E-01  9.878649237181429E-01
  9.879028742796910E-01  9.879391855390003E-01  9.879755176356824E-01
  9.880136943298190E-01  9.880497838977215E-01  9.880858893885296E-01
  9.881242833546668E-01  9.881601429205294E-01  9.881960138873497E-01
  9.882346162965909E-01  9.882702383128008E-01  9.883058675888691E-01
  9.883446696697864E-01  9.883800473342680E-01  9.884154284838396E-01
  9.884544215465993E-01  9.884895487791922E-01  9.885246760715563E-01
  9.885638515301326E-01  9.885987229437442E-01  9.886335913225097E-01
  9.886729407148073E-01  9.887075515822906E-01  9.887421566308714E-01
  9.887816716366600E-01  9.888160178543500E-01  9.888503557585777E-01
  9.888900282151691E-01  9.889241062640041E-01  9.889581737727465E-01
  9.889979956884247E-01  9.890318025935162E-01  9.890655969781430E-01
  9.891055605433986E-01  9.891390938328655E-01  9.891726128463192E-01
  9.892127104429587E-01  9.892459681067467E-01  9.892792099429014E-01
  9.893194341511891E-01  9.893524146005167E-01  9.893853778544152E-01
  9.894257214583932E-01  9.894584234863724E-01  9.894911071158365E-01
  9.895315631069840E-01  9.895639858508680E-01  9.895963891398906E-01
  9.896369507193074E-01  9.896690936247222E-01  9.897012161489508E-01
  9.897418767282580E-01  9.897737395156845E-01  9.898055811102214E-01
  9.898463343113191E-01  9.898779169450027E-01  9.899094776746653E-01
  9.899503173285958E-01  9.899816199879901E-01  9.900129001201016E-01
  9.900538202651299E-01  9.900848433189112E-01  9.901158432986322E-01
  9.901568381777127E-01  9.901875821603416E-01  9.902183025885003E-01
  9.902593666462576E-01  9.902898322370155E-01  9.903202738503433E-01
  9.903614017297083E-01  9.903915897341002E-01  9.904217533877537E-01
  9.904629399263364E-01  9.904928512597192E-01  9.905227379119399E-01
  9.905639781382433E-01  9.905936138115192E-01  9.906232245102647E-01
  9.906645136398075E-01  9.906938747470113E-01  9.907232106183846E-01
  9.907645440497712E-01  9.907936317573693E-01  9.908226939956691E-01
  9.908640673066902E-01  9.908928828444095E-01  9.909216727036185E-01
  9.909630816473886E-01  9.909916263004035E-01  9.910201450869492E-01
  9.910615855881134E-01  9.910898606904166E-01  9.911181097570367E-01
  9.911595779080765E-01  9.911875848368780E-01  9.912155655774417E-01
  9.912570576350259E-01  9.912847978060321E-01  9.913125116511768E-01
  9.913540240326282E-01  9.913814988960689E-01  9.914089473095246E-01
  9.914504765893800E-01  9.914776876266630E-01  9.915048721021534E-01
  9.915464150088400E-01  9.915733637297285E-01  9.916002857883517E-01
  9.916418392009693E-01  9.916685271411891E-01  9.916951883291891E-01
  9.917367492744262E-01  9.917631779936255E-01  9.917895798804821E-01
  9.918311455295831E-01  9.918573166095734E-01  9.918834607863518E-01
  9.919250284520692E-01  9.919509434952979E-01  9.919768315732006E-01
  9.920183987066629E-01  9.920440593348647E-01  9.920696929439490E-01
  9.921112571315734E-01  9.921366649845654E-01  9.921620457725877E-01
  9.922036047332063E-01  9.922287614677912E-01  9.922538910991492E-01
  9.922954426815703E-01  9.923203499705257E-01  9.923452301252753E-01
  9.923867723062776E-01  9.924114318374100E-01  9.924360642103432E-01
  9.924775950926993E-01  9.925020085679540E-01  9.925263948677244E-01
  9.925679126774990E-01  9.925920818121158E-01  9.926162237604078E-01
  9.926577268430217E-01  9.926816533647295E-01  9.927055526954619E-01
  9.927470395107830E-01  9.927707251590229E-01  9.927943836175817E-01
  9.928358527356240E-01  9.928592992607893E-01  9.928827186032738E-01
  9.929241687028030E-01  9.929473778654871E-01  9.929705598579637E-01
  9.930119897294966E-01  9.930349632997468E-01  9.930579097175081E-01
  9.930993182693504E-01  9.931220580259383E-01  9.931447706527796E-01
  9.931861569150399E-01  9.932086646447699E-01  9.932311452723019E-01
  9.932725083918252E-01  9.932947858888959E-01  9.933170363159119E-01
  9.933583755378161E-01  9.933804246032324E-01  9.934024466351254E-01
  9.934437612748158E-01  9.934655837158245E-01  9.934873791640290E-01
  9.935286685845439E-01  9.935502662140472E-01  9.935718368954568E-01
  9.936131005115939E-01  9.936344751475045E-01  9.936558228838352E-01
  9.936970602089363E-01  9.937182136734837E-01  9.937393402905824E-01
  9.937805510205892E-01  9.938014851396326E-01  9.938223924667987E-01
  9.938635765651950E-01  9.938842931676461E-01  9.939049830370571E-01
  9.939461407587736E-01  9.939666416762133E-01  9.939871159225477E-01
  9.940282477164309E-01  9.940485347829277E-01  9.940687952431889E-01
  9.941099015094573E-01  9.941299765615172E-01  9.941500250749892E-01
  9.941911058341948E-01  9.942109707106510E-01  9.942308091187907E-01
  9.942718637083978E-01  9.942915202502233E-01  9.943111503964800E-01
  9.943521774062712E-01  9.943716274560912E-01  9.943910511854206E-01
  9.944320487176129E-01  9.944512941197898E-01  9.944705132787359E-01
  9.945114800847060E-01  9.945305226837811E-01  9.945495391189271E-01
  9.945904773402497E-01  9.946093189766400E-01  9.946281345303459E-01
  9.946690612149581E-01  9.946877036742705E-01  9.947063201344389E-01
