  7.521579784072915E+00  7.511054667653142E+00  7.500519467651962E+00

  5.154007718022687E-01  5.151299842261075E-01  5.147960138062005E-01
  5.047805254514209E-01  5.046314306777613E-01  5.044002382818138E-01
  4.997495948538658E-01  4.996619697912099E-01  4.994772902725760E-01
  5.215285094650702E-01  5.212370737426681E-01  5.208808403601999E-01
  5.111139639816905E-01  5.109497709744553E-01  5.107005716859374E-01
  5.062167889798208E-01  5.061184040239520E-01  5.059192081141469E-01
  5.246445743806653E-01  5.243420637513838E-01  5.239739559418788E-01
  5.143298745233029E-01  5.141573825097058E-01  5.138984263661364E-01
  5.094982052633792E-01  5.093938273788347E-01  5.091867581902725E-01
  5.246445743806653E-01  5.243420637513838E-01  5.239739559418788E-01
  5.143298745233029E-01  5.141573825097058E-01  5.138984263661364E-01
  5.094982052633792E-01  5.093938273788347E-01  5.091867581902725E-01
  5.215285094650702E-01  5.212370737426681E-01  5.208808403601999E-01
  5.111139639816905E-01  5.109497709744553E-01  5.107005716859374E-01
  5.062167889798208E-01  5.061184040239520E-01  5.059192081141469E-01
  5.154007718022687E-01  5.151299842261075E-01  5.147960138062005E-01
  5.047805254514209E-01  5.046314306777613E-01  5.044002382818138E-01
  4.997495948538658E-01  4.996619697912099E-01  4.994772902725760E-01
  5.064615251612941E-01  5.062187995452161E-01  5.059153291727194E-01
  4.955238317042038E-01  4.953941286224389E-01  4.951866736342589E-01
  4.902863952779417E-01  4.902116249849124E-01  4.900454351941127E-01
  4.950052699634150E-01  4.947949987574020E-01  4.945272536992339E-01
  4.836325224032268E-01  4.835229885060762E-01  4.833414636030067E-01
  4.781114404263438E-01  4.780478491255762E-01  4.779003384458639E-01
  4.814046886631182E-01  4.812276428326171E-01  4.809972440693028E-01
  4.694751505345746E-01  4.693823620507491E-01  4.692247302429868E-01
  4.635902591039956E-01  4.635317125955395E-01  4.633985755211819E-01
  4.660735802607404E-01  4.659268251394829E-01  4.657317185102538E-01
  4.534660427127332E-01  4.533822105596679E-01  4.532420143484795E-01
  4.471376210607558E-01  4.470734028600659E-01  4.469456501974897E-01
  4.494063734618332E-01  4.492844734351303E-01  4.491201945404146E-01
  4.360084133579689E-01  4.359224254666103E-01  4.357898434562557E-01
  4.291632709646969E-01  4.290791033927766E-01  4.289440461234381E-01
  4.317078240173012E-01  4.316067046459525E-01  4.314701777487166E-01
  4.174296315186924E-01  4.173312021167367E-01  4.171970999294444E-01
  4.100109791202097E-01  4.098933805589140E-01  4.097388428649851E-01
  4.131389956298600E-01  4.130609476383515E-01  4.129550103302446E-01
  3.979401342786232E-01  3.978254044257398E-01  3.976862606237425E-01
  3.899256504254534E-01  3.897678714657052E-01  3.895873083898951E-01
  3.936746163268406E-01  3.936300725269146E-01  3.935647847007002E-01
  3.775916697068820E-01  3.774640100493663E-01  3.773220491369401E-01
  3.690109056594432E-01  3.688129801199432E-01  3.686047291718816E-01
  3.730808407251170E-01  3.730884814399881E-01  3.730813686670799E-01
  3.562279894063168E-01  3.560977169094717E-01  3.559609953444232E-01
  3.471600038038130E-01  3.469281763220480E-01  3.466954325184811E-01
  3.509974060318208E-01  3.510854672082176E-01  3.511630166066982E-01
  3.335569095668022E-01  3.334457764288625E-01  3.333331883167772E-01
  3.241198708703955E-01  3.238731728675770E-01  3.236313180548088E-01
  3.270609724314725E-01  3.272625677663700E-01  3.274555500391151E-01
  3.092859594430145E-01  3.092252973834068E-01  3.091648498800522E-01
  2.996344363742328E-01  2.994044710878936E-01  2.991810834299709E-01
  3.008778192447879E-01  3.012173440956588E-01  3.015480915774551E-01
  2.831004105124882E-01  2.831185254319096E-01  2.831358577010139E-01
  2.734274474005873E-01  2.732460905112400E-01  2.730699292809659E-01
  2.719618672036702E-01  2.724394176086709E-01  2.729079197435998E-01
  2.546449649578063E-01  2.547541133993975E-01  2.548612780802195E-01
  2.452167074428280E-01  2.451044580803759E-01  2.449956802400411E-01
  2.399142590428772E-01  2.404928811402164E-01  2.410643788878065E-01
  2.237056329662128E-01  2.238905676362382E-01  2.240744775427881E-01
  2.149049093234159E-01  2.148597766746144E-01  2.148184347237883E-01
  2.047389223098277E-01  2.053538135445290E-01  2.059656892287537E-01
  1.901669811069122E-01  1.903931432094244E-01  1.906209798302870E-01
  1.823059508895481E-01  1.823107228493336E-01  1.823209947995561E-01
  1.675807864399414E-01  1.681756056219764E-01  1.687716459880764E-01
  1.544459751965321E-01  1.546927231633675E-01  1.549435588558998E-01
  1.473813393574881E-01  1.474358434434065E-01  1.474969844121863E-01
  1.326210751263447E-01  1.331436364358799E-01  1.336713135843295E-01
  1.205431551931787E-01  1.207751165410335E-01  1.210136566635072E-01
  1.140798475839617E-01  1.141565556590625E-01  1.142413646076753E-01
  1.063369872073634E-01  1.067149994869033E-01  1.071022385148368E-01
  9.575551936437145E-02  9.588851405650130E-02  9.603138410819113E-02
  9.020836020972534E-02  9.021322717973300E-02  9.022885993492755E-02
  9.265247369284654E-02  9.282711423853926E-02  9.301459283021372E-02
  8.413148611263498E-02  8.409208467982963E-02  8.406560742545384E-02
  7.980777570010415E-02  7.965537724585410E-02  7.951647090382517E-02
  9.183027644123659E-02  9.177911204385913E-02  9.174303746797327E-02
  8.545321290266707E-02  8.521124582711412E-02  8.498388678508745E-02
  8.242936933788227E-02  8.208048280057392E-02  8.174647476616609E-02
  1.026840486572801E-01  1.024423207769616E-01  1.022148895326624E-01
  9.797581917074576E-02  9.758045472429416E-02  9.719769274051020E-02
  9.603198458204308E-02  9.554647514415529E-02  9.507277280759156E-02
  1.228215599691686E-01  1.225216387661252E-01  1.222310171364182E-01
  1.184974672091091E-01  1.181116506455810E-01  1.177326660226262E-01
  1.168033521636457E-01  1.163713343663576E-01  1.159445040991879E-01
  1.483617667975392E-01  1.481767322071414E-01  1.479955551030512E-01
  1.430108954856523E-01  1.427932784326106E-01  1.425786379154710E-01
  1.406293461052602E-01  1.404001799290220E-01  1.401734092292154E-01
  1.758716116138118E-01  1.758724562706280E-01  1.758756214729218E-01
  1.692543850436197E-01  1.692248028459968E-01  1.691982961638417E-01
  1.660133837322892E-01  1.659712781290808E-01  1.659327396889003E-01
  2.049416576717449E-01  2.050578783140021E-01  2.051775306838481E-01
  1.979918201250307E-01  1.980620566812641E-01  1.981362946072520E-01
  1.944675436720347E-01  1.945121219378325E-01  1.945610187961644E-01
  2.372967768586337E-01  2.374404606445408E-01  2.375873550547704E-01
  2.309668790552239E-01  2.310717278806171E-01  2.311795207612770E-01
  2.277832639601449E-01  2.278655397920221E-01  2.279504954930779E-01
  2.724903907014538E-01  2.726528400165836E-01  2.728163954827770E-01
  2.668145563237428E-01  2.669624276239715E-01  2.671110487407738E-01
  2.639669274903661E-01  2.641077804305912E-01  2.642491119268797E-01
  3.080954390388335E-01  3.082897757742879E-01  3.084834801353341E-01
  3.027690828714158E-01  3.029614895590672E-01  3.031533448038962E-01
  3.000440770483345E-01  3.002364355099168E-01  3.004283199155317E-01
  3.430694675347280E-01  3.432750724392046E-01  3.434793237434851E-01
  3.381543831956037E-01  3.383578071709483E-01  3.385600619696741E-01
  3.356254793408676E-01  3.358274566392128E-01  3.360284033079349E-01
  3.776610312518663E-01  3.778509604328649E-01  3.780389781984194E-01
  3.732721243091068E-01  3.734602615738475E-01  3.736464931310550E-01
  3.710300301296456E-01  3.712168507747619E-01  3.714017723610463E-01
  4.118153732216717E-01  4.119796064431951E-01  4.121413219522295E-01
  4.078880266382690E-01  4.080528166701881E-01  4.082150001127802E-01
  4.058880495960202E-01  4.060531886335580E-01  4.062156735577643E-01
  4.451993412293158E-01  4.453355016762287E-01  4.454687976197882E-01
  4.416505425636540E-01  4.417880403920654E-01  4.419225874553889E-01
  4.398444244530421E-01  4.399827458544230E-01  4.401180778479221E-01
  4.776369630468295E-01  4.777433535303233E-01  4.778468509609190E-01
  4.744288756631115E-01  4.745360774443356E-01  4.746403014329424E-01
  4.728006828099637E-01  4.729083777305217E-01  4.730130563244401E-01
  5.090380708243484E-01  5.091153261424086E-01  5.091898581213863E-01
  5.061338198473345E-01  5.062112365494237E-01  5.062858374032705E-01
  5.046644891824374E-01  5.047420701509749E-01  5.048167902730849E-01
  5.392960040237329E-01  5.393473735262738E-01  5.393963155187910E-01
  5.366537212593755E-01  5.367046307632233E-01  5.367530170437411E-01
  5.353196651913134E-01  5.353704314347379E-01  5.354186273903800E-01
  5.683128794235054E-01  5.683428666234659E-01  5.683708196789357E-01
  5.658986506939981E-01  5.659275250286471E-01  5.659542681965259E-01
  5.646813041167597E-01  5.647096968152835E-01  5.647359106016410E-01
  5.960160167016900E-01  5.960296753922414E-01  5.960417689984732E-01
  5.938052028401890E-01  5.938171154514676E-01  5.938273635515628E-01
  5.926914603887005E-01  5.927025637204469E-01  5.927119533329525E-01
  6.223524107435605E-01  6.223551030115083E-01  6.223567589600270E-01
  6.203261284913714E-01  6.203264891102762E-01  6.203257114482342E-01
  6.193061387325552E-01  6.193053892794373E-01  6.193034508056816E-01
  6.472875172329746E-01  6.472846930397169E-01  6.472814104882516E-01
  6.454298239125962E-01  6.454241312460984E-01  6.454178767541762E-01
  6.444953901824593E-01  6.444883106772327E-01  6.444806176548382E-01
  6.708072185740891E-01  6.708042194444002E-01  6.708013807378180E-01
  6.691034000505489E-01  6.690970541778628E-01  6.690907652821280E-01
  6.682469652337713E-01  6.682389842275491E-01  6.682310083860472E-01
  6.929186866154077E-01  6.929206017010827E-01  6.929233300141104E-01
  6.913547304613911E-01  6.913528956479297E-01  6.913517721362348E-01
  6.905690736868951E-01  6.905653933631254E-01  6.905623732550928E-01
  7.136496670912748E-01  7.136612404561893E-01  7.136743100163578E-01
  7.122124453919129E-01  7.122199510634551E-01  7.122288533484458E-01
  7.114908163100170E-01  7.114963104502724E-01  7.115031513674955E-01
  7.330464077901492E-01  7.330720110235923E-01  7.330998246581983E-01
  7.317238556219958E-01  7.317451539833911E-01  7.317685650128453E-01
  7.310600955209808E-01  7.310792591684580E-01  7.311004867492884E-01
  7.511708702791402E-01  7.512145597298377E-01  7.512612131694166E-01
  7.499518646649186E-01  7.499910705598604E-01  7.500331423420104E-01
  7.493403391447573E-01  7.493773191480456E-01  7.494171163635448E-01
  7.680980621060082E-01  7.681637294261873E-01  7.682331703685704E-01
  7.669721046612364E-01  7.670331317494722E-01  7.670978300486162E-01
  7.664075201743457E-01  7.664662437015833E-01  7.665285878706403E-01
  7.839139884659365E-01  7.840055940575077E-01  7.841018637249315E-01
  7.828708880466945E-01  7.829576742444275E-01  7.830490126557602E-01
  7.823481147631470E-01  7.824325104341729E-01  7.825214032405873E-01
  7.987142361183265E-01  7.988360915774652E-01  7.989636118871778E-01
  7.977438928647638E-01  7.978606831835418E-01  7.979830117911983E-01
  7.972578513092248E-01  7.973721319773911E-01  7.974918886155858E-01
  8.126028615896490E-01  8.127599037444720E-01  8.129237491673257E-01
  8.116951582427459E-01  8.118467891727765E-01  8.120050783014595E-01
  8.112407652724895E-01  8.113897173398076E-01  8.115452559839197E-01
  8.256911017755800E-01  8.258890834354063E-01  8.260951597387817E-01
  8.248358935240725E-01  8.250280045100261E-01  8.252280458673378E-01
  8.244080547558583E-01  8.245972598755286E-01  8.247943139117901E-01
  8.380954116420983E-01  8.383409308417845E-01  8.385959816950328E-01
  8.372826378252729E-01  8.375217294343689E-01  8.377701729312215E-01
  8.368762963843158E-01  8.371122041808700E-01  8.373573742633609E-01
  8.499344454075121E-01  8.502347539714309E-01  8.505461389040951E-01
  8.491543977888178E-01  8.494476717741013E-01  8.497518353512196E-01
  8.487646607370530E-01  8.490544449827750E-01  8.493550251967225E-01
  8.613248542627296E-01  8.616874314856841E-01  8.620626675686059E-01
  8.605685981716977E-01  8.609235570213367E-01  8.612909932892118E-01
  8.601909435202930E-01  8.605421151878718E-01  8.609056727670151E-01
  8.723761676548278E-01  8.728081097209014E-01  8.732542369383193E-01
  8.716360451631467E-01  8.720598934521200E-01  8.724977648419908E-01
  8.712665759304444E-01  8.716863911331851E-01  8.721201471304992E-01
  8.831854699072795E-01  8.836928127241718E-01  8.842157099530872E-01
  8.824555607545186E-01  8.829545207876139E-01  8.834689054597573E-01
  8.820912425540937E-01  8.825860150900647E-01  8.830961457300982E-01
  8.938329173213531E-01  8.944200536955789E-01  8.950238713029982E-01
  8.931093254605469E-01  8.936880287039630E-01  8.942833247042937E-01
  8.927481385467203E-01  8.933226186852596E-01  8.939136454878585E-01
  9.043791798838440E-01  9.050485255006568E-01  9.057353862433738E-01
  9.036600584935682E-01  9.043211744166951E-01  9.049997619214039E-01
  9.033010177497612E-01  9.039580023953520E-01  9.046324349346236E-01
  9.148655176931721E-01  9.156175112920204E-01  9.163875530825858E-01
  9.141508274555668E-01  9.148950271183408E-01  9.156572749266919E-01
  9.137938657656249E-01  9.145341433492922E-01  9.152924671665467E-01
  9.253164499072380E-01  9.261498545350397E-01  9.270015643878308E-01
  9.246075336267230E-01  9.254337673080039E-01  9.262783452289950E-01
  9.242532894479250E-01  9.250759051989379E-01  9.259168828495892E-01
  9.357440809811745E-01  9.366564293616204E-01  9.375870960882181E-01
  9.350431970183594E-01  9.359491363975375E-01  9.368734676624965E-01
  9.346927779299474E-01  9.355954739942345E-01  9.365165968681802E-01
  9.461525069256582E-01  9.471404665271339E-01  9.481465234853449E-01
  9.454624675365523E-01  9.464448866538661E-01  9.474455089206215E-01
  9.451172644512438E-01  9.460968686025363E-01  9.470947269068076E-01
  9.565407017752942E-01  9.576001705924094E-01  9.586772509646176E-01
  9.558647055285930E-01  9.569196015346720E-01  9.579922478149026E-01
  9.555263044169888E-01  9.565788634541674E-01  9.576492401813747E-01
  9.669029864183625E-01  9.680288643474789E-01  9.691715365612547E-01
  9.662446407696385E-01  9.673670255570020E-01  9.685063786517690E-01
  9.659148319674040E-01  9.670354139166187E-01  9.681730492640575E-01
  9.772273136164590E-01  9.784130615895807E-01  9.796143787992433E-01
  9.765907589706775E-01  9.777742234068622E-01  9.789734681216113E-01
  9.762716006409198E-01  9.774538620478401E-01  9.786520075065694E-01
  9.874925873225870E-01  9.887297948334559E-01  9.899808872684991E-01
  9.868825983367170E-01  9.881188677697413E-01  9.893692690718972E-01
  9.865764713365169E-01  9.878122071017764E-01  9.890621968234430E-01
  9.976665541469695E-01  9.989447250422758E-01  1.000234635282316E+00
  9.970885205128763E-01  9.983672179677613E-01  9.996579327188274E-01
  9.967981239751295E-01  9.980770192817748E-01  9.993680700164473E-01
  1.007705337214232E+00  1.009011986550247E+00  1.010327819467487E+00
  1.007165092856479E+00  1.008473813019433E+00  1.009792017501493E+00
  1.006893362874993E+00  1.008203055460296E+00  1.009522382554660E+00
  1.017554769823105E+00  1.018875778197557E+00  1.020203092519857E+00
  1.017058305563230E+00  1.018382953908938E+00  1.019714221440221E+00
  1.016808273084719E+00  1.018134684312866E+00  1.019467871876987E+00
  1.027152888140531E+00  1.028472971495397E+00  1.029796263197233E+00
  1.026706015272417E+00  1.028031272404172E+00  1.029360052476548E+00
  1.026480636599012E+00  1.027808432604072E+00  1.029139910056066E+00
  1.036432665033212E+00  1.037735827473366E+00  1.039038977792140E+00
  1.036040688770028E+00  1.037350464465576E+00  1.038660532644619E+00
  1.035842678759620E+00  1.037155724739479E+00  1.038469217295275E+00
  1.045324340338462E+00  1.046594257803886E+00  1.047860905570714E+00
  1.044991770681124E+00  1.046269590964160E+00  1.047544424798111E+00
  1.044823453399971E+00  1.046105202154804E+00  1.047384108310078E+00
  1.053757234631862E+00  1.054977602037709E+00  1.056191482951895E+00
  1.053487534469377E+00  1.054716891934188E+00  1.055940013566077E+00
  1.053350712037167E+00  1.054584555762363E+00  1.055812291464292E+00
  1.061661358603185E+00  1.062816267256691E+00  1.063961590273158E+00
  1.061456721557626E+00  1.062621456711694E+00  1.063776813735766E+00
  1.061352557937608E+00  1.062522211482918E+00  1.063682593189458E+00
  1.068969242182631E+00  1.070043627587942E+00  1.071105525657082E+00
  1.068830404738483E+00  1.069915161349729E+00  1.070987586105992E+00
  1.068759327026877E+00  1.069849287042109E+00  1.070926995339386E+00
  1.075618228491805E+00  1.076598371954571E+00  1.077563404926888E+00
  1.075544338538419E+00  1.076535078667345E+00  1.077510805777320E+00
  1.075505967120325E+00  1.076502033921182E+00  1.077483138517206E+00
  1.081553170220472E+00  1.082427192658555E+00  1.083283835921885E+00
  1.081541742764911E+00  1.082426259791264E+00  1.083293434978345E+00
  1.081534866137866E+00  1.082424666566495E+00  1.083297145451476E+00
  1.086729200370793E+00  1.087487476087926E+00  1.088226520435268E+00
  1.086776184692015E+00  1.087544539550678E+00  1.088293642370405E+00
  1.086798791532102E+00  1.087572226737141E+00  1.088326400673774E+00
  1.091114122507489E+00  1.091749559353242E+00  1.092364369049077E+00
  1.091214087043764E+00  1.091858910333882E+00  1.092483033922224E+00
  1.091263458909185E+00  1.091913017776063E+00  1.092541841239440E+00
  1.094689993417985E+00  1.095198153821098E+00  1.095684760082757E+00
  1.094836413807787E+00  1.095353044790504E+00  1.095848006487064E+00
  1.094909271100809E+00  1.095430178544381E+00  1.095929359220669E+00
  1.097453616845402E+00  1.097832675947755E+00  1.098189706072554E+00
  1.097639236325633E+00  1.098025692789188E+00  1.098389973837004E+00
  1.097731921697140E+00  1.098122114617500E+00  1.098490058598812E+00
  1.099415872567078E+00  1.099666423109755E+00  1.099894879206970E+00
  1.099633095630476E+00  1.099889883403888E+00  1.100124411038111E+00
  1.099741774678936E+00  1.100001713904051E+00  1.100239309551504E+00
  1.100600012354210E+00  1.100724738305112E+00  1.100827651361215E+00
  1.100841291555340E+00  1.100971075854347E+00  1.101078873878479E+00
  1.100962150171647E+00  1.101094490675682E+00  1.101204757447314E+00
  1.101039219208344E+00  1.101042476763834E+00  1.101024477210477E+00
  1.101297399102984E+00  1.101304577243416E+00  1.101290327292913E+00
  1.101426818998372E+00  1.101435978408177E+00  1.101423623394908E+00
  1.100773824859908E+00  1.100661187145048E+00  1.100528049216177E+00
  1.101042414535733E+00  1.100932647767404E+00  1.100802220071676E+00
  1.101177112403738E+00  1.101068796289684E+00  1.100939738061759E+00
  1.099848605134382E+00  1.099626436041603E+00  1.099384660543118E+00
  1.100121960884088E+00  1.099901732672153E+00  1.099661752895778E+00
  1.100259081840751E+00  1.100039834085485E+00  1.099800761431061E+00
  1.098310523271378E+00  1.097985638229176E+00  1.097642128875608E+00
  1.098583935165862E+00  1.098260195925182E+00  1.097917705486691E+00
  1.098721097311732E+00  1.098397936685565E+00  1.098055960777129E+00
  1.096207172127142E+00  1.095786618695093E+00  1.095348480755401E+00
  1.096476861350884E+00  1.096056794759886E+00  1.095619035568369E+00
  1.096612154914478E+00  1.096192334111748E+00  1.095754766152107E+00
  1.093585993150548E+00  1.093076949931529E+00  1.092551404868785E+00
  1.093849038736640E+00  1.093339949921874E+00  1.092814268913523E+00
  1.093980989205749E+00  1.093471877545889E+00  1.092946128136773E+00
  1.090494157675248E+00  1.089903917813981E+00  1.089298296088645E+00
  1.090748379091728E+00  1.090157671907142E+00  1.089551508349851E+00
  1.090875887709950E+00  1.090284945216646E+00  1.089678508828777E+00
  1.086978834678541E+00  1.086314820486584E+00  1.085636577051676E+00
  1.087222658651857E+00  1.086557848501622E+00  1.085878748336301E+00
  1.087344934681406E+00  1.086679723951461E+00  1.086000192642477E+00
  1.083087488100519E+00  1.082357241505274E+00  1.081613939530509E+00
  1.083319823852617E+00  1.082588529729741E+00  1.081844131329390E+00
  1.083436320925692E+00  1.082704499948707E+00  1.081959550132208E+00
  1.078867873663151E+00  1.078078982670918E+00  1.077278209127986E+00
  1.079088012000808E+00  1.078297886359116E+00  1.077495839708143E+00
  1.079198376491527E+00  1.078407630245211E+00  1.077604943690698E+00
  1.074367532788870E+00  1.073527481359913E+00  1.072676686749453E+00
  1.074575074093162E+00  1.073733656339316E+00  1.072881466325544E+00
  1.074679108181655E+00  1.073837003971176E+00  1.072984112919986E+00
  1.069632769620619E+00  1.068748728679667E+00  1.067855013367896E+00
  1.069827576758401E+00  1.068942086875307E+00  1.068046902033454E+00
  1.069925214259036E+00  1.069038996691533E+00  1.068143073848734E+00
  1.064707287465046E+00  1.063785889327548E+00  1.062855781952959E+00
  1.064889454081773E+00  1.063966568083955E+00  1.063034959778369E+00
  1.064980744246938E+00  1.064057111240466E+00  1.063124749383350E+00
  1.059630795533666E+00  1.058677946114443E+00  1.057717229126055E+00
  1.059800618749211E+00  1.058846280392121E+00  1.057884067654698E+00
  1.059885712490485E+00  1.058930626760689E+00  1.057967663251507E+00
  1.054437937075565E+00  1.053458716769065E+00  1.052472347872091E+00
  1.054595885665859E+00  1.053615205831229E+00  1.052627375234530E+00
  1.054675019647827E+00  1.053693607359606E+00  1.052705043244031E+00
  1.049157826618369E+00  1.048156512378467E+00  1.047148669750774E+00
  1.049304499988857E+00  1.048301777064686E+00  1.047292526318448E+00
  1.049377976170516E+00  1.048374546470482E+00  1.047364589264770E+00
  1.043814337033611E+00  1.042794548844844E+00  1.041768796961663E+00
  1.043950415220539E+00  1.042929280496043E+00  1.041902183424994E+00
  1.044018575904498E+00  1.042996765772251E+00  1.041968994011036E+00
  1.038427087247483E+00  1.037392028433170E+00  1.036351567417684E+00
  1.038553276572699E+00  1.037516934754750E+00  1.036475191182666E+00
  1.038616477240023E+00  1.037579492099383E+00  1.036537105476949E+00
  1.033012898292343E+00  1.031965629615978E+00  1.030913563441673E+00
  1.033129880170006E+00  1.032081385282215E+00  1.031028091356535E+00
  1.033188463837235E+00  1.032139354345310E+00  1.031085445093304E+00
  1.027587357184022E+00  1.026531029096525E+00  1.025470576456039E+00
  1.027695748223394E+00  1.026638239046057E+00  1.025576601503036E+00
  1.027750025402454E+00  1.026691924481746E+00  1.025629693329937E+00
  1.022166093545351E+00  1.021104067497277E+00  1.020038651365633E+00
  1.022266423177619E+00  1.021203248420817E+00  1.020136677983922E+00
  1.022316660579514E+00  1.021252910524880E+00  1.020185762022467E+00
  1.016765454870813E+00  1.015701277016890E+00  1.014634467016551E+00
  1.016858162505220E+00  1.015792857920761E+00  1.014724914766929E+00
  1.016904581527770E+00  1.015838712833470E+00  1.014770202378862E+00
  1.011402459144449E+00  1.010339703924952E+00  1.009275043282739E+00
  1.011487907337121E+00  1.010424041055810E+00  1.009358262984596E+00
  1.011530690613876E+00  1.010466268205428E+00  1.009399930838506E+00
  1.006094170829129E+00  1.005036234496437E+00  1.003977045174378E+00
  1.006172665791776E+00  1.005113631109650E+00  1.004053337298942E+00
  1.006211967484836E+00  1.005152383151475E+00  1.004091536636970E+00
  1.000856915750950E+00  9.998068900329602E-01  9.987561933765081E-01
  1.000928723631103E+00  9.998776093440067E-01  9.988258171624476E-01
  1.000964677676541E+00  9.999130187511948E-01  9.988606784805194E-01
  9.957059271913312E-01  9.946666979645709E-01  9.936273915239831E-01
  9.957712753751091E-01  9.947309593955393E-01  9.936905560125985E-01
  9.958039962728307E-01  9.947631367194039E-01  9.937221847105245E-01
  9.906560100378011E-01  9.896306884534550E-01  9.886060686001068E-01
  9.907150676095096E-01  9.896886430035435E-01  9.886629032590686E-01
  9.907446407750456E-01  9.897176646671270E-01  9.886913650444322E-01
  9.857235746921119E-01  9.847162766973145E-01  9.837108937020462E-01
  9.857764140391733E-01  9.847679655060972E-01  9.837614047891734E-01
  9.858028766634863E-01  9.847938531206277E-01  9.837867038702869E-01
  9.809299515293286E-01  9.799468129677568E-01  9.789675115489788E-01
  9.809765016113285E-01  9.799921214211855E-01  9.790115382436030E-01
  9.809998192586097E-01  9.800148187774242E-01  9.790335953091566E-01
  9.763053494686131E-01  9.753555301235696E-01  9.744123988641582E-01
  9.763453577932623E-01  9.753941555473631E-01  9.744495879507166E-01
  9.763654052568124E-01  9.754135123097469E-01  9.744682273405597E-01
  9.718923159557069E-01  9.709886447501297E-01  9.700955097780249E-01
  9.719253387916589E-01  9.710200970869766E-01  9.701253278572257E-01
  9.719418949972315E-01  9.710358689177937E-01  9.701402834447796E-01
  9.677472395265344E-01  9.669061171730882E-01  9.660801995050013E-01
  9.677726776477107E-01  9.669297687009214E-01  9.661019973067562E-01
  9.677854432901989E-01  9.669416418829060E-01  9.661129444203431E-01
  9.639384237348267E-01  9.631786505868219E-01  9.624390823600395E-01
  9.639556146038398E-01  9.631938434737575E-01  9.624522176498789E-01
  9.639642580108763E-01  9.632014884676010E-01  9.624588343163036E-01
  9.605396218644823E-01  9.598799709221669E-01  9.592450451214741E-01
  9.605479896374649E-01  9.598861811997326E-01  9.592490598051479E-01
  9.605522215869776E-01  9.598893344627812E-01  9.592511151535459E-01
  9.576186924699823E-01  9.570743066910027E-01  9.565576214532863E-01
  9.576179451080494E-01  9.570713504648838E-01  9.565524550506833E-01
  9.576176172809400E-01  9.570699174818538E-01  9.565499160069615E-01
  9.552222162314662E-01  9.548002649885525E-01  9.544062987255004E-01
  9.552125644312593E-01  9.547885175413400E-01  9.543925047127411E-01
  9.552077789084852E-01  9.547826824523385E-01  9.543856442970097E-01
  9.533584059481311E-01  9.530538348100255E-01  9.527738835659844E-01
  9.533407625702361E-01  9.530344172793678E-01  9.527527994976185E-01
  9.533319717827149E-01  9.530247365177101E-01  9.527422822511062E-01
  9.519821353310045E-01  9.517746643936833E-01  9.515843473541719E-01
  9.519582405999135E-01  9.517495410494121E-01  9.515581603460520E-01
  9.519463104273864E-01  9.517369925509171E-01  9.515450757144505E-01
  9.509868261168498E-01  9.508404126545028E-01  9.506999168995637E-01
  9.509592410472806E-01  9.508123431284050E-01  9.506715721226258E-01
  9.509454482909657E-01  9.507983032619163E-01  9.506573895659873E-01
  9.502075435163576E-01  9.500731596676060E-01  9.499309099020029E-01
  9.501794706538650E-01  9.500454729711457E-01  9.499038381760303E-01
  9.501654143108490E-01  9.500316044592648E-01  9.498902718686837E-01
  9.494374934626953E-01  9.492592605761420E-01  9.490588010464764E-01
  9.494124231772828E-01  9.492354618542114E-01  9.490364899522570E-01
  9.493998484018253E-01  9.492235179010030E-01  9.490252850069568E-01
  9.484564746119867E-01  9.481801617908420E-01  9.478690041114337E-01
  9.484377080341164E-01  9.481634364110981E-01  9.478544900760931E-01
  9.484282680475610E-01  9.481550130576974E-01  9.478471687533556E-01
  9.470659002772804E-01  9.466479356958180E-01  9.461863755505887E-01
  9.470560467917575E-01  9.466406571984607E-01  9.461817700644618E-01
  9.470510514860746E-01  9.466369469912322E-01  9.461793944097050E-01
  9.451223821499927E-01  9.445372148006844E-01  9.439049814849491E-01
  9.451229494079937E-01  9.445405743834541E-01  9.439111463969649E-01
  9.451231595830201E-01  9.445421802033450E-01  9.439141548425513E-01
  9.425617111665890E-01  9.418057337513280E-01  9.410048699696347E-01
  9.425728889189571E-01  9.418195832358861E-01  9.410213225214387E-01
  9.425784069659872E-01  9.418264384696944E-01  9.410294810342096E-01
  9.394074697791878E-01  9.384986264240264E-01  9.375520016699228E-01
  9.394281605919500E-01  9.385215724468199E-01  9.375770708308299E-01
  9.394384444683143E-01  9.385329867126471E-01  9.375895497472000E-01
  9.357625999712943E-01  9.347359499541429E-01  9.336819656199026E-01
  9.357906853641322E-01  9.347656712355239E-01  9.337131552578447E-01
  9.358046805015600E-01  9.347804879608909E-01  9.337287099372412E-01
  9.317867431866090E-01  9.306872948301581E-01  9.295723065092848E-01
  9.318195119666899E-01  9.307209961697299E-01  9.296067675154260E-01
  9.318358648156555E-01  9.307378191312895E-01  9.296239741174517E-01
  9.276657435235838E-01  9.265404996434101E-01  9.254109662152389E-01
  9.277003692000523E-01  9.265753844013886E-01  9.254459566858215E-01
  9.277176659994549E-01  9.265928141977723E-01  9.254634426558030E-01
  9.235812484158846E-01  9.224724052612738E-01  9.213686075729621E-01
  9.236151990555636E-01  9.225060546574236E-01  9.214018367646892E-01
  9.236321714221903E-01  9.225228791370528E-01  9.214184536870387E-01
  9.196873192857999E-01  9.186279443166079E-01  9.175803774126680E-01
  9.197186177186003E-01  9.186585343716621E-01  9.176101784436611E-01
  9.197342737281214E-01  9.186738381120396E-01  9.176250894089125E-01
  9.160978499378875E-01  9.151104089228623E-01  9.141389742408346E-01
  9.161251594868463E-01  9.151367552160988E-01  9.141643102510361E-01
  9.161388274854225E-01  9.151499427990896E-01  9.141769937667321E-01
  9.128847772147057E-01  9.119820032232909E-01  9.110973245981100E-01
  9.129073428189487E-01  9.120034741824032E-01  9.111176782730170E-01
  9.129186426351397E-01  9.120142273957195E-01  9.111278734835975E-01
  9.100841281922585E-01  9.092712405601462E-01  9.084770628073647E-01
  9.101016342872172E-01  9.092876042025181E-01  9.084922759108742E-01
  9.101104064294702E-01  9.092958055734925E-01  9.084999024377133E-01
  9.077057732455114E-01  9.069830336217083E-01  9.062787415214962E-01
  9.077181823238957E-01  9.069942988073265E-01  9.062888614647119E-01
  9.077244071839600E-01  9.069999520872090E-01  9.062939424923936E-01
  9.057432485224045E-01  9.051081386195656E-01  9.044907781709205E-01
  9.057506661499483E-01  9.051144305442437E-01  9.044959450148885E-01
  9.057543962401466E-01  9.051175981570274E-01  9.044985504764065E-01
  9.041814267623736E-01  9.036301286539340E-01  9.030957045927788E-01
  9.041840136815588E-01  9.036316132358365E-01  9.030960875032557E-01
  9.041853293676526E-01  9.036323781563439E-01  9.030963020019694E-01
  9.030013251056848E-01  9.025295110197906E-01  9.020736289304224E-01
  9.029992559225506E-01  9.025263636255169E-01  9.020694040597230E-01
  9.029982445019408E-01  9.025248134988443E-01  9.020673155909420E-01
  9.021824215172297E-01  9.017855449947509E-01  9.014036149685105E-01
  9.021758772064933E-01  9.017779489983324E-01  9.013949690314834E-01
  9.021726289971621E-01  9.017741752828424E-01  9.013906706612220E-01
  9.017033625987729E-01  9.013766941517517E-01  9.010639367831007E-01
  9.016925404122333E-01  9.013648529530591E-01  9.010510803261979E-01
  9.016871536495508E-01  9.013589568965787E-01  9.010446768158290E-01
  9.015419887956333E-01  9.012806011453016E-01  9.010320435964283E-01
  9.015271153552158E-01  9.012647504717874E-01  9.010152219742369E-01
  9.015197027662309E-01  9.012568493078126E-01  9.010068353297960E-01
  9.016753704471736E-01  9.014741989369489E-01  9.012847647346345E-01
  9.016567087918418E-01  9.014546115793277E-01  9.012642603432940E-01
  9.016474012002000E-01  9.014448409858374E-01  9.012540310307291E-01
  9.020802149650541E-01  9.019342337744487E-01  9.017989472560569E-01
  9.020580618112274E-01  9.019112143055095E-01  9.017750718028869E-01
  9.020470068700888E-01  9.018997258690141E-01  9.017631549877260E-01
  9.027336912236448E-01  9.026381772028409E-01  9.025524406464739E-01
  9.027083653227106E-01  9.026120485247054E-01  9.025255201632703E-01
  9.026957217895930E-01  9.025990031058027E-01  9.025120783037502E-01
  9.036144882077104E-01  9.035653021476284E-01  9.035251690963423E-01
  9.035863137514148E-01  9.035363883414904E-01  9.034955265772100E-01
  9.035722432604082E-01  9.035219475611981E-01  9.034807207959080E-01
  9.047038090594903E-01  9.046976121522324E-01  9.046999758640738E-01
  9.046730993330971E-01  9.046662228904370E-01  9.046679167346329E-01
  9.046577582542866E-01  9.046505413597181E-01  9.046518995671556E-01
  9.059860006205140E-01  9.060203391895441E-01  9.060629765858681E-01
  9.059530465966443E-01  9.059867600567288E-01  9.060287809173110E-01
  9.059365803296929E-01  9.059699805255478E-01  9.060116924001412E-01
  9.074486131901879E-01  9.075218398740595E-01  9.076032899946824E-01
  9.074136798779864E-01  9.074863308019124E-01  9.075672130169653E-01
  9.073962209962425E-01  9.074685833408842E-01  9.075491809038786E-01
  9.090818385256494E-01  9.091928814173541E-01  9.093121809118215E-01
  9.090451693224842E-01  9.091556828121393E-01  9.092744607538885E-01
  9.090268397050744E-01  9.091370878307433E-01  9.092556043394970E-01
  9.108774376980617E-01  9.110254674534748E-01  9.111818011435610E-01
  9.108392645730524E-01  9.109868113334216E-01  9.111426706711301E-01
  9.108201804530436E-01  9.109674851060786E-01  9.111231066686267E-01
  9.128273962588203E-01  9.130114640417600E-01  9.132038063290931E-01
  9.127879520736965E-01  9.129715862835968E-01  9.131635050619725E-01
  9.127682301640476E-01  9.129516470407831E-01  9.131433535320708E-01
  9.149225985194492E-01  9.151413195027067E-01  9.153681387686321E-01
  9.148821275598706E-01  9.151004694043079E-01  9.153269212974520E-01
  9.148618902964478E-01  9.150800420934451E-01  9.153063098383570E-01
  9.171517863498264E-01  9.174031259668325E-01  9.176622024877356E-01
  9.171105501210749E-01  9.173615705664822E-01  9.176203412598334E-01
  9.170899285472335E-01  9.173407889995518E-01  9.175994063891680E-01
  9.195009773375321E-01  9.197821680154827E-01  9.200705448184028E-01
  9.194592543862972E-01  9.197401904053738E-01  9.200283270030635E-01
  9.194383880553183E-01  9.197191964074685E-01  9.200072125824136E-01
  9.219533966243353E-01  9.222609813403457E-01  9.225750369552225E-01
  9.219114769198328E-01  9.222188739053941E-01  9.225327566774258E-01
  9.218905110780401E-01  9.221978139265370E-01  9.225116100215414E-01
  9.244898640971304E-01  9.248198385844004E-01  9.251554488230813E-01
  9.244480397751406E-01  9.247778931823550E-01  9.251133969393935E-01
  9.244271207263489E-01  9.247569133801389E-01  9.250923636970791E-01
  9.270895020543950E-01  9.274375147249926E-01  9.277902611059395E-01
  9.270480568229809E-01  9.273960121139292E-01  9.277487147885699E-01
  9.270273266249721E-01  9.273752530617304E-01  9.277279337302536E-01
  9.297305991977086E-01  9.300921670924104E-01  9.304575514969904E-01
  9.296897984773914E-01  9.300513675349974E-01  9.304167653857340E-01
  9.296693900089101E-01  9.300309595224596E-01  9.303963639793464E-01
  9.323914795071341E-01  9.327621866008482E-01  9.331358213591513E-01
  9.323515627080244E-01  9.327223228415783E-01  9.330960212678758E-01
  9.323315958089519E-01  9.327023823664067E-01  9.330761125367857E-01
  9.350512637645526E-01  9.354269201245983E-01  9.358046753155586E-01
  9.350124393222996E-01  9.353881931712585E-01  9.357660547464790E-01
  9.349930183175076E-01  9.353688208369803E-01  9.357467355346231E-01
  9.376904596569450E-01  9.380672121838414E-01  9.384453137471117E-01
  9.376529028081186E-01  9.380297897426046E-01  9.384080329489802E-01
  9.376341154032418E-01  9.380110694845962E-01  9.383893834586043E-01
  9.402913601253395E-01  9.406657554074431E-01  9.410408366633285E-01
  9.402552130056919E-01  9.406297724892981E-01  9.410050237006675E-01
  9.402371303439603E-01  9.406117718853616E-01  9.409871080337860E-01
  9.428382620941268E-01  9.432072684410054E-01  9.435763833168271E-01
  9.428036355709271E-01  9.431728295329492E-01  9.435421365349117E-01
  9.427863131545767E-01  9.431556008933766E-01  9.435250039294178E-01
  9.453175377180468E-01  9.456785369484105E-01  9.460391460286841E-01
  9.452845143404141E-01  9.456457191409247E-01  9.460065373172875E-01
  9.452679935079357E-01  9.456293010735147E-01  9.459902237793358E-01
  9.477175996685138E-01  9.480683603476637E-01  9.484183014495595E-01
  9.476862371618008E-01  9.480372168624611E-01  9.483873797690120E-01
  9.476705468347268E-01  9.480216360354815E-01  9.483719098347302E-01
  9.500288032599125E-01  9.503674463796846E-01  9.507049002344702E-01
  9.499991380623842E-01  9.503380100198913E-01  9.506756949518221E-01
  9.499842965122147E-01  9.503232828856697E-01  9.506610833539159E-01
  9.522433233978761E-01  9.525682893884183E-01  9.528917485835062E-01
  9.522153738356139E-01  9.525405755388560E-01  9.528642722806149E-01
  9.522013902703931E-01  9.525267098333000E-01  9.528505253521055E-01
  9.543550349651715E-01  9.546650578246330E-01  9.549733038574038E-01
  9.543288037923441E-01  9.546390667702680E-01  9.549475544220917E-01
  9.543156796272979E-01  9.546260626729668E-01  9.549346711431518E-01
  9.563594130291331E-01  9.566535037857867E-01  9.569455934770827E-01
  9.563348892230031E-01  9.566292222843760E-01  9.569215554605357E-01
  9.563226189800165E-01  9.566170732071702E-01  9.569095281396559E-01
  9.582534563606216E-01  9.585308947142216E-01  9.588061540206487E-01
  9.582306162326286E-01  9.585082969286342E-01  9.587837994085380E-01
  9.582191880984186E-01  9.584969899844266E-01  9.587726140706828E-01
  9.600356267361281E-01  9.602959572334411E-01  9.605539783237863E-01
  9.600144345661552E-01  9.602750052624967E-01  9.605332669871552E-01
  9.600038307117161E-01  9.602645215327286E-01  9.605229036009464E-01
  9.617057895678693E-01  9.619488175175358E-01  9.621894542224962E-01
  9.616861980547550E-01  9.619294618304485E-01  9.621703343597782E-01
  9.616763948616426E-01  9.619197765829135E-01  9.621607670586287E-01
  9.632651397481833E-01  9.634909223800625E-01  9.637142797876822E-01
  9.632470905764404E-01  9.634731024449729E-01  9.636966886334812E-01
  9.632380589194964E-01  9.634641854469843E-01  9.636878860684368E-01
  9.647160999537103E-01  9.649249298030275E-01  9.651313454894350E-01
  9.646995247081424E-01  9.649085751145007E-01  9.651152104646096E-01
  9.646912304106899E-01  9.649003911441892E-01  9.651071363766521E-01
  9.660621854834739E-01  9.662545650823015E-01  9.664445816440456E-01
  9.660470070242960E-01  9.662395966648396E-01  9.664298219876331E-01
  9.660394115427794E-01  9.662321062598742E-01  9.664224360205567E-01
  9.673078377201074E-01  9.674844467736419E-01  9.676587773365958E-01
  9.672939719970074E-01  9.674707791053317E-01  9.676453061309790E-01
  9.672870333251878E-01  9.674639395220299E-01  9.676385648414381E-01
  9.684582352292571E-01  9.686198930102006E-01  9.687793827490537E-01
  9.684455933997259E-01  9.686074362072112E-01  9.687671091578387E-01
  9.684392671258936E-01  9.686012025111310E-01  9.687609671329603E-01
  9.695190957273738E-01  9.696667221384342E-01  9.698123093217015E-01
  9.695075863783557E-01  9.696553841892139E-01  9.698011408229452E-01
  9.695018267955250E-01  9.696497103719880E-01  9.697955517970477E-01
  9.704964830342828E-01  9.706310616384048E-01  9.707637413577543E-01
  9.704860142965248E-01  9.706207504813420E-01  9.707535857741356E-01
  9.704807754603552E-01  9.706155905005762E-01  9.707485036451782E-01
  9.713966310626606E-01  9.715191765646458E-01  9.716399693635704E-01
  9.713871124473965E-01  9.715098018540093E-01  9.716307365515389E-01
  9.713823490963015E-01  9.715051105182192E-01  9.716261162278282E-01
  9.722257929521135E-01  9.723373244671919E-01  9.724472509034634E-01
  9.722171368107388E-01  9.723287989479047E-01  9.724388540421580E-01
  9.722128050979718E-01  9.723245326062024E-01  9.724346520891207E-01
  9.729901189407683E-01  9.730916392554654E-01  9.731917003524244E-01
  9.729822415259776E-01  9.730838797435475E-01  9.731840568464233E-01
  9.729782995523830E-01  9.730799967779725E-01  9.731802319399907E-01
  9.736955625987135E-01  9.737880427854300E-01  9.738792055847560E-01
  9.736883847687725E-01  9.737809708080415E-01  9.738722376448762E-01
  9.736847929366488E-01  9.737774319551672E-01  9.738687508633189E-01
  9.743478122772433E-01  9.744321805959809E-01  9.745153677087365E-01
  9.743412599208282E-01  9.744257227728534E-01  9.745090026950047E-01
  9.743379811474631E-01  9.744224913154679E-01  9.745058176912397E-01
  9.749522431992150E-01  9.750293771918314E-01  9.751054593048327E-01
  9.749462474643008E-01  9.750234654389742E-01  9.750996299084853E-01
  9.749432472969821E-01  9.750205073083925E-01  9.750967130014409E-01
  9.755138853171277E-01  9.755846062465622E-01  9.756543968330390E-01
  9.755083827109381E-01  9.755791778625948E-01  9.756490411506967E-01
  9.755056293771307E-01  9.755764616819776E-01  9.756463613625195E-01
  9.760374025695026E-01  9.761024717076626E-01  9.761667235419491E-01
  9.760323349695660E-01  9.760974693754881E-01  9.761617850676571E-01
  9.760297993825168E-01  9.760949664607599E-01  9.761593141198279E-01
  9.765270802071760E-01  9.765871967778584E-01  9.766466001237135E-01
  9.765223947983275E-01  9.765825684912277E-01  9.766420276639117E-01
  9.765200505256795E-01  9.765802528145044E-01  9.766397399349154E-01
  9.769868182710563E-01  9.770426190183216E-01  9.770978014795521E-01
  9.769824674077681E-01  9.770383179306462E-01  9.770935489872091E-01
  9.769802906029190E-01  9.770361660448726E-01  9.770914214298623E-01
  9.774201309311038E-01  9.774721912941325E-01  9.775237192889684E-01
  9.774160719212748E-01  9.774681754866323E-01  9.775197456155407E-01
  9.774140412155902E-01  9.774661664099903E-01  9.775177576333193E-01
  9.778301530249048E-01  9.778789898017924E-01  9.779273715049017E-01
  9.778263478378418E-01  9.778752219763108E-01  9.779236400782639E-01
  9.778244441949081E-01  9.778733370388873E-01  9.779217733645196E-01
  9.782196564586181E-01  9.782657317051351E-01  9.783114211664412E-01
  9.782160713706246E-01  9.782621788177214E-01  9.783078996133989E-01
  9.782142779092827E-01  9.782604014785153E-01  9.783061379628027E-01
  9.785910798058619E-01  9.786348056085886E-01  9.786782076672811E-01
  9.785876850068111E-01  9.786314384688360E-01  9.786748674068813E-01
  9.785859868045557E-01  9.786297541155082E-01  9.786731965121312E-01
  9.789465741681042E-01  9.789883178994839E-01  9.790297934989732E-01
  9.789433433570515E-01  9.789851107639042E-01  9.790266093347311E-01
  9.789417272478156E-01  9.789835065094185E-01  9.790250165825928E-01
  9.792880670709537E-01  9.793281567842855E-01  9.793680283584937E-01
  9.792849770673641E-01  9.793250869694832E-01  9.793649780942285E-01
  9.792834314470380E-01  9.793235514585822E-01  9.793634523733282E-01
  9.796173437398883E-01  9.796560734697142E-01  9.796946301856332E-01
  9.796143741310821E-01  9.796531210046189E-01  9.796916942827819E-01
  9.796128887810674E-01  9.796516442397646E-01  9.796902258120870E-01
