  7.521579784072915E+00  7.511054667653142E+00  7.500519467651962E+00

  1.446417426366924E-03  1.459942102322323E-03  1.473115571820605E-03
  1.446715375113861E-03  1.460259324582876E-03  1.473451173694659E-03
  1.446864062776720E-03  1.460417664718892E-03  1.473618718912753E-03
  1.446864062776720E-03  1.460417664718892E-03  1.473618718912753E-03
  1.446715375113861E-03  1.460259324582876E-03  1.473451173694659E-03
  1.446417426366924E-03  1.459942102322323E-03  1.473115571820605E-03
  1.445969074024834E-03  1.459464918148411E-03  1.472610894422185E-03
  1.445368614917114E-03  1.458826162632062E-03  1.471935623120319E-03
  1.444613797649078E-03  1.458023708766637E-03  1.471087751673465E-03
  1.443701838742738E-03  1.457054927527641E-03  1.470064800969141E-03
  1.442629442328696E-03  1.455916706942551E-03  1.468863837477723E-03
  1.441392823304700E-03  1.454605474450173E-03  1.467481494819155E-03
  1.439987733662183E-03  1.453117222310708E-03  1.465913998277837E-03
  1.438409492236422E-03  1.451447536347018E-03  1.464157192567217E-03
  1.436653017396154E-03  1.449591627500156E-03  1.462206572247162E-03
  1.434712862596529E-03  1.447544366122198E-03  1.460057314804366E-03
  1.432583254436083E-03  1.445300318753095E-03  1.457704316163375E-03
  1.430258133162892E-03  1.442853787172721E-03  1.455142228325614E-03
  1.427731195037383E-03  1.440198849276794E-03  1.452365498802273E-03
  1.424995936389054E-03  1.437329401569649E-03  1.449368411582064E-03
  1.422045699273113E-03  1.434239203173085E-03  1.446145129558340E-03
  1.418873718167838E-03  1.430921920864068E-03  1.442689737956668E-03
  1.415473167500010E-03  1.427371174909038E-03  1.438996288524867E-03
  1.411837209855821E-03  1.423580585545963E-03  1.435058844349997E-03
  1.407959044337824E-03  1.419543819602332E-03  1.430871524789840E-03
  1.403831954972817E-03  1.415254637204170E-03  1.426428550539733E-03
  1.399449358770691E-03  1.410706938091823E-03  1.421724288233894E-03
  1.394804853507206E-03  1.405894807626675E-03  1.416753294731225E-03
  1.389892264596122E-03  1.400812561967100E-03  1.411510360619515E-03
  1.384705690904737E-03  1.395454792221666E-03  1.405990552691925E-03
  1.379239549079011E-03  1.389816407094613E-03  1.400189254944137E-03
  1.373488615879105E-03  1.383892673570906E-03  1.394102207604762E-03
  1.367448068957166E-03  1.377679255848499E-03  1.387725544249408E-03
  1.361113526463958E-03  1.371172252989609E-03  1.381055827505129E-03
  1.354481085325208E-03  1.364368235285415E-03  1.374090083429196E-03
  1.347547356476603E-03  1.357264277893406E-03  1.366825833451751E-03
  1.340309494854119E-03  1.349857989740015E-03  1.359261122083415E-03
  1.332765222215576E-03  1.342147535213710E-03  1.351394537543233E-03
  1.324912845519574E-03  1.334131650427210E-03  1.343225226193849E-03
  1.316751277810833E-03  1.325809660318208E-03  1.334752906196880E-03
  1.308280068263296E-03  1.317181504042193E-03  1.325977888289699E-03
  1.299499437741925E-03  1.308247767933781E-03  1.316901105477877E-03
  1.290410299717028E-03  1.299009709028859E-03  1.307524138043483E-03
  1.281014240132941E-03  1.289469242436944E-03  1.297849207828658E-03
  1.271313448058218E-03  1.279628878067292E-03  1.287879122245208E-03
  1.261310636273085E-03  1.269491635214053E-03  1.277617186174287E-03
  1.251009034612944E-03  1.259061011801331E-03  1.267067150705196E-03
  1.240412528075067E-03  1.248341089244061E-03  1.256233284958729E-03
  1.229525912620023E-03  1.237336772599546E-03  1.245120594415030E-03
  1.218355088465226E-03  1.226054015993633E-03  1.233735067291410E-03
  1.206906918458252E-03  1.214499767158053E-03  1.222083696234176E-03
  1.195188583697266E-03  1.202681422060900E-03  1.210174035326603E-03
  1.183206607828160E-03  1.190605878494631E-03  1.198013304389879E-03
  1.170966146749882E-03  1.178278707554765E-03  1.185607475338131E-03
  1.158471345035391E-03  1.165704237690795E-03  1.172961109500223E-03
  1.145727264746679E-03  1.152887162899112E-03  1.160078640610948E-03
  1.132743081014539E-03  1.139835559651901E-03  1.146967168151004E-03
  1.119535283605583E-03  1.126564224599850E-03  1.133639859982868E-03
  1.106129128172806E-03  1.113096609172994E-03  1.120118308947722E-03
  1.092557011351947E-03  1.099463857108331E-03  1.106432220431725E-03
  1.078853760454745E-03  1.085700626339286E-03  1.092615819782489E-03
  1.065050399165405E-03  1.071838969006944E-03  1.078701945605818E-03
  1.051168879306977E-03  1.057902666177670E-03  1.064716083044645E-03
  1.037219951564060E-03  1.043904360782546E-03  1.050672800900331E-03
  1.023204891551644E-03  1.029846554119922E-03  1.036575985672504E-03
  1.009119996055948E-03  1.015725714086475E-03  1.022422474626723E-03
  9.949616152545610E-04  1.001537396979339E-03  1.008207174691562E-03
  9.807295688945544E-04  9.872801120903436E-04  9.939273247520130E-04
  9.664279375574290E-04  9.729566410844518E-04  9.795843523796547E-04
  9.520636604371275E-04  9.585729793049821E-04  9.651832106766688E-04
  9.376442843520251E-04  9.441361335904907E-04  9.507302827724244E-04
  9.231762089268165E-04  9.296521921837836E-04  9.362313086054845E-04
  9.086640764778176E-04  9.151254825529984E-04  9.216903080446906E-04
  8.941111303841388E-04  9.005587855067575E-04  9.071096262071445E-04
  8.795199107372022E-04  8.859540214331792E-04  8.924905853226475E-04
  8.648927157838990E-04  8.713127908275753E-04  8.778340935846793E-04
  8.502316246508516E-04  8.566364842268573E-04  8.631408467531956E-04
  8.355382252890902E-04  8.419260514441147E-04  8.484111498642220E-04
  8.208133165238068E-04  8.271816948665146E-04  8.336446100994506E-04
  8.060567601533852E-04  8.124026918279972E-04  8.188399309611319E-04
  7.912674943244883E-04  7.975873880249599E-04  8.039948824073302E-04
  7.764436155828285E-04  7.827332809960916E-04  7.891063819083389E-04
  7.615824394421721E-04  7.678370961275986E-04  7.741705844280350E-04
  7.466805107952137E-04  7.528948132807190E-04  7.591829261765797E-04
  7.317335897403392E-04  7.379016618378634E-04  7.441381305543618E-04
  7.167366508409771E-04  7.228521230554692E-04  7.290302145103101E-04
  7.016839141579202E-04  7.077399628608612E-04  7.138525230256302E-04
  6.865689034439646E-04  6.925582942329272E-04  6.985977950660150E-04
  6.713845176811831E-04  6.772996554521294E-04  6.832582480585984E-04
  6.561231081763768E-04  6.619560946558618E-04  6.678256697444056E-04
  6.407765614846699E-04  6.465192594341830E-04  6.522915144233666E-04
  6.253363933915190E-04  6.309804961679398E-04  6.366470075167011E-04
  6.097938562608916E-04  6.153309620179334E-04  6.208832618582528E-04
  5.941400592727794E-04  5.995617494579644E-04  6.049914060413129E-04
  5.783660992049726E-04  5.836640209834590E-04  5.889627225078613E-04
  5.624631991560014E-04  5.676291510510930E-04  5.727887921438628E-04
  5.464228541484565E-04  5.514488739133556E-04  5.564616437550361E-04
  5.302369822409953E-04  5.351154357641911E-04  5.399739065835550E-04
  5.138980797362229E-04  5.186217497487468E-04  5.233189644030903E-04
  4.973993781458865E-04  5.019615514937651E-04  5.064911088664807E-04
  4.807350004158284E-04  4.851295525066637E-04  4.894856892786228E-04
  4.639001134137219E-04  4.681215884809732E-04  4.722992559901784E-04
  4.468910743481331E-04  4.509347600555108E-04  4.549296947156728E-04
  4.297055679973136E-04  4.335675629381900E-04  4.373763488361501E-04
  4.123427318800902E-04  4.160200045817566E-04  4.196401269277486E-04
  3.948032666733629E-04  3.982937047956306E-04  4.017235929712941E-04
  3.770895289969387E-04  3.803919775943641E-04  3.836310367832370E-04
  3.592056041027079E-04  3.623198919113550E-04  3.653685223518753E-04
  3.411573560252513E-04  3.440843089740183E-04  3.469439122107116E-04
  3.229524536263899E-04  3.256938950646122E-04  3.283668668021042E-04
  3.046003709636112E-04  3.071591082417009E-04  3.096488175888610E-04
  2.861123610782406E-04  2.884921585265643E-04  2.908029138529348E-04
  2.675014029911059E-04  2.697069415943621E-04  2.718439434238804E-04
  2.487821220220392E-04  2.508189464204407E-04  2.527882281637660E-04
  2.299706845079748E-04  2.318451382231631E-04  2.336534957865239E-04
  2.110846684066562E-04  2.128038185103815E-04  2.144587301058961E-04
  1.921429120571533E-04  1.937144647237914E-04  1.952240024471577E-04
  1.731653438077685E-04  1.745975524514719E-04  1.759702873825926E-04
  1.541727955734736E-04  1.554743633912325E-04  1.567192661187164E-04
  1.351868043949842E-04  1.363667833399339E-04  1.374931219286810E-04
  1.162294053952841E-04  1.172970935483148E-04  1.183143309332073E-04
  9.732292080783322E-05  9.828776022096148E-05  9.920545304204466E-05
  7.848974890294892E-05  7.936122586932307E-05  8.018892665546350E-05
  5.975215709838175E-05  6.053970668925908E-05  6.128687113203598E-05
  4.113208323791574E-05  4.184499978688922E-05  4.252090066702811E-05
  2.265094844128381E-05  2.329830343673339E-05  2.391195255656619E-05
  4.329485080607845E-06  4.920053642936189E-06  5.480132769548917E-06
 -1.381241790891071E-05 -1.327022102228846E-05 -1.275541937025995E-05
 -3.175584976989601E-05 -3.125402405131919E-05 -3.077664555042581E-05
 -4.948299163316849E-05 -4.901399422138487E-05 -4.856666118972948E-05
 -6.697720784299140E-05 -6.653398643737888E-05 -6.610982590051395E-05
 -8.422311513267149E-05 -8.379913069595166E-05 -8.339179246195112E-05
 -1.012066295591650E-04 -1.007958691824604E-04 -1.003995344171552E-04
 -1.179149924096148E-04 -1.175119731279109E-04 -1.171213542461305E-04
 -1.343367760101555E-04 -1.339365403634014E-04 -1.335468731448918E-04
 -1.504618714867854E-04 -1.500599758273082E-04 -1.496670047615223E-04
 -1.662814602906822E-04 -1.658739569087331E-04 -1.654739148516872E-04
 -1.817879717845211E-04 -1.813713859007374E-04 -1.809609691219365E-04
 -1.969750292262210E-04 -1.965463319760249E-04 -1.961226716785880E-04
 -2.118373864947300E-04 -2.113939650210222E-04 -2.109545964199211E-04
 -2.263708578359525E-04 -2.259104833850168E-04 -2.254533132246381E-04
 -2.405722429091139E-04 -2.400930379726546E-04 -2.396163114318577E-04
 -2.544392490729097E-04 -2.539396542761827E-04 -2.534419219813231E-04
 -2.679704130464018E-04 -2.674491545716880E-04 -2.669292403586632E-04
 -2.811650230488522E-04 -2.806210811208167E-04 -2.800780510973791E-04
 -2.940230431816806E-04 -2.934556220866451E-04 -2.928887553917461E-04
 -3.065450410163699E-04 -3.059535410356000E-04 -3.053623026058018E-04
 -3.187321191831409E-04 -3.181161106539297E-04 -3.175001261948025E-04
 -3.305858515782495E-04 -3.299450512070975E-04 -3.293040844414087E-04
 -3.421082247632814E-04 -3.414424743213851E-04 -3.407764066262777E-04
 -3.533015843456954E-04 -3.526108316452078E-04 -3.519196439489209E-04
 -3.641685868951468E-04 -3.634528690918329E-04 -3.627366260141396E-04
 -3.747121568426669E-04 -3.739715858084688E-04 -3.732304218715672E-04
 -3.849354482506722E-04 -3.841701980229124E-04 -3.834043058135477E-04
 -3.948418115719149E-04 -3.940521075821216E-04 -3.932617276481906E-04
 -4.044347641588686E-04 -4.036208741544436E-04 -4.028062865107381E-04
 -4.137179651763940E-04 -4.128801915942476E-04 -4.120417086076968E-04
 -4.226951937067084E-04 -4.218338673230008E-04 -4.209718277989447E-04
 -4.313703300067440E-04 -4.304858047338862E-04 -4.296005690748695E-04
 -4.397473394744106E-04 -4.388399880517950E-04 -4.379319342720921E-04
 -4.478302588542448E-04 -4.469004693988476E-04 -4.459699899171226E-04
 -4.556231844897351E-04 -4.546713576505824E-04 -4.537188566524286E-04
 -4.631302621588981E-04 -4.621568088489128E-04 -4.611827001928165E-04
 -4.703556782547451E-04 -4.693610178315614E-04 -4.683657233476426E-04
 -4.773036521314967E-04 -4.762882108978025E-04 -4.752721589970637E-04
 -4.839784293832139E-04 -4.829426393860993E-04 -4.819062639287763E-04
 -4.903842757027523E-04 -4.893285737650116E-04 -4.882723131573520E-04
 -4.965254714640100E-04 -4.954502983447595E-04 -4.943745947333950E-04
 -5.024063066031046E-04 -5.013121063232861E-04 -5.002174049628357E-04
 -5.080310757314467E-04 -5.069182950141588E-04 -5.058050437178644E-04
 -5.134040736634501E-04 -5.122731613968467E-04 -5.111418100150857E-04
 -5.185295910090513E-04 -5.173809978233408E-04 -5.162319978384334E-04
 -5.234119099896318E-04 -5.222460878479835E-04 -5.210798919687215E-04
 -5.280553003957021E-04 -5.268727022620948E-04 -5.256897640885769E-04
 -5.324640153891443E-04 -5.312650948879977E-04 -5.300658685854794E-04
 -5.366422871228388E-04 -5.354274982664682E-04 -5.342124382892776E-04
 -5.405943218109272E-04 -5.393641187607133E-04 -5.381336796149182E-04
 -5.443242945979187E-04 -5.430791314542593E-04 -5.418337674915726E-04
 -5.478363445483810E-04 -5.465766751679608E-04 -5.453168404040749E-04
 -5.511345700056966E-04 -5.498608478808916E-04 -5.485869958740293E-04
 -5.542230241368665E-04 -5.529357022964546E-04 -5.516482860502952E-04
 -5.571057101681060E-04 -5.558052411339626E-04 -5.545047130557923E-04
 -5.597865747157133E-04 -5.584734105628022E-04 -5.571602225293824E-04
 -5.622694984338958E-04 -5.609440908957262E-04 -5.596186943533492E-04
 -5.645582833367330E-04 -5.632210840053064E-04 -5.618839301626974E-04
 -5.666566382364643E-04 -5.653080988804175E-04 -5.639596390466066E-04
 -5.685681646780383E-04 -5.672087376401658E-04 -5.658494235951147E-04
 -5.702963442311521E-04 -5.689264829818057E-04 -5.675567675496459E-04
 -5.718445269172038E-04 -5.704646868077227E-04 -5.690850245794432E-04
 -5.732159157487835E-04 -5.718265549834658E-04 -5.704374033064196E-04
 -5.744135371450447E-04 -5.730151181273307E-04 -5.716169384303416E-04
 -5.754401954172012E-04 -5.740331865162757E-04 -5.726264460651153E-04
 -5.762983832675536E-04 -5.748832612951767E-04 -5.734684356455247E-04
 -5.769901996918319E-04 -5.755674529773168E-04 -5.741450290291981E-04
 -5.775171217357514E-04 -5.760872551729010E-04 -5.746577361615702E-04
 -5.778800049362837E-04 -5.764435450301538E-04 -5.750074555241677E-04
 -5.780782345180747E-04 -5.766357425049256E-04 -5.751936414040752E-04
 -5.781105874118238E-04 -5.766626647382600E-04 -5.752151506990568E-04
 -5.779704566384388E-04 -5.765177957665799E-04 -5.750655575481193E-04
 -5.776528124615734E-04 -5.761961824758608E-04 -5.747399846409954E-04
 -5.771229651584849E-04 -5.756634943415185E-04 -5.742044571839859E-04
 -5.763585640209902E-04 -5.748976204698168E-04 -5.734371017723827E-04
 -5.750883607567609E-04 -5.736299516451199E-04 -5.721719224127628E-04
  1.385618577496300E-03  1.401328053605816E-03  1.416587472586001E-03
  1.385807925310739E-03  1.401541148609213E-03  1.416823314165974E-03
  1.385902228363972E-03  1.401647343281166E-03  1.416940899708520E-03
  1.385902228363972E-03  1.401647343281166E-03  1.416940899708520E-03
  1.385807925310739E-03  1.401541148609213E-03  1.416823314165974E-03
  1.385618577496300E-03  1.401328053605816E-03  1.416587472586001E-03
  1.385332706537653E-03  1.401006651904871E-03  1.416232038847371E-03
  1.384948107302859E-03  1.400574846148983E-03  1.415755020676083E-03
  1.384461862479523E-03  1.400029862216256E-03  1.415153783524184E-03
  1.383870361632884E-03  1.399368267757641E-03  1.414425068555441E-03
  1.383169324437656E-03  1.398585994720404E-03  1.413565014486796E-03
  1.382353828071244E-03  1.397678365911548E-03  1.412569183288835E-03
  1.381418338524680E-03  1.396640125291067E-03  1.411432589489083E-03
  1.380356745837390E-03  1.395465472097345E-03  1.410149733188716E-03
  1.379162402963958E-03  1.394148098495654E-03  1.408714636485619E-03
  1.377828168012003E-03  1.392681230462936E-03  1.407120883027278E-03
  1.376346449581195E-03  1.391057671696963E-03  1.405361660505309E-03
  1.374709254996744E-03  1.389269850269920E-03  1.403429805748034E-03
  1.372908240979113E-03  1.387309867595298E-03  1.401317852019980E-03
  1.370934766408899E-03  1.385169549412797E-03  1.399018078273185E-03
  1.368779947033137E-03  1.382840498601711E-03  1.396522560122584E-03
  1.366434711552971E-03  1.380314149350240E-03  1.393823222138306E-03
  1.363889858792307E-03  1.377581822335087E-03  1.390911891115859E-03
  1.361136115590217E-03  1.374634780617538E-03  1.387780350041820E-03
  1.358164195042224E-03  1.371464285854855E-03  1.384420392343103E-03
  1.354964854815955E-03  1.368061654582880E-03  1.380823876227190E-03
  1.351528955240049E-03  1.364418314262239E-03  1.376982778753664E-03
  1.347847517045510E-03  1.360525858996564E-03  1.372889249586730E-03
  1.343911778116959E-03  1.356376104343989E-03  1.368535663921900E-03
  1.339713248843789E-03  1.351961140834395E-03  1.363914674204298E-03
  1.335243765634252E-03  1.347273385655027E-03  1.359019260023973E-03
  1.330495542665820E-03  1.342305632455538E-03  1.353842776048742E-03
  1.325461222594053E-03  1.337051099948797E-03  1.348378998554172E-03
  1.320133926686652E-03  1.331503479889972E-03  1.342622171216619E-03
  1.314507302978825E-03  1.325656983478305E-03  1.336567049627967E-03
  1.308575569147738E-03  1.319506383138752E-03  1.330208941826617E-03
  1.302333547113656E-03  1.313047046403030E-03  1.323543741421177E-03
  1.295776690621510E-03  1.306274961817462E-03  1.316567952105746E-03
  1.288901114181867E-03  1.299186763945991E-03  1.309278709213206E-03
  1.281703634250870E-03  1.291779768715266E-03  1.301673809402570E-03
  1.274181823614186E-03  1.284052023223050E-03  1.293751755239122E-03
  1.266334057901246E-03  1.276002353790812E-03  1.285511803252370E-03
  1.258159516255943E-03  1.267630375974057E-03  1.276953981970542E-03
  1.249658112310527E-03  1.258936436334222E-03  1.268079045254282E-03
  1.240830387936361E-03  1.249921504401244E-03  1.258888366324273E-03
  1.231677472514837E-03  1.240587105602538E-03  1.249383849654462E-03
  1.222201224574429E-03  1.230935417595184E-03  1.239567984101415E-03
  1.212404568344430E-03  1.220969574010915E-03  1.229444107782501E-03
  1.202291831594541E-03  1.210694026185405E-03  1.219016779409885E-03
  1.191868720794992E-03  1.200114619973357E-03  1.208291942346401E-03
  1.181141632058678E-03  1.189238046575197E-03  1.197276514766846E-03
  1.170116396303131E-03  1.178070661475372E-03  1.185977306025308E-03
  1.158797149579829E-03  1.166617246163381E-03  1.174399712911285E-03
  1.147186406327381E-03  1.154880754316530E-03  1.162547177825405E-03
  1.135287162070967E-03  1.142863984119279E-03  1.150422433569085E-03
  1.123106846691222E-03  1.130573245928129E-03  1.138030833249160E-03
  1.110661613685035E-03  1.118022763481980E-03  1.125384770187605E-03
  1.097978617675241E-03  1.105237541545183E-03  1.112507048366471E-03
  1.085094335458940E-03  1.092252557576187E-03  1.099430919504883E-03
  1.072048693973876E-03  1.079107624875489E-03  1.086195746947076E-03
  1.058876975636509E-03  1.065839483556167E-03  1.072839415470666E-03
  1.045602892901020E-03  1.052474354221060E-03  1.059390497393804E-03
  1.032235903441852E-03  1.039024246689263E-03  1.045863614990935E-03
  1.018773827490426E-03  1.025488576948797E-03  1.032260010453169E-03
  1.005209236238460E-03  1.011860044092727E-03  1.018572786033226E-03
  9.915363908404144E-04  9.981317454809823E-04  1.004794063026074E-03
  9.777556407299492E-04  9.843022584492607E-04  9.909206777892099E-04
  9.638739154000971E-04  9.703769015092241E-04  9.769562332979289E-04
  9.499021132734305E-04  9.563655844389164E-04  9.629094937725956E-04
  9.358515234969952E-04  9.422792329462921E-04  9.487908999597751E-04
  9.217313173404308E-04  9.281269551399390E-04  9.346094545109573E-04
  9.075479748327274E-04  9.139150898895944E-04  9.203713800791005E-04
  8.933061951779199E-04  8.996479098309578E-04  9.060805707342669E-04
  8.790101772409943E-04  8.853289225581304E-04  8.917398732197464E-04
  8.646643488020052E-04  8.709617545242354E-04  8.773521112060469E-04
  8.502732925542129E-04  8.565502247101602E-04  8.629203180514675E-04
  8.358411995544856E-04  8.420978533556088E-04  8.484473215952453E-04
  8.213713454386590E-04  8.276073051623542E-04  8.339351680393702E-04
  8.068658756631020E-04  8.130801120664286E-04  8.193847829696110E-04
  7.923258754308817E-04  7.985167061306953E-04  8.047959597980280E-04
  7.777515301408373E-04  7.839165846685209E-04  7.901675223705192E-04
  7.631422105335160E-04  7.692784238067461E-04  7.754974648554202E-04
  7.484964455653925E-04  7.546000772043171E-04  7.607829786928700E-04
  7.338118458780778E-04  7.398785099199748E-04  7.460204002692415E-04
  7.190850540457630E-04  7.251097473194214E-04  7.312051601599377E-04
  7.043117522249440E-04  7.102888803469177E-04  7.163317856214400E-04
  6.894867108516023E-04  6.954101176405366E-04  7.013939549378964E-04
  6.746038490291665E-04  6.804668548048684E-04  6.863845748817998E-04
  6.596562919435786E-04  6.654517420359368E-04  6.712958586092403E-04
  6.446364298889803E-04  6.503567516014455E-04  6.561194019607208E-04
  6.295359903802793E-04  6.351732563222853E-04  6.408462684745392E-04
  6.143461299206699E-04  6.198921269110417E-04  6.254670920485423E-04
  5.990575440697920E-04  6.045038479714394E-04  6.099721984120246E-04
  5.836605915237532E-04  5.889986482846965E-04  5.943517411193093E-04
  5.681454293054907E-04  5.733666417979513E-04  5.785958478823922E-04
  5.525021583356562E-04  5.575979780292594E-04  5.626947753083452E-04
  5.367209797255223E-04  5.416830020042581E-04  5.466390718940416E-04
  5.207923607683482E-04  5.256124227389338E-04  5.304197482907002E-04
  5.047072086370408E-04  5.093774882644516E-04  5.140284528752638E-04
  4.884570490710691E-04  4.929701643194403E-04  4.974576496174631E-04
  4.720342071473397E-04  4.763833136233079E-04  4.807007949780388E-04
  4.554319872653411E-04  4.596108727690995E-04  4.637525108561294E-04
  4.386448496200018E-04  4.426480238316950E-04  4.466087504513145E-04
  4.216685795888637E-04  4.254913572455532E-04  4.292669537323463E-04
  4.045004466928768E-04  4.081390224824509E-04  4.117261890494890E-04
  3.871393495358930E-04  3.905908631511936E-04  3.939872776141512E-04
  3.695859432372857E-04  3.728485330230506E-04  3.760528974535606E-04
  3.518427459400747E-04  3.549155897554391E-04  3.579276638162519E-04
  3.339142213807283E-04  3.367975635054235E-04  3.396181834158453E-04
  3.158068349606166E-04  3.185019981079112E-04  3.211330804662417E-04
  2.975290808815500E-04  3.000384627237363E-04  3.024829927717034E-04
  2.790914787848100E-04  2.814185327097227E-04  2.836805369083153E-04
  2.605065387309854E-04  2.626557389036627E-04  2.647402421268155E-04
  2.417886942444660E-04  2.437654854254976E-04  2.456784533702152E-04
  2.229542039444479E-04  2.247649368833295E-04  2.265132047153464E-04
  2.040210230608309E-04  2.056728766573919E-04  2.072640652303331E-04
  1.850086468463773E-04  1.865095386349836E-04  1.879519599866815E-04
  1.659379286710611E-04  1.672964154586682E-04  1.685989695164792E-04
  1.468308762972321E-04  1.480560470374505E-04  1.492281117172233E-04
  1.277104305180413E-04  1.288117937514214E-04  1.298631108014885E-04
  1.086002306826285E-04  1.095875988894187E-04  1.105281578517952E-04
  8.952437211970008E-05  9.040774546975129E-05  9.124766821603054E-05
  7.050716048764456E-05  7.129661241699142E-05  7.204604060704706E-05
  5.157286824582464E-05  5.227843513979962E-05  5.294742280524153E-05
  3.274549828347751E-05  3.337707540418839E-05  3.397548866467429E-05
  1.404855936213433E-05  1.461580491390052E-05  1.515323055077177E-05
 -4.495142409177444E-06 -3.982893491938162E-06 -3.497229152397805E-06
 -2.286369246767255E-05 -2.239750377560957E-05 -2.195480463823200E-05
 -4.103623388123003E-05 -4.060763096139313E-05 -4.019958887867695E-05
 -5.899310854033437E-05 -5.859412992842056E-05 -5.821296999587375E-05
 -7.671597187866553E-05 -7.633920768616205E-05 -7.597772119227483E-05
 -9.418788071655094E-05 -9.382649889317557E-05 -9.347806421192610E-05
 -1.113933541573553E-04 -1.110411149936424E-04 -1.106997070905823E-04
 -1.283184083979783E-04 -1.279696680772495E-04 -1.276298575459914E-04
 -1.449505668814197E-04 -1.446002710685917E-04 -1.442572137706868E-04
 -1.612788478501742E-04 -1.609225165368407E-04 -1.605719351007283E-04
 -1.772937318299085E-04 -1.769274367626612E-04 -1.765655952640726E-04
 -1.929871115834584E-04 -1.926074475669292E-04 -1.922311207303905E-04
 -2.083522275232790E-04 -2.079562790673474E-04 -2.075627174005615E-04
 -2.233835916290478E-04 -2.229688962286222E-04 -2.225557883493982E-04
 -2.380769026738677E-04 -2.376414119856878E-04 -2.372068453469476E-04
 -2.524289557555144E-04 -2.519709958276498E-04 -2.515134169419299E-04
 -2.664375486401845E-04 -2.659557801913135E-04 -2.654739552834938E-04
 -2.801013873467786E-04 -2.795947669915097E-04 -2.790877438908681E-04
 -2.934199929027152E-04 -2.928877360009209E-04 -2.923548078946196E-04
 -3.063936110556481E-04 -3.058351567788941E-04 -3.052758283493017E-04
 -3.190231264206513E-04 -3.184381053946763E-04 -3.178520616481376E-04
 -3.313099820308414E-04 -3.306981868508034E-04 -3.300852648584199E-04
 -3.432561049966859E-04 -3.426174637540808E-04 -3.419776274081129E-04
 -3.548638387400329E-04 -3.541983915740106E-04 -3.535317093524779E-04
 -3.661358820260383E-04 -3.654437606790792E-04 -3.647503863419360E-04
 -3.770752348049153E-04 -3.763566450259008E-04 -3.756368010650269E-04
 -3.876851505920771E-04 -3.869403571610553E-04 -3.861943208054316E-04
 -3.979690949996779E-04 -3.971984092558728E-04 -3.964265008309498E-04
 -4.079307101883624E-04 -4.071344797133536E-04 -4.063370530795353E-04
 -4.175737843590697E-04 -4.167523846230812E-04 -4.159298194507616E-04
 -4.269022262109986E-04 -4.260560538798319E-04 -4.252087494967791E-04
 -4.359200433961011E-04 -4.350495110825327E-04 -4.341778816501640E-04
 -4.446313246131789E-04 -4.437368568143071E-04 -4.428413276215120E-04
 -4.530402247119423E-04 -4.521222547493306E-04 -4.512032594247969E-04
 -4.611509524257896E-04 -4.602099201700024E-04 -4.592678986086651E-04
 -4.689677601832458E-04 -4.680041103870521E-04 -4.670395072390258E-04
 -4.764949356238494E-04 -4.755091167541995E-04 -4.745223803627867E-04
 -4.837367944338062E-04 -4.827292578780866E-04 -4.817208395424075E-04
 -4.906976743172903E-04 -4.896688738146821E-04 -4.886392272755568E-04
 -4.973819296610137E-04 -4.963323209433468E-04 -4.952819020262588E-04
 -5.037939268261595E-04 -5.027239673595996E-04 -5.016532337275965E-04
 -5.099380397897173E-04 -5.088481886010217E-04 -5.077575995650069E-04
 -5.158186460193382E-04 -5.147093635561576E-04 -5.135993799178134E-04
 -5.214401225207430E-04 -5.203118705230079E-04 -5.191829544314038E-04
 -5.268068420083343E-04 -5.256600833986562E-04 -5.245126982134758E-04
 -5.319231691945614E-04 -5.307583679243374E-04 -5.295929780397563E-04
 -5.367934568922718E-04 -5.356110778013778E-04 -5.344281484817070E-04
 -5.414220420096939E-04 -5.402225506850836E-04 -5.390225479172170E-04
 -5.458132412496958E-04 -5.445971038512994E-04 -5.433804941419117E-04
 -5.499713463668433E-04 -5.487390294799019E-04 -5.475062797057643E-04
 -5.539006192343040E-04 -5.526525897154329E-04 -5.514041669449595E-04
 -5.576052868401229E-04 -5.563420116709654E-04 -5.550783830251047E-04
 -5.610895364531716E-04 -5.598114826408095E-04 -5.585331151784122E-04
 -5.643575107435455E-04 -5.630651452339953E-04 -5.617725058632922E-04
 -5.674133021466641E-04 -5.661070917774678E-04 -5.648006472046603E-04
 -5.702609456239963E-04 -5.689413571558789E-04 -5.676215739144098E-04
 -5.729044090875161E-04 -5.715719093023192E-04 -5.702392538554638E-04
 -5.753475815579756E-04 -5.740026374468197E-04 -5.726575763667645E-04
 -5.775942598423618E-04 -5.762373388808598E-04 -5.748803391238998E-04
 -5.796481351778994E-04 -5.782797057292509E-04 -5.769112350436721E-04
 -5.815127802316920E-04 -5.801333120856425E-04 -5.787538395331722E-04
 -5.831916348550570E-04 -5.818015999580857E-04 -5.804115966557368E-04
 -5.846879866841084E-04 -5.832878601352504E-04 -5.818878002305900E-04
 -5.860049404601291E-04 -5.845952018005794E-04 -5.831855637631780E-04
 -5.871453695077243E-04 -5.857265044861383E-04 -5.843077728521166E-04
 -5.881118452780798E-04 -5.866843481763835E-04 -5.852570158648110E-04
 -5.889065387435546E-04 -5.874709155265773E-04 -5.860354869437248E-04
 -5.895310930090476E-04 -5.880878656056700E-04 -5.866448609023026E-04
 -5.899864373682483E-04 -5.885361497016506E-04 -5.870861107366057E-04
 -5.902725437676547E-04 -5.888157702594080E-04 -5.873592690233674E-04
 -5.903879425817859E-04 -5.889253014166179E-04 -5.874629531801417E-04
 -5.903290894437339E-04 -5.888612621236256E-04 -5.873937448040475E-04
 -5.900885259409469E-04 -5.886162943807902E-04 -5.871443852842706E-04
 -5.896528742684288E-04 -5.881771774988417E-04 -5.867018094754287E-04
 -5.889944792586654E-04 -5.875165490874379E-04 -5.860389448905205E-04
 -5.880664065189738E-04 -5.865879533031957E-04 -5.851098095310944E-04
 -5.867662268654434E-04 -5.852899764870245E-04 -5.838139952595734E-04
  1.311231033362035E-03  1.329685099463278E-03  1.347581306527832E-03
  1.311283369453907E-03  1.329766305269024E-03  1.347690278789545E-03
  1.311309066941187E-03  1.329806457974234E-03  1.347744334672516E-03
  1.311309066941187E-03  1.329806457974234E-03  1.347744334672516E-03
  1.311283369453907E-03  1.329766305269024E-03  1.347690278789545E-03
  1.311231033362035E-03  1.329685099463278E-03  1.347581306527832E-03
  1.311150182257916E-03  1.329561045556342E-03  1.347415702651769E-03
  1.311038015927657E-03  1.329391465310480E-03  1.347190908381878E-03
  1.310890827261686E-03  1.329172813873806E-03  1.346903537721548E-03
  1.310704024300571E-03  1.328900701383759E-03  1.346549398587945E-03
  1.310472157250625E-03  1.328569919284502E-03  1.346123518422406E-03
  1.310188950330910E-03  1.328174471330288E-03  1.345620174328725E-03
  1.309847338335789E-03  1.327707609106151E-03  1.345032927568996E-03
  1.309439507794730E-03  1.327161872083401E-03  1.344354662460274E-03
  1.308956942507371E-03  1.326529131895978E-03  1.343577629401076E-03
  1.308390473137224E-03  1.325800640578942E-03  1.342693491748178E-03
  1.307730330666533E-03  1.324967082546325E-03  1.341693376269414E-03
  1.306966203302463E-03  1.324018629835599E-03  1.340567926776320E-03
  1.306087296557462E-03  1.322945000373658E-03  1.339307360544448E-03
  1.305082396028777E-03  1.321735518791077E-03  1.337901527205055E-03
  1.303939932577102E-03  1.320379179529552E-03  1.336339969803820E-03
  1.302648049471764E-03  1.318864711808422E-03  1.334611987625381E-03
  1.301194670940427E-03  1.317180645900842E-03  1.332706700245319E-03
  1.299567571686880E-03  1.315315380339124E-03  1.330613112496733E-03
  1.297754446968243E-03  1.313257249616591E-03  1.328320179875459E-03
  1.295742982932690E-03  1.310994592075353E-03  1.325816874062198E-03
  1.293520926822831E-03  1.308515817641737E-03  1.323092248294970E-03
  1.291076156736426E-03  1.305809475163223E-03  1.320135502364232E-03
  1.288396750283304E-03  1.302864318741461E-03  1.316936046697147E-03
  1.285471051391459E-03  1.299669372356401E-03  1.313483564880805E-03
  1.282287734794315E-03  1.296213992175683E-03  1.309768073902739E-03
  1.278835868752769E-03  1.292487926928817E-03  1.305779982302722E-03
  1.275104977126303E-03  1.288481377417021E-03  1.301510147233335E-03
  1.271085101256259E-03  1.284185055936072E-03  1.296949931386595E-03
  1.266766859166917E-03  1.279590243764181E-03  1.292091258600435E-03
  1.262141497056329E-03  1.274688842041605E-03  1.286926663937610E-03
  1.257200929419788E-03  1.269473411548082E-03  1.281449333182200E-03
  1.251937771886447E-03  1.263937203410323E-03  1.275653131945767E-03
  1.246345381128644E-03  1.258074193368296E-03  1.269532634984440E-03
  1.240417916916559E-03  1.251879135955062E-03  1.263083172558102E-03
  1.234150421955125E-03  1.245347639844806E-03  1.256300899969872E-03
  1.227538881482448E-03  1.238476233117071E-03  1.249182866037726E-03
  1.220580205904054E-03  1.231262362190558E-03  1.241727026779002E-03
  1.213272113973577E-03  1.223704289575748E-03  1.233932159744143E-03
  1.205612988426182E-03  1.215800940442497E-03  1.225797708013047E-03
  1.197601871085715E-03  1.207551851249867E-03  1.217323689721933E-03
  1.189238751703304E-03  1.198957391386072E-03  1.208510853272719E-03
  1.180525107771955E-03  1.190019269070487E-03  1.199361137092974E-03
  1.171464336810814E-03  1.180741025626287E-03  1.189878203341278E-03
  1.162061528271437E-03  1.171127978744882E-03  1.180067534423114E-03
  1.152322232700404E-03  1.161186187985514E-03  1.169935602231055E-03
  1.142250581482927E-03  1.150920627565406E-03  1.159488137730540E-03
  1.131847966834447E-03  1.140333623157441E-03  1.148728390025005E-03
  1.121113857858280E-03  1.129425130590792E-03  1.137656913900353E-03
  1.110049634323214E-03  1.118195973541988E-03  1.126274192694702E-03
  1.098664600178080E-03  1.106653595204425E-03  1.114586028668950E-03
  1.086981452615171E-03  1.094817921670909E-03  1.102609657960602E-03
  1.075037735543027E-03  1.082723861173095E-03  1.090377189822523E-03
  1.062881086435073E-03  1.070417822223136E-03  1.077933404854982E-03
  1.050559082768700E-03  1.057948387811069E-03  1.065327400013876E-03
  1.038107637300935E-03  1.045354565227202E-03  1.052600907865292E-03
  1.025543218392046E-03  1.032656851540896E-03  1.039778378191881E-03
  1.012862630485746E-03  1.019855383043704E-03  1.026863523973955E-03
  1.000050369062946E-03  1.006936003178688E-03  1.013843967903146E-03
  9.870897772800080E-04  9.938811060916713E-04  1.000701553119698E-03
  9.739725913606826E-04  9.806799176900688E-04  9.874231789928124E-04
  9.607028409695504E-04  9.673336852389446E-04  9.740072313182572E-04
  9.472944614701560E-04  9.538544005818097E-04  9.604635084115072E-04
  9.337652272440315E-04  9.402591448857995E-04  9.468081362272862E-04
  9.201308927124657E-04  9.265638969893224E-04  9.330571701898130E-04
  9.064023346031012E-04  9.127799699757847E-04  9.192223578646172E-04
  8.925861250983417E-04  8.989139905785648E-04  9.053104688564976E-04
  8.786869858871882E-04  8.849701610062678E-04  8.913252775526977E-04
  8.647100410051454E-04  8.709526953317680E-04  8.772701247938422E-04
  8.506616204421183E-04  8.568669460363215E-04  8.631493627549049E-04
  8.365486629372346E-04  8.427190290758151E-04  8.489682359433572E-04
  8.223775884997614E-04  8.285147233296208E-04  8.347318453232251E-04
  8.081535044510842E-04  8.142585692776852E-04  8.204441564747943E-04
  7.938800639629229E-04  7.999536090562201E-04  8.061076145008938E-04
  7.795597562465057E-04  7.856016300884442E-04  7.917233245451432E-04
  7.651942234789496E-04  7.712035105989558E-04  7.772914144814452E-04
  7.507843574710177E-04  7.567593722155660E-04  7.628112429005061E-04
  7.363301884653760E-04  7.422685059083655E-04  7.482813684227917E-04
  7.218307212741476E-04  7.277292130288114E-04  7.336994016355768E-04
  7.072838487969830E-04  7.131387066177514E-04  7.190618959444053E-04
  6.926863681570731E-04  6.984931190643731E-04  7.043643450233897E-04
  6.780340485223276E-04  6.837875744078113E-04  6.896012572565320E-04
  6.633216953248859E-04  6.690162657798256E-04  6.747662455435516E-04
  6.485431940581104E-04  6.541725126841254E-04  6.598520986204426E-04
  6.336915506280959E-04  6.392488104108689E-04  6.448508404753714E-04
  6.187589509297240E-04  6.242368952615022E-04  6.297538015143459E-04
  6.037368481083830E-04  6.091278370336339E-04  6.145517159734648E-04
  5.886160724731382E-04  5.939121556001400E-04  5.992348445371570E-04
  5.733869557386848E-04  5.785799527251574E-04  5.837931132447472E-04
  5.580394659583621E-04  5.631210541922607E-04  5.682162624335847E-04
  5.425633542929125E-04  5.475251625010994E-04  5.524940049845280E-04
  5.269483153391739E-04  5.317820218184515E-04  5.366161953382798E-04
  5.111841604860165E-04  5.158815948650897E-04  5.205730092002324E-04
  4.952610018208729E-04  4.998142493169468E-04  5.043551316570023E-04
  4.791694435068859E-04  4.835709504108491E-04  4.879539501283376E-04
  4.629007775439262E-04  4.671434563566762E-04  4.713617485929168E-04
  4.464471813077593E-04  4.505245138564687E-04  4.545719001607887E-04
  4.298019138497491E-04  4.337080504814480E-04  4.375790545945366E-04
  4.129595073832287E-04  4.166893604162489E-04  4.203793173781661E-04
  3.959159501435965E-04  3.994652797191164E-04  4.029704164794286E-04
  3.786688566807012E-04  3.820343472133769E-04  3.853518529823298E-04
  3.612176214895098E-04  3.643969469570493E-04  3.675250316205000E-04
  3.435635520955924E-04  3.465554285380578E-04  3.494933676467348E-04
  3.257099781390859E-04  3.285142019119628E-04  3.312623669055342E-04
  3.076623331665595E-04  3.102798037662356E-04  3.128396763820785E-04
  2.894282061536180E-04  2.918609327292522E-04  2.942351029354876E-04
  2.710173604602667E-04  2.732684515298059E-04  2.754605986310117E-04
  2.524417183698380E-04  2.545153545483452E-04  2.565302115169195E-04
  2.337153104972052E-04  2.356167004850932E-04  2.374600019530853E-04
  2.148541900578354E-04  2.165895105284096E-04  2.182679252658357E-04
  1.958763128543614E-04  1.974526333410745E-04  1.989736825117917E-04
  1.768013847060757E-04  1.782265789609881E-04  1.795985417740422E-04
  1.576506788334721E-04  1.589333244900042E-04  1.601651332433596E-04
  1.384468267380080E-04  1.395960954228558E-04  1.406972221689402E-04
  1.192135868352652E-04  1.202391271245635E-04  1.212194644305320E-04
  9.997559565659010E-05  1.008874114541459E-04  1.017571498552833E-04
  8.075810691429257E-05  8.156643391816148E-05  8.233593874012379E-05
  6.158672411337242E-05  6.230190705628293E-05  6.298159720622090E-05
  4.248713243164076E-05  4.311950569757306E-05  4.371973697224959E-05
  2.348483571941258E-05  2.404460975614338E-05  2.457556495336264E-05
  4.604904042207480E-06  5.102059817174582E-06  5.573647721180777E-06
 -1.412826331715595E-05 -1.368406993734209E-05 -1.326230495411039E-05
 -3.269115480911876E-05 -3.229067721647057E-05 -3.190963363607013E-05
 -5.106133969375606E-05 -5.069581208763457E-05 -5.034689678200227E-05
 -6.921763422829479E-05 -6.887882981675372E-05 -6.855401013086111E-05
 -8.714023908989737E-05 -8.682051462789805E-05 -8.651235687684366E-05
 -1.048108468914875E-04 -1.045031735862162E-04 -1.042048681680624E-04
 -1.222127193897117E-04 -1.219107007178974E-04 -1.216160744915401E-04
 -1.393307350097085E-04 -1.390286121592049E-04 -1.387321289841578E-04
 -1.561514079315433E-04 -1.558440539978334E-04 -1.555408045933364E-04
 -1.726628809481893E-04 -1.723457851063382E-04 -1.720314675657366E-04
 -1.888548947527283E-04 -1.885241378589466E-04 -1.881950302606611E-04
 -2.047187363959472E-04 -2.043709595472016E-04 -2.040238862115295E-04
 -2.202471702858166E-04 -2.198795379177806E-04 -2.195118308883650E-04
 -2.354343551663401E-04 -2.350445142007233E-04 -2.346539713828776E-04
 -2.502757503839123E-04 -2.498617868763209E-04 -2.494466282662903E-04
 -2.647680149614657E-04 -2.643284095704631E-04 -2.638872328000781E-04
 -2.789089023898257E-04 -2.784424859065737E-04 -2.779742222662497E-04
 -2.926971540389452E-04 -2.922030639360346E-04 -2.917069357673310E-04
 -3.061323935630012E-04 -3.056100324598281E-04 -3.050855127322975E-04
 -3.192150244975787E-04 -3.186640211976015E-04 -3.181107958260489E-04
 -3.319461328394179E-04 -3.313663063641082E-04 -3.307842396662169E-04
 -3.443273957918454E-04 -3.437187228057737E-04 -3.431078263721916E-04
 -3.563609976300170E-04 -3.557235833806173E-04 -3.550839884658890E-04
 -3.680495532106567E-04 -3.673836060405027E-04 -3.667155394845058E-04
 -3.793960395065212E-04 -3.787018488773169E-04 -3.780056124499795E-04
 -3.904037351330490E-04 -3.896816529434091E-04 -3.889576058768163E-04
 -4.010761675678795E-04 -4.003265926022088E-04 -3.995751371241812E-04
 -4.114170677659029E-04 -4.106404329640811E-04 -4.098620025284604E-04
 -4.214303315252071E-04 -4.206270937963072E-04 -4.198221437059414E-04
 -4.311199870525150E-04 -4.302906192870283E-04 -4.294596193955976E-04
 -4.404901680761448E-04 -4.396351530586160E-04 -4.387785822437872E-04
 -4.495450918225909E-04 -4.486649177291434E-04 -4.477832598245688E-04
 -4.582890410800293E-04 -4.573841982875036E-04 -4.564779392403288E-04
 -4.667263497369568E-04 -4.657973287019782E-04 -4.648669546940803E-04
 -4.748613913226163E-04 -4.739086812499222E-04 -4.729546775358089E-04
 -4.826985697597842E-04 -4.817226579034094E-04 -4.807455082272080E-04
 -4.902423120575841E-04 -4.892436834689193E-04 -4.882438698582176E-04
 -4.974970623887316E-04 -4.964761999801661E-04 -4.954542028308694E-04
 -5.044672771854309E-04 -5.034246619901508E-04 -5.023809603078178E-04
 -5.111574209745018E-04 -5.100935325048284E-04 -5.090286042359730E-04
 -5.175719628013959E-04 -5.164872794366475E-04 -5.154016018013358E-04
 -5.237153727516634E-04 -5.226103721535603E-04 -5.215044220027778E-04
 -5.295921187520991E-04 -5.284672782133833E-04 -5.273415323308064E-04
 -5.352066634259854E-04 -5.340624601732455E-04 -5.329173954995230E-04
 -5.405634608371201E-04 -5.394003722606368E-04 -5.382364660799474E-04
 -5.456669532347220E-04 -5.444854570263370E-04 -5.433031870552752E-04
 -5.505215674259387E-04 -5.493221416947621E-04 -5.481219861371443E-04
 -5.551317108295911E-04 -5.539148341371689E-04 -5.526972716924202E-04
 -5.595017671223669E-04 -5.582679184762269E-04 -5.570334282898554E-04
 -5.636360915566483E-04 -5.623857503676201E-04 -5.611348119764854E-04
 -5.675390062370864E-04 -5.662726522552939E-04 -5.650057454808159E-04
 -5.712147952547627E-04 -5.699329085046019E-04 -5.686505133820646E-04
 -5.746676996375332E-04 -5.733707603743456E-04 -5.720733570951910E-04
 -5.779019115798377E-04 -5.765904002505724E-04 -5.752784691121516E-04
 -5.809215671967938E-04 -5.795959644465738E-04 -5.782699858463920E-04
 -5.837307374247635E-04 -5.823915241759986E-04 -5.810519786990246E-04
 -5.863334171936019E-04 -5.849810747936960E-04 -5.836284433394060E-04
 -5.887335135061026E-04 -5.873685239567523E-04 -5.860032879763317E-04
 -5.909348333978355E-04 -5.895576796860195E-04 -5.881803215098964E-04
 -5.929410716870821E-04 -5.915522382742298E-04 -5.901632415914444E-04
 -5.947557967559809E-04 -5.933557702133654E-04 -5.919556207106342E-04
 -5.963824310696311E-04 -5.949717009646962E-04 -5.935608872060045E-04
 -5.978242219900902E-04 -5.964032820419604E-04 -5.949822966072682E-04
 -5.990841992932506E-04 -5.976535489065568E-04 -5.962228899285040E-04
 -6.001651171190195E-04 -5.987252634065309E-04 -5.972854365651054E-04
 -6.010693795303574E-04 -5.996208399568729E-04 -5.981723611031771E-04
 -6.017989461691873E-04 -6.003422520763209E-04 -5.988856507297916E-04
 -6.023552087066180E-04 -6.008909100989645E-04 -5.994267341795548E-04
 -6.027388150379551E-04 -6.012674871459074E-04 -5.997963094885857E-04
 -6.029494022921486E-04 -6.014716548625779E-04 -5.999940824128479E-04
 -6.029851646639678E-04 -6.015016554519217E-04 -6.000183426431770E-04
 -6.028421631715982E-04 -6.013536179582731E-04 -5.998652865328322E-04
 -6.025131834282107E-04 -6.010204268402989E-04 -5.995278963674026E-04
 -6.019860978412724E-04 -6.004900998375740E-04 -5.989943337509933E-04
 -6.012417351954986E-04 -5.997436781478423E-04 -5.982458501695876E-04
 -6.002542825974459E-04 -5.987556254612908E-04 -5.972571831353871E-04
 -5.989999194629200E-04 -5.975023818514995E-04 -5.960050307340265E-04
