  7.521579784072915E+00  7.511054667653142E+00  7.500519467651962E+00

  3.397701488411649E-01  4.255478239458405E-01  5.115386179072390E-01
  1.669240823595759E-01  2.832693824706780E-01  3.997039705935875E-01
  6.284040719836928E-02  2.031804441656973E-01  3.434446068975140E-01
  3.492130505222656E-01  4.379969070648399E-01  5.270695411019709E-01
  1.753144308063329E-01  2.961554502163502E-01  4.171462939043338E-01
  7.116057396998225E-02  2.172421160476376E-01  3.632889449655086E-01
  3.537496141692412E-01  4.440802158225403E-01  5.347397020317719E-01
  1.792718258189647E-01  3.024224970478584E-01  4.257556643081929E-01
  7.503885842504994E-02  2.240697716257160E-01  3.730890450513150E-01
  3.537496141692412E-01  4.440802158225403E-01  5.347397020317719E-01
  1.792718258189647E-01  3.024224970478584E-01  4.257556643081929E-01
  7.503885842504994E-02  2.240697716257160E-01  3.730890450513150E-01
  3.492130505222656E-01  4.379969070648399E-01  5.270695411019709E-01
  1.753144308063329E-01  2.961554502163502E-01  4.171462939043338E-01
  7.116057396998225E-02  2.172421160476376E-01  3.632889449655086E-01
  3.397701488411649E-01  4.255478239458405E-01  5.115386179072390E-01
  1.669240823595759E-01  2.832693824706780E-01  3.997039705935875E-01
  6.284040719836928E-02  2.031804441656973E-01  3.434446068975140E-01
  3.247491993200528E-01  4.062282432999710E-01  4.878176905241056E-01
  1.532583395644863E-01  2.631624879927525E-01  3.730763998276230E-01
  4.911720498623338E-02  1.812330128273755E-01  3.132227392591251E-01
  3.032872121777638E-01  3.794092927559519E-01  4.555234837375113E-01
  1.332797589354716E-01  2.351424623638330E-01  3.369280615221021E-01
  2.887072428661514E-02  1.507263724862365E-01  2.724078930348558E-01
  2.744140317082965E-01  3.444051805770669E-01  4.142678232614588E-01
  1.059116691760462E-01  1.985622030349454E-01  2.910540043780432E-01
  1.044844590131373E-03  1.111624524523823E-01  2.210708888973222E-01
  2.370577789138874E-01  3.004582159121782E-01  3.636209257145436E-01
  7.012799045887182E-02  1.528816547266544E-01  2.354115411785097E-01
 -3.519362123841133E-02  6.234012535544273E-02  1.596502329050621E-01
  1.899961298777259E-01  2.466689665040626E-01  3.030184921138823E-01
  2.500915730316621E-02  9.768805422778795E-02  1.701016843068876E-01
 -8.032689350525199E-02  4.433997226762934E-03  8.897780348259969E-02
  1.318686260222985E-01  1.819816700953749E-01  2.317161057991890E-01
 -3.015963897148690E-02  3.274130395887880E-02  9.535695481035651E-02
 -1.343558446867130E-01 -6.194831666881171E-02  1.025851713393527E-02
  6.118756976506182E-02  1.051514226605133E-01  1.487091814142230E-01
 -9.593125992465894E-02 -4.214170381744167E-02  1.135157781217213E-02
 -1.969472504585216E-01 -1.360052135820224E-01 -7.525892667381241E-02
 -2.398070815942686E-02  1.440938341633045E-02  5.238652155927620E-02
 -1.732842634835533E-01 -1.276993838576454E-01 -8.242615905074499E-02
 -2.682826488070188E-01 -2.176150298434806E-01 -1.671673641146929E-01
 -1.266059749321788E-01 -9.304109780151069E-02 -5.987979638481672E-02
 -2.646395095321192E-01 -2.261308820760657E-01 -1.879559827810557E-01
 -3.504032018507622E-01 -3.085502061810556E-01 -2.669693891099378E-01
 -2.509971035234968E-01 -2.212048916105246E-01 -1.917957771721260E-01
 -3.744751850403918E-01 -3.415417738609219E-01 -3.089663033098129E-01
 -4.480417450611952E-01 -4.131130219225787E-01 -3.785224117256442E-01
 -4.028758543887044E-01 -3.754166759426938E-01 -3.483242161647873E-01
 -5.093681444361822E-01 -4.800465969441836E-01 -4.511152675470832E-01
 -5.686163658595088E-01 -5.382069635084326E-01 -5.082117025320628E-01
 -5.909018639793145E-01 -5.641727749215518E-01 -5.378145899193914E-01
 -6.799711092844921E-01 -6.521800360920025E-01 -6.248286465913681E-01
 -7.244295552970027E-01 -6.960631623409202E-01 -6.681986283276510E-01
 -8.282191617376891E-01 -8.010684375645464E-01 -7.742983321558031E-01
 -9.033487245790852E-01 -8.757158153264181E-01 -8.485585791100153E-01
 -9.354154663772422E-01 -9.075306296403409E-01 -8.802043480486500E-01
 -1.119627297024985E+00 -1.092342141193672E+00 -1.065381867607287E+00
 -1.185883550284846E+00 -1.158855242619494E+00 -1.132233696839233E+00
 -1.209080658310699E+00 -1.182205595874899E+00 -1.155810872284768E+00
 -1.420771419376994E+00 -1.396371505266565E+00 -1.372085080718909E+00
 -1.470668967544551E+00 -1.447675566036025E+00 -1.424835195947574E+00
 -1.480351034739829E+00 -1.458107449655354E+00 -1.436064286832334E+00
 -1.608296494721618E+00 -1.592919892127930E+00 -1.577301476153955E+00
 -1.610470544055233E+00 -1.597716075659274E+00 -1.584752126814863E+00
 -1.588360918057766E+00 -1.576798401428715E+00 -1.565077968582900E+00
 -1.548002552842019E+00 -1.547780770491570E+00 -1.547025370206909E+00
 -1.478180881273939E+00 -1.480614004270526E+00 -1.482620649776805E+00
 -1.416360251825667E+00 -1.419498180497182E+00 -1.422313417011512E+00
 -1.240648618523543E+00 -1.255670988596715E+00 -1.270177154291821E+00
 -1.141553189056972E+00 -1.157093612208751E+00 -1.172300090778358E+00
 -1.079049865752233E+00 -1.093636126175442E+00 -1.108018222181784E+00
 -8.317290176186584E-01 -8.548358244531497E-01 -8.776901317706884E-01
 -7.904774037696128E-01 -8.115134592489458E-01 -8.324101604590086E-01
 -7.852353627082630E-01 -8.039968359729863E-01 -8.226658179491670E-01
 -4.363301750025070E-01 -4.597256907632837E-01 -4.830863373749360E-01
 -4.743184055976635E-01 -4.954348282734186E-01 -5.164720614679720E-01
 -5.272268554369104E-01 -5.466419101056164E-01 -5.659060749694937E-01
 -1.041301246220114E-01 -1.229642326353590E-01 -1.418717563758529E-01
 -1.695033411642963E-01 -1.875084203467117E-01 -2.054829194513967E-01
 -2.335007566489535E-01 -2.512015984025204E-01 -2.687748381385411E-01
  7.994777752371572E-02  6.849205954926348E-02  5.691135625220987E-02
  2.512434654402730E-02  1.350099463129006E-02  1.819226790373179E-03
 -2.238436676820722E-02 -3.439771393370056E-02 -4.641553675957603E-02
  7.221660680800729E-02  6.753037801723895E-02  6.275506441622074E-02
  3.278011025021678E-02  2.760789173334619E-02  2.236586758257455E-02
  1.975488168265968E-03 -3.675065440849089E-03 -9.381911877612240E-03
 -3.058783328428274E-02 -3.203155169525982E-02 -3.348326477391055E-02
 -5.682677184891623E-02 -5.870095460569690E-02 -6.058874502921453E-02
 -7.519247555565262E-02 -7.739260585759759E-02 -7.961087666152113E-02
 -1.014136875063160E-01 -1.023793203020416E-01 -1.033092207595814E-01
 -1.177926062429946E-01 -1.189755954462480E-01 -1.201300080384244E-01
 -1.279456394640230E-01 -1.292528625348681E-01 -1.305360094040238E-01
 -1.096558709812844E-01 -1.106521071715729E-01 -1.116174133762031E-01
 -1.212322960800642E-01 -1.223047342525267E-01 -1.233460744362221E-01
 -1.280575828416172E-01 -1.291539474029111E-01 -1.302183507162382E-01
 -9.347611053642764E-02 -9.413843304862428E-02 -9.478764843471323E-02
 -1.029855990909609E-01 -1.037045514231596E-01 -1.044065465899345E-01
 -1.086330997564648E-01 -1.093788838400780E-01 -1.101048856189430E-01
 -8.045547450100364E-02 -8.076422190512146E-02 -8.106994580884085E-02
 -8.795348688314729E-02 -8.832650089086168E-02 -8.869359983442236E-02
 -9.224480727450370E-02 -9.265769065548703E-02 -9.306301316362896E-02
 -7.183941221917624E-02 -7.204184673885701E-02 -7.224554160996197E-02
 -7.740464011292734E-02 -7.765618377642089E-02 -7.790758038917865E-02
 -8.042855968962562E-02 -8.070922937614301E-02 -8.098915090335511E-02
 -6.425817943605720E-02 -6.450374641922021E-02 -6.475318118120704E-02
 -6.850070058894209E-02 -6.877577294558514E-02 -6.905369819312031E-02
 -7.076614783748141E-02 -7.105734851380560E-02 -7.135092028090277E-02
 -5.802924627698478E-02 -5.833836793129533E-02 -5.865235641663382E-02
 -6.137381441877610E-02 -6.170137107419976E-02 -6.203281196056033E-02
 -6.315471666432990E-02 -6.349249004955006E-02 -6.383362264565347E-02
 -5.382346274573058E-02 -5.418182194045373E-02 -5.454443208224320E-02
 -5.646224572846108E-02 -5.683215040169622E-02 -5.720549241833812E-02
 -5.785372789019635E-02 -5.823025468645896E-02 -5.860979142022461E-02
 -5.128209387544557E-02 -5.167567401649311E-02 -5.207222669438644E-02
 -5.336981135389325E-02 -5.376920489088984E-02 -5.417099545480272E-02
 -5.445957183783083E-02 -5.486233029948272E-02 -5.526719268644053E-02
 -4.985107466643934E-02 -5.026683338160989E-02 -5.068436973519434E-02
 -5.152834387120973E-02 -5.194576230512495E-02 -5.236458940749724E-02
 -5.239874981765028E-02 -5.281723228777493E-02 -5.323693801839494E-02
 -4.917054216538593E-02 -4.959810819138150E-02 -5.002658641447635E-02
 -5.053769726644149E-02 -5.096435626713876E-02 -5.139171406371459E-02
 -5.124540751705168E-02 -5.167177546464473E-02 -5.209873662509457E-02
 -4.901493746157650E-02 -4.944858422152967E-02 -4.988262701870820E-02
 -5.013308324824860E-02 -5.056424823137184E-02 -5.099570163665566E-02
 -5.071180332719868E-02 -5.114185233210959E-02 -5.157213823100019E-02
 -4.924785442171657E-02 -4.968602505993706E-02 -5.012436167352014E-02
 -5.015287297881742E-02 -5.058755514721563E-02 -5.102235971121599E-02
 -5.062173193909734E-02 -5.105475966101705E-02 -5.148789023852669E-02
 -4.980637791220340E-02 -5.025024474097522E-02 -5.069422123653347E-02
 -5.052321328691885E-02 -5.096298201953849E-02 -5.140285360955563E-02
 -5.089486642356188E-02 -5.133264460175878E-02 -5.177052381185029E-02
 -5.067186250112135E-02 -5.112382391121235E-02 -5.157588184103674E-02
 -5.122392381385810E-02 -5.167150759433301E-02 -5.211920464561988E-02
 -5.151020313566636E-02 -5.195563068021544E-02 -5.240118062053284E-02
 -5.184002946302802E-02 -5.230232575167942E-02 -5.276462775396152E-02
 -5.225201448223143E-02 -5.270994663252159E-02 -5.316792110457656E-02
 -5.246570083472409E-02 -5.292146215578901E-02 -5.337728406990654E-02
 -5.330163943515673E-02 -5.377522195759350E-02 -5.424854411404036E-02
 -5.359820628342946E-02 -5.406771053501738E-02 -5.453701221740458E-02
 -5.375222204280726E-02 -5.421967984082884E-02 -5.468696330802252E-02
 -5.503277693469424E-02 -5.551648111886994E-02 -5.599941064521675E-02
 -5.523669869144565E-02 -5.571687773231592E-02 -5.619636416562623E-02
 -5.534294015203947E-02 -5.582133243908383E-02 -5.629907208001743E-02
 -5.699048599454980E-02 -5.748046815734803E-02 -5.796886165012614E-02
 -5.712214233593999E-02 -5.760941990436639E-02 -5.809521745479915E-02
 -5.719111594391969E-02 -5.767700237762170E-02 -5.816146191180355E-02
 -5.911065733497270E-02 -5.960006362727418E-02 -6.008673648375845E-02
 -5.918865423305027E-02 -5.967642933485499E-02 -6.016160589164962E-02
 -5.922982449553538E-02 -5.971673426566647E-02 -6.020111185140115E-02
 -6.130743196291469E-02 -6.178633014847942E-02 -6.226101456918553E-02
 -6.134934659941042E-02 -6.182789159696536E-02 -6.230237920317995E-02
 -6.137160256380140E-02 -6.184991557817017E-02 -6.232424866917024E-02
 -6.347499682003045E-02 -6.393065585708667E-02 -6.438031946700036E-02
 -6.349754554053844E-02 -6.395424279056479E-02 -6.440511212672244E-02
 -6.350935620600143E-02 -6.396651753300006E-02 -6.441793453605453E-02
 -6.549285747243319E-02 -6.591047415618499E-02 -6.632010147825958E-02
 -6.551137789450087E-02 -6.593140579886232E-02 -6.634360681819712E-02
 -6.552055884010673E-02 -6.594174361305029E-02 -6.635518321526374E-02
 -6.723501370163147E-02 -6.759894563041566E-02 -6.795283665102653E-02
 -6.726251548863350E-02 -6.763005380863221E-02 -6.798768793972398E-02
 -6.727574745570750E-02 -6.764505156099683E-02 -6.800452091242616E-02
 -6.858254845608720E-02 -6.887801202472782E-02 -6.916154159930060E-02
 -6.862867072391003E-02 -6.892859405901727E-02 -6.921667233546849E-02
 -6.865095847979433E-02 -6.895308897165159E-02 -6.924342034494617E-02
 -6.943816481904039E-02 -6.965320472947466E-02 -6.985482630557291E-02
 -6.950834239514049E-02 -6.972821762375085E-02 -6.993469738441524E-02
 -6.954257596701792E-02 -6.976486168531212E-02 -6.997376488297438E-02
 -6.974021206557081E-02 -6.986758200081436E-02 -6.998069105195681E-02
 -6.983530477542800E-02 -6.996733666049684E-02 -7.008505580547786E-02
 -6.988205416154065E-02 -7.001642326024136E-02 -7.013645479137268E-02
 -6.947297603179606E-02 -6.951145516475800E-02 -6.953562233365430E-02
 -6.958955085999993E-02 -6.963199511599735E-02 -6.966000680351647E-02
 -6.964719123944102E-02 -6.969163253977004E-02 -6.972158119962102E-02
 -6.866994627948725E-02 -6.862462992735598E-02 -6.856574826291230E-02
 -6.880128384555484E-02 -6.875884798312153E-02 -6.870268010507330E-02
 -6.886648930977303E-02 -6.882550899244759E-02 -6.877071233556496E-02
 -6.740784365215677E-02 -6.728913981711139E-02 -6.715825056484032E-02
 -6.754556610210204E-02 -6.742850162883182E-02 -6.729907578338569E-02
 -6.761412265949759E-02 -6.749788576089320E-02 -6.736919724806011E-02
 -6.579144687031420E-02 -6.561287078970973E-02 -6.542381447045945E-02
 -6.592747752936141E-02 -6.574942516534356E-02 -6.556075114550278E-02
 -6.599527188872496E-02 -6.581747474187137E-02 -6.562898189427385E-02
 -6.393217697091136E-02 -6.370746458567186E-02 -6.347393724805400E-02
 -6.406060752104467E-02 -6.383569478584418E-02 -6.360190051626374E-02
 -6.412457925597845E-02 -6.389954096918883E-02 -6.366558396370475E-02
 -6.192595890333753E-02 -6.166634795137003E-02 -6.139924827388787E-02
 -6.204437692049072E-02 -6.178441462454619E-02 -6.151699827931274E-02
 -6.210320772313128E-02 -6.184302558212438E-02 -6.157540297994508E-02
 -5.983688448926233E-02 -5.954946045585788E-02 -5.925541555470713E-02
 -5.994683422689592E-02 -5.965953081775090E-02 -5.936574842906744E-02
 -6.000120529137615E-02 -5.971390346259522E-02 -5.942019070382172E-02
 -5.769182421445251E-02 -5.737950567605771E-02 -5.706108681998139E-02
 -5.779831776258976E-02 -5.748712625093204E-02 -5.717006874651918E-02
 -5.785068693842919E-02 -5.753999319185173E-02 -5.722354911975111E-02
 -5.548747135772943E-02 -5.515059158077056E-02 -5.480807903680673E-02
 -5.559775783253359E-02 -5.526335575771583E-02 -5.492361819676931E-02
 -5.565175448862222E-02 -5.531852752016004E-02 -5.498011386584334E-02
 -5.320660362145440E-02 -5.284538270911159E-02 -5.247928588845228E-02
 -5.332862560929582E-02 -5.297135068575813E-02 -5.260952535517341E-02
 -5.338827563051193E-02 -5.303292044268384E-02 -5.267317936356006E-02
 -5.083666010142525E-02 -5.045347387241567E-02 -5.006668191881657E-02
 -5.097767964738986E-02 -5.059982769777385E-02 -5.021869232980328E-02
 -5.104670433563602E-02 -5.067148318269224E-02 -5.029314286001212E-02
 -4.838292393480444E-02 -4.798337439959962E-02 -4.758199052508252E-02
 -4.854865873589122E-02 -4.815562223541074E-02 -4.776104664981578E-02
 -4.863002414813699E-02 -4.824022851599268E-02 -4.784904547929366E-02
 -4.587124916787851E-02 -4.546359216897011E-02 -4.505611426146986E-02
 -4.606559389944131E-02 -4.566535810175917E-02 -4.526555243922493E-02
 -4.616135485019634E-02 -4.576483609992037E-02 -4.536887765440323E-02
 -4.334013591965407E-02 -4.293334645685380E-02 -4.252858447332778E-02
 -4.356528794723450E-02 -4.316653504002339E-02 -4.277000217864355E-02
 -4.367664050043493E-02 -4.328193414928760E-02 -4.288954905284874E-02
 -4.082656860355204E-02 -4.042786534736996E-02 -4.003247345262606E-02
 -4.108325464758100E-02 -4.069289014403839E-02 -4.030595646116170E-02
 -4.121064550957978E-02 -4.082449915848507E-02 -4.044184826397948E-02
 -3.835212179499240E-02 -3.796490180148403E-02 -3.758145651880761E-02
 -3.863967497729118E-02 -3.826074300371207E-02 -3.788561699464467E-02
 -3.878283938997613E-02 -3.840811844541576E-02 -3.803722365039890E-02
 -3.591469110445104E-02 -3.553755594151441E-02 -3.516378761511156E-02
 -3.623090081651187E-02 -3.586159567144038E-02 -3.549558815585476E-02
 -3.638878626585810E-02 -3.602347795775507E-02 -3.566143650495416E-02
 -3.348794773749617E-02 -3.311502946339632E-02 -3.274433447531796E-02
 -3.382878756785909E-02 -3.346279056237556E-02 -3.309884259172208E-02
 -3.399941371981084E-02 -3.363696905143642E-02 -3.327648899937100E-02
 -3.102729546286606E-02 -3.064964754092846E-02 -3.027259761832113E-02
 -3.138673135775626E-02 -3.101464276137544E-02 -3.064287964507455E-02
 -3.156708791608834E-02 -3.119787413536898E-02 -3.082885084079165E-02
 -2.847932680574241E-02 -2.808688063804651E-02 -2.769322376934074E-02
 -2.884938662364152E-02 -2.846074222541051E-02 -2.807053516676433E-02
 -2.903546246327270E-02 -2.864881018368292E-02 -2.826041893702163E-02
 -2.579184283974700E-02 -2.537538200101106E-02 -2.495600701081182E-02
 -2.616302354494569E-02 -2.574832856990198E-02 -2.533031636482815E-02
 -2.635000844188115E-02 -2.593627639931592E-02 -2.551902374078948E-02
 -2.292260432201757E-02 -2.247533164660845E-02 -2.202379337553824E-02
 -2.328457007694563E-02 -2.283690784738971E-02 -2.238455894867869E-02
 -2.346720759262076E-02 -2.301941324505609E-02 -2.256671861779104E-02
 -1.984602898579491E-02 -1.936451235654345E-02 -1.887791361182464E-02
 -2.018846813423195E-02 -1.970445972891743E-02 -1.921496290170388E-02
 -2.036149350089855E-02 -1.987628057264579E-02 -1.938537221914960E-02
 -1.655747541085358E-02 -1.604196359520576E-02 -1.552118748996809E-02
 -1.687095878956735E-02 -1.635106504619326E-02 -1.582554359327608E-02
 -1.702954104688464E-02 -1.650747510965753E-02 -1.597959564183193E-02
 -1.307473632103395E-02 -1.252896528708408E-02 -1.197838432166796E-02
 -1.335144326090431E-02 -1.279973649289254E-02 -1.224292000485242E-02
 -1.349156196594460E-02 -1.293688481694389E-02 -1.237694416551768E-02
 -9.436435421612785E-03 -8.867077692097122E-03 -8.293908506312573E-03
 -9.670661942685564E-03 -9.094229606907292E-03 -8.513761873680812E-03
 -9.789372985471487E-03 -9.209382977894937E-03 -8.625242315029973E-03
 -5.697501530669708E-03 -5.113382275817630E-03 -4.526831972855953E-03
 -5.885915064979281E-03 -5.294028037316961E-03 -4.699565675722358E-03
 -5.981485885906934E-03 -5.385681521885127E-03 -4.787227225480294E-03
 -1.922624067831566E-03 -1.333798264273689E-03 -7.441128571879991E-04
 -2.064269284464568E-03 -1.467415642378216E-03 -8.696342076437556E-04
 -2.136185023738245E-03 -1.535276193119259E-03 -9.334039285507291E-04
  1.820873899947658E-03  2.404083875229047E-03  2.986568418707152E-03
  1.724784350496562E-03  2.315896533638114E-03  2.906284629945436E-03
  1.675926606910123E-03  2.271034001013039E-03  2.865418674557131E-03
  5.469316068897682E-03  6.037199767752912E-03  6.602895060475997E-03
  5.415771509246621E-03  5.991117365466536E-03  6.564222207166029E-03
  5.388452225228755E-03  5.967571974564471E-03  6.544424396720729E-03
  8.967206636226967E-03  9.511342910853000E-03  1.005203572596226E-02
  8.951861813166371E-03  9.502788972940365E-03  1.005018047853123E-02
  8.943877299708367E-03  9.498238466806830E-03  1.004901737240616E-02
  1.226985133944829E-02  1.278352152262553E-02  1.329274587111191E-02
  1.228751280258311E-02  1.280715493378785E-02  1.332223335091464E-02
  1.229622563374940E-02  1.281888634555179E-02  1.333692360024843E-02
  1.534447493962073E-02  1.582283637157626E-02  1.629602156012436E-02
  1.538954813736120E-02  1.587298937990183E-02  1.635112284813066E-02
  1.541211735740157E-02  1.589812456335756E-02  1.637875731453104E-02
  1.817045794761020E-02  1.861056432866179E-02  1.904504240842218E-02
  1.823731268371212E-02  1.868159322158016E-02  1.912010978165138E-02
  1.827088174090672E-02  1.871726912496898E-02  1.915782380016465E-02
  2.073917211280769E-02  2.113992280013682E-02  2.153486826571666E-02
  2.082241090322426E-02  2.122646035999916E-02  2.162457183466258E-02
  2.086424512157883E-02  2.126995821641189E-02  2.166966615720491E-02
  2.305353428419639E-02  2.341557018647994E-02  2.377187959538420E-02
  2.314817419077913E-02  2.351269443955054E-02  2.387136356332899E-02
  2.319575305357242E-02  2.356152519331136E-02  2.392138323098545E-02
  2.512701501290999E-02  2.545250374392524E-02  2.577255259854160E-02
  2.522861027447010E-02  2.555585226243233E-02  2.587754195567416E-02
  2.527968854865670E-02  2.560781329073595E-02  2.593032899281401E-02
  2.698162598683039E-02  2.727385078272175E-02  2.756104539902102E-02
  2.708636090946016E-02  2.737970935384438E-02  2.766793082145607E-02
  2.713901395626255E-02  2.743292753774964E-02  2.772166531139682E-02
  2.864451376154293E-02  2.890722699250256E-02  2.916532458548924E-02
  2.874928327242352E-02  2.901260734682117E-02  2.927123727575031E-02
  2.880194592038223E-02  2.906557651154240E-02  2.932447335373697E-02
  3.014323134104581E-02  3.037983740980825E-02  3.061211694067631E-02
  3.024570665340621E-02  3.048253810306393E-02  3.071498416495147E-02
  3.029720490511236E-02  3.053414839149655E-02  3.076667678819187E-02
  3.150039923394162E-02  3.171314390407411E-02  3.192162024008832E-02
  3.159905793870809E-02  3.181177136427766E-02  3.202017655102572E-02
  3.164862345610241E-02  3.186131928877154E-02  3.206968672887212E-02
  3.272902133696060E-02  3.291842943018725E-02  3.310335764828725E-02
  3.282311394700319E-02  3.301235118318072E-02  3.319708423412697E-02
  3.287036731404850E-02  3.305951629892742E-02  3.324414882738858E-02
  3.382989358664337E-02  3.399467727761322E-02  3.415455833819443E-02
  3.391932650734351E-02  3.408388988223264E-02  3.424353601159599E-02
  3.396421900141944E-02  3.412866905860535E-02  3.428819453807307E-02
  3.479217884050825E-02  3.492972920283245E-02  3.506190319455472E-02
  3.487731479763521E-02  3.501464626690790E-02  3.514658896009314E-02
  3.492002882175498E-02  3.505724787053378E-02  3.518907200033921E-02
  3.559738698997020E-02  3.570478930847817E-02  3.580652130385129E-02
  3.567879041251207E-02  3.578598165238903E-02  3.588748504865589E-02
  3.571961202154787E-02  3.582669537726282E-02  3.592808224822381E-02
  3.622595622593273E-02  3.630128530259933E-02  3.637106628668338E-02
  3.630413289969976E-02  3.637922562168407E-02  3.644874255130234E-02
  3.634332093178706E-02  3.641829403071013E-02  3.648767762485125E-02
  3.666472396673470E-02  3.670823837074275E-02  3.674690056395614E-02
  3.673991289016185E-02  3.678310845604364E-02  3.682141290766040E-02
  3.677759373975208E-02  3.682062937398048E-02  3.685875455153580E-02
  3.691310858586967E-02  3.692792554051889E-02  3.693915939687743E-02
  3.698517519442940E-02  3.699953191528539E-02  3.701025918345287E-02
  3.702128806668489E-02  3.703541488740050E-02  3.704588912140079E-02
  3.698597913648836E-02  3.697790790123835E-02  3.696789563018101E-02
  3.705443419875803E-02  3.704572396920301E-02  3.703502660489556E-02
  3.708873934639837E-02  3.707971019163298E-02  3.706867081358150E-02
  3.691199963668064E-02  3.688844267632578E-02  3.686458341342207E-02
  3.697613335997463E-02  3.695175938507027E-02  3.692704646793291E-02
  3.700827839679508E-02  3.698349641789656E-02  3.695835706879250E-02
  3.672756634830944E-02  3.669572504877721E-02  3.666476900515165E-02
  3.678665208536794E-02  3.675385788761434E-02  3.672192889421527E-02
  3.681627376747228E-02  3.678300321976273E-02  3.675058771348018E-02
  3.646802073426385E-02  3.643298263925693E-02  3.639922117776821E-02
  3.652151780025887E-02  3.648546130300882E-02  3.645067940684125E-02
  3.654834403016555E-02  3.651177789041557E-02  3.647648522378173E-02
  3.615918750344466E-02  3.612270770611874E-02  3.608705995683385E-02
  3.620686714952990E-02  3.616937449588530E-02  3.613272329371568E-02
  3.623078102551203E-02  3.619278106851952E-02  3.615562722795658E-02
  3.581295245339816E-02  3.577374968957654E-02  3.573452495400929E-02
  3.585488984353325E-02  3.581471713633075E-02  3.577452890061561E-02
  3.587592683007731E-02  3.583526815011498E-02  3.579459722655129E-02
  3.543011494241161E-02  3.538619921372282E-02  3.534193134989837E-02
  3.546653109465295E-02  3.542166263682132E-02  3.537642660187525E-02
  3.548480090402440E-02  3.543945534488898E-02  3.539373463870156E-02
  3.501193255554706E-02  3.496487205895413E-02  3.491895198203627E-02
  3.504292372945200E-02  3.499482702665852E-02  3.494781587199351E-02
  3.505847534704445E-02  3.500986038247361E-02  3.496230371879962E-02
  3.457886478302486E-02  3.453911505115503E-02  3.450515068902778E-02
  3.460410626296623E-02  3.456307550395042E-02  3.452772666646899E-02
  3.461677947303200E-02  3.457510871234248E-02  3.453906829969269E-02
  3.419176327016642E-02  3.418345983738824E-02  3.418962696030933E-02
  3.421030171045391E-02  3.420029235735186E-02  3.420460675392713E-02
  3.421962232236121E-02  3.420876098300037E-02  3.421215002417635E-02
  3.396823226507838E-02  3.403146344827228E-02  3.412184207229935E-02
  3.397847320195822E-02  3.403943673878022E-02  3.412738007644524E-02
  3.398364558753694E-02  3.404347623784766E-02  3.413020272582513E-02
  3.408612293626397E-02  3.427484497045652E-02  3.450602308292487E-02
  3.408607771341352E-02  3.427194454891008E-02  3.450011775074795E-02
  3.408610715067512E-02  3.427054658504494E-02  3.449721718062446E-02
  3.476764360421204E-02  3.514209782090854E-02  3.557414190566516E-02
  3.475543690844558E-02  3.512659109656188E-02  3.555525366534579E-02
  3.474938261264421E-02  3.511888546694421E-02  3.554585540541799E-02
  3.624112484716512E-02  3.685471399574917E-02  3.753677225418781E-02
  3.621570199931833E-02  3.682589206930010E-02  3.750459269559932E-02
  3.620303051287776E-02  3.681151746157344E-02  3.748853495891074E-02
  3.868227032271786E-02  3.956413076417308E-02  4.051623819958493E-02
  3.864419896048473E-02  3.952311377656390E-02  4.047249047853052E-02
  3.862518516935124E-02  3.950262070505544E-02  4.045062470881095E-02
  4.214192733472860E-02  4.327775565468332E-02  4.447174162568660E-02
  4.209416132158145E-02  4.322822383921908E-02  4.442086824381609E-02
  4.207027097455569E-02  4.320344083440030E-02  4.439540378102630E-02
  4.647265586246895E-02  4.778769123415883E-02  4.913143959337399E-02
  4.642110403418007E-02  4.773637571789553E-02  4.908100179267863E-02
  4.639527922587571E-02  4.771065601762232E-02  4.905570707309082E-02
  5.127160140336488E-02  5.262095840289169E-02  5.395150625907342E-02
  5.122530424049562E-02  5.257768246067159E-02  5.391207329773477E-02
  5.120205379497605E-02  5.255592698896861E-02  5.389222317698950E-02
  5.586167104424023E-02  5.703402197965365E-02  5.812552885161911E-02
  5.583234531845204E-02  5.701104594689224E-02  5.810980768438295E-02
  5.581752048562388E-02  5.699937950303476E-02  5.810175235857264E-02
  5.933419966200122E-02  6.007411788106280E-02  6.066546772955663E-02
  5.933491882236957E-02  6.008457393715085E-02  6.068648761875031E-02
  5.933505804531635E-02  6.008956735728665E-02  6.069674980882721E-02
  6.066963046897015E-02  6.072046647854749E-02  6.056298158384144E-02
  6.071254874234177E-02  6.077585446622913E-02  6.063138073347417E-02
  6.073374432844850E-02  6.080327687801967E-02  6.066530290835080E-02
  5.893396299463639E-02  5.809638487514125E-02  5.701466390357935E-02
  5.902731503160583E-02  5.820346857114815E-02  5.713553258976052E-02
  5.907371538422247E-02  5.825673697567646E-02  5.719569883710904E-02
  5.351836232681615E-02  5.171106353474806E-02  4.966135565754160E-02
  5.366342076914385E-02  5.186896454068358E-02  4.983153989194525E-02
  5.373570676243371E-02  5.194768681693417E-02  4.991642219466921E-02
  4.435688029941251E-02  4.165934326126362E-02  3.876455634723947E-02
  4.454592596189774E-02  4.185793868129734E-02  3.897155201388753E-02
  4.464028740730321E-02  4.195710226789030E-02  3.907494574958298E-02
  3.204067765932450E-02  2.869833588083877E-02  2.524164197096778E-02
  3.225704286357471E-02  2.891894088580329E-02  2.546494289623516E-02
  3.236518673813559E-02  2.902923994234542E-02  2.557662640285132E-02
  1.776428884750873E-02  1.414684436095740E-02  1.051864515424923E-02
  1.798498604507181E-02  1.436547345743007E-02  1.073359436600957E-02
  1.809543712451892E-02  1.447492663597299E-02  1.084124293219479E-02
  3.093940800055888E-03 -3.846639386416486E-04 -3.773161969140276E-03
  3.294401986394351E-03 -1.922030075303470E-04 -3.590027705939993E-03
  3.394864663808179E-03 -9.571126748595823E-05 -3.498172740738974E-03
 -1.038020733079554E-02 -1.335491716224066E-02 -1.616332702490532E-02
 -1.022072275261267E-02 -1.320771746497471E-02 -1.602919386109876E-02
 -1.014065839576536E-02 -1.313377910516951E-02 -1.596177592964816E-02
 -2.139357822682285E-02 -2.362294931215420E-02 -2.564768950460241E-02
 -2.128773835538417E-02 -2.353128905417187E-02 -2.557036049207907E-02
 -2.123446214489379E-02 -2.348510080983334E-02 -2.553133951817808E-02
 -2.924218435331814E-02 -3.064153690620551E-02 -3.183698595745028E-02
 -2.919286727272652E-02 -3.060588871282963E-02 -3.181462184084748E-02
 -2.916787361520120E-02 -3.058773999480371E-02 -3.180312814204884E-02
 -3.383830287671526E-02 -3.446645586924389E-02 -3.492143289326581E-02
 -3.383968661223037E-02 -3.447919878666783E-02 -3.494482269267537E-02
 -3.384010513707906E-02 -3.448531476915771E-02 -3.495628107927859E-02
 -3.559780883560439E-02 -3.561058559314326E-02 -3.549672419077333E-02
 -3.563845004079681E-02 -3.565938974317429E-02 -3.555288455587264E-02
 -3.565857790987868E-02 -3.568361879445680E-02 -3.558081126795392E-02
 -3.522947311067399E-02 -3.482208687007402E-02 -3.433667589717106E-02
 -3.529599692409664E-02 -3.489355964769403E-02 -3.441237892561089E-02
 -3.532914499413139E-02 -3.492919945655449E-02 -3.445015016731345E-02
 -3.351385156476495E-02 -3.287199096012001E-02 -3.219323578694126E-02
 -3.359401225030091E-02 -3.295445953885730E-02 -3.227747906019823E-02
 -3.363404225196644E-02 -3.299565606879708E-02 -3.231957430549591E-02
 -3.113736166423501E-02 -3.040760338399863E-02 -2.967031657569346E-02
 -3.122181531437375E-02 -3.049254162354838E-02 -2.975540870975591E-02
 -3.126403468277401E-02 -3.053501094229309E-02 -2.979796156228367E-02
 -2.860761930230157E-02 -2.788797007893883E-02 -2.717847329320981E-02
 -2.869038065477360E-02 -2.797017270351018E-02 -2.725995231300816E-02
 -2.873177782556039E-02 -2.801129429586297E-02 -2.730071517777460E-02
 -2.624166400097553E-02 -2.558671822194006E-02 -2.495054121343568E-02
 -2.631962681186634E-02 -2.566366033268001E-02 -2.502640466644971E-02
 -2.635863524175111E-02 -2.570215990297681E-02 -2.506436608159300E-02
 -2.420061368102453E-02 -2.363387216165502E-02 -2.308884353810654E-02
 -2.427263558920033E-02 -2.370475106318134E-02 -2.315857183886846E-02
 -2.430867706238887E-02 -2.374022170318410E-02 -2.319346784460309E-02
 -2.254211280673659E-02 -2.206918172823673E-02 -2.161818273888024E-02
 -2.260808156311755E-02 -2.213402047559399E-02 -2.168189359757008E-02
 -2.264109816253205E-02 -2.216647294984808E-02 -2.171378318480451E-02
 -2.126931806072933E-02 -2.088819707367667E-02 -2.052843859643145E-02
 -2.132944563774325E-02 -2.094721231094376E-02 -2.058633228120077E-02
 -2.135954474956465E-02 -2.097675683062984E-02 -2.061531783260568E-02
 -2.036539218297967E-02 -2.007249856967074E-02 -1.980048161214844E-02
 -2.041981856668616E-02 -2.012578004926984E-02 -1.985259341223004E-02
 -2.044707269204368E-02 -2.015246401770233E-02 -1.987869501842871E-02
 -1.981117299023800E-02 -1.960346099813869E-02 -1.941628025079287E-02
 -1.985984751670709E-02 -1.965091080295251E-02 -1.946247179751747E-02
 -1.988423332754596E-02 -1.967468696372925E-02 -1.948562161473074E-02
 -1.958913191164361E-02 -1.946353863347296E-02 -1.935787304506190E-02
 -1.963188368543560E-02 -1.950497449021738E-02 -1.939796225103904E-02
 -1.965331628354110E-02 -1.952575180044216E-02 -1.941806885347830E-02
 -1.967904907367228E-02 -1.963071234656568E-02 -1.960093462380262E-02
 -1.971574585086146E-02 -1.966603556949658E-02 -1.963486738484991E-02
 -1.973415790750072E-02 -1.968376301858133E-02 -1.965190160500738E-02
 -2.005092234671544E-02 -2.007142447579556E-02 -2.010800054963799E-02
 -2.008163134981434E-02 -2.010077152253480E-02 -2.013598940023990E-02
 -2.009705373880843E-02 -2.011551424876075E-02 -2.015005409859775E-02
 -2.065945918682493E-02 -2.073595518899139E-02 -2.082487879520627E-02
 -2.068454983386325E-02 -2.075978017792448E-02 -2.084746350566052E-02
 -2.069716357746589E-02 -2.077176137622113E-02 -2.085882457418904E-02
 -2.144276923962442E-02 -2.155838944287717E-02 -2.168192164092284E-02
 -2.146292853992059E-02 -2.157745618112231E-02 -2.169993808917872E-02
 -2.147307324866645E-02 -2.158705387692282E-02 -2.170900965249578E-02
 -2.232602124480610E-02 -2.246148217860556E-02 -2.260002301003649E-02
 -2.234218266849237E-02 -2.247677361100989E-02 -2.261449502147716E-02
 -2.235032168339204E-02 -2.248447606311738E-02 -2.262178599519650E-02
 -2.322916561710403E-02 -2.336515595852542E-02 -2.349974114132408E-02
 -2.324237710762311E-02 -2.337773187643345E-02 -2.351173064443792E-02
 -2.324903201720665E-02 -2.338406687891253E-02 -2.351777019078001E-02
 -2.407663811549885E-02 -2.419633813264129E-02 -2.431109408115004E-02
 -2.408790992630779E-02 -2.420718391358861E-02 -2.432155354550340E-02
 -2.409358470639990E-02 -2.421264331085601E-02 -2.432681736097576E-02
 -2.480648036947886E-02 -2.489756686974353E-02 -2.498150404590026E-02
 -2.481665525072507E-02 -2.490747432625602E-02 -2.499116996680945E-02
 -2.482177128827255E-02 -2.491245430232334E-02 -2.499602682874771E-02
 -2.537661961605896E-02 -2.543229328415018E-02 -2.548004409040068E-02
 -2.538629674236795E-02 -2.544180069909402E-02 -2.548939375252087E-02
 -2.539115451949530E-02 -2.544657147708430E-02 -2.549408355217376E-02
 -2.576699709591134E-02 -2.578587436520405E-02 -2.579730308634674E-02
 -2.577652153270762E-02 -2.579527201478795E-02 -2.580657539744916E-02
 -2.578129499408748E-02 -2.579998024605133E-02 -2.581121918504007E-02
 -2.597747403481140E-02 -2.596250335510131E-02 -2.594142045769942E-02
 -2.598698287235398E-02 -2.597189098344829E-02 -2.595068311386150E-02
 -2.599174215761582E-02 -2.597658816744901E-02 -2.595531638499545E-02
 -2.602255311185466E-02 -2.597934343878587E-02 -2.593175049058276E-02
 -2.603205480834300E-02 -2.598871387067334E-02 -2.594098600330071E-02
 -2.603680569074805E-02 -2.599339795508363E-02 -2.594560153314992E-02
 -2.592460032349357E-02 -2.585963023928228E-02 -2.579196222434551E-02
 -2.593405926224606E-02 -2.586895147769601E-02 -2.580114612695500E-02
 -2.593878530816952E-02 -2.587360781086805E-02 -2.580573299786491E-02
 -2.570731345513066E-02 -2.562642515872894E-02 -2.554416145773831E-02
 -2.571671679639965E-02 -2.563570038942415E-02 -2.555331479274048E-02
 -2.572141275500977E-02 -2.564033169889374E-02 -2.555788462399247E-02
 -2.539075663067782E-02 -2.529818094661394E-02 -2.520502406724115E-02
 -2.540015132054701E-02 -2.530747737083721E-02 -2.521423412547446E-02
 -2.540484163060704E-02 -2.531211818504181E-02 -2.521883144978888E-02
 -2.498860473143986E-02 -2.488658110225987E-02 -2.478422339641961E-02
 -2.499810395010514E-02 -2.489602943778571E-02 -2.479363684862219E-02
 -2.500284597250330E-02 -2.490074584397425E-02 -2.479833568450133E-02
 -2.450757780342224E-02 -2.439648584935009E-02 -2.428485174881779E-02
 -2.451734426261066E-02 -2.440625928261380E-02 -2.429464999016368E-02
 -2.452221993367567E-02 -2.441113840798924E-02 -2.429954152082833E-02
 -2.394857797520019E-02 -2.382741481320668E-02 -2.370520147234317E-02
 -2.395879476033621E-02 -2.383769825349934E-02 -2.371556892282322E-02
 -2.396389602126710E-02 -2.384283290494755E-02 -2.372074566441313E-02
 -2.330883499945987E-02 -2.317585496426086E-02 -2.304119086402863E-02
 -2.331967381387045E-02 -2.318681381819806E-02 -2.305228468318686E-02
 -2.332508675649354E-02 -2.319228689993330E-02 -2.305782537951044E-02
 -2.258438334066971E-02 -2.243774405599995E-02 -2.228882017165758E-02
 -2.259597699161437E-02 -2.244949847849564E-02 -2.230074646866483E-02
 -2.260176814396732E-02 -2.245537016595057E-02 -2.230670424965160E-02
 -2.177234276295035E-02 -2.161064843270909E-02 -2.144622533315488E-02
 -2.178476547144943E-02 -2.162325590897861E-02 -2.145902407303091E-02
 -2.179097200603255E-02 -2.162955499492764E-02 -2.146541896332751E-02
 -2.087266451475626E-02 -2.069534460823383E-02 -2.051508459584628E-02
 -2.088592126172071E-02 -2.070879164722854E-02 -2.052872362309691E-02
 -2.089254571672412E-02 -2.071551143350796E-02 -2.053553959440857E-02
 -1.988917792153549E-02 -1.969667814586762E-02 -1.950128781643008E-02
 -1.990320273147349E-02 -1.971088077889393E-02 -1.951566551831494E-02
 -1.991021218052797E-02 -1.971797934696955E-02 -1.952285183501960E-02
 -1.882990700679021E-02 -1.862369879303823E-02 -1.841489476170487E-02
 -1.884456939084473E-02 -1.863851096913441E-02 -1.842985033232384E-02
 -1.885189866553326E-02 -1.864591537159428E-02 -1.843732667034067E-02
 -1.770672729640038E-02 -1.748916434012508E-02 -1.726949576868464E-02
 -1.772184552257241E-02 -1.750439273190430E-02 -1.728482542054040E-02
 -1.772940382577130E-02 -1.751200636873337E-02 -1.729248994248045E-02
 -1.653450800116262E-02 -1.630857503456817E-02 -1.608115172558316E-02
 -1.654986720284850E-02 -1.632399808294622E-02 -1.609662849376369E-02
 -1.655754713103927E-02 -1.633171019098550E-02 -1.610436771825115E-02
 -1.532993627378378E-02 -1.509894515810240E-02 -1.486712779718240E-02
 -1.534530876502945E-02 -1.511433358252238E-02 -1.488252204379638E-02
 -1.535299643883196E-02 -1.512202946630100E-02 -1.489022107706243E-02
 -1.411024247051187E-02 -1.387753172121763E-02 -1.364463925642453E-02
 -1.412540730603785E-02 -1.389266751452567E-02 -1.365973691600980E-02
 -1.413299213935045E-02 -1.390023803785738E-02 -1.366728857413594E-02
 -1.289203174844286E-02 -1.266071672683370E-02 -1.242979447284115E-02
 -1.290679079389732E-02 -1.267540804361989E-02 -1.244441063279612E-02
 -1.291417353873232E-02 -1.268275708863328E-02 -1.245172225170886E-02
 -1.169037827626961E-02 -1.146318215279797E-02 -1.123685542812708E-02
 -1.170456687439585E-02 -1.147727245677186E-02 -1.125084191630623E-02
 -1.171166498058556E-02 -1.148432152764961E-02 -1.125783917845508E-02
 -1.051826449649526E-02 -1.029743895876402E-02 -1.007785566567608E-02
 -1.053175602903550E-02 -1.031081006800885E-02 -1.009110262532583E-02
 -1.053850595992628E-02 -1.031749984911175E-02 -1.009773038265443E-02
 -9.386367625840322E-03 -9.173692562598999E-03 -8.962539509754883E-03
 -9.399072541313712E-03 -9.186262466037719E-03 -8.974972116848359E-03
 -9.405429320021473E-03 -9.192551760648026E-03 -8.981192777543461E-03
 -8.303128584210000E-03 -8.099966267108918E-03 -7.898532400470268E-03
 -8.314989447646786E-03 -8.111683458813660E-03 -7.910104624109396E-03
 -8.320924203590405E-03 -8.117546374433694E-03 -7.915895047152519E-03
 -7.274999096981947E-03 -7.082373148877294E-03 -6.891629939311310E-03
 -7.285983694874106E-03 -7.093209555668211E-03 -6.902317423579403E-03
 -7.291480223227707E-03 -7.098631970918225E-03 -6.907665358944020E-03
 -6.306755768497240E-03 -6.125428223152848E-03 -5.946102360845575E-03
 -6.316850217692310E-03 -6.135372578991566E-03 -5.955896155701615E-03
 -6.321901527062522E-03 -6.140348820974904E-03 -5.960797097268548E-03
 -5.401790879138660E-03 -5.232319485357567E-03 -5.064942901688041E-03
 -5.410994153453250E-03 -5.241372381115822E-03 -5.073845071547560E-03
 -5.415599713497926E-03 -5.245902733139319E-03 -5.078300043216956E-03
 -4.562327285920140E-03 -4.405096358347713E-03 -4.250029795566308E-03
 -4.570647807302491E-03 -4.413267403646838E-03 -4.258051134939484E-03
 -4.574811826063585E-03 -4.417356668144198E-03 -4.262065531104759E-03
 -3.789545634209063E-03 -3.644773755881362E-03 -3.502209368363553E-03
 -3.796999822718318E-03 -3.652080573689073E-03 -3.509368788288721E-03
 -3.800730506670342E-03 -3.655737556073735E-03 -3.512952055357718E-03
 -3.083644563708855E-03 -2.951378874609127E-03 -2.821332608642866E-03
 -3.090256703723338E-03 -2.957847189533175E-03 -2.827657381907239E-03
 -3.093566182701260E-03 -2.961084736204919E-03 -2.830823136823719E-03
 -2.443871870093340E-03 -2.323980589846677E-03 -2.206285820242923E-03
 -2.449674433268082E-03 -2.329644542853110E-03 -2.211811832538618E-03
 -2.452578921156732E-03 -2.332479699564342E-03 -2.214577991027466E-03
 -1.868565461419020E-03 -1.760738203664713E-03 -1.655049150844816E-03
 -1.873599123510435E-03 -1.765640194467357E-03 -1.659820537810024E-03
 -1.876118931387650E-03 -1.768094133294326E-03 -1.662209139478507E-03
 -1.355231078384526E-03 -1.258991953889654E-03 -1.164800480045692E-03
 -1.359543978889288E-03 -1.263181660849829E-03 -1.168868404796562E-03
 -1.361703151885732E-03 -1.265279197335579E-03 -1.170905009011684E-03
 -9.006656548787612E-04 -8.153990520822813E-04 -7.320634631430500E-04
 -9.043118314425288E-04 -8.189316595589372E-04 -7.354841562817072E-04
 -9.061373721311665E-04 -8.207003720065538E-04 -7.371968671032663E-04
 -5.011178433647989E-04 -4.261027913982892E-04 -3.528837774674030E-04
 -5.041550898466743E-04 -4.290367378598085E-04 -3.557162055920327E-04
 -5.056758906386474E-04 -4.305058438406023E-04 -3.571345075249027E-04
 -1.524658719939798E-04 -8.691300373370205E-05 -2.301057834541640E-05
 -1.549534330086992E-04 -8.930768111691038E-05 -2.531417672603437E-05
 -1.561991233669098E-04 -9.050688625057025E-05 -2.646779936915793E-05
  1.496101990464912E-04  2.065247474487137E-04  2.619386110528065E-04
  1.476136919791390E-04  2.046109618353874E-04  2.601057929896866E-04
  1.466137801955329E-04  2.036524511766669E-04  2.591878058328580E-04
  4.094804537127845E-04  4.585879575388075E-04  5.063441040840728E-04
  4.079185355000242E-04  4.570991148583205E-04  5.049266728721051E-04
  4.071361485940604E-04  4.563533024443189E-04  5.042166022181745E-04
  6.314513117278413E-04  6.735714186121811E-04  7.144862910447949E-04
  6.302706455020995E-04  6.724548257104760E-04  7.134322087130369E-04
  6.296790924500198E-04  6.718953424560515E-04  7.129040132810988E-04
  8.196866505628870E-04  8.556154499736991E-04  8.904804953327181E-04
  8.188374800828142E-04  8.548220254285197E-04  8.897413514476519E-04
  8.184118611700372E-04  8.544243094686744E-04  8.893708053428020E-04
  9.781576649402985E-04  1.008660711412615E-03  1.038236106939449E-03
  9.775939294514131E-04  1.008145053173325E-03  1.037767150855659E-03
  9.773111946460571E-04  1.007886384300447E-03  1.037531860001734E-03
  1.110612156908992E-03  1.136420148637734E-03  1.161430651561857E-03
  1.110291446365853E-03  1.136140482576814E-03  1.161190741676745E-03
  1.110130372792858E-03  1.135999956174786E-03  1.161070117955375E-03
  1.220554536079591E-03  1.242359979384036E-03  1.263491474173981E-03
  1.220438011813727E-03  1.242278094546589E-03  1.263443029746730E-03
  1.220379163387149E-03  1.242236588488980E-03  1.263418266186063E-03
  1.311231033362035E-03  1.329685099463278E-03  1.347581306527832E-03
  1.311283369453907E-03  1.329766305269024E-03  1.347690278789545E-03
  1.311309066941187E-03  1.329806457974234E-03  1.347744334672516E-03
  1.385618577496300E-03  1.401328053605816E-03  1.416587472586001E-03
  1.385807925310739E-03  1.401541148609213E-03  1.416823314165974E-03
  1.385902228363972E-03  1.401647343281166E-03  1.416940899708520E-03
  1.446417426366924E-03  1.459942102322323E-03  1.473115571820605E-03
  1.446715375113861E-03  1.460259324582876E-03  1.473451173694659E-03
  1.446864062776720E-03  1.460417664718892E-03  1.473618718912753E-03
