  7.521579784072915E+00  7.511054667653142E+00  7.500519467651962E+00

  2.590030063344675E-01  2.391228972600561E-01  2.193507619358124E-01
  2.604548714605691E-01  2.456742134543213E-01  2.303660164893222E-01
  1.128676753756283E-01  1.072088205902372E-01  1.012048713500456E-01
  2.498567159132396E-01  2.305711684838581E-01  2.114095710347073E-01
  2.553429121031927E-01  2.411152494300467E-01  2.263567004730836E-01
  1.114005630772752E-01  1.059680705125439E-01  1.001847227858119E-01
  2.453622252984098E-01  2.263794330281775E-01  2.075286782634585E-01
  2.528480234654324E-01  2.389034054900125E-01  2.244263767709488E-01
  1.106917649841597E-01  1.053756386782423E-01  9.970586490727379E-02
  2.453622252984098E-01  2.263794330281775E-01  2.075286782634585E-01
  2.528480234654324E-01  2.389034054900125E-01  2.244263767709488E-01
  1.106917649841597E-01  1.053756386782423E-01  9.970586490727379E-02
  2.498567159132396E-01  2.305711684838581E-01  2.114095710347073E-01
  2.553429121031927E-01  2.411152494300467E-01  2.263567004730836E-01
  1.114005630772752E-01  1.059680705125439E-01  1.001847227858119E-01
  2.590030063344675E-01  2.391228972600561E-01  2.193507619358124E-01
  2.604548714605691E-01  2.456742134543213E-01  2.303660164893222E-01
  1.128676753756283E-01  1.072088205902372E-01  1.012048713500456E-01
  2.731227973414119E-01  2.523851417706086E-01  2.317318305020795E-01
  2.684060675399564E-01  2.528338864825986E-01  2.367395704342829E-01
  1.151754935665656E-01  1.091945797740197E-01  1.028773456348986E-01
  2.926675058696684E-01  2.708711456828419E-01  2.491283179186797E-01
  2.794884043722231E-01  2.629484025867960E-01  2.458941108205065E-01
  1.184274890237975E-01  1.120558245120123E-01  1.053596845893388E-01
  3.181861447777149E-01  2.952465242455100E-01  2.723228285702697E-01
  2.940372593182983E-01  2.764647250223025E-01  2.583883764441102E-01
  1.227384048995966E-01  1.159542369812048E-01  1.088604459629505E-01
  3.502741492326754E-01  3.263031434360972E-01  3.023032534510040E-01
  3.124001228852001E-01  2.939119041698903E-01  2.749322449924383E-01
  1.282252618758871E-01  1.210815622983761E-01  1.136455891074757E-01
  3.894780729379305E-01  3.648681151800430E-01  3.401728816627255E-01
  3.348833341434110E-01  3.158497202992405E-01  2.963345035470156E-01
  1.349921162528289E-01  1.276444980574025E-01  1.200223828923072E-01
  4.359470112174669E-01  4.113880863659165E-01  3.866673780311903E-01
  3.615115053504453E-01  3.425664849121191E-01  3.231385200924539E-01
  1.430446467603028E-01  1.357539151020433E-01  1.282030266900830E-01
  4.886629524204823E-01  4.650606552415172E-01  4.411999547123728E-01
  3.914216758119372E-01  3.733766883193860E-01  3.548342284170767E-01
  1.520588291885957E-01  1.451533599046156E-01  1.379972940878479E-01
  5.447498703710594E-01  5.230638812854354E-01  5.010174019789752E-01
  4.222442489515797E-01  4.059264562050104E-01  3.890950211477283E-01
  1.611292129045067E-01  1.549365627733987E-01  1.485023110777690E-01
  5.986022748451200E-01  5.795825306380141E-01  5.601190708809669E-01
  4.493951054701554E-01  4.354178802276475E-01  4.209304061748435E-01
  1.684894680546356E-01  1.632453820189800E-01  1.577764401297071E-01
  6.411253134219516E-01  6.251246388180787E-01  6.086518692666791E-01
  4.657366581351265E-01  4.543542809427240E-01  4.425126228600202E-01
  1.714268120719546E-01  1.672216113443565E-01  1.628265593424530E-01
  6.625035981083116E-01  6.495704838044779E-01  6.362217241075326E-01
  4.641276673231803E-01  4.553052503556123E-01  4.461391447185828E-01
  1.673220903984249E-01  1.641273391904295E-01  1.608012469261800E-01
  6.582095224768695E-01  6.482109673661995E-01  6.379276165177251E-01
  4.419983839139739E-01  4.354910785722093E-01  4.288030381325706E-01
  1.553581160278761E-01  1.530527876938284E-01  1.506900343656566E-01
  6.324507849130544E-01  6.250687657977688E-01  6.175572487707357E-01
  4.033685305953204E-01  3.987570189892519E-01  3.941306047725420E-01
  1.371564568075061E-01  1.355483376428198E-01  1.339544579729116E-01
  5.963104451247964E-01  5.913067883795203E-01  5.862937386769171E-01
  3.572678302550912E-01  3.542965412739270E-01  3.514305879416611E-01
  1.161910727181525E-01  1.151729106815795E-01  1.142196258770969E-01
  5.558855350825791E-01  5.536495227381086E-01  5.514477595018453E-01
  3.087920328291591E-01  3.078393226822751E-01  3.070372402792841E-01
  9.443597663336883E-02  9.416878329494917E-02  9.398543729172315E-02
  4.862588172980605E-01  4.877073688248673E-01  4.891787712825560E-01
  2.377072934620747E-01  2.394081484682792E-01  2.412648811543743E-01
  6.381696400285319E-02  6.451554060035539E-02  6.530276996405014E-02
  3.268694087788810E-01  3.321585000105388E-01  3.375059601260741E-01
  9.574338526111512E-02  9.959577173872443E-02  1.036715963022174E-01
  5.319765386094440E-03  6.646105082839262E-03  8.095849398249500E-03
  6.012390746520582E-02  6.716600060597487E-02  7.442192815674133E-02
 -1.188365809463650E-01 -1.153990488207303E-01 -1.115733170635185E-01
 -7.894901455926270E-02 -7.817201131308267E-02 -7.719925647877780E-02
 -1.978357935656685E-01 -1.929518877871307E-01 -1.876852476788440E-01
 -2.850664696743424E-01 -2.852230758312935E-01 -2.848930144238683E-01
 -1.351581712598037E-01 -1.361434460768685E-01 -1.369039933574327E-01
 -3.122466876099642E-01 -3.112913952398251E-01 -3.099733421769385E-01
 -3.031057486421464E-01 -3.064854779592028E-01 -3.095200654402375E-01
 -1.266925579526492E-01 -1.288817900001416E-01 -1.309285304811354E-01
 -3.053327992411662E-01 -3.063226339697042E-01 -3.071167899717068E-01
 -2.429814015608430E-01 -2.461791195769459E-01 -2.492563612911364E-01
 -9.262459923402362E-02 -9.433378092732823E-02 -9.600495991136497E-02
 -2.609836929516768E-01 -2.621738900021524E-01 -2.632913717100567E-01
 -1.910068089927311E-01 -1.927707716868019E-01 -1.945165507500180E-01
 -6.978535100047714E-02 -7.060980359182326E-02 -7.143512508650511E-02
 -2.008673945107071E-01 -2.020124836101105E-01 -2.031370543139343E-01
 -1.447029052333378E-01 -1.457855083105193E-01 -1.468665625940405E-01
 -5.263272647395824E-02 -5.307546655531342E-02 -5.352033311415483E-02
 -1.328828760698823E-01 -1.337080566179598E-01 -1.345364367356882E-01
 -9.471205815543433E-02 -9.540221395902684E-02 -9.609398113496063E-02
 -3.440631981263859E-02 -3.467760888037479E-02 -3.494936266093735E-02
 -8.109616306780940E-02 -8.141521198120380E-02 -8.174195078467258E-02
 -5.660945887356265E-02 -5.688081494611101E-02 -5.715361231017515E-02
 -2.040564559280857E-02 -2.051528699353695E-02 -2.062469096193653E-02
 -5.356905103649671E-02 -5.366307579186744E-02 -5.375920068575263E-02
 -3.669179962798118E-02 -3.676920084084180E-02 -3.684546952622102E-02
 -1.311097250575730E-02 -1.314323457718217E-02 -1.317460922116866E-02
 -3.889214368321414E-02 -3.906742172661635E-02 -3.924141421199213E-02
 -2.608432508419068E-02 -2.619981885180966E-02 -2.631386245410220E-02
 -9.222216444879396E-03 -9.263524298087841E-03 -9.304225173646048E-03
 -2.842913641765814E-02 -2.869974016319630E-02 -2.896922892858701E-02
 -1.847042688980985E-02 -1.864098750298103E-02 -1.881123436295398E-02
 -6.422809050250547E-03 -6.481073717988255E-03 -6.539317593506883E-03
 -2.150019217775002E-02 -2.176319725364317E-02 -2.202446500856096E-02
 -1.359605984169760E-02 -1.375926496272818E-02 -1.392179120837403E-02
 -4.660907405930569E-03 -4.716012251587414E-03 -4.770965413061266E-03
 -1.767085537758854E-02 -1.788295715290435E-02 -1.809169958901655E-02
 -1.103667150025894E-02 -1.116954143550040E-02 -1.130046278099625E-02
 -3.758252315173997E-03 -3.803446120852225E-03 -3.848005682749443E-03
 -1.521884886437159E-02 -1.538171155030060E-02 -1.554060494240724E-02
 -9.442516394252113E-03 -9.546028663253886E-03 -9.647081900551840E-03
 -3.202933058568155E-03 -3.238464582877029E-03 -3.273165555557509E-03
 -1.318248535253392E-02 -1.330252026956027E-02 -1.341928583195051E-02
 -8.137986234882435E-03 -8.214272472431479E-03 -8.288502176453123E-03
 -2.752561770650122E-03 -2.778744395102955E-03 -2.804226373947076E-03
 -1.142010965989882E-02 -1.150577477959890E-02 -1.158932625363446E-02
 -7.027524654098382E-03 -7.081411172237780E-03 -7.133955545544937E-03
 -2.373009844838775E-03 -2.391405913060466E-03 -2.409341977760567E-03
 -9.926728495858966E-03 -9.989238303576960E-03 -1.005065999218926E-02
 -6.093956414992885E-03 -6.132807841459080E-03 -6.170960850521537E-03
 -2.055260493877275E-03 -2.068445653313184E-03 -2.081390172247527E-03
 -8.670789017688084E-03 -8.719746879506995E-03 -8.768356284884392E-03
 -5.310248277228514E-03 -5.340340730921106E-03 -5.370201230167472E-03
 -1.788746436802167E-03 -1.798902998997949E-03 -1.808978453636040E-03
 -7.624111239835634E-03 -7.665685182345393E-03 -7.707381488877152E-03
 -4.658062311219918E-03 -4.683368239052376E-03 -4.708737486124759E-03
 -1.567137648323878E-03 -1.575637174525183E-03 -1.584156219161826E-03
 -6.759588381213925E-03 -6.797361097611324E-03 -6.835522069349022E-03
 -4.120194016532907E-03 -4.143004181877590E-03 -4.166043331796474E-03
 -1.384526670868166E-03 -1.392157546741661E-03 -1.399864162748476E-03
 -6.049034656206292E-03 -6.085082679696752E-03 -6.121646008869388E-03
 -3.678456807370360E-03 -3.700093873191768E-03 -3.722039270779256E-03
 -1.234620240384792E-03 -1.241836399691301E-03 -1.249155246946995E-03
 -5.468722703173768E-03 -5.504253635040750E-03 -5.540336499103815E-03
 -3.317662213410661E-03 -3.338897983885670E-03 -3.360465766636312E-03
 -1.112184423067818E-03 -1.119251008551060E-03 -1.126428449850209E-03
 -5.000548279185141E-03 -5.036226620102602E-03 -5.072432971048227E-03
 -3.026425272532825E-03 -3.047692887008435E-03 -3.069279045611855E-03
 -1.013328487637532E-03 -1.020395685422587E-03 -1.027569388880889E-03
 -4.629354989307695E-03 -4.665455265734831E-03 -4.702016778297215E-03
 -2.795386482828825E-03 -2.816877977988964E-03 -2.838648501665935E-03
 -9.348845905824180E-04 -9.420210607998856E-04 -9.492509444426435E-04
 -4.340483867456803E-03 -4.376960844499948E-03 -4.413799661822037E-03
 -2.615552482521869E-03 -2.637263485839173E-03 -2.659194600483061E-03
 -8.738208265051639E-04 -8.810289790098381E-04 -8.883110116093166E-04
 -4.118918621182028E-03 -4.155444604869551E-03 -4.192205399484621E-03
 -2.477689502150966E-03 -2.499443867016249E-03 -2.521343379967648E-03
 -8.270204971006803E-04 -8.342450765282814E-04 -8.415187443929636E-04
 -3.949516588898844E-03 -3.985504148304030E-03 -4.021573139734677E-03
 -2.372472589603748E-03 -2.393937359722744E-03 -2.415457097748315E-03
 -7.913329768244102E-04 -7.984662944210371E-04 -8.056189399977432E-04
 -3.817462593199842E-03 -3.852083110109949E-03 -3.886605122547619E-03
 -2.290805499294850E-03 -2.311501531268721E-03 -2.332146726163606E-03
 -7.636892457405092E-04 -7.705746568038599E-04 -7.774444849026736E-04
 -3.708533274830659E-03 -3.740747791490577E-03 -3.772658867085855E-03
 -2.224000108081814E-03 -2.243318280033446E-03 -2.262464578225723E-03
 -7.411661422454900E-04 -7.476030719671858E-04 -7.539843977028427E-04
 -3.609276726670749E-03 -3.637899422546889E-03 -3.665995755925786E-03
 -2.163863659600964E-03 -2.181099814601850E-03 -2.198031398969333E-03
 -7.210121890817898E-04 -7.267672479941382E-04 -7.324226544947086E-04
 -3.507383951616658E-03 -3.531192754660446E-03 -3.554249601774973E-03
 -2.102882105011790E-03 -2.117300714543471E-03 -2.131279039435342E-03
 -7.007016367270303E-04 -7.055293751930129E-04 -7.102121735243963E-04
 -3.392387756082867E-03 -3.410281906030267E-03 -3.427219991218947E-03
 -2.034608883511127E-03 -2.045536418656787E-03 -2.055899153492862E-03
 -6.780583586294717E-04 -6.817321789651813E-04 -6.852192217566697E-04
 -3.256595109693845E-03 -3.267780586987139E-03 -3.277857618284518E-03
 -1.954217731990684E-03 -1.961154960116594E-03 -1.967432326447448E-03
 -6.514386425877257E-04 -6.537883892718474E-04 -6.559190722916591E-04
 -3.095996245912808E-03 -3.100162478453189E-03 -3.103149824822625E-03
 -1.859065922587376E-03 -1.861797337121284E-03 -1.863821949492624E-03
 -6.199218062266472E-04 -6.208707982806248E-04 -6.215843014662667E-04
 -2.910836575767612E-03 -2.908277723069075E-03 -2.904573412596213E-03
 -1.749071381216012E-03 -1.747743326951294E-03 -1.745723706878960E-03
 -5.834416466064243E-04 -5.830336059188595E-04 -5.823943454814524E-04
 -2.705578176449683E-03 -2.697215251115881E-03 -2.687849813760435E-03
 -1.626728419246943E-03 -1.621868638878759E-03 -1.616399168669932E-03
 -5.427982947453691E-04 -5.412049107906765E-04 -5.394069371645387E-04
 -2.488108730283036E-03 -2.475387831484675E-03 -2.461901477520043E-03
 -1.496665578548688E-03 -1.489127828388615E-03 -1.481120633502257E-03
 -4.995163806726668E-04 -4.970198106808378E-04 -4.943650498126604E-04
 -2.268258461280738E-03 -2.252932737639246E-03 -2.237137102531681E-03
 -1.364772788011992E-03 -1.355609457002151E-03 -1.346154502189085E-03
 -4.555570503299756E-04 -4.525080591099283E-04 -4.493602147320605E-04
 -2.055906957224620E-03 -2.039746139747314E-03 -2.023420713072085E-03
 -1.237061572377745E-03 -1.227349398178492E-03 -1.217531741531366E-03
 -4.129375227762450E-04 -4.096974188824692E-04 -4.064209889664999E-04
 -1.859122022195096E-03 -1.843619877102285E-03 -1.828218009779714E-03
 -1.118523361746932E-03 -1.109184193495211E-03 -1.099903249708617E-03
 -3.733464788751722E-04 -3.702267770249266E-04 -3.671261100773384E-04
 -1.682799723066615E-03 -1.668954400384701E-03 -1.655394623273544E-03
 -1.012273045342557E-03 -1.003935577383960E-03 -9.957729778659573E-04
 -3.378518922200727E-04 -3.350671566690522E-04 -3.323412586450107E-04
 -1.528140686979729E-03 -1.516361085441181E-03 -1.504953185770775E-03
 -9.191895561348958E-04 -9.121258306388186E-04 -9.052936320721761E-04
 -3.067736488696634E-04 -3.044190995474004E-04 -3.021431183815167E-04
 -1.393037869010417E-03 -1.383187370630222E-03 -1.373697794488722E-03
 -8.381115878773629E-04 -8.322573246027552E-04 -8.266315864946599E-04
 -2.797424814941975E-04 -2.777997593394523E-04 -2.759352045674875E-04
 -1.273157742191129E-03 -1.264701360538767E-03 -1.256516977190874E-03
 -7.664682564298049E-04 -7.615083264136288E-04 -7.567250559797122E-04
 -2.559069749216788E-04 -2.542721301505425E-04 -2.526984341007042E-04
 -1.163287335380229E-03 -1.155478895723870E-03 -1.147801628314675E-03
 -7.010920736105541E-04 -6.965735353813601E-04 -6.921467390133018E-04
 -2.342051611214826E-04 -2.327264244849390E-04 -2.312804770763491E-04
 -1.058485051315846E-03 -1.050530285632556E-03 -1.042538934932454E-03
 -6.389323215000582E-04 -6.343656233998632E-04 -6.297881276219278E-04
 -2.136060227554632E-04 -2.121180828180790E-04 -2.106284476120885E-04
 -9.547293743921556E-04 -9.458874303691535E-04 -9.368333797370349E-04
 -5.774741800179123E-04 -5.723982573164458E-04 -5.672034396584963E-04
 -1.932541970041434E-04 -1.916006001440053E-04 -1.899088140817427E-04
 -8.490281688162880E-04 -8.386524422051705E-04 -8.278952533162011E-04
 -5.148290587409748E-04 -5.088391748256395E-04 -5.026255570322510E-04
 -1.725043092405392E-04 -1.705473108687794E-04 -1.685166366786744E-04
 -7.391952332129545E-04 -7.267435743857168E-04 -7.137594597152778E-04
 -4.496126511775404E-04 -4.423681821416074E-04 -4.348059884597934E-04
 -1.508824699533219E-04 -1.485059226004488E-04 -1.460237973633282E-04
 -6.236003373427808E-04 -6.086504389206705E-04 -5.930487986831043E-04
 -3.807944970628220E-04 -3.720284038922245E-04 -3.628696012690039E-04
 -1.280361472020555E-04 -1.251487094123218E-04 -1.221301218644104E-04
 -5.011210901562876E-04 -4.834098987523212E-04 -4.649736183913839E-04
 -3.076621573332301E-04 -2.972043972091610E-04 -2.863066423261561E-04
 -1.037211038335758E-04 -1.002640087808090E-04 -9.665944643782393E-05
 -3.713381253992950E-04 -3.508179913714336E-04 -3.295570651858410E-04
 -2.299325277657165E-04 -2.177439488464491E-04 -2.051030555145073E-04
 -7.783752303635368E-05 -7.379591014048436E-05 -6.960222955050099E-05
 -2.348397293434954E-04 -2.117255191033274E-04 -1.879172927517401E-04
 -1.479346058236959E-04 -1.341361879969908E-04 -1.199113190655585E-04
 -5.049089971513195E-05 -4.590372284441965E-05 -4.117272069784539E-05
 -9.343345762281314E-05 -6.821369468633052E-05 -4.240459210974356E-05
 -6.274191471899638E-05 -4.762283421661777E-05 -3.213889246071733E-05
 -2.203707724519781E-05 -1.700002542668529E-05 -1.183946445362995E-05
  4.988174045541810E-05  7.648237129765604E-05  1.035230517231804E-04
  2.383734633797759E-05  3.984114873744752E-05  5.612031683702201E-05
  6.919874695080267E-06  1.226133735573966E-05  1.769649947433926E-05
  1.912053297618071E-04  2.183053088308092E-04  2.456699938133076E-04
  1.094305542580714E-04  1.257838158702378E-04  1.423062290966066E-04
  3.558377158580273E-05  4.105018738455304E-05  4.657473553294526E-05
  3.261992988451850E-04  3.528608596765537E-04  3.796052198367551E-04
  1.913812643842956E-04  2.075106696761806E-04  2.236982255408117E-04
  6.306017440588283E-05  6.845866327658534E-05  7.387797601625456E-05
  4.505956674546013E-04  4.759232673428164E-04  5.011621634195007E-04
  2.670610799489333E-04  2.824160344386174E-04  2.977238779188803E-04
  8.846156688211684E-05  9.360636679904951E-05  9.873650759143703E-05
  5.606398132193069E-04  5.838593854582281E-04  6.068418289754011E-04
  3.341455872703071E-04  3.482477169642319E-04  3.622111816070944E-04
  1.110010118157250E-04  1.157303085460294E-04  1.204140062784484E-04
  6.534147181114453E-04  6.739261310022001E-04  6.940831001723230E-04
  3.908184149101937E-04  4.032947731779379E-04  4.155597474248970E-04
  1.300617961274897E-04  1.342490885825765E-04  1.383661473057361E-04
  7.270341743497053E-04  7.444367986998880E-04  7.614024856795465E-04
  4.358942403963091E-04  4.464938927796937E-04  4.568307227355536E-04
  1.452396566183678E-04  1.487995001957857E-04  1.522716333849652E-04
  7.807107411619420E-04  7.948054886096535E-04  8.084154791864703E-04
  4.688635717729562E-04  4.774595116974108E-04  4.857625059124625E-04
  1.563584079162606E-04  1.592471742058997E-04  1.620379445137210E-04
  8.147062799925330E-04  8.254781827948974E-04  8.357487171419237E-04
  4.898642654257075E-04  4.964431579013241E-04  5.027182527346654E-04
  1.634606652395440E-04  1.656731589742399E-04  1.677838874920063E-04
  8.301770479966539E-04  8.377628370423966E-04  8.448559098447081E-04
  4.995875147880894E-04  5.042300293516850E-04  5.085735614787002E-04
  1.667763328963004E-04  1.683392014508200E-04  1.698018444132432E-04
  8.289403620751674E-04  8.335869449495047E-04  8.377675832685749E-04
  4.991350001902490E-04  5.019903600008075E-04  5.045628373811869E-04
  1.666745070926103E-04  1.676376664966576E-04  1.685059719806662E-04
  8.132096997245769E-04  8.152313465031264E-04  8.168251216844586E-04
  4.898557712889666E-04  4.911153014624641E-04  4.921151102793971E-04
  1.636083963272569E-04  1.640360851463511E-04  1.643766934537661E-04
  7.853556244668534E-04  7.850981676504365E-04  7.844570303487224E-04
  4.731979122378874E-04  4.730727054600511E-04  4.727147471255991E-04
  1.580650480329006E-04  1.580282378578120E-04  1.579134140642043E-04
  7.477403209513995E-04  7.455582653869801E-04  7.430398908059447E-04
  4.506045298107015E-04  4.493109326446927E-04  4.478134714902171E-04
  1.505298742483537E-04  1.501012991934913E-04  1.496044197405152E-04
  7.026441011043360E-04  6.988914350580594E-04  6.948519266783230E-04
  4.234660440913979E-04  4.212195962323706E-04  4.187993785064233E-04
  1.414701313078744E-04  1.407221738782449E-04  1.399160130594993E-04
  6.522646150200953E-04  6.472943968086774E-04  6.420886555557137E-04
  3.931179444836139E-04  3.901329083756840E-04  3.870052151708110E-04
  1.313338636808441E-04  1.303383587278843E-04  1.292950761440118E-04
  5.987405517382065E-04  5.929048373112381E-04  5.868859263949670E-04
  3.608552491244013E-04  3.573446573153041E-04  3.537230596759349E-04
  1.205547550206127E-04  1.193830193658543E-04  1.181740998645781E-04
  5.441450011942663E-04  5.377872792916530E-04  5.312973731581988E-04
  3.279302762351337E-04  3.241016818779989E-04  3.201929220965070E-04
  1.095516753655879E-04  1.082731393544833E-04  1.069677387882957E-04
  4.904129628715806E-04  4.838498244788834E-04  4.772003684251138E-04
  2.955114454183769E-04  2.915562412688141E-04  2.875486407334124E-04
  9.871533498115330E-05  9.739403585466210E-05  9.605517001106707E-05
  4.392041983684443E-04  4.326993271951979E-04  4.261444641780046E-04
  2.646027703304043E-04  2.606807718194007E-04  2.567284493945469E-04
  8.838175384850430E-05  8.707122962700488E-05  8.575054220078351E-05
  3.917399280142844E-04  3.854786367789863E-04  3.791907187422344E-04
  2.359464252858021E-04  2.321705713910962E-04  2.283786961155845E-04
  7.879988478327856E-05  7.753807247986864E-05  7.627091167073673E-05
  3.486727639511376E-04  3.427468657118354E-04  3.368037768688556E-04
  2.099438967145923E-04  2.063709608812391E-04  2.027879100074779E-04
  7.010520315616507E-05  6.891130804139472E-05  6.771407409151135E-05
  3.100447189006956E-04  3.044548962442537E-04  2.988456470037015E-04
  1.866290721680967E-04  1.832607799489659E-04  1.798811870377514E-04
  6.231045368714772E-05  6.118527143643644E-05  6.005638141950530E-05
  2.753608844846146E-04  2.700381193009312E-04  2.646872022780062E-04
  1.657105917626921E-04  1.625062124355546E-04  1.592853315724166E-04
  5.531945725130779E-05  5.424952640211028E-05  5.317416027029665E-05
  2.437686104989673E-04  2.386099533042254E-04  2.334147032557888E-04
  1.466781046600622E-04  1.435757903518076E-04  1.404518208559500E-04
  4.896231724794578E-05  4.792701111376809E-05  4.688453730988054E-05
  2.142987250179414E-04  2.092079988738776E-04  2.040789158218779E-04
  1.289468010519360E-04  1.258880769194961E-04  1.228064588081124E-04
  4.304355881824344E-05  4.202325946140643E-05  4.099534963475320E-05
  1.861076465732003E-04  1.810300583433115E-04  1.759230551346984E-04
  1.120035728004427E-04  1.089543401112867E-04  1.058873631241595E-04
  3.739099413447561E-05  3.637413230117850E-05  3.535134064289179E-05
  1.586610885872139E-04  1.536025163673131E-04  1.485345088918342E-04
  9.551891708416894E-05  9.248135550867013E-05  8.943784915114556E-05
  3.189330189938489E-05  3.088037930254263E-05  2.986542849365116E-05
  1.318187596982503E-04  1.268450936256800E-04  1.218894736119344E-04
  7.939972310595762E-05  7.641221892843988E-05  7.343514550724090E-05
  2.651795085184910E-05  2.552157040907100E-05  2.452860112450495E-05
  1.058084134894065E-04  1.010264758129422E-04  9.629136076435600E-05
  6.377542653974000E-05  6.090134959554052E-05  5.805494869649189E-05
  2.130687379025784E-05  2.034803651090917E-05  1.939835511033657E-05
  8.110884275284735E-05  7.663644090792714E-05  7.223441225068109E-05
  4.892887726353658E-05  4.623867990436554E-05  4.359034205564537E-05
  1.635360461535162E-05  1.545575425218569E-05  1.457179625761355E-05
  5.828712624037746E-05  5.422391847416054E-05  5.024543859319319E-05
  3.519890212332190E-05  3.275253976442110E-05  3.035672826591175E-05
  1.177083768195818E-05  1.095398482034861E-05  1.015393446203472E-05
  3.784876654428805E-05  3.426030716914191E-05  3.076273146620616E-05
  2.288979065102496E-05  2.072692985063572E-05  1.861835750498567E-05
  7.660158904740646E-06  6.937580658512520E-06  6.233058162930000E-06
  2.015553034361537E-05  1.707931608000656E-05  1.409886039369400E-05
  1.222086428571354E-05  1.036425778786076E-05  8.564827033587286E-06
  4.095047369284380E-06  3.474370228768501E-06  2.872705062967370E-06
  5.443846411271237E-06  2.918852961290166E-06  5.048527347401824E-07
  3.336265071363061E-06  1.809287044819181E-06  3.484923996202050E-07
  1.123929817062261E-06  6.129434077318084E-07  1.239493672144327E-07
 -6.058961370742635E-06 -7.946966256788472E-06 -9.685402398922260E-06
 -3.626229635633709E-06 -4.772438548187365E-06 -5.829517277019468E-06
 -1.207036206713922E-06 -1.591338164533140E-06 -1.946031947437376E-06
 -1.396233042257743E-05 -1.503544450687362E-05 -1.588753901535610E-05
 -8.432091459642226E-06 -9.091291503756895E-06 -9.618686189044471E-06
 -2.819640134006955E-06 -3.041927945724380E-06 -3.220415215095926E-06
 -1.755474313413864E-05 -1.751703403447601E-05 -1.715267680589000E-05
 -1.065499633371493E-05 -1.065005076441224E-05 -1.045002728033331E-05
 -3.571868826282162E-06 -3.573167512863962E-06 -3.509592434297529E-06
 -1.573886814152845E-05 -1.418699735717433E-05 -1.217885170027091E-05
 -9.636972832316579E-06 -8.725912102608772E-06 -7.541929965618596E-06
 -3.244467354151336E-06 -2.944126288897771E-06 -2.552952598806723E-06
 -7.119689385589006E-06 -3.599106535093191E-06  5.090506777879528E-07
 -4.540165919806201E-06 -2.449637565438105E-06 -7.114090894053019E-09
 -1.558008313864073E-06 -8.648066547795239E-07 -5.436565210637480E-08
  9.731937496177312E-06  1.562708768075573E-05  2.221043115077475E-05
  5.495975411951614E-06  9.010922202039912E-06  1.293877581419247E-05
  1.774869780999543E-06  2.942821519151954E-06  4.248406390385475E-06
  3.586195659658389E-05  4.435740273282126E-05  5.357297412388571E-05
  2.110487075134876E-05  2.618196304680562E-05  3.169189625581192E-05
  6.966281339383126E-06  8.655273296151649E-06  1.048867204778474E-05
  7.142140888958139E-05  8.241965300040892E-05  9.406358164533855E-05
  4.238593065779624E-05  4.896973942651748E-05  5.594269530941248E-05
  1.405082479358019E-05  1.624289145163434E-05  1.856496184325546E-05
  1.151465321551076E-04  1.280974555643418E-04  1.414832625163394E-04
  6.859233270742428E-05  7.635645165725222E-05  8.438433018680112E-05
  2.278146066993895E-05  2.536840973040633E-05  2.804374861936087E-05
  1.639377764615967E-04  1.777537815029744E-04  1.916442257404285E-04
  9.787759087573807E-05  1.061733657111504E-04  1.145177176549927E-04
  3.254489590252989E-05  3.531115916058146E-05  3.809426536390753E-05
  2.126667373871995E-04  2.257190357933378E-04  2.383493693488526E-04
  1.271779932017865E-04  1.350316660672728E-04  1.426369338070231E-04
  4.232211208204618E-05  4.494368964329221E-05  4.748325975931786E-05
  2.543571798178882E-04  2.645912722717936E-04  2.738207443158879E-04
  1.523182616752387E-04  1.584992996388910E-04  1.640826805641203E-04
  5.072309687917331E-05  5.279017443232721E-05  5.465888509356662E-05
  2.808719550477055E-04  2.860678826847293E-04  2.896787404770366E-04
  1.684195659182759E-04  1.715956360583034E-04  1.738252917309489E-04
  5.612216253066107E-05  5.719057432174950E-05  5.794428707326837E-05
  2.841537507724750E-04  2.823219256511974E-04  2.784442930358273E-04
  1.706395430183960E-04  1.696129830869896E-04  1.673620503535276E-04
  5.690388125633861E-05  5.657376193483109E-05  5.583604017787752E-05
  2.578960911226868E-04  2.477446841930856E-04  2.353277725463511E-04
  1.551719703712692E-04  1.491598889978369E-04  1.417891319960177E-04
  5.179581746822226E-05  4.980491165009099E-05  4.736122349058748E-05
  1.992975952354162E-04  1.806514928136994E-04  1.598496496175008E-04
  1.203000202773548E-04  1.091865200996698E-04  9.677715200103323E-05
  4.021972039332193E-05  3.652759591102211E-05  3.240311738280054E-05
  1.103744837709101E-04  8.439967238088438E-05  5.672783935995531E-05
  6.718941360014702E-05  5.166236028298881E-05  3.511174867852178E-05
  2.255683961105066E-05  1.739083098753437E-05  1.188275058595149E-05
 -1.705633117124396E-06 -3.258776673102405E-05 -6.442759211682534E-05
  9.870030360548037E-08 -1.839875121641557E-05 -3.747817406258165E-05
  2.196787852298467E-07 -5.940780788684607E-06 -1.229645376469382E-05
 -1.255797147798605E-04 -1.581128122111933E-04 -1.907292309479625E-04
 -7.418281023802110E-05 -9.370170864354860E-05 -1.132784780917608E-04
 -2.453344367256288E-05 -3.103952481906046E-05 -3.756620928712035E-05
 -2.478240518518354E-04 -2.785754895669253E-04 -3.085831099289176E-04
 -1.476071467301043E-04 -1.660864882974641E-04 -1.841263200875839E-04
 -4.902095866920029E-05 -5.518543397685677E-05 -6.120453898830553E-05
 -3.557032144785249E-04 -3.817673635781141E-04 -4.064705691511682E-04
 -2.125147637474425E-04 -2.282039235894883E-04 -2.430809638102390E-04
 -7.068668090263506E-05 -7.592481058782988E-05 -8.089297955591662E-05
 -4.397002946062735E-04 -4.592296323318793E-04 -4.770854317175967E-04
 -2.631581469302924E-04 -2.749378344654934E-04 -2.857150166444802E-04
 -8.760857270394477E-05 -9.154546816269049E-05 -9.514846985620241E-05
 -4.950622351261638E-04 -5.074769717962986E-04 -5.182151679160766E-04
 -2.966401710952957E-04 -3.041513875037412E-04 -3.106557733389335E-04
 -9.881338212211343E-05 -1.013275211736187E-04 -1.035059029944169E-04
 -5.219790881094427E-04 -5.278321735311248E-04 -5.322437036194516E-04
 -3.130340986977489E-04 -3.165999773887118E-04 -3.192983621076383E-04
 -1.043187178531749E-04 -1.055163659034331E-04 -1.064244246293913E-04
 -5.245331766878361E-04 -5.251303195029846E-04 -5.246474582803956E-04
 -3.147622211314817E-04 -3.151615891862748E-04 -3.149097883887435E-04
 -1.049274630545313E-04 -1.050674548002493E-04 -1.049898627509988E-04
 -5.089545052727665E-04 -5.058926628217190E-04 -5.021294983095764E-04
 -3.055523572128336E-04 -3.037428338933398E-04 -3.015096223527334E-04
 -1.018804955948297E-04 -1.012819381111631E-04 -1.005416675981721E-04
 -4.818392115464355E-04 -4.766145026275197E-04 -4.710066156074548E-04
 -2.893665152136896E-04 -2.862481142449858E-04 -2.828976932525709E-04
 -9.649918327203616E-05 -9.546246755036244E-05 -9.434805792786248E-05
 -4.488327851113237E-04 -4.426036988846732E-04 -4.362136508571323E-04
 -2.696050605412410E-04 -2.658765272712800E-04 -2.620502117437660E-04
 -8.991914975951810E-05 -8.867779865991441E-05 -8.740365103206496E-05
 -4.139851446467772E-04 -4.075012313727816E-04 -4.009835526693385E-04
 -2.487134845368614E-04 -2.448281144385701E-04 -2.409220340497663E-04
 -8.295815010937198E-05 -8.166385777567615E-05 -8.036258581544189E-05
 -3.797113244566684E-04 -3.733643824755001E-04 -3.670386184632121E-04
 -2.281540985593705E-04 -2.243495898945397E-04 -2.205578031911671E-04
 -7.610584498184417E-05 -7.483828330903802E-05 -7.357496450155883E-05
 -3.471368936142814E-04 -3.410724881771848E-04 -3.350416258910004E-04
 -2.086109305975114E-04 -2.049760127084838E-04 -2.013614057184732E-04
 -6.959170232679602E-05 -6.838068216233245E-05 -6.717646344948808E-05
 -3.165828739261309E-04 -3.108180576254763E-04 -3.050824817574745E-04
 -1.902804307233938E-04 -1.868256383578792E-04 -1.833885174806423E-04
 -6.348185466008303E-05 -6.233094021890749E-05 -6.118593823514719E-05
 -2.880062935916502E-04 -2.825203591879944E-04 -2.770597204719277E-04
 -1.731368900349166E-04 -1.698493736366178E-04 -1.665769742934558E-04
 -5.776775112895943E-05 -5.667258953482869E-05 -5.558245785425679E-05
 -2.613022594837797E-04 -2.560887329696287E-04 -2.509044554602194E-04
 -1.571152860287838E-04 -1.539904081704673E-04 -1.508827949383821E-04
 -5.242737236510501E-05 -5.138629253062359E-05 -5.035092103219632E-05
 -2.364504677189860E-04 -2.315336744549465E-04 -2.266581051152666E-04
 -1.422007147585127E-04 -1.392523253207185E-04 -1.363281946827076E-04
 -4.745529587003871E-05 -4.647278962228216E-05 -4.549829108962749E-05
 -2.135365560945567E-04 -2.089636952022195E-04 -2.044478427147921E-04
 -1.284423391148430E-04 -1.256982441258456E-04 -1.229877636634705E-04
 -4.286753580825474E-05 -4.195278511503478E-05 -4.104914121626915E-05
 -1.926977972951377E-04 -1.885192258866123E-04 -1.844117034199604E-04
 -1.159214547240022E-04 -1.134116933983484E-04 -1.109439466971322E-04
 -3.869100776504207E-05 -3.785399511876565E-05 -3.703088487899729E-05
 -1.740422411454096E-04 -1.702909579961600E-04 -1.666184476746347E-04
 -1.047031677428900E-04 -1.024477064707096E-04 -1.002389530235127E-04
 -3.494745458467077E-05 -3.419486191867122E-05 -3.345774551245478E-05
 -1.575795946679700E-04 -1.542575456453000E-04 -1.510134807869200E-04
 -9.479475159923059E-05 -9.279519449778524E-05 -9.084199073239857E-05
 -3.163953777941673E-05 -3.097197144993677E-05 -3.031978272769354E-05
 -1.431870599494283E-04 -1.402619595082746E-04 -1.374061331714238E-04
 -8.612474123644649E-05 -8.436230664722965E-05 -8.264114743780926E-05
 -2.874380163813505E-05 -2.815509869280336E-05 -2.758010522856105E-05
 -1.306176178459506E-04 -1.280301741011872E-04 -1.254982705550725E-04
 -7.854739937140912E-05 -7.698712997642765E-05 -7.546004388682539E-05
 -2.621207836626537E-05 -2.569068915875887E-05 -2.518033676047709E-05
 -1.195442896204449E-04 -1.172226313131394E-04 -1.149418435056934E-04
 -7.186881028460108E-05 -7.046812696962071E-05 -6.909195238557170E-05
 -2.398010877008237E-05 -2.351193115236254E-05 -2.305192011295918E-05
 -1.096239673874591E-04 -1.075002774938611E-04 -1.054057738472973E-04
 -6.588485919467679E-05 -6.460348126144155E-05 -6.333969759707961E-05
 -2.198014849273619E-05 -2.155182443821827E-05 -2.112937832064271E-05
 -1.005603579081242E-04 -9.858459287413492E-05 -9.663191093630453E-05
 -6.041887041080017E-05 -5.922703325303467E-05 -5.804919336601805E-05
 -2.015349210086945E-05 -1.975514446181648E-05 -1.936148677940045E-05
 -9.214808640864139E-05 -9.029512504596241E-05 -8.846538127118731E-05
 -5.534811424281053E-05 -5.423087969564878E-05 -5.312776283662955E-05
 -1.845931552839454E-05 -1.808598817195639E-05 -1.771739774002308E-05
 -8.428778893774097E-05 -8.255681196936162E-05 -8.085420739029130E-05
 -5.061301329648603E-05 -4.956993388479580E-05 -4.854408685530069E-05
 -1.687776948092853E-05 -1.652932134514813E-05 -1.618665218791252E-05
 -7.697207245397756E-05 -7.537949793881291E-05 -7.382300870125109E-05
 -4.620889385495711E-05 -4.524980776579377E-05 -4.431259074075095E-05
 -1.540725879669725E-05 -1.508696776328905E-05 -1.477400290965926E-05
 -7.025090959656215E-05 -6.881992841420450E-05 -6.743249437915102E-05
 -4.216535967237031E-05 -4.130413281025853E-05 -4.046925012262562E-05
 -1.405758971838538E-05 -1.377007005638251E-05 -1.349136804347994E-05
 -6.418959272196417E-05 -6.293979464679571E-05 -6.173842753488821E-05
 -3.852113868239718E-05 -3.776944808842975E-05 -3.704701903303819E-05
 -1.284159781832540E-05 -1.259072927526473E-05 -1.234964873054100E-05
 -5.883193994829478E-05 -5.777177575329123E-05 -5.676101652623373E-05
 -3.530203083901449E-05 -3.466484359058970E-05 -3.405747878841036E-05
 -1.176780136525693E-05 -1.155522241458967E-05 -1.135261451334374E-05
 -5.417716094551427E-05 -5.330055876144465E-05 -5.247020457255331E-05
 -3.250703297964595E-05 -3.198057949652058E-05 -3.148202241095754E-05
 -1.083577728226284E-05 -1.066021016675493E-05 -1.049396672786092E-05
 -5.017297595617869E-05 -4.945996876093721E-05 -4.878660172144988E-05
 -3.010422463729182E-05 -2.967638481147858E-05 -2.927244064233137E-05
 -1.003479230903624E-05 -9.892173402309971E-06 -9.757538510322373E-06
 -4.672256942021046E-05 -4.614279012749837E-05 -4.559379907129957E-05
 -2.803497387480127E-05 -2.768738883300313E-05 -2.735835313041573E-05
 -9.345210764238742E-06 -9.229397004351310E-06 -9.119779205352599E-06
 -4.370015985907769E-05 -4.321770562663259E-05 -4.275629804758066E-05
 -2.622332371766051E-05 -2.593432936701103E-05 -2.565800934689763E-05
 -8.741631009033353E-06 -8.645380307134147E-06 -8.553362139572322E-06
 -4.096956408775121E-05 -4.054791318243558E-05 -4.013789934605131E-05
 -2.458716821147125E-05 -2.433475531026917E-05 -2.408934822328168E-05
 -8.196617275059532E-06 -8.112576921478467E-06 -8.030875742672540E-06
 -3.840138475946809E-05 -3.800750269902058E-05 -3.761711664900621E-05
 -2.304858054854431E-05 -2.281286053072996E-05 -2.257924607359348E-05
 -7.684145130222908E-06 -7.605674127735058E-06 -7.527906246805284E-06
 -3.588629383539834E-05 -3.549353116878798E-05 -3.509799457126970E-05
 -2.154177285838326E-05 -2.130671158451705E-05 -2.106998361905057E-05
 -7.182253086982098E-06 -7.103999254382280E-06 -7.025189405516882E-06
 -3.334348376978937E-05 -3.293319621328210E-05 -3.251601578396817E-05
 -2.001813855397284E-05 -1.977251987734478E-05 -1.952275585786613E-05
 -6.674718614569585E-06 -6.592938335883636E-06 -6.509774622670502E-06
 -3.072435678509535E-05 -3.028634767591826E-05 -2.983947163317498E-05
 -1.844843372233522E-05 -1.818611703033710E-05 -1.791846450308581E-05
 -6.151779788140629E-06 -6.064422501665053E-06 -5.975283962495567E-06
 -2.801199044035687E-05 -2.754394402128151E-05 -2.706695690945177E-05
 -1.682243370696053E-05 -1.654200953051514E-05 -1.625619978835222E-05
 -5.610016873771648E-06 -5.516609509207391E-06 -5.421403423674157E-06
 -2.521711926608863E-05 -2.472323270458978E-05 -2.422180767680000E-05
 -1.514651532457657E-05 -1.485048453602611E-05 -1.454990503700610E-05
 -5.051545140438235E-06 -4.952918485565955E-06 -4.852771328241652E-06
 -2.237153363297185E-05 -2.186060381472010E-05 -2.134448307905195E-05
 -1.343970377963714E-05 -1.313333271725791E-05 -1.282381894789594E-05
 -4.482698347529255E-06 -4.380605915700564E-06 -4.277461232341088E-06
 -1.951998766665414E-05 -1.900325978618664E-05 -1.848408189264581E-05
 -1.172883178049248E-05 -1.141886513097450E-05 -1.110740059340512E-05
 -3.912417488981089E-06 -3.809107102176211E-06 -3.705292778988502E-06
 -1.671185603615989E-05 -1.620096392602592E-05 -1.569026750992800E-05
 -1.004354550288575E-05 -9.736972622506019E-06 -9.430492586622495E-06
 -3.350588125623748E-06 -3.248391053846578E-06 -3.146220833232855E-06
 -1.399376577506896E-05 -1.349906083563430E-05 -1.300674461305643E-05
 -8.411886238570429E-06 -8.114937750704243E-06 -7.819403696542336E-06
 -2.806568084820308E-06 -2.707564467968918E-06 -2.609029186702232E-06
 -1.140418434207996E-05 -1.093365546890927E-05 -1.046706541712011E-05
 -6.857034298930345E-06 -6.574530458825205E-06 -6.294378162204150E-06
 -2.288100666364526E-06 -2.193901718178693E-06 -2.100484645351147E-06
 -8.970496201979984E-06 -8.529347847850305E-06 -8.093021038163731E-06
 -5.395537157229358E-06 -5.130629414149482E-06 -4.868609729119488E-06
 -1.800721098170906E-06 -1.712382089124850E-06 -1.625004940115191E-06
 -6.708559196593401E-06 -6.299375189959217E-06 -5.895334334545864E-06
 -4.037022262902006E-06 -3.791286250699527E-06 -3.548636734041098E-06
 -1.347657321639357E-06 -1.265707693021489E-06 -1.184786985945161E-06
 -4.624244585874095E-06 -4.247558582782224E-06 -3.875957172015369E-06
 -2.785103111242398E-06 -2.558877099948785E-06 -2.335705799140894E-06
 -9.301290121601025E-07 -8.546845516839823E-07 -7.802589815670378E-07
 -2.716153111589721E-06 -2.371196955211790E-06 -2.031081787141634E-06
 -1.638998580496933E-06 -1.431831015408247E-06 -1.227573157103424E-06
 -5.478856161236364E-07 -4.787973838706259E-07 -4.106799060021504E-07
 -9.786233833621069E-07 -6.640375026679972E-07 -3.540236153892508E-07
 -5.953369702417178E-07 -4.064136053400170E-07 -2.202380030433261E-07
 -1.998075021540899E-07 -1.368043504085831E-07 -7.471788424368113E-08
  5.957055809899355E-07  8.813530910458105E-07  1.162627473914589E-06
  3.502995359192610E-07  5.218416114569031E-07  6.907567029085376E-07
  1.155780839861910E-07  1.727844099679910E-07  2.291145515207391E-07
  2.014221693659546E-06  2.272173124349970E-06  2.525853644066924E-06
  1.202359884270314E-06  1.357271880144392E-06  1.509619780868737E-06
  3.997568017074201E-07  4.514176762408308E-07  5.022235898130827E-07
  3.283660661742432E-06  3.514944765931181E-06  3.741991120439011E-06
  1.964904959943316E-06  2.103809254430342E-06  2.240170420403170E-06
  6.540855304449857E-07  7.004092725451383E-07  7.458852227731115E-07
  4.410235724310690E-06  4.615802768915628E-06  4.817151923883957E-06
  2.641676767386645E-06  2.765146277684487E-06  2.886084905670339E-06
  8.798139745492062E-07  9.209920241961959E-07  9.613264212142361E-07
  5.400222514697834E-06  5.581135769862176E-06  5.757894576673342E-06
  3.236445437419389E-06  3.345118159717755E-06  3.451297728351925E-06
  1.078199666195627E-06  1.114444701849580E-06  1.149858606718308E-06
  6.260616966806223E-06  6.418209948295509E-06  6.571793574908910E-06
  3.753404652564109E-06  3.848078701572658E-06  3.940345933357743E-06
  1.250639876136919E-06  1.282217607999684E-06  1.312992868618174E-06
  6.999573564273610E-06  7.135518259337810E-06  7.267690969647410E-06
  4.197438314941896E-06  4.279114074950411E-06  4.358524675894383E-06
  1.398761117070098E-06  1.426004539467176E-06  1.452492582555894E-06
  7.626484994412007E-06  7.742759931872759E-06  7.855578143398251E-06
  4.574172974270955E-06  4.644035122115463E-06  4.711820723058326E-06
  1.524437392701346E-06  1.547740989419222E-06  1.570351986285490E-06
  8.151720505103495E-06  8.250503506124155E-06  8.346193356551249E-06
  4.889824547204251E-06  4.949178457667192E-06  5.006673765762870E-06
  1.629739726580944E-06  1.649538399814286E-06  1.668717087091464E-06
  8.586149661029492E-06  8.669678796252876E-06  8.750493986412061E-06
  5.150914320028332E-06  5.201102832984044E-06  5.249660386591583E-06
  1.716841793552163E-06  1.733583153296563E-06  1.749780427423240E-06
  8.940617518599451E-06  9.011063392971340E-06  9.079164089368436E-06
  5.363953777465385E-06  5.406280297176930E-06  5.447197441694325E-06
  1.787914821425486E-06  1.802033507554851E-06  1.815682023223754E-06
  9.225511555442596E-06  9.284889565025335E-06  9.342266077238160E-06
  5.535183111628141E-06  5.570858455451240E-06  5.605331018979669E-06
  1.845040154674107E-06  1.856940035804863E-06  1.868438675865152E-06
  9.450495520208937E-06  9.500626800214946E-06  9.549071623307458E-06
  5.670409446530392E-06  5.700527919295373E-06  5.729632974601255E-06
  1.890154981033938E-06  1.900201096580073E-06  1.909909148686173E-06
  9.624413453013657E-06  9.666926156835281E-06  9.708042544099256E-06
  5.774947537833886E-06  5.800487379479926E-06  5.825188126187236E-06
  1.925032277660376E-06  1.933550933262079E-06  1.941789672933255E-06
  9.755315432537927E-06  9.791668767723102E-06  9.826897212226916E-06
  5.853634309122738E-06  5.875472018044243E-06  5.896633629413789E-06
  1.951285502246890E-06  1.958569027357290E-06  1.965626992768687E-06
  9.850537944858339E-06  9.882050845787278E-06  9.912696393774729E-06
  5.910876973234021E-06  5.929804582677442E-06  5.948210700837362E-06
  1.970384614981080E-06  1.976697133529465E-06  1.982835641749375E-06
  9.916783152839753E-06  9.944655105311864E-06  9.971905091495105E-06
  5.950701035158203E-06  5.967438754158877E-06  5.983802284389587E-06
  1.983672153018687E-06  1.989253821162717E-06  1.994710591517022E-06
  9.960168275095246E-06  9.985487868613320E-06  1.001041758455892E-05
  5.976780526620723E-06  5.991982003975774E-06  6.006948634340080E-06
  1.992373410323581E-06  1.997442193364118E-06  2.002432540535340E-06
  9.986241185489836E-06  1.000998566101890E-05  1.003355623708299E-05
  5.992447797873881E-06  6.006699926671383E-06  6.020846911069948E-06
  1.997599774205830E-06  2.002351394328126E-06  2.007067832031830E-06
  1.000000898869866E-05  1.002304408799120E-05  1.004610163368836E-05
  6.000710724582063E-06  6.014533587007588E-06  6.028369245777163E-06
  2.000354471867665E-06  2.004962395788826E-06  2.009574473089577E-06
