  7.521579784072915E+00  7.511054667653142E+00  7.500519467651962E+00

 -9.609833713922530E-05 -1.048537796124505E-04 -1.137470251936326E-04
 -5.567368346567484E-05 -6.389071065712810E-05 -7.222492017967540E-05
 -1.576933433791223E-05 -2.349840666778106E-05 -3.132435905496951E-05
 -9.571931760535851E-05 -1.044691720102538E-04 -1.133566799739749E-04
 -5.531130110659605E-05 -6.352365710126108E-05 -7.185299846738046E-05
 -1.542044704431785E-05 -2.314579820801870E-05 -3.096780896828324E-05
 -9.553706195827937E-05 -1.042839261540515E-04 -1.131683617972220E-04
 -5.513411562008004E-05 -6.334402397053512E-05 -7.167081565784974E-05
 -1.524685050012300E-05 -2.297030242208591E-05 -3.079030304209787E-05
 -9.553706195827937E-05 -1.042839261540515E-04 -1.131683617972220E-04
 -5.513411562008004E-05 -6.334402397053512E-05 -7.167081565784974E-05
 -1.524685050012300E-05 -2.297030242208591E-05 -3.079030304209787E-05
 -9.571931760535851E-05 -1.044691720102538E-04 -1.133566799739749E-04
 -5.531130110659605E-05 -6.352365710126108E-05 -7.185299846738046E-05
 -1.542044704431785E-05 -2.314579820801870E-05 -3.096780896828324E-05
 -9.609833713922530E-05 -1.048537796124505E-04 -1.137470251936326E-04
 -5.567368346567484E-05 -6.389071065712810E-05 -7.222492017967540E-05
 -1.576933433791223E-05 -2.349840666778106E-05 -3.132435905496951E-05
 -9.667695790640003E-05 -1.054402611628827E-04 -1.143415826188568E-04
 -5.622402535416304E-05 -6.444773130880797E-05 -7.278890947764137E-05
 -1.629506525418115E-05 -2.402958865098112E-05 -3.186132098176034E-05
 -9.745233073268594E-05 -1.062256568745140E-04 -1.151372846573961E-04
 -5.696122314189518E-05 -6.519352414781914E-05 -7.354368126846486E-05
 -1.699786555798616E-05 -2.473951722577813E-05 -3.257881502910168E-05
 -9.842098850249353E-05 -1.072065642915420E-04 -1.161307949741758E-04
 -5.788318132312289E-05 -6.612602272292383E-05 -7.448719928191473E-05
 -1.787723142216826E-05 -2.562768881823580E-05 -3.347633840287188E-05
 -9.958177047093478E-05 -1.083819220698763E-04 -1.173211493222497E-04
 -5.898897428000011E-05 -6.724437188099545E-05 -7.561867823569468E-05
 -1.893280241702385E-05 -2.669377690715736E-05 -3.455359908152887E-05
 -1.009353948753892E-04 -1.097525099021765E-04 -1.187091848171066E-04
 -6.027894433445495E-05 -6.854897306705272E-05 -7.693857719950401E-05
 -2.016469287710046E-05 -2.793794075511845E-05 -3.581080190328878E-05
 -1.024831063786342E-04 -1.113196005367052E-04 -1.202961982317326E-04
 -6.175394499212419E-05 -7.004072160460588E-05 -7.844783186959531E-05
 -2.157336011286072E-05 -2.936068386414189E-05 -3.724849742376496E-05
 -1.042259741993039E-04 -1.130842837213972E-04 -1.220832956910353E-04
 -6.341482252057712E-05 -7.172050172312450E-05 -8.014736307227693E-05
 -2.315938931886467E-05 -3.096263972628354E-05 -3.886736847288895E-05
 -1.061648792239099E-04 -1.150474650738116E-04 -1.240714026410592E-04
 -6.526233284496159E-05 -7.358911215261665E-05 -8.203801062056664E-05
 -2.492339683567743E-05 -3.274447823642131E-05 -4.066813950515320E-05
 -1.083007043704755E-04 -1.172100548218408E-04 -1.262614506755009E-04
 -6.729724444863500E-05 -7.564736940062801E-05 -8.412063668395269E-05
 -2.686603911909273E-05 -3.470691588927846E-05 -4.265158779677782E-05
 -1.106344469889394E-04 -1.195730762544531E-04 -1.286544820322018E-04
 -6.952042350308556E-05 -7.789619062716221E-05 -8.639620633806507E-05
 -2.898805075194327E-05 -3.685075336249334E-05 -4.481858048620007E-05
 -1.131672352597124E-04 -1.221376804509588E-04 -1.312516626652407E-04
 -7.193285855686272E-05 -8.033661702170441E-05 -8.886580960974917E-05
 -3.129026865153940E-05 -3.917689905959661E-05 -4.717009740242490E-05
 -1.159003107542806E-04 -1.249051284935444E-04 -1.340542640434601E-04
 -7.453565544474803E-05 -8.296980834577784E-05 -9.153065559088650E-05
 -3.377363946355505E-05 -4.168637614981772E-05 -4.970723770460877E-05
 -1.188350132189395E-04 -1.278767757406163E-04 -1.370636468153595E-04
 -7.733002932128319E-05 -8.579703464469956E-05 -9.439206374808551E-05
 -3.643922039175623E-05 -4.438032321078391E-05 -5.243122027311958E-05
 -1.219727728664608E-04 -1.310540630746726E-04 -1.402812509197346E-04
 -8.031730146669545E-05 -8.881967245293564E-05 -9.745145941445887E-05
 -3.928818048202845E-05 -4.725999529442568E-05 -5.534338446029802E-05
 -1.253151059887811E-04 -1.344385111965045E-04 -1.437085884590135E-04
 -8.349889943551520E-05 -9.203920412897211E-05 -1.007103721909897E-04
 -4.232180409872633E-05 -5.032676708170551E-05 -5.844519279163171E-05
 -1.288636107668983E-04 -1.380317149319580E-04 -1.473472364063404E-04
 -8.687635833618914E-05 -9.545721814662356E-05 -1.041704351184122E-04
 -4.554149607401176E-05 -5.358213756876793E-05 -6.173823505175719E-05
 -1.326199618980613E-04 -1.418353361721618E-04 -1.511988277526803E-04
 -9.045132202938934E-05 -9.907540912135123E-05 -1.078333833893008E-04
 -4.894878779057224E-05 -5.702773551408416E-05 -6.522423293640272E-05
 -1.365859034331082E-04 -1.458510948179557E-04 -1.552650404481640E-04
 -9.422554362792051E-05 -1.028955769321665E-04 -1.117010519377946E-04
 -5.254534363555945E-05 -6.066532507156076E-05 -6.890504468603690E-05
 -1.407632393968550E-04 -1.500807572653247E-04 -1.595475836585953E-04
 -9.820088484936457E-05 -1.069196244789842E-04 -1.157753714384953E-04
 -5.633296731299475E-05 -6.449681111099398E-05 -7.278266921588392E-05
 -1.451538218276763E-04 -1.545261221312987E-04 -1.640481810881919E-04
 -1.023793137466281E-04 -1.111495536085571E-04 -1.200583622608003E-04
 -6.031360744611938E-05 -6.852424363830346E-05 -7.685924914328607E-05
 -1.497595359546197E-04 -1.591890029287034E-04 -1.687685510704610E-04
 -1.067629004233548E-04 -1.155874587856452E-04 -1.245521259397980E-04
 -6.448936203110438E-05 -7.274982079068046E-05 -8.113707212246899E-05
 -1.545822820817168E-04 -1.640712072034781E-04 -1.737103829140121E-04
 -1.113538105801912E-04 -1.202355182242113E-04 -1.292588337628496E-04
 -6.886248183570776E-05 -7.717589033215486E-05 -8.561857025702116E-05
 -1.596239539710053E-04 -1.691745118761087E-04 -1.788753092034526E-04
 -1.161542970713643E-04 -1.250959825816351E-04 -1.341807124891388E-04
 -7.343537337744285E-05 -8.180495016863632E-05 -9.030631797524215E-05
 -1.648864137885283E-04 -1.745006348699550E-04 -1.842648741252744E-04
 -1.211666895816483E-04 -1.301711614039217E-04 -1.393200274325558E-04
 -7.821060175663241E-05 -8.663964830108296E-05 -9.520302885038563E-05
 -1.703714634027240E-04 -1.800512029150949E-04 -1.898804977959441E-04
 -1.263933815217641E-04 -1.354634066881127E-04 -1.446790624977242E-04
 -8.319089177702434E-05 -9.168278108260144E-05 -1.003115506391781E-04
 -1.760808108627974E-04 -1.858277146132819E-04 -1.957234359333135E-04
 -1.318368116389041E-04 -1.409750913497524E-04 -1.502600953027172E-04
 -8.837912360983569E-05 -9.693728638909629E-05 -1.056348555717014E-04
 -1.820160301023675E-04 -1.918314970019356E-04 -2.017947333355098E-04
 -1.374994375746586E-04 -1.467085797270501E-04 -1.560653645306168E-04
 -9.377831949385983E-05 -1.024062278046900E-04 -1.111760217952584E-04
 -1.881785123614040E-04 -1.980636538988340E-04 -2.080951693484302E-04
 -1.433837012144159E-04 -1.526661891925518E-04 -1.620970279486895E-04
 -9.939162262642319E-05 -1.080927696366308E-04 -1.169382046410099E-04
 -1.945694102569221E-04 -2.045250063771828E-04 -2.146251951649996E-04
 -1.494919903281875E-04 -1.588501463944611E-04 -1.683571136266644E-04
 -1.052222763902993E-04 -1.140001495345277E-04 -1.229246029945276E-04
 -2.011895786932809E-04 -2.112160290673752E-04 -2.213848660798335E-04
 -1.558266033900436E-04 -1.652625450311408E-04 -1.748474709695787E-04
 -1.112736137462917E-04 -1.201316590115511E-04 -1.291384310208678E-04
 -2.080395169921283E-04 -2.181367871445615E-04 -2.283737737867396E-04
 -1.623897189171070E-04 -1.719053084669920E-04 -1.815697264290484E-04
 -1.175490554184097E-04 -1.264906339426682E-04 -1.355829001857562E-04
 -2.151193106708593E-04 -2.252868742944412E-04 -2.355909806120043E-04
 -1.691833568993688E-04 -1.787801480312726E-04 -1.885252379158419E-04
 -1.240520939244685E-04 -1.330804367871588E-04 -1.422611980729662E-04
 -2.224285613015699E-04 -2.326653422916290E-04 -2.430349486188198E-04
 -1.762093085327511E-04 -1.858884947328729E-04 -1.957150278412720E-04
 -1.307862273355795E-04 -1.399043953537797E-04 -1.491764310018301E-04
 -2.299662882849418E-04 -2.402706062045064E-04 -2.507034484015448E-04
 -1.834690185360632E-04 -1.932313849951156E-04 -2.031396729839735E-04
 -1.377548269150403E-04 -1.469656748111009E-04 -1.563315016026487E-04
 -2.377307982338854E-04 -2.481003170947783E-04 -2.585934364841781E-04
 -1.909634395478679E-04 -2.008093110899643E-04 -2.107991538264457E-04
 -1.449609812940313E-04 -1.542671117081948E-04 -1.637289369679672E-04
 -2.457195463382265E-04 -2.561512201273806E-04 -2.667009130211364E-04
 -1.986929210637521E-04 -2.086220912438567E-04 -2.186927098118282E-04
 -1.524074178491057E-04 -1.618111019134159E-04 -1.713707482461074E-04
 -2.539290396590908E-04 -2.644190446388202E-04 -2.750208017215189E-04
 -2.066572005401787E-04 -2.166688312840915E-04 -2.268187734937133E-04
 -1.600965881638879E-04 -1.695996408872775E-04 -1.792584265732304E-04
 -2.623548214856193E-04 -2.728984718192019E-04 -2.835469017480541E-04
 -2.148554932702369E-04 -2.249479954629086E-04 -2.351750189998794E-04
 -1.680308741193794E-04 -1.776345082652169E-04 -1.873930986108011E-04
 -2.709915106592680E-04 -2.815831713273902E-04 -2.922719184827689E-04
 -2.232865494887598E-04 -2.334574825685836E-04 -2.437584488293914E-04
 -1.762126789169436E-04 -1.859173993448650E-04 -1.957756848051358E-04
 -2.798327799323425E-04 -2.904658085405375E-04 -3.011874937535881E-04
 -2.319484608236016E-04 -2.421944982727161E-04 -2.525653248694436E-04
 -1.846440808558421E-04 -1.944496821456994E-04 -2.044067507930629E-04
 -2.888711229668814E-04 -2.995378710012874E-04 -3.102840883287110E-04
 -2.408380813974498E-04 -2.511550552374706E-04 -2.615907510457702E-04
 -1.933259247153392E-04 -2.032315889869343E-04 -2.132858091393033E-04
 -2.980973612218939E-04 -3.087892325571451E-04 -3.195506090489498E-04
 -2.499502221573019E-04 -2.603331872509125E-04 -2.708279271826148E-04
 -2.022567100687035E-04 -2.122610896426702E-04 -2.224102110783653E-04
 -3.075000761872091E-04 -3.182075867295089E-04 -3.289738603297287E-04
 -2.592771314265197E-04 -2.697203258478148E-04 -2.802674511935592E-04
 -2.114321164391501E-04 -2.215332090767423E-04 -2.317742989054746E-04
 -3.170653789363867E-04 -3.277781250252168E-04 -3.385381519936453E-04
 -2.688088803901178E-04 -2.793054702055819E-04 -2.898972919777448E-04
 -2.208460006143779E-04 -2.310406831940626E-04 -2.413697370657570E-04
 -3.267774222502026E-04 -3.374838935311874E-04 -3.482255088604303E-04
 -2.785348624122002E-04 -2.890764863412308E-04 -2.997038729579897E-04
 -2.304928961851625E-04 -2.407762078101744E-04 -2.511874714652405E-04
 -3.366196732777715E-04 -3.473069536451055E-04 -3.580167008464826E-04
 -2.884457417589642E-04 -2.990220689118129E-04 -3.096739906884944E-04
 -2.403706821043688E-04 -2.507352370987060E-04 -2.612205638443450E-04
 -3.465763065916004E-04 -3.572298477988247E-04 -3.678927350584150E-04
 -2.985343444638259E-04 -3.091329966256042E-04 -3.197963619667307E-04
 -2.504810410858654E-04 -2.609170924866105E-04 -2.714658506043986E-04
 -3.566325518481090E-04 -3.672362793405324E-04 -3.778358157951132E-04
 -3.087938921252823E-04 -3.194010171513991E-04 -3.300611196904669E-04
 -2.608256460974714E-04 -2.713221202194901E-04 -2.819220412632250E-04
 -3.667729312484646E-04 -3.773098581610352E-04 -3.878285769354491E-04
 -3.192130782998339E-04 -3.298145497246151E-04 -3.404561798887038E-04
 -2.713980969092569E-04 -2.819443813360050E-04 -2.925832579661989E-04
 -3.769772684476866E-04 -3.874305433574713E-04 -3.978509966650367E-04
 -3.297694613053371E-04 -3.403522523182731E-04 -3.509611055769608E-04
 -2.821746438997495E-04 -2.927623028275351E-04 -3.034298200852811E-04
 -3.872158040505380E-04 -3.975698149268369E-04 -4.078757207644571E-04
 -3.404243979113161E-04 -3.509773989937225E-04 -3.615410825096345E-04
 -2.931088232601121E-04 -3.037321504028834E-04 -3.144207704451078E-04
 -3.974458818480185E-04 -4.076868729421661E-04 -4.178638848523197E-04
 -3.511229736717641E-04 -3.616366296102935E-04 -3.721445868377691E-04
 -3.041345054361490E-04 -3.147891952648112E-04 -3.254932506049815E-04
 -4.076126133206086E-04 -4.177283927908354E-04 -4.277640216904035E-04
 -3.618005107331769E-04 -3.722651740840368E-04 -3.827072950736055E-04
 -3.151781842519746E-04 -3.258583232285906E-04 -3.365713098679585E-04
 -4.176544061255874E-04 -4.276331222098756E-04 -4.375156922266383E-04
 -3.723939712351238E-04 -3.827975601168091E-04 -3.931619304992572E-04
 -3.261763047938832E-04 -3.368708744848211E-04 -3.475819606570279E-04
 -4.275118838014871E-04 -4.373403344345613E-04 -4.470573445584792E-04
 -3.828537076449402E-04 -3.931797157282888E-04 -4.034504933984149E-04
 -3.370899915510866E-04 -3.477805223372880E-04 -3.584718842322011E-04
 -4.371368061562517E-04 -4.467990437093782E-04 -4.563356615845081E-04
 -3.931503407226883E-04 -4.033771712259166E-04 -4.135336221324513E-04
 -3.479100528126272E-04 -3.585706289081947E-04 -3.692169671632908E-04
 -4.464972973462119E-04 -4.559742053440260E-04 -4.653126171550025E-04
 -4.032736820547370E-04 -4.133756689570205E-04 -4.233928747821401E-04
 -3.586496902346479E-04 -3.692493749672666E-04 -3.798199338158751E-04
 -4.555773002792131E-04 -4.648473781175819E-04 -4.739673366591396E-04
 -4.132244743382420E-04 -4.231741450471232E-04 -4.330250918400455E-04
 -3.693284786476082E-04 -3.798350411747233E-04 -3.902972178783225E-04
 -4.643708716031021E-04 -4.734119046044431E-04 -4.822922591863894E-04
 -4.230031250071408E-04 -4.327737086693253E-04 -4.424318328811863E-04
 -3.799553636877309E-04 -3.903386314100494E-04 -4.006615415614509E-04
 -4.728742308792066E-04 -4.816651531815817E-04 -4.902857177568784E-04
 -4.326006597508604E-04 -4.421678499169208E-04 -4.516090048698403E-04
 -3.905182942051384E-04 -4.007518233050320E-04 -4.109083756656037E-04
 -4.810791598787521E-04 -4.896014228752853E-04 -4.979444651212528E-04
 -4.419953889726218E-04 -4.513378800651448E-04 -4.605411155063956E-04
 -4.009839768459464E-04 -4.110447500594829E-04 -4.210117154896508E-04
 -4.889701844375547E-04 -4.972082827536310E-04 -5.052592026453427E-04
 -4.511554945142417E-04 -4.602544874880916E-04 -4.692017103795549E-04
 -4.113057960170836E-04 -4.211726799216150E-04 -4.309293130640706E-04
 -4.965257985498267E-04 -5.044670534539664E-04 -5.122142669054048E-04
 -4.600449152132985E-04 -4.688832323617897E-04 -4.775583313591868E-04
 -4.214343920203190E-04 -4.310865407236500E-04 -4.406129081164502E-04
 -5.037221088824001E-04 -5.113561105776217E-04 -5.187904994259573E-04
 -4.686290093735332E-04 -4.771904692040402E-04 -4.855785840173985E-04
 -4.313254181713038E-04 -4.407415385206699E-04 -4.500175679680039E-04
 -5.105366227368762E-04 -5.178547588934764E-04 -5.249691304751073E-04
 -4.768776090785908E-04 -4.851469761198643E-04 -4.932343080130836E-04
 -4.409419163932803E-04 -4.501006103129514E-04 -4.591062248173362E-04
 -5.169505486170768E-04 -5.239458483602777E-04 -5.307346836170030E-04
 -4.847651596731388E-04 -4.927285723660958E-04 -5.005027129371797E-04
 -4.502522920918473E-04 -4.591330581590124E-04 -4.678490764660605E-04
 -5.229492545913167E-04 -5.296165212605424E-04 -5.360760322124374E-04
 -4.922692549011680E-04 -4.999147999728805E-04 -5.073652734607130E-04
 -4.592268724225384E-04 -4.678111264500185E-04 -4.762202974269588E-04
 -5.285215714789424E-04 -5.348576206152885E-04 -5.409859538361144E-04
 -4.993692487358792E-04 -5.066873754861920E-04 -5.138060668509110E-04
 -4.678357604825399E-04 -4.761074377846050E-04 -4.841951088808622E-04
 -5.336589369871102E-04 -5.396627543176868E-04 -5.454601460034037E-04
 -5.060459161582092E-04 -5.130295731612397E-04 -5.198108836295226E-04
 -4.760489710352934E-04 -4.839946546113730E-04 -4.917489453010238E-04
 -5.383550228563009E-04 -5.440277594836380E-04 -5.494965366058457E-04
 -5.122821143011093E-04 -5.189266779273116E-04 -5.253674486053843E-04
 -4.838381240645748E-04 -4.914469189431402E-04 -4.988585833530842E-04
 -5.426059051135864E-04 -5.479507377481403E-04 -5.530951754621226E-04
 -5.180637807254585E-04 -5.243669180868155E-04 -5.304662612731699E-04
 -4.911783013527761E-04 -4.984417147469526E-04 -5.055039641500640E-04
 -5.464104527350493E-04 -5.514323876358435E-04 -5.562584979544427E-04
 -5.233806275309421E-04 -5.293421930620124E-04 -5.351013461143929E-04
 -4.980490891398647E-04 -5.049610390193633E-04 -5.116694817125971E-04
 -5.497705785570273E-04 -5.544762618141841E-04 -5.589915834994108E-04
 -5.282262992964754E-04 -5.338482763494221E-04 -5.392705071558417E-04
 -5.044346843240851E-04 -5.109915974125029E-04 -5.173442854006705E-04
 -5.526911991694405E-04 -5.570887501874514E-04 -5.613021661555463E-04
 -5.325981526557836E-04 -5.378845935991588E-04 -5.429751190465366E-04
 -5.103235295913591E-04 -5.165244173773828E-04 -5.225218951909550E-04
 -5.551799669557119E-04 -5.592788179881865E-04 -5.632003878076728E-04
 -5.364969431220599E-04 -5.414538600980107E-04 -5.462197269137590E-04
 -5.157079901855809E-04 -5.215544216594285E-04 -5.271996858577202E-04
 -5.572469244545311E-04 -5.610576440840620E-04 -5.646984283843888E-04
 -5.399265939246527E-04 -5.445617861670128E-04 -5.490116930924388E-04
 -5.205842770735861E-04 -5.260802396854908E-04 -5.313785876470217E-04
 -5.589041877029182E-04 -5.624382812451064E-04 -5.658101472561928E-04
 -5.428940460882070E-04 -5.472168818025555E-04 -5.513609566053218E-04
 -5.249525093188147E-04 -5.301041998332857E-04 -5.350630041789631E-04
 -5.601656766389353E-04 -5.634353728356461E-04 -5.665507875132785E-04
 -5.454090962151213E-04 -5.494302766993145E-04 -5.532798357377963E-04
 -5.288167070150617E-04 -5.336322977465621E-04 -5.382607548967701E-04
 -5.610468563146952E-04 -5.640648955791366E-04 -5.669367208962523E-04
 -5.474841475950768E-04 -5.512154717901147E-04 -5.547827828142749E-04
 -5.321845973717618E-04 -5.366739986624372E-04 -5.409828782341045E-04
 -5.615644544195891E-04 -5.643438897043265E-04 -5.669851919051812E-04
 -5.491338698642733E-04 -5.525880040406568E-04 -5.558860588539113E-04
 -5.350672554735742E-04 -5.392418723606680E-04 -5.432432686956549E-04
 -5.617361514818563E-04 -5.642901657303516E-04 -5.667140431676537E-04
 -5.503748111694582E-04 -5.535650622574519E-04 -5.566073577028425E-04
 -5.374786701719552E-04 -5.413511457943415E-04 -5.450582236160043E-04
 -5.615802645510615E-04 -5.639220046036169E-04 -5.661414338527666E-04
 -5.512250091419820E-04 -5.541651021602855E-04 -5.569654284681850E-04
 -5.394353072435433E-04 -5.430192536827730E-04 -5.464459860423548E-04
 -5.611154481470304E-04 -5.632578749024983E-04 -5.652855741268683E-04
 -5.517036222245569E-04 -5.544074867211448E-04 -5.569797266290065E-04
 -5.409556895648385E-04 -5.442654161481381E-04 -5.474263225847693E-04
 -5.603604250038085E-04 -5.623161811999207E-04 -5.641644912474069E-04
 -5.518305812894901E-04 -5.543121536242236E-04 -5.566700982453411E-04
 -5.420599817207996E-04 -5.451102334132941E-04 -5.480201301938989E-04
 -5.593337478084959E-04 -5.611150455022052E-04 -5.627958302641194E-04
 -5.516262568899189E-04 -5.538993036495430E-04 -5.560564900937000E-04
 -5.427695684777259E-04 -5.455752834070968E-04 -5.482490549076826E-04
 -5.580535893138013E-04 -5.596721183663509E-04 -5.611966854732838E-04
 -5.511111443351055E-04 -5.531891093054902E-04 -5.551586822796859E-04
 -5.431066343932528E-04 -5.456827246486251E-04 -5.481351198886276E-04
 -5.565375601920111E-04 -5.580044176512105E-04 -5.593834592893105E-04
 -5.503055752044048E-04 -5.522014502760524E-04 -5.539960476617433E-04
 -5.430937631834919E-04 -5.454549203417501E-04 -5.477003754852677E-04
 -5.548025564913341E-04 -5.561281957029009E-04 -5.573717482391295E-04
 -5.492294638972171E-04 -5.509556835767302E-04 -5.525873451470891E-04
 -5.427535732908756E-04 -5.449140997664707E-04 -5.469665867808244E-04
 -5.528646386299441E-04 -5.540588364842919E-04 -5.551762571328444E-04
 -5.479020934388761E-04 -5.494704525489016E-04 -5.509505509502993E-04
 -5.421083972730549E-04 -5.440820648058910E-04 -5.459549668114854E-04
 -5.507389419472603E-04 -5.518107826193833E-04 -5.528107413687864E-04
 -5.463419405087663E-04 -5.477635344024667E-04 -5.491027274413159E-04
 -5.411800059238052E-04 -5.429799420250525E-04 -5.446859556725404E-04
 -5.484396168585046E-04 -5.493974903618107E-04 -5.502879754285374E-04
 -5.445665378612172E-04 -5.458517239029711E-04 -5.470599267546867E-04
 -5.399893762840417E-04 -5.416279782829930E-04 -5.431790425326109E-04
 -5.459797957903594E-04 -5.468314095114121E-04 -5.476197445041848E-04
 -5.425923722967529E-04 -5.437507507491267E-04 -5.448371261672898E-04
 -5.385565034106605E-04 -5.400453785787733E-04 -5.414526281695177E-04
 -5.433715839714659E-04 -5.441239852129158E-04 -5.448168560928592E-04
 -5.404348163692355E-04 -5.414752284507027E-04 -5.424481927101120E-04
 -5.369002558608495E-04 -5.382501853920957E-04 -5.395239266168179E-04
 -5.406260712887235E-04 -5.412856787971822E-04 -5.418891686855718E-04
 -5.381080915084928E-04 -5.390386322573654E-04 -5.399058744674629E-04
 -5.350382735751335E-04 -5.362591979198164E-04 -5.374089040898467E-04
 -5.377533623572920E-04 -5.383260048700926E-04 -5.388456348196865E-04
 -5.356252594437698E-04 -5.364533030373666E-04 -5.372218155151147E-04
 -5.329869051939530E-04 -5.340879281387943E-04 -5.351222520949117E-04
 -5.347626217883984E-04 -5.352535817613650E-04 -5.356943557500599E-04
 -5.329982382665948E-04 -5.337304734969517E-04 -5.344065909791443E-04
 -5.307611807753126E-04 -5.317505895852256E-04 -5.326773906069702E-04
 -5.316621315736949E-04 -5.320761923966216E-04 -5.324426449610345E-04
 -5.302378392975581E-04 -5.308803129753063E-04 -5.314697585522737E-04
 -5.283748154887948E-04 -5.292601143834469E-04 -5.300864968582295E-04
 -5.284593576102716E-04 -5.288008527813959E-04 -5.290970978738854E-04
 -5.273538210008662E-04 -5.279119871801180E-04 -5.284199229654667E-04
 -5.258402398495993E-04 -5.266281941204075E-04 -5.273605553959253E-04
 -5.251610225841791E-04 -5.254338854749595E-04 -5.256636652921418E-04
 -5.243549563602471E-04 -5.248337294263145E-04 -5.252648101356506E-04
 -5.231686521250999E-04 -5.238653403127926E-04 -5.245094252889584E-04
 -5.217731826771068E-04 -5.219809956886338E-04 -5.221477283866376E-04
 -5.212491103450492E-04 -5.216529201902249E-04 -5.220113479875179E-04
 -5.203700886761144E-04 -5.209809604082451E-04 -5.215419206127715E-04
 -5.183013058655697E-04 -5.184473479645429E-04 -5.185541733551905E-04
 -5.180433243354237E-04 -5.183761720668092E-04 -5.186657512508551E-04
 -5.174535081456320E-04 -5.179834454667415E-04 -5.184659005940240E-04
 -5.147503498489059E-04 -5.148376416444756E-04 -5.148874641323792E-04
 -5.147439046095847E-04 -5.150094174531106E-04 -5.152336077721649E-04
 -5.144268855648565E-04 -5.148802658512223E-04 -5.152883660052876E-04
 -5.111248378770914E-04 -5.111561835800322E-04 -5.111517117724307E-04
 -5.113565122434537E-04 -5.115579965273657E-04 -5.117199641262884E-04
 -5.112973126936230E-04 -5.116780715004194E-04 -5.120155586397730E-04
 -5.074289310027664E-04 -5.074069567765434E-04 -5.073507393587069E-04
 -5.078862521096405E-04 -5.080267434104429E-04 -5.081294086082635E-04
 -5.080711013202672E-04 -5.083827937392715E-04 -5.086530610490333E-04
 -5.036664955842463E-04 -5.035936839365858E-04 -5.034881415359570E-04
 -5.043377590820009E-04 -5.044200687963372E-04 -5.044661500613017E-04
 -5.047538867661582E-04 -5.049997460911959E-04 -5.052058942163199E-04
 -4.998411651357606E-04 -4.997198851334079E-04 -4.995673380200068E-04
 -5.007152799004905E-04 -5.007420376865948E-04 -5.007340913434068E-04
 -5.013507292804488E-04 -5.015337220116847E-04 -5.016786112996667E-04
 -4.959563958833699E-04 -4.957889290874806E-04 -4.955916206639465E-04
 -4.970227494399443E-04 -4.969964411474189E-04 -4.969368965149109E-04
 -4.978662113240180E-04 -4.979890877801154E-04 -4.980753859106952E-04
 -4.920155155920014E-04 -4.918040777279847E-04 -4.915641938673227E-04
 -4.932638603638206E-04 -4.931868612349455E-04 -4.930780510466259E-04
 -4.943045290197584E-04 -4.943698690433021E-04 -4.944000936264237E-04
 -4.880217654232209E-04 -4.877685238952503E-04 -4.874882082744957E-04
 -4.894421254159554E-04 -4.893167284702278E-04 -4.891609145522170E-04
 -4.906695763992124E-04 -4.906798298089147E-04 -4.906563856942223E-04
 -4.839783347371313E-04 -4.836854221733779E-04 -4.833667878201324E-04
 -4.855609318795380E-04 -4.853893715012782E-04 -4.851887657805587E-04
 -4.869650214815434E-04 -4.869225430699535E-04 -4.868477542452189E-04
 -4.798883889431279E-04 -4.795579130178897E-04 -4.792030503405908E-04
 -4.816235880025408E-04 -4.814080588509632E-04 -4.811648398542938E-04
 -4.831943735780054E-04 -4.831014525959449E-04 -4.829775886777859E-04
 -4.757550906674547E-04 -4.753891405036247E-04 -4.750001221229400E-04
 -4.776333613763104E-04 -4.773760328321043E-04 -4.770923579229029E-04
 -4.793610414487116E-04 -4.792199256550383E-04 -4.790492231014618E-04
 -4.715816146046472E-04 -4.711822640986849E-04 -4.707611468328211E-04
 -4.735935094019008E-04 -4.732965358393988E-04 -4.729745495068116E-04
 -4.754683821233704E-04 -4.752812965944427E-04 -4.750659748782151E-04
 -4.673711565136489E-04 -4.669404649586817E-04 -4.664892893409774E-04
 -4.695073021297547E-04 -4.691728293614152E-04 -4.688146679268370E-04
 -4.715197404195087E-04 -4.712889013977387E-04 -4.710311744570958E-04
 -4.631269369026618E-04 -4.626669473043903E-04 -4.621877350263197E-04
 -4.653780379129183E-04 -4.650082061945570E-04 -4.646159993364129E-04
 -4.675184794301777E-04 -4.672461035608264E-04 -4.669481869032344E-04
 -4.588522000122097E-04 -4.583649354959241E-04 -4.578596851671249E-04
 -4.612090524373063E-04 -4.608059964547756E-04 -4.603818659757323E-04
 -4.634680024345277E-04 -4.631563118023052E-04 -4.628204256902814E-04
 -4.545502087463206E-04 -4.540376674547426E-04 -4.535083490692849E-04
 -4.570037217625062E-04 -4.565695680461199E-04 -4.561156243267765E-04
 -4.593717667841649E-04 -4.590229902182647E-04 -4.586513594154034E-04
 -4.502242362392820E-04 -4.496883851152351E-04 -4.491369336025746E-04
 -4.527654600614114E-04 -4.523023222881768E-04 -4.518206588814282E-04
 -4.552332904140222E-04 -4.548496615651724E-04 -4.544445121500477E-04
 -4.458775547239056E-04 -4.453203225510203E-04 -4.447486307653997E-04
 -4.484977128032518E-04 -4.480076854385921E-04 -4.475003722442536E-04
 -4.510561517533859E-04 -4.506399044536408E-04 -4.502034582118541E-04
 -4.415134223773331E-04 -4.409366924262905E-04 -4.403466039042847E-04
 -4.442039461842454E-04 -4.436890969000287E-04 -4.431581723413998E-04
 -4.468439839274105E-04 -4.463973453480122E-04 -4.459318122472832E-04
 -4.371350688120164E-04 -4.365406714093433E-04 -4.359339731893050E-04
 -4.398876336096475E-04 -4.393499949012830E-04 -4.387974575045589E-04
 -4.426004641621122E-04 -4.421256462897365E-04 -4.416332155404970E-04
 -4.327456798323544E-04 -4.321353851364563E-04 -4.315138008994887E-04
 -4.355522399853715E-04 -4.349938003901916E-04 -4.344216001449932E-04
 -4.383292992735188E-04 -4.378284892189269E-04 -4.373113194139343E-04
 -4.283483820215121E-04 -4.277238932516279E-04 -4.270890770063803E-04
 -4.312012045456314E-04 -4.306238998273705E-04 -4.300339296687762E-04
 -4.340342081083275E-04 -4.335095577320167E-04 -4.329697665270716E-04
 -4.239462276491079E-04 -4.233091749736485E-04 -4.226627054672798E-04
 -4.268379229165804E-04 -4.262436275338207E-04 -4.256377152386186E-04
 -4.297189018408757E-04 -4.291725171299249E-04 -4.286121708751369E-04
 -4.195421803533830E-04 -4.188941155989438E-04 -4.182374915940539E-04
 -4.224657290953789E-04 -4.218562482225887E-04 -4.212361489622872E-04
 -4.253870630407221E-04 -4.248209936235609E-04 -4.242420973015068E-04
 -4.151391019936795E-04 -4.144814942891865E-04 -4.138161307980894E-04
 -4.180878779569600E-04 -4.174649402867500E-04 -4.168323300348274E-04
 -4.210423243389849E-04 -4.204585534891253E-04 -4.198630412760724E-04
 -4.107397409677594E-04 -4.100739734034634E-04 -4.094011989395980E-04
 -4.137075287641239E-04 -4.130727802769287E-04 -4.124292502309030E-04
 -4.166882473757384E-04 -4.160886828134367E-04 -4.154784095397851E-04
 -4.063467222286519E-04 -4.056740895741641E-04 -4.049951444471740E-04
 -4.093277300793669E-04 -4.086827289173022E-04 -4.080297810485903E-04
 -4.123283026159815E-04 -4.117147683542159E-04 -4.110915020824110E-04
 -4.019625391409135E-04 -4.012842466286053E-04 -4.006002822735350E-04
 -4.049514064145183E-04 -4.042976189419914E-04 -4.036366627341212E-04
 -4.079658505850483E-04 -4.073400799962109E-04 -4.067054958635058E-04
 -3.975895472566733E-04 -3.969067104000733E-04 -3.962187896986681E-04
 -4.005813468897450E-04 -3.999201449721191E-04 -3.992524953592069E-04
 -4.036041250202509E-04 -4.029677552364138E-04 -4.023234306484280E-04
 -3.932299600503537E-04 -3.925436054413996E-04 -3.918527039706800E-04
 -3.962201960896673E-04 -3.955528555904696E-04 -3.948797320768856E-04
 -3.992462183122815E-04 -3.986007860320686E-04 -3.979481972512673E-04
 -3.888858465813774E-04 -3.881969135921117E-04 -3.875039217164271E-04
 -3.918704471849785E-04 -3.911981476507034E-04 -3.905206745668930E-04
 -3.948950694404041E-04 -3.942420081756219E-04 -3.935825283141906E-04
 -3.845591309949980E-04 -3.838684742896598E-04 -3.831741999985167E-04
 -3.875344373035761E-04 -3.868582627716953E-04 -3.861774705912066E-04
 -3.905534544855185E-04 -3.898940932298307E-04 -3.892289916134284E-04
 -3.802515937156493E-04 -3.795599864676604E-04 -3.788651588517796E-04
 -3.832143450836435E-04 -3.825352859202651E-04 -3.818521135375754E-04
 -3.862239797676436E-04 -3.855595430186160E-04 -3.848899858405629E-04
 -3.759648741692207E-04 -3.752730118688500E-04 -3.745782851214799E-04
 -3.789121903186842E-04 -3.782311459675075E-04 -3.775464438149647E-04
 -3.819090776228429E-04 -3.812406866512720E-04 -3.805677387987294E-04
 -3.717004748633540E-04 -3.710089795958822E-04 -3.703149374208757E-04
 -3.746298355532788E-04 -3.739476180709847E-04 -3.732621519453281E-04
 -3.776110047365310E-04 -3.769396799808367E-04 -3.762643079015717E-04
 -3.674597666268768E-04 -3.667691917018871E-04 -3.660763520124343E-04
 -3.703689894226430E-04 -3.696863276689680E-04 -3.690007831366992E-04
 -3.733318428338613E-04 -3.726585072870307E-04 -3.719815827593063E-04
 -3.632439947905008E-04 -3.625548296101556E-04 -3.618636494115721E-04
 -3.661312114843219E-04 -3.654487558341350E-04 -3.647637430863488E-04
 -3.690735014665564E-04 -3.683989849076584E-04 -3.677212895670753E-04
 -3.590542860951474E-04 -3.583669611589711E-04 -3.576778415186993E-04
 -3.619179183016946E-04 -3.612362457440173E-04 -3.605523047713969E-04
 -3.648377226457841E-04 -3.641627665525659E-04 -3.634849970163995E-04
 -3.548916561224455E-04 -3.542065480662122E-04 -3.535198390755472E-04
 -3.577303905576646E-04 -3.570500100447700E-04 -3.563676160020849E-04
 -3.606260870846111E-04 -3.599513500587832E-04 -3.592741234831179E-04
 -3.507570170601186E-04 -3.500744536407793E-04 -3.493904592875566E-04
 -3.535697809662500E-04 -3.528911388926994E-04 -3.522107075377900E-04
 -3.564400217838852E-04 -3.557660853348890E-04 -3.550899452549651E-04
 -3.466511856270299E-04 -3.459714505798557E-04 -3.452904334652740E-04
 -3.494371227314399E-04 -3.487606084367763E-04 -3.480825015463928E-04
 -3.522808086428786E-04 -3.516081831928848E-04 -3.509336055163626E-04
 -3.425748910050428E-04 -3.418982287109087E-04 -3.412204145535921E-04
 -3.453333383255733E-04 -3.446592895265071E-04 -3.439838202026253E-04
 -3.481495937845461E-04 -3.474787247640381E-04 -3.468061237976689E-04
 -3.385287826242259E-04 -3.378554025369497E-04 -3.371809844223269E-04
 -3.412592483819467E-04 -3.405879564503947E-04 -3.399153942417271E-04
 -3.440473973345494E-04 -3.433786712476290E-04 -3.427084056453523E-04
 -3.345134376887083E-04 -3.338435184846730E-04 -3.331726608273808E-04
 -3.372155805378437E-04 -3.365472955528771E-04 -3.358778713279669E-04
 -3.399751234381419E-04 -3.393088737888200E-04 -3.386412523228547E-04
 -3.305293683562618E-04 -3.298630617769352E-04 -3.291959039718640E-04
 -3.332029780876717E-04 -3.325379136073161E-04 -3.318718241312045E-04
 -3.359335703096276E-04 -3.352700833038133E-04 -3.346053703803824E-04
 -3.265770284936599E-04 -3.259144628664666E-04 -3.252511226184528E-04
 -3.292220083066701E-04 -3.285603458231774E-04 -3.278977580075356E-04
 -3.319234401086382E-04 -3.312629600698365E-04 -3.306013809357146E-04
 -3.226568199582518E-04 -3.219981033899711E-04 -3.213386797204053E-04
 -3.252731703346134E-04 -3.246150633878684E-04 -3.239561181959870E-04
 -3.279453484633068E-04 -3.272880829121993E-04 -3.266298285118660E-04
 -3.187690983699888E-04 -3.181143216123822E-04 -3.174588975453958E-04
 -3.213569025526305E-04 -3.207024804834412E-04 -3.200472964769860E-04
 -3.239998335247830E-04 -3.233459578823117E-04 -3.226911893326912E-04
 -3.149141783550694E-04 -3.142634173516285E-04 -3.136120622913949E-04
 -3.174735894061510E-04 -3.168229607434988E-04 -3.161716372688618E-04
 -3.200873644793059E-04 -3.194370263669375E-04 -3.187858790293948E-04
 -3.110923382612072E-04 -3.104456563873883E-04 -3.097984282007999E-04
 -3.136235676471579E-04 -3.129768231331632E-04 -3.123294431543795E-04
 -3.162083494520393E-04 -3.155616725817883E-04 -3.149142597274302E-04
 -3.073038243626470E-04 -3.066612743775982E-04 -3.060182212006156E-04
 -3.098071319818110E-04 -3.091643472472503E-04 -3.085209798406304E-04
 -3.123631427476808E-04 -3.117202304057316E-04 -3.110766464826252E-04
 -3.035488545654307E-04 -3.029104802952191E-04 -3.022716420842147E-04
 -3.060245401135699E-04 -3.053857780216421E-04 -3.047464805516776E-04
 -3.085520513926357E-04 -3.079129895283156E-04 -3.072733130460710E-04
 -2.998276216350885E-04 -2.991934594109985E-04 -2.985588692637530E-04
 -3.022760172022393E-04 -3.016413298798850E-04 -3.010061498777387E-04
 -3.047753409887836E-04 -3.041402009227587E-04 -3.035044969713304E-04
 -2.961402959947259E-04 -2.955103758719276E-04 -2.948800611416227E-04
 -2.985617597791890E-04 -2.979311903593025E-04 -2.973001671275367E-04
 -3.010332409117231E-04 -3.004020816831906E-04 -2.997704041065446E-04
 -2.924870281297630E-04 -2.918613749053823E-04 -2.912353581272150E-04
 -2.948819391566526E-04 -2.942555232573926E-04 -2.936286892257172E-04
 -2.973259488806597E-04 -2.966988192632558E-04 -2.960712125175530E-04
 -2.888679506287532E-04 -2.882465846857266E-04 -2.876248843416767E-04
 -2.912367043566998E-04 -2.906144713260344E-04 -2.899918531871711E-04
 -2.936536349251762E-04 -2.930305751429539E-04 -2.924070758711686E-04
 -2.852831799119917E-04 -2.846661179127985E-04 -2.840487490573143E-04
 -2.876261846068983E-04 -2.870081585603636E-04 -2.863897782135231E-04
 -2.900164447905919E-04 -2.893974879637318E-04 -2.887781263173717E-04
 -2.817328176721493E-04 -2.811200731219124E-04 -2.805070478880132E-04
 -2.840504914459816E-04 -2.834366921213349E-04 -2.828225674458510E-04
 -2.864145028373016E-04 -2.857996761861648E-04 -2.851844769211461E-04
 -2.782169520670577E-04 -2.776085357654882E-04 -2.769998637686854E-04
 -2.805097204877641E-04 -2.799001639400211E-04 -2.792903094214605E-04
 -2.828479144943053E-04 -2.822372403288996E-04 -2.816262237021135E-04
 -2.747356587041629E-04 -2.741315791034620E-04 -2.735272677599550E-04
 -2.770039528872336E-04 -2.763986520488054E-04 -2.757930792808074E-04
 -2.793167683128064E-04 -2.787102648392578E-04 -2.781034473354658E-04
 -2.712890014449166E-04 -2.706892649321981E-04 -2.700893197092585E-04
 -2.735332565448528E-04 -2.729322216735209E-04 -2.723309397574960E-04
 -2.758211376630080E-04 -2.752188196362332E-04 -2.746162145535638E-04
 -2.678770330799092E-04 -2.672816441961253E-04 -2.666860688045948E-04
 -2.700976871071893E-04 -2.695009261394183E-04 -2.689039419984426E-04
 -2.723610821323860E-04 -2.717629613770991E-04 -2.711645792923416E-04
 -2.644997958954237E-04 -2.639087575027774E-04 -2.633175540438796E-04
 -2.666972888019424E-04 -2.661048076275242E-04 -2.655121262488988E-04
 -2.689366486850817E-04 -2.683427345045373E-04 -2.677485836368744E-04
 -2.611573221585850E-04 -2.605706355690107E-04 -2.599838046470692E-04
 -2.633320951388497E-04 -2.627438978118615E-04 -2.621555224327675E-04
 -2.655478726310932E-04 -2.649581721240218E-04 -2.643682586150018E-04
 -2.578496345225660E-04 -2.572672995945432E-04 -2.566848404010721E-04
 -2.600021294806043E-04 -2.594182183807295E-04 -2.588341506293236E-04
 -2.621947784209796E-04 -2.616092967256184E-04 -2.610236248536284E-04
 -2.545767463281467E-04 -2.539987615393847E-04 -2.534206719165738E-04
 -2.567074054744987E-04 -2.561277814287997E-04 -2.555480214302516E-04
 -2.588773802656846E-04 -2.582961207467282E-04 -2.577146930903465E-04
 -2.513386618161215E-04 -2.507650243191876E-04 -2.501913008085799E-04
 -2.534479273570690E-04 -2.528725897326708E-04 -2.522971361901819E-04
 -2.555956825911534E-04 -2.550186469815266E-04 -2.544414645435066E-04
 -2.481353762903797E-04 -2.475660819554768E-04 -2.469967198358776E-04
 -2.502236901923982E-04 -2.496526369659571E-04 -2.490814872215851E-04
 -2.523496803817573E-04 -2.517768688877748E-04 -2.512039311869118E-04
 -2.449668763122481E-04 -2.444019197603331E-04 -2.438369130776792E-04
 -2.470346801365909E-04 -2.464679079447662E-04 -2.459010580236833E-04
 -2.491393594942979E-04 -2.485707708719182E-04 -2.480020760091855E-04
 -2.418331400057140E-04 -2.412725146349075E-04 -2.407118562262968E-04
 -2.438808747945013E-04 -2.433183789727446E-04 -2.427558236173246E-04
 -2.459646970152232E-04 -2.454003286267615E-04 -2.448358733344677E-04
 -2.387341374712621E-04 -2.381778354794919E-04 -2.376215169944036E-04
 -2.407622436644530E-04 -2.402040182782836E-04 -2.396457509763817E-04
 -2.428256616930317E-04 -2.422655095512624E-04 -2.417052892317722E-04
 -2.356698311959833E-04 -2.351178436017434E-04 -2.345658555224913E-04
 -2.376787485582965E-04 -2.371247864289571E-04 -2.365707994380010E-04
 -2.397222143861696E-04 -2.391662731886712E-04 -2.386102819455198E-04
 -2.326401762819523E-04 -2.320924929462131E-04 -2.315448246093541E-04
 -2.346303438156676E-04 -2.340806365443227E-04 -2.335309209141921E-04
 -2.366543083856270E-04 -2.361025715421162E-04 -2.355508022054893E-04
 -2.296451203531768E-04 -2.291017300030709E-04 -2.285583696228281E-04
 -2.316169761890439E-04 -2.310715141805936E-04 -2.305260597771386E-04
 -2.336218894669522E-04 -2.330743491239556E-04 -2.325267932740117E-04
 -2.266846031885107E-04 -2.261454934403913E-04 -2.256064281323094E-04
 -2.286385844766243E-04 -2.280973569625395E-04 -2.275561524902760E-04
 -2.306248956564521E-04 -2.300815427213979E-04 -2.295381907115684E-04
 -2.237585564041416E-04 -2.232237137868211E-04 -2.226889295910464E-04
 -2.256950992414870E-04 -2.251580943026135E-04 -2.246211273275165E-04
 -2.276632569312351E-04 -2.271240810959583E-04 -2.265849220762311E-04
 -2.208669036464360E-04 -2.203363136233921E-04 -2.198057955270368E-04
 -2.227864430817404E-04 -2.222536476701106E-04 -2.217209046414283E-04
 -2.247368952556605E-04 -2.242018850185845E-04 -2.236669069578402E-04
 -2.180095616054184E-04 -2.174832085959423E-04 -2.169569405543815E-04
 -2.199125317260814E-04 -2.193839316844471E-04 -2.188553979548023E-04
 -2.218457253034580E-04 -2.213148679892223E-04 -2.207840576952509E-04
 -2.151864416877107E-04 -2.146643090871670E-04 -2.141422740448977E-04
 -2.170732757353484E-04 -2.165488558167119E-04 -2.160245156620568E-04
 -2.189896558585297E-04 -2.184629376374042E-04 -2.179362807767346E-04
 -2.123974516136602E-04 -2.118795218180337E-04 -2.113617017335432E-04
 -2.142685820260218E-04 -2.137483259178121E-04 -2.132281625620904E-04
 -2.161685913742002E-04 -2.156459972846899E-04 -2.151234784056375E-04
 -2.096424959106432E-04 -2.091287503475584E-04 -2.086151262245495E-04
 -2.114983541971405E-04 -2.109822445515912E-04 -2.104662401975557E-04
 -2.133824328154813E-04 -2.128639467915509E-04 -2.123455493520936E-04
 -2.069214745960522E-04 -2.064118937599772E-04 -2.059024456828752E-04
 -2.087624910496983E-04 -2.082505095174902E-04 -2.077386453806093E-04
 -2.106310770433710E-04 -2.101166819454072E-04 -2.096023883445477E-04
 -2.042342803040330E-04 -2.037288437910379E-04 -2.032235509597057E-04
 -2.060608836830366E-04 -2.055530109468625E-04 -2.050452672890274E-04
 -2.079144147099757E-04 -2.074040923568735E-04 -2.068938839670937E-04
 -2.015807952656966E-04 -2.010794818042048E-04 -2.005783225638894E-04
 -2.033934126730618E-04 -2.028896284782778E-04 -2.023859846378292E-04
 -2.052323276415143E-04 -2.047260588413960E-04 -2.042199160392220E-04
 -1.989608901905966E-04 -1.984636776630551E-04 -1.979666295254766E-04
 -2.007599473555574E-04 -2.002602305326332E-04 -1.997606649461277E-04
 -2.025846873903937E-04 -2.020824519672148E-04 -2.015803541590877E-04
 -1.963744266126494E-04 -1.958812920685833E-04 -1.953883317246974E-04
 -1.981603485867914E-04 -1.976646770671619E-04 -1.971691672849630E-04
 -1.999713564678158E-04 -1.994731332833575E-04 -1.989750589272649E-04
 -1.938212626242844E-04 -1.933321822917406E-04 -1.928432856229159E-04
 -1.955944746449675E-04 -1.951028254763573E-04 -1.946113481778871E-04
 -1.973921925878183E-04 -1.968979595614320E-04 -1.964038861865955E-04
 -1.913012598572827E-04 -1.908162091605094E-04 -1.903313512566351E-04
 -1.930621879766612E-04 -1.925745373442587E-04 -1.920870683597323E-04
 -1.948470545474860E-04 -1.943567886785623E-04 -1.938666929083677E-04
 -1.888142883298965E-04 -1.883332419203245E-04 -1.878523971116824E-04
 -1.905633595116363E-04 -1.900796827697524E-04 -1.895961971128616E-04
 -1.923358071307938E-04 -1.918494845273595E-04 -1.913633421087212E-04
 -1.863602263273925E-04 -1.858831581273211E-04 -1.854063000287051E-04
 -1.880978681243490E-04 -1.876181398338402E-04 -1.871386117396191E-04
 -1.898583225018272E-04 -1.893759184119502E-04 -1.888937042471683E-04
 -1.839389551915664E-04 -1.834658384331684E-04 -1.829929399828954E-04
 -1.856655953191938E-04 -1.851897892756606E-04 -1.847141922288971E-04
 -1.874144770724758E-04 -1.869359659129755E-04 -1.864576540888659E-04
 -1.815503516798428E-04 -1.810811589181828E-04 -1.806121923910576E-04
 -1.832664177335992E-04 -1.827945069731380E-04 -1.823228137139993E-04
 -1.850041449565878E-04 -1.845295003386132E-04 -1.840550641520338E-04
 -1.791942829079871E-04 -1.787289859885914E-04 -1.782639229628703E-04
 -1.809002007809232E-04 -1.804321575767652E-04 -1.799643400963360E-04
 -1.826271906110277E-04 -1.821563853789991E-04 -1.816857973746047E-04
 -1.768706040590339E-04 -1.764091741022015E-04 -1.759479854423062E-04
 -1.785667944192637E-04 -1.781025903387231E-04 -1.776386199332273E-04
 -1.802834636134667E-04 -1.798164699338691E-04 -1.793497019902250E-04
 -1.745791595401833E-04 -1.741215670247769E-04 -1.736642229629262E-04
 -1.762660300942149E-04 -1.758056362245205E-04 -1.753454837175782E-04
 -1.779727992634523E-04 -1.775095887775212E-04 -1.770466122569765E-04
 -1.723197652526485E-04 -1.718659806017418E-04 -1.714124513179626E-04
 -1.739977172642578E-04 -1.735411047422522E-04 -1.730847410110245E-04
 -1.756950337516472E-04 -1.752355776799457E-04 -1.747763635335168E-04
