  7.521579784072915E+00  7.511054667653142E+00  7.500519467651962E+00

 -2.263236517876235E-02 -2.885916001176304E-02 -3.508696843020921E-02
 -1.017103019001693E-02 -1.811281595409460E-02 -2.604915035260912E-02
 -3.641729726025264E-03 -1.296158353255138E-02 -2.226741817420524E-02
 -2.450122494726606E-02 -3.089973220883668E-02 -3.729046258591765E-02
 -1.145256759090570E-02 -1.968465819746543E-02 -2.790285575467656E-02
 -4.473794096345551E-03 -1.416080773659819E-02 -2.382560483612865E-02
 -2.550651680825359E-02 -3.199091182119908E-02 -3.846255872381779E-02
 -1.216334966357434E-02 -2.054184960569920E-02 -2.890128695366018E-02
 -4.946744237434626E-03 -1.481869307631779E-02 -2.466263077046625E-02
 -2.550651680825359E-02 -3.199091182119908E-02 -3.846255872381779E-02
 -1.216334966357434E-02 -2.054184960569920E-02 -2.890128695366018E-02
 -4.946744237434626E-03 -1.481869307631779E-02 -2.466263077046625E-02
 -2.450122494726606E-02 -3.089973220883668E-02 -3.729046258591765E-02
 -1.145256759090570E-02 -1.968465819746543E-02 -2.790285575467656E-02
 -4.473794096345551E-03 -1.416080773659819E-02 -2.382560483612865E-02
 -2.263236517876235E-02 -2.885916001176304E-02 -3.508696843020921E-02
 -1.017103019001693E-02 -1.811281595409460E-02 -2.604915035260912E-02
 -3.641729726025264E-03 -1.296158353255138E-02 -2.226741817420524E-02
 -2.010367728749048E-02 -2.607428018918340E-02 -3.205737984379139E-02
 -8.553734101313212E-03 -1.606503693608607E-02 -2.358133635513178E-02
 -2.701768696437440E-03 -1.147464199534545E-02 -2.024263181194987E-02
 -1.719985303387383E-02 -2.283210994920744E-02 -2.848872471485384E-02
 -6.930224554577655E-03 -1.387664427664900E-02 -2.083771842246144E-02
 -2.007868848612468E-03 -1.005903794954855E-02 -1.811247337420857E-02
 -1.426279782719728E-02 -1.947679442743734E-02 -2.472451994709110E-02
 -5.695098474006630E-03 -1.194923121648743E-02 -1.822355822427661E-02
 -1.978884389091731E-03 -9.141412981048497E-03 -1.630797557625111E-02
 -1.164363803143612E-02 -1.636053776564211E-02 -2.111481032653518E-02
 -5.259053504732155E-03 -1.070288126297785E-02 -1.616491369584585E-02
 -3.045076834854680E-03 -9.165517538069623E-03 -1.528318805192759E-02
 -9.583650141856874E-03 -1.371850052000855E-02 -1.788619631828305E-02
 -5.938496743199712E-03 -1.046043718160024E-02 -1.498836520684048E-02
 -5.543543065848248E-03 -1.048370525981700E-02 -1.540322073215242E-02
 -7.956391939689665E-03 -1.141902742493074E-02 -1.490405753705445E-02
 -7.657912937942272E-03 -1.115607316970104E-02 -1.464051791209199E-02
 -9.400518716320130E-03 -1.304449916334587E-02 -1.664214123839812E-02
 -6.134042971536936E-03 -8.869847865600886E-03 -1.161799380708772E-02
 -9.781405083432710E-03 -1.222129400411291E-02 -1.462878512142484E-02
 -1.394741980110330E-02 -1.627208090017357E-02 -1.852681332980134E-02
 -3.283257892031898E-03 -5.319775932132419E-03 -7.361584982759461E-03
 -1.155899360434558E-02 -1.304084972658911E-02 -1.447551434796380E-02
 -1.847164261336699E-02 -1.962748898187622E-02 -2.069474744714704E-02
  1.460849491858363E-03  2.302025904482936E-05 -1.414034290350943E-03
 -1.227131695231159E-02 -1.300043892549680E-02 -1.366736526300822E-02
 -2.233548342267679E-02 -2.260110987775710E-02 -2.275882649042623E-02
  9.131325318326980E-03  8.135243592076714E-03  7.145091941036756E-03
 -1.076046380876917E-02 -1.099621490508007E-02 -1.115546974901535E-02
 -2.428470928085204E-02 -2.399140146453654E-02 -2.357181836470558E-02
  2.039014340859128E-02  1.961646531847383E-02  1.885138598947238E-02
 -5.985043577419178E-03 -6.033260883947236E-03 -5.996536448844608E-03
 -2.303196372661162E-02 -2.254674975786208E-02 -2.192524223942266E-02
  3.460065923060880E-02  3.384429688736625E-02  3.309650104572757E-02
  1.890659803247505E-03  1.775838531665166E-03  1.746337313189298E-03
 -1.846362668882611E-02 -1.807767840908838E-02 -1.755698994682951E-02
  4.945160193733265E-02  4.869208532163979E-02  4.793759945266744E-02
  1.133091573892149E-02  1.112811181230682E-02  1.100168050370204E-02
 -1.166466665615403E-02 -1.140766673245851E-02 -1.103036760017709E-02
  6.100966966704420E-02  6.046589310469552E-02  5.992114314609298E-02
  1.947447537727802E-02  1.940247151876115E-02  1.939037371968443E-02
 -4.905741743751492E-03 -4.569693788608941E-03 -4.138024416047566E-03
  6.587313496957471E-02  6.578007689094013E-02  6.568433295436774E-02
  2.411989799195099E-02  2.436267389122397E-02  2.465050102765308E-02
  2.390608872787851E-04  7.968346363455204E-04  1.426376794005800E-03
  6.431693991581379E-02  6.469866758561707E-02  6.508059581440492E-02
  2.650608831246165E-02  2.703958582932102E-02  2.760600235241130E-02
  5.559195647845611E-03  6.280332451373193E-03  7.051694033950368E-03
  5.638158346657211E-02  5.718703297707489E-02  5.799087898540243E-02
  2.478082386210021E-02  2.560063419962715E-02  2.643710486097197E-02
  7.876816900860327E-03  8.783885973894236E-03  9.716605922047502E-03
  4.005390449378582E-02  4.124297834601206E-02  4.242672551687523E-02
  1.372098610311872E-02  1.485106159572278E-02  1.598530990965067E-02
 -5.603177158465514E-05  1.103449769913067E-03  2.271386955240024E-03
  1.766399287375625E-02  1.910955992672688E-02  2.054954612958861E-02
 -4.822684417338058E-03 -3.473835571824705E-03 -2.125944437471937E-03
 -1.673484025910339E-02 -1.537727508220696E-02 -1.401906872704129E-02
 -6.009576475860073E-03 -4.477193093218484E-03 -2.947500649494493E-03
 -2.556574069324977E-02 -2.415747470258842E-02 -2.274893223819618E-02
 -3.663451785259193E-02 -3.523361113884654E-02 -3.383053459323591E-02
 -2.475468619975815E-02 -2.341674744401838E-02 -2.207153016799778E-02
 -4.011123612510034E-02 -3.898936661582292E-02 -3.785644524614878E-02
 -4.922788045210560E-02 -4.821071553175532E-02 -4.717808593713770E-02
 -2.945861049960975E-02 -2.865857465999779E-02 -2.784178242671057E-02
 -3.776338185401706E-02 -3.722504894440638E-02 -3.667207852121121E-02
 -4.225650378388626E-02 -4.188987269638685E-02 -4.150935063230770E-02
 -1.760446571800395E-02 -1.729745716892256E-02 -1.698112398795381E-02
 -2.066290451068102E-02 -2.044443719457570E-02 -2.022372524307547E-02
 -2.174582401311856E-02 -2.158279333526516E-02 -2.142252606928850E-02
 -3.079240047208460E-05  1.857436175391721E-04  3.981889864003700E-04
 -2.864571995284955E-03 -2.585678748271427E-03 -2.312080544152657E-03
 -4.040447079820601E-03 -3.719034105111442E-03 -3.403654156818538E-03
  1.030904422406618E-02  1.065093212870794E-02  1.098596581801045E-02
  6.144484234602129E-03  6.525343679599021E-03  6.902853540158167E-03
  3.820076735631714E-03  4.222222839620925E-03  4.623419240585498E-03
  1.257329311003943E-02  1.289134915647221E-02  1.320762071462950E-02
  9.151242859211825E-03  9.436622352980064E-03  9.722265878762772E-03
  7.165783717991182E-03  7.422162491853488E-03  7.680086000478733E-03
  1.411726446831294E-02  1.424692428422983E-02  1.437642117170087E-02
  1.286782185312199E-02  1.296487721955707E-02  1.306058893101714E-02
  1.226984500376630E-02  1.234261976658537E-02  1.241308630485517E-02
  1.675277365191474E-02  1.673466090473195E-02  1.671328188328077E-02
  1.659547772252730E-02  1.658591160924671E-02  1.657139775950296E-02
  1.659381942388666E-02  1.659202838428105E-02  1.658421190683386E-02
  1.753973459984767E-02  1.745846760139571E-02  1.737232048382140E-02
  1.736327155034975E-02  1.729856250745037E-02  1.722845270474017E-02
  1.724256950296847E-02  1.719002327614946E-02  1.713190403907406E-02
  1.604056478292072E-02  1.590537102639940E-02  1.576674209207863E-02
  1.590721268229098E-02  1.577288750064401E-02  1.563502871161689E-02
  1.580495594715778E-02  1.567130190896910E-02  1.553414460205333E-02
  1.374191321044282E-02  1.354919981502557E-02  1.335524542625149E-02
  1.380751217812249E-02  1.360781806024651E-02  1.340664778274036E-02
  1.384648429956855E-02  1.364306262114406E-02  1.343802939796140E-02
  1.128487384054736E-02  1.105875215481905E-02  1.083325788853824E-02
  1.141079025713840E-02  1.117780638788566E-02  1.094523800224066E-02
  1.148650019986079E-02  1.125047508168158E-02  1.101473912498719E-02
  8.731034786932461E-03  8.499892624874623E-03  8.271032911169767E-03
  8.809452424947043E-03  8.571432273166292E-03  8.335604136745311E-03
  8.855744977272501E-03  8.614595473401489E-03  8.375594640113252E-03
  6.280391839189456E-03  6.062151536408027E-03  5.847586719406806E-03
  6.303170324286431E-03  6.077434427488377E-03  5.855319768665750E-03
  6.321262363942874E-03  6.091872683724934E-03  5.866080079742789E-03
  4.142981491895799E-03  3.949028061688914E-03  3.759773812750537E-03
  4.114240796074568E-03  3.912654156285584E-03  3.715693592197502E-03
  4.106686729954981E-03  3.901339078660804E-03  3.700579994198910E-03
  2.408780564609596E-03  2.247335197349403E-03  2.091316568606715E-03
  2.328075138648771E-03  2.159062253141266E-03  1.995384369812951E-03
  2.293467138714917E-03  2.120722146327555E-03  1.953264802492545E-03
  1.106771747052011E-03  9.834871460935777E-04  8.661878512886453E-04
  9.777172877717976E-04  8.468774165478590E-04  7.219209111164340E-04
  9.179819181428915E-04  7.833945954226767E-04  6.546383838632788E-04
  2.441004396290800E-04  1.626831130179864E-04  8.772744060396868E-05
  7.219882276307362E-05 -1.675016675167763E-05 -9.934362358514117E-05
 -9.648862664390815E-06 -1.023542504703939E-04 -1.887584705228318E-04
 -1.904370644496246E-04 -2.276378847345303E-04 -2.579301503365028E-04
 -3.999300388429596E-04 -4.445493452825686E-04 -4.823648281302966E-04
 -5.012649195763924E-04 -5.495990841401043E-04 -5.911829070298955E-04
 -2.228229511941123E-04 -2.144993917967933E-04 -1.988159951640900E-04
 -4.642278328152068E-04 -4.630934326581271E-04 -4.546987982829695E-04
 -5.822474478325504E-04 -5.847226095364409E-04 -5.799879485295995E-04
  1.113824570838323E-04  1.657548412361083E-04  2.279648151923102E-04
 -1.553530152868785E-04 -1.078368464445695E-04 -5.257757547687732E-05
 -2.867193530212239E-04 -2.426482025403081E-04 -1.908810503466075E-04
  7.716165099841905E-04  8.721110436934902E-04  9.809660999323957E-04
  4.865519701391615E-04  5.805698680783105E-04  6.828540975750270E-04
  3.454778086384723E-04  4.362465689153969E-04  5.352355922263060E-04
  1.717428241612246E-03  1.864104123309367E-03  2.019733075872732E-03
  1.420400617442727E-03  1.560929614465592E-03  1.710308138043816E-03
  1.272993831633927E-03  1.410451358523921E-03  1.556708498001970E-03
  2.914445465505497E-03  3.107884014907295E-03  3.310973505794909E-03
  2.610035105631172E-03  2.797490523570227E-03  2.994471041529696E-03
  2.458785913075068E-03  2.643268596618464E-03  2.837215874617939E-03
  4.340415788254132E-03  4.582299549461704E-03  4.834682077966834E-03
  4.030543724489803E-03  4.266334194784526E-03  4.512462476871609E-03
  3.876587693960459E-03  4.109367744272862E-03  4.352407620438229E-03
  5.990082375149929E-03  6.283694822251650E-03  6.588844284126523E-03
  5.673609265705884E-03  5.960677388298286E-03  6.259078742545480E-03
  5.516508051123258E-03  5.800354145709298E-03  6.095433536641549E-03
  7.877515048667964E-03  8.227984283996178E-03  8.591232376209767E-03
  7.550402635170604E-03  7.893542057548624E-03  8.249216491829844E-03
  7.388210639897852E-03  7.727741842745672E-03  8.079686936563499E-03
  1.003465974947674E-02  1.044875517592122E-02  1.087703345860471E-02
  9.690748413822023E-03  1.009649653060922E-02  1.051616073742868E-02
  9.520389125461864E-03  9.922016606708007E-03  1.033742596749031E-02
  1.250534853341478E-02  1.299069335022088E-02  1.349167038863117E-02
  1.213773602083990E-02  1.261368353217042E-02  1.310500545471626E-02
  1.195568609757381E-02  1.242697307727228E-02  1.291350291617945E-02
  1.533491403738428E-02  1.589861256924061E-02  1.647924456216176E-02
  1.493776649802020E-02  1.549125267489110E-02  1.606146555901384E-02
  1.474097028415673E-02  1.528936362631033E-02  1.585437600592715E-02
  1.855684784004006E-02  1.920372695255763E-02  1.986845002962603E-02
  1.812728207936140E-02  1.876364557539837E-02  1.941774051568704E-02
  1.791411786462319E-02  1.854520584663362E-02  1.919396359563180E-02
  2.217933099328709E-02  2.291020097486785E-02  2.365919960982659E-02
  2.171887910733733E-02  2.243965338787233E-02  2.317857072328477E-02
  2.148992753280043E-02  2.220560402622940E-02  2.293942498308736E-02
  2.617539606203560E-02  2.698586084344765E-02  2.781395798033395E-02
  2.569058951348477E-02  2.649217986961121E-02  2.731155592177533E-02
  2.544896287048764E-02  2.624603793160417E-02  2.706096996654171E-02
  3.048035086371000E-02  3.136065221242853E-02  3.225729524514302E-02
  2.998216829055581E-02  3.085552864372010E-02  3.174550966775724E-02
  2.973326241898323E-02  3.060305412233108E-02  3.148960157371526E-02
  3.499852832394051E-02  3.593464531604837E-02  3.688516671172507E-02
  3.450079288487060E-02  3.543237635348823E-02  3.637873394412577E-02
  3.425149686959746E-02  3.518070499469345E-02  3.612486886947291E-02
  3.961853687318175E-02  4.059431473728744E-02  4.158217505202032E-02
  3.913571461990359E-02  4.010952610766792E-02  4.109583572149916E-02
  3.889330131539478E-02  3.986601896546361E-02  4.085144032823630E-02
  4.423275233423267E-02  4.523234961721491E-02  4.624158768510753E-02
  4.377784942042909E-02  4.477792161622277E-02  4.578805739667435E-02
  4.354889907449135E-02  4.454910083052274E-02  4.555957580083573E-02
  4.875423520710618E-02  4.976389472810673E-02  5.078076663584035E-02
  4.833749037415658E-02  4.934977995973924E-02  5.036969202945306E-02
  4.812720463700833E-02  4.914070462749344E-02  5.016203032024875E-02
  5.312418905210330E-02  5.413248787871480E-02  5.514549647523213E-02
  5.275296171118295E-02  5.376576784723984E-02  5.478368420110424E-02
  5.256508048569011E-02  5.358003628127144E-02  5.460030033783730E-02
  5.730636207352723E-02  5.830273214318771E-02  5.930094990134194E-02
  5.698611642816792E-02  5.798873595017515E-02  5.899361230764751E-02
  5.682339875236549E-02  5.782903651902769E-02  5.883713331819480E-02
  6.127055178859556E-02  6.224273496684203E-02  6.321320611812552E-02
  6.100635733118667E-02  6.198657777167662E-02  6.296552260792017E-02
  6.087134103243778E-02  6.185547054767789E-02  6.283854068442571E-02
  6.497283359154458E-02  6.590455949795186E-02  6.683012570720745E-02
  6.477059451301513E-02  6.571230034919075E-02  6.664831478088395E-02
  6.466623635269045E-02  6.561282339892867E-02  6.655395238953472E-02
  6.834202387398892E-02  6.921215765409608E-02  7.007089760768236E-02
  6.820883661836211E-02  6.909102024166240E-02  6.996229504989115E-02
  6.813872068622902E-02  6.902682956789558E-02  6.990427321896525E-02
  7.127870367921983E-02  7.206237704401064E-02  7.282902943503611E-02
  7.122221638433818E-02  7.201998107552764E-02  7.280119635824421E-02
  7.119025427202899E-02  7.199498480832102E-02  7.278340499152763E-02
  7.366653585336032E-02  7.433777836986473E-02  7.498652155736475E-02
  7.369366718002152E-02  7.438079805409191E-02  7.504585339441498E-02
  7.370346034294775E-02  7.439848576403850E-02  7.507165287072956E-02
  7.538957105946409E-02  7.592430145823638E-02  7.643169430037072E-02
  7.550517168874088E-02  7.605714714093741E-02  7.658213231606432E-02
  7.555932762763086E-02  7.611991353726101E-02  7.665368965593136E-02
  7.634733377625198E-02  7.672560536156757E-02  7.707264308899463E-02
  7.655325733862582E-02  7.694956302071058E-02  7.731488603937614E-02
  7.665289989620797E-02  7.705825114535296E-02  7.743275297320615E-02
  7.646244882980748E-02  7.666945075627257E-02  7.684236161944381E-02
  7.675717335945159E-02  7.698237246248812E-02  7.717362276948835E-02
  7.690172683622343E-02  7.713609219794738E-02  7.733658758012943E-02
  7.568096236898335E-02  7.570700404614186E-02  7.569711562670431E-02
  7.605960474435845E-02  7.610336124942996E-02  7.611121057458022E-02
  7.624677974041731E-02  7.629949527655117E-02  7.631632211251621E-02
  7.396961379897453E-02  7.380972182503975E-02  7.361304747461772E-02
  7.442408049020484E-02  7.428076676036698E-02  7.410056467851639E-02
  7.464993527617111E-02  7.451503816651199E-02  7.434320547178150E-02
  7.131479536027575E-02  7.096848652384807E-02  7.058554191922596E-02
  7.183392296699211E-02  7.150240023425823E-02  7.113400118353891E-02
  7.209292592105601E-02  7.176893951572004E-02  7.140796051500074E-02
  6.772522394313869E-02  6.719665611247179E-02  6.663263384268284E-02
  6.829495515287839E-02  6.777875379670417E-02  6.722672663887735E-02
  6.858006932094256E-02  6.807019892439847E-02  6.752431895723011E-02
  6.323688170812246E-02  6.253521785700027E-02  6.180031579861945E-02
  6.384064351203915E-02  6.314838509494279E-02  6.242240396965022E-02
  6.414351642817279E-02  6.345610135933212E-02  6.273472106252699E-02
  5.791695944653746E-02  5.705660321046670E-02  5.616617714889532E-02
  5.853638741636810E-02  5.768209235203598E-02  5.679716189331226E-02
  5.884771923425873E-02  5.799657784112366E-02  5.711451600110055E-02
  5.186410625810776E-02  5.086450265842554E-02  4.983877772538197E-02
  5.248012647726759E-02  5.148307607214463E-02  5.045930019715660E-02
  5.279022316624760E-02  5.179454686259918E-02  5.077183919969135E-02
  4.520424448959615E-02  4.408909902718318E-02  4.295232743109282E-02
  4.579837782274131E-02  4.468236314302432E-02  4.354412583280070E-02
  4.609782093029462E-02  4.498143893926589E-02  4.384253131449353E-02
  3.808295152734686E-02  3.687890349389372E-02  3.565801278428413E-02
  3.863862344697790E-02  3.743060902481293E-02  3.620520595801726E-02
  3.891894509668909E-02  3.770898368347522E-02  3.648135561509230E-02
  3.065602703907495E-02  2.939095506484378E-02  2.811385370577866E-02
  3.115967284332709E-02  2.988805830880985E-02  2.860395305271999E-02
  3.141392695472434E-02  3.013904870980010E-02  2.885144435788620E-02
  2.307955412528540E-02  2.178076906294320E-02  2.047455262474554E-02
  2.352137523752755E-02  2.221412225182511E-02  2.089908332216293E-02
  2.374452952358178E-02  2.243302641003754E-02  2.111355608025314E-02
  1.550031138675596E-02  1.419290346341285E-02  1.288222862892404E-02
  1.587461848786116E-02  1.455752317689489E-02  1.323692228694461E-02
  1.606373355632666E-02  1.474176087878751E-02  1.341616026321381E-02
  8.047346149146366E-03  6.752913998999420E-03  5.458777109184488E-03
  8.352489725709655E-03  7.047839079794714E-03  5.743357712927821E-03
  8.506685851531004E-03  7.196881323481964E-03  5.887181089306143E-03
  8.257790894745381E-04 -4.383027773983726E-04 -1.699221310867805E-03
  1.063712864475154E-03 -2.105102756327663E-04 -1.481596942111397E-03
  1.183948572991599E-03 -9.539471258086564E-05 -1.371615978852884E-03
 -6.086026720930056E-03 -7.306734283593121E-03 -8.522101727693413E-03
 -5.910470062657275E-03 -7.140759527464421E-03 -8.365657460703687E-03
 -5.821766228888880E-03 -7.056895909377480E-03 -8.286608553876884E-03
 -1.263531050183286E-02 -1.380352470966593E-02 -1.496482138196230E-02
 -1.251532211296815E-02 -1.369222807817678E-02 -1.486211115216741E-02
 -1.245471068089255E-02 -1.363600768482468E-02 -1.481022869898161E-02
 -1.879015556794170E-02 -1.989978927299395E-02 -2.100137776323118E-02
 -1.871790046894718E-02 -1.983515834228169E-02 -2.094423553676602E-02
 -1.868141434629137E-02 -1.980252287552293E-02 -2.091538217125985E-02
 -2.453256113217001E-02 -2.557950047339602E-02 -2.661755702917776E-02
 -2.450004027699490E-02 -2.555349223052717E-02 -2.659791574907053E-02
 -2.448362391657056E-02 -2.554036301962748E-02 -2.658799985213883E-02
 -2.985138460677767E-02 -3.083253536167611E-02 -3.180413386848119E-02
 -2.985109667923229E-02 -3.083770212377389E-02 -3.181461333873754E-02
 -2.985094419308220E-02 -3.084030012271681E-02 -3.181988981347533E-02
 -3.473711671227368E-02 -3.564981199240136E-02 -3.655240111956047E-02
 -3.476245604217464E-02 -3.567965662578522E-02 -3.658662002271255E-02
 -3.477521572705575E-02 -3.569468528626771E-02 -3.660385124247990E-02
 -3.917975160229093E-02 -4.002165653070635E-02 -4.085304025107866E-02
 -3.922514094897595E-02 -4.007072590518578E-02 -4.090567135322941E-02
 -3.924798505322206E-02 -4.009542090061396E-02 -4.093215737386605E-02
 -4.316996593515447E-02 -4.393944386759682E-02 -4.469820313543511E-02
 -4.323078030156063E-02 -4.400322486697065E-02 -4.476484364646040E-02
 -4.326136797110105E-02 -4.403530276221256E-02 -4.479835768121927E-02
 -4.670277068563181E-02 -4.739951556356085E-02 -4.808565548112036E-02
 -4.677514375825696E-02 -4.747422911093353E-02 -4.816261113324419E-02
 -4.681152330442971E-02 -4.751178312992441E-02 -4.820129007049363E-02
 -4.978205782099989E-02 -5.040770479744961E-02 -5.102323132004895E-02
 -4.986266780029869E-02 -5.049009364869605E-02 -5.110730817155629E-02
 -4.990316739641276E-02 -5.053148518916223E-02 -5.114954595310191E-02
 -5.242422753302850E-02 -5.298265598665726E-02 -5.353180267267304E-02
 -5.251013725586418E-02 -5.306983646211932E-02 -5.362017157832430E-02
 -5.255328236108592E-02 -5.311361829369095E-02 -5.366454875694920E-02
 -5.465938642300129E-02 -5.515651830523859E-02 -5.564544578446805E-02
 -5.474797562322384E-02 -5.524592744912656E-02 -5.573560448415507E-02
 -5.479245275963505E-02 -5.529081500887284E-02 -5.578086706724322E-02
 -5.652933181189854E-02 -5.697237425546046E-02 -5.740832056301474E-02
 -5.661832106182153E-02 -5.706180597046965E-02 -5.749814103226197E-02
 -5.666298811926642E-02 -5.710669388434888E-02 -5.754322273811179E-02
 -5.808246536145414E-02 -5.847871363934443E-02 -5.886874440947384E-02
 -5.817000178972066E-02 -5.856640951226993E-02 -5.895656709796404E-02
 -5.821393000838098E-02 -5.861041625930315E-02 -5.900063585429297E-02
 -5.936667877587740E-02 -5.972214905624961E-02 -6.007180583874751E-02
 -5.945143726682323E-02 -5.980689539584289E-02 -6.015653058813662E-02
 -5.949396164848383E-02 -5.984941174462124E-02 -6.019903400899501E-02
 -6.042192767902838E-02 -6.074019253401429E-02 -6.105242705673596E-02
 -6.050317811303451E-02 -6.082137450275475E-02 -6.113355250460704E-02
 -6.054393134019150E-02 -6.086209094172133E-02 -6.117423801198047E-02
 -6.127449650524689E-02 -6.155611093277843E-02 -6.183088357833627E-02
 -6.135209682290134E-02 -6.163368660302439E-02 -6.190846159916968E-02
 -6.139100633627050E-02 -6.167258092642499E-02 -6.194735420045815E-02
 -6.193473100349502E-02 -6.217752964265140E-02 -6.241231227922407E-02
 -6.200902649136552E-02 -6.225190997660469E-02 -6.248680960104106E-02
 -6.204626466532666E-02 -6.228918776157664E-02 -6.252414312591165E-02
 -6.239921630367350E-02 -6.259952566229489E-02 -6.279068374622521E-02
 -6.247085483560510E-02 -6.267137723616775E-02 -6.286277476850267E-02
 -6.250674686884954E-02 -6.270737338090329E-02 -6.289888835209395E-02
 -6.265708489744659E-02 -6.281156548037120E-02 -6.295625296503263E-02
 -6.272678948783646E-02 -6.288158374925021E-02 -6.302659749692072E-02
 -6.276169950837089E-02 -6.291664882010425E-02 -6.306182405168415E-02
 -6.269862318326574E-02 -6.280612549868632E-02 -6.290401064447577E-02
 -6.276698698541894E-02 -6.287484685157928E-02 -6.297308678169961E-02
 -6.280121490365913E-02 -6.290925237407204E-02 -6.300766862178037E-02
 -6.252306458025007E-02 -6.258567630436629E-02 -6.263965780326294E-02
 -6.259043867734564E-02 -6.265339689551508E-02 -6.270771408779850E-02
 -6.262416311716647E-02 -6.268729378080586E-02 -6.274177801595292E-02
 -6.214194629977237E-02 -6.216444889332955E-02 -6.217963581846590E-02
 -6.220847081208968E-02 -6.223129242961167E-02 -6.224679522579363E-02
 -6.224176369695002E-02 -6.226474396468500E-02 -6.228040370933888E-02
 -6.157509379769853E-02 -6.156240483386277E-02 -6.154306939737673E-02
 -6.164087981305252E-02 -6.162853428393859E-02 -6.160956704280052E-02
 -6.167379672909496E-02 -6.166162152687937E-02 -6.164283676434906E-02
 -6.083829517109359E-02 -6.079111502935737E-02 -6.073602174973453E-02
 -6.090371019751229E-02 -6.085702807866774E-02 -6.080250387167335E-02
 -6.093643316000921E-02 -6.088999780486481E-02 -6.083575561773003E-02
 -5.992468206938093E-02 -5.983433501783069E-02 -5.973161947506750E-02
 -5.999064344536111E-02 -5.990113928472212E-02 -5.979939302215320E-02
 -6.002362834971213E-02 -5.993454249321024E-02 -5.983327751141616E-02
 -5.878491442620765E-02 -5.862902376033367E-02 -5.845237436722242E-02
 -5.885307242485931E-02 -5.869857338807857E-02 -5.852349101439572E-02
 -5.888714185877787E-02 -5.873333492805143E-02 -5.855903228070285E-02
 -5.731338550166233E-02 -5.705428854903802E-02 -5.676232713346874E-02
 -5.738609229792885E-02 -5.712908750000410E-02 -5.683941824493147E-02
 -5.742242142051177E-02 -5.716645907742397E-02 -5.687793241685750E-02
 -5.534788948920791E-02 -5.493542206949049E-02 -5.447576419764109E-02
 -5.542789932405018E-02 -5.501825509474784E-02 -5.456160421693550E-02
 -5.546786706818308E-02 -5.505963175556155E-02 -5.460448207512963E-02
 -5.268818619740664E-02 -5.206767319451031E-02 -5.138625036236458E-02
 -5.277809905601877E-02 -5.216099337831739E-02 -5.148309350603649E-02
 -5.282301054464238E-02 -5.220760770527383E-02 -5.153146910381734E-02
 -4.913508913981815E-02 -4.826026354343408E-02 -4.731532953200945E-02
 -4.923661145017630E-02 -4.836542213147237E-02 -4.742411619851987E-02
 -4.928732834961546E-02 -4.841795903727748E-02 -4.747846983270004E-02
 -4.454704487043203E-02 -4.339642673319857E-02 -4.217548387609258E-02
 -4.466017932131249E-02 -4.351286344469549E-02 -4.229503990002924E-02
 -4.471671433685351E-02 -4.357105483846917E-02 -4.235479718107613E-02
 -3.890654891669505E-02 -3.750069519451955E-02 -3.603747410430724E-02
 -3.902884260900163E-02 -3.762522145319987E-02 -3.616383868725009E-02
 -3.908998287870120E-02 -3.768748710815428E-02 -3.622703368152780E-02
 -3.238450716619393E-02 -3.080050148164908E-02 -2.918810026869342E-02
 -3.251050124377412E-02 -3.092682564641532E-02 -2.931413889511952E-02
 -3.257353212353577E-02 -3.099003464757448E-02 -2.937721924691694E-02
 -2.538674998165091E-02 -2.376536132176148E-02 -2.216076869785242E-02
 -2.550780353139529E-02 -2.388403927597697E-02 -2.227626541504263E-02
 -2.556841877733040E-02 -2.394348327605810E-02 -2.233413614143444E-02
 -1.856377583117906E-02 -1.710420798218214E-02 -1.571914840861943E-02
 -1.866847609974463E-02 -1.720323850028227E-02 -1.581160093627701E-02
 -1.872097998328374E-02 -1.725292604489786E-02 -1.585801825668105E-02
 -1.276448266073128E-02 -1.170239475938985E-02 -1.077669079301732E-02
 -1.283985423138078E-02 -1.176865814187574E-02 -1.083298395228515E-02
 -1.287776182539046E-02 -1.180202942160157E-02 -1.086138724425696E-02
 -8.920997046008697E-03 -8.488603492080632E-03 -8.246115092604880E-03
 -8.954606198133217E-03 -8.510184381457600E-03 -8.255046022313545E-03
 -8.971690837198707E-03 -8.521268067659104E-03 -8.259816156004738E-03
 -7.868535632867966E-03 -8.241609601942873E-03 -8.835464572422593E-03
 -7.851296895025086E-03 -8.210712306991512E-03 -8.790721587822414E-03
 -7.842990377666302E-03 -8.195580947796190E-03 -8.768669078164176E-03
 -1.013116806636463E-02 -1.137540886857442E-02 -1.283681727358113E-02
 -1.006024211505392E-02 -1.129114567537247E-02 -1.273959085897480E-02
 -1.002508482636656E-02 -1.124931243828044E-02 -1.269126546372538E-02
 -1.573271865038052E-02 -1.776758587751656E-02 -1.997693476440190E-02
 -1.561353426792222E-02 -1.763761955009179E-02 -1.983711610020409E-02
 -1.555419322498303E-02 -1.757286805064106E-02 -1.976741608547185E-02
 -2.410526122983136E-02 -2.670239764792759E-02 -2.939811953733180E-02
 -2.395167480260028E-02 -2.654252200191433E-02 -2.923327640232217E-02
 -2.387503542401665E-02 -2.646270941296794E-02 -2.915094982435286E-02
 -3.414979054698305E-02 -3.697317838528117E-02 -3.980182958239584E-02
 -3.398189241613247E-02 -3.680454491833936E-02 -3.963389008059798E-02
 -3.389797467219183E-02 -3.672022771260085E-02 -3.954988815431965E-02
 -4.445292380688866E-02 -4.713185289196306E-02 -4.972630236283669E-02
 -4.429289658131350E-02 -4.697649389426777E-02 -4.957683445387773E-02
 -4.421279255602092E-02 -4.689869593328690E-02 -4.950195573312746E-02
 -5.359983700434352E-02 -5.581143680497432E-02 -5.787155378448488E-02
 -5.346713997071673E-02 -5.568751758382266E-02 -5.775719168728392E-02
 -5.340060583156192E-02 -5.562535360212113E-02 -5.769979027940936E-02
 -6.048046016946913E-02 -6.201414142292992E-02 -6.336320757052000E-02
 -6.038795653175129E-02 -6.193253250462592E-02 -6.329274004388215E-02
 -6.034146715781879E-02 -6.189148344943089E-02 -6.325725751660531E-02
 -6.448879066071654E-02 -6.527326746564688E-02 -6.587442207422203E-02
 -6.444102543893514E-02 -6.523644536910927E-02 -6.584832242484766E-02
 -6.441689965021327E-02 -6.521779470294575E-02 -6.583503874584923E-02
 -6.556321773875196E-02 -6.565307456390818E-02 -6.558706889453791E-02
 -6.555711975240613E-02 -6.565636637800873E-02 -6.559923047908861E-02
 -6.555385868743024E-02 -6.565781077093330E-02 -6.560512145179835E-02
 -6.408171078974287E-02 -6.361573069688352E-02 -6.303497988072808E-02
 -6.410905471197231E-02 -6.365005784332328E-02 -6.307566553658855E-02
 -6.412256580660704E-02 -6.366707370309486E-02 -6.309587390412195E-02
 -6.067490948294243E-02 -5.982547223535349E-02 -5.890399020543235E-02
 -6.072539044773535E-02 -5.988041268859198E-02 -5.896281826400795E-02
 -6.075052445142622E-02 -5.990778850431868E-02 -5.899214933405464E-02
 -5.603287568200233E-02 -5.496338905753048E-02 -5.385792224190789E-02
 -5.609674148237530E-02 -5.502959321462175E-02 -5.392603471656052E-02
 -5.612861324116129E-02 -5.506264299225897E-02 -5.396004657359657E-02
 -5.076129688310445E-02 -4.960063948516282E-02 -4.842972786918971E-02
 -5.083094871321201E-02 -4.967114686333531E-02 -4.850082409277365E-02
 -5.086574410646300E-02 -4.970637509614799E-02 -4.853635093586243E-02
 -4.530887427714860E-02 -4.414340300965945E-02 -4.298318539886014E-02
 -4.537936972742385E-02 -4.421390454611209E-02 -4.305356431566199E-02
 -4.541460293463560E-02 -4.424914269263638E-02 -4.308874241699836E-02
 -3.995812852730957E-02 -3.883637853120428E-02 -3.772749375723530E-02
 -4.002687379719921E-02 -3.890476502920204E-02 -3.779548433769284E-02
 -4.006123698049422E-02 -3.893894871453186E-02 -3.782946963074415E-02
 -3.485635917440342E-02 -3.379990847274963E-02 -3.275901547810806E-02
 -3.492239764733097E-02 -3.386551325335799E-02 -3.282419420606411E-02
 -3.495540648345776E-02 -3.389830433288606E-02 -3.285677130185016E-02
 -3.006175466738565E-02 -2.907678579658023E-02 -2.810772572334372E-02
 -3.012500282522708E-02 -2.913964366475596E-02 -2.817021055620708E-02
 -3.015661399235591E-02 -2.917105892663022E-02 -2.820143868254938E-02
 -2.558623024972249E-02 -2.467252125656792E-02 -2.377442548876858E-02
 -2.564687658070536E-02 -2.473282368232844E-02 -2.383439111958137E-02
 -2.567718585356578E-02 -2.476296095974212E-02 -2.386436019366920E-02
 -2.142555403177328E-02 -2.058175719195359E-02 -1.975340373491966E-02
 -2.148370111843151E-02 -2.063955527639806E-02 -1.981084380392916E-02
 -2.151276285030244E-02 -2.066844338157702E-02 -1.983955402532037E-02
 -1.757485325557356E-02 -1.680038978652400E-02 -1.604139166164794E-02
 -1.763038753105511E-02 -1.685551259010574E-02 -1.609608139625856E-02
 -1.765814818809113E-02 -1.688306921646687E-02 -1.612342339682950E-02
 -1.403223293188866E-02 -1.332686724917627E-02 -1.263684996842147E-02
 -1.408485745913089E-02 -1.337898422127236E-02 -1.268843342232396E-02
 -1.411117107003333E-02 -1.340504632332430E-02 -1.271423115806801E-02
 -1.079516834795049E-02 -1.015749918681410E-02 -9.534491747319195E-03
 -1.084452076737221E-02 -1.020624899297089E-02 -9.582617268753221E-03
 -1.086920739540280E-02 -1.023063680083909E-02 -9.606695455653187E-03
 -7.854385004125906E-03 -7.280325359892527E-03 -6.719366458417174E-03
 -7.900171085178476E-03 -7.325445294163120E-03 -6.763808911143364E-03
 -7.923083495738842E-03 -7.348026999382342E-03 -6.786054198858654E-03
 -5.188948616157006E-03 -4.670933514199110E-03 -4.163536349994981E-03
 -5.231040643798243E-03 -4.712344118327281E-03 -4.204266361299496E-03
 -5.252113698880703E-03 -4.733078449528306E-03 -4.224662281976574E-03
 -2.764835950989899E-03 -2.292102926452727E-03 -1.826822108559957E-03
 -2.803308177755966E-03 -2.329926013515558E-03 -1.864006564313260E-03
 -2.822576961899116E-03 -2.348871683692971E-03 -1.882634243387523E-03
 -5.376989558871771E-04 -9.760030106231886E-05  3.384312113535808E-04
 -5.727958814655766E-04 -1.321118549171291E-04  3.044904268307498E-04
 -5.903803127289424E-04 -1.494044857449098E-04  2.874824304457096E-04
  1.540877753466335E-03  1.960887712595241E-03  2.379872901290285E-03
  1.508823892790056E-03  1.929348932004181E-03  2.348837114100921E-03
  1.492759899424904E-03  1.913542113265431E-03  2.333281548258679E-03
  3.515358251273555E-03  3.925603748105760E-03  4.337013984293175E-03
  3.486030656503078E-03  3.896739614058119E-03  4.308609156034581E-03
  3.471330499959352E-03  3.882271243200320E-03  4.294370593867369E-03
  5.418659141831425E-03  5.825551374350447E-03  6.234615723100004E-03
  5.391846578644914E-03  5.799186806339181E-03  6.208705505718356E-03
  5.378405933684531E-03  5.785970526664304E-03  6.195716848711634E-03
  7.266946247676626E-03  7.672131732332384E-03  8.079237607440079E-03
  7.242593646758034E-03  7.648252827220594E-03  8.055848428419797E-03
  7.230385806685227E-03  7.636282423582131E-03  8.044123539000822E-03
  9.058020058328984E-03  9.458524216766436E-03  9.859611347961315E-03
  9.036228142983459E-03  9.437265082237517E-03  9.838907016649015E-03
  9.025303949863627E-03  9.426608021125498E-03  9.828528147417533E-03
  1.077343069318799E-02  1.116267580323926E-02  1.155043832999265E-02
  1.075441024883532E-02  1.114426370789250E-02  1.153265744244686E-02
  1.074487534420540E-02  1.113503382064445E-02  1.152374403680013E-02
  1.238348428892583E-02  1.275285415458090E-02  1.311838680111876E-02
  1.236748363812571E-02  1.273753378019008E-02  1.310376537648189E-02
  1.235946226984382E-02  1.272985344579704E-02  1.309643543140643E-02
  1.385369476330350E-02  1.419423500103028E-02  1.452871035886730E-02
  1.384092394115026E-02  1.418219523974406E-02  1.451741254071487E-02
  1.383452106889069E-02  1.417615879349045E-02  1.451174796210929E-02
  1.515112548687219E-02  1.545501174565642E-02  1.575104743064828E-02
  1.514169721058083E-02  1.544633325418263E-02  1.574312025070889E-02
  1.513696898369976E-02  1.544198075957025E-02  1.573914423430094E-02
  1.624939281138395E-02  1.651093014638217E-02  1.676344957719357E-02
  1.624329145566189E-02  1.650556219659041E-02  1.675880761658257E-02
  1.624022970477958E-02  1.650286788393788E-02  1.675647700233444E-02
  1.713167478029371E-02  1.734775070805462E-02  1.755429933428561E-02
  1.712875447296625E-02  1.734551607888346E-02  1.755273586437657E-02
  1.712728579434490E-02  1.734439083885957E-02  1.755194676472811E-02
  1.779165805837520E-02  1.796170662779010E-02  1.812230837138699E-02
  1.779166336407716E-02  1.796232663684568E-02  1.812352400733274E-02
  1.779165952869867E-02  1.796263060980115E-02  1.812412621168947E-02
  1.823279401642681E-02  1.835840880659387E-02  1.847511260624979E-02
  1.823539324273933E-02  1.836153827601235E-02  1.847875128808176E-02
  1.823668792593056E-02  1.836309840984747E-02  1.848056632439028E-02
  1.846645024549504E-02  1.855080741743750E-02  1.862708399682356E-02
  1.847127187881243E-02  1.855607064741962E-02  1.863276807371029E-02
  1.847367893725901E-02  1.855869873497658E-02  1.863560679131451E-02
  1.850955855035976E-02  1.855679255977018E-02  1.859691550697324E-02
  1.851622408959061E-02  1.856381444847574E-02  1.860427494289596E-02
  1.851955400195642E-02  1.856732270005068E-02  1.860795211667836E-02
  1.838224927218703E-02  1.839688543835084E-02  1.840539006027763E-02
  1.839039893924894E-02  1.840531498994132E-02  1.841408369864857E-02
  1.839447164848928E-02  1.840952776510780E-02  1.841842863092779E-02
  1.810580491907158E-02  1.809231232271423E-02  1.807358604251426E-02
  1.811511516399377E-02  1.810183793228783E-02  1.808331470966012E-02
  1.811976879349466E-02  1.810659934173272E-02  1.808817773864088E-02
  1.770111798048707E-02  1.766361188767430E-02  1.762163767003039E-02
  1.771131103426987E-02  1.767396886613896E-02  1.763214974038075E-02
  1.771640662419170E-02  1.767914649517092E-02  1.763740498627917E-02
  1.718771931595902E-02  1.712981573924818E-02  1.706806508612598E-02
  1.719856560156186E-02  1.714078697302645E-02  1.707915547625533E-02
  1.720398828723855E-02  1.714627218902629E-02  1.708470032119644E-02
  1.658335281111227E-02  1.650815699274501E-02  1.642960940029589E-02
  1.659466732229901E-02  1.651956792822173E-02  1.644111327072478E-02
  1.660032451700878E-02  1.652527337152116E-02  1.644686521344234E-02
  1.590400159168934E-02  1.581419597061979E-02  1.572144678225623E-02
  1.591563572437710E-02  1.582590552306954E-02  1.573322966793399E-02
  1.592145304571604E-02  1.583176057557925E-02  1.573912140595443E-02
  1.516421947200554E-02  1.506220616270527E-02  1.495761608400831E-02
  1.517605025086572E-02  1.507409560287582E-02  1.496956260570782E-02
  1.518196615224050E-02  1.508004085005633E-02  1.497553640940371E-02
  1.437759450434707E-02  1.426564474669678E-02  1.415148415421849E-02
  1.438951346820748E-02  1.427760686362312E-02  1.416348761574954E-02
  1.439547369592805E-02  1.428358868804846E-02  1.416949013632403E-02
  1.355717690044865E-02  1.343754665374690E-02  1.331609698280279E-02
  1.356908084740615E-02  1.344947730558117E-02  1.332805184223651E-02
  1.357503381590334E-02  1.345544366149007E-02  1.333403034279396E-02
  1.271574238806416E-02  1.259072802120716E-02  1.246431897745932E-02
  1.272752763411364E-02  1.260252151816582E-02  1.247611740090524E-02
  1.273342154441661E-02  1.260841960887212E-02  1.248201801633054E-02
  1.186582541835852E-02  1.173775246680399E-02  1.160873320628855E-02
  1.187738629502064E-02  1.174930123430284E-02  1.162026586790336E-02
  1.188316836305998E-02  1.175507732161563E-02  1.162603398160168E-02
  1.101952769789213E-02  1.089068378327538E-02  1.076134334704504E-02
  1.103075896025434E-02  1.090188170969663E-02  1.077250362646768E-02
  1.103637659804354E-02  1.090748276542124E-02  1.077808594769597E-02
  1.018816740424624E-02  1.006070305860046E-02  9.933166049630709E-03
  1.019896933721772E-02  1.007145113062507E-02  9.943856073993926E-03
  1.020437268839283E-02  1.007682763887654E-02  9.949203646112815E-03
  9.381868876263010E-03  9.257694625030056E-03  9.133820492482301E-03
  9.392153400383893E-03  9.267907090842589E-03  9.143957236767137E-03
  9.397298385954119E-03  9.273016125585681E-03  9.149028486526574E-03
  8.609196102261470E-03  8.489900782108347E-03  8.371209840607016E-03
  8.618892180647155E-03  8.499510208639068E-03  8.380729746660834E-03
  8.623743206870709E-03  8.504317969586185E-03  8.385492803677674E-03
  7.876909909611079E-03  7.763716076703762E-03  7.651355231321935E-03
  7.885966984861664E-03  7.772676186256101E-03  7.660216404423778E-03
  7.890498675155160E-03  7.777159432420475E-03  7.664650216131791E-03
  7.189889109995531E-03  7.083649965352056E-03  6.978399602545452E-03
  7.198277982631431E-03  7.091935856540304E-03  6.986581385153665E-03
  7.202475634265926E-03  7.096082034509726E-03  6.990675521414484E-03
  6.551213234428534E-03  6.452445188406607E-03  6.354759103354481E-03
  6.558924512202532E-03  6.460051243287153E-03  6.362259487887754E-03
  6.562783336973213E-03  6.463857455810797E-03  6.366012861130413E-03
  5.962370518101904E-03  5.871308813100576E-03  5.781373503018651E-03
  5.969411319350439E-03  5.878245081781201E-03  5.788205262365905E-03
  5.972934805755978E-03  5.881716288816387E-03  5.791624199714402E-03
  5.423536548926248E-03  5.340199275176609E-03  5.257998047743524E-03
  5.429926410494356E-03  5.346487313908922E-03  5.264184563361352E-03
  5.433124281063195E-03  5.349634253202545E-03  5.267280720456684E-03
  4.933867940987945E-03  4.858115869273069E-03  4.783486208735733E-03
  4.939634841357217E-03  4.863784894304595E-03  4.789057794400496E-03
  4.942521061267881E-03  4.866622154058696E-03  4.791846311890038E-03
  4.491768043702947E-03  4.423352454290728E-03  4.356030255865266E-03
  4.496945177147840E-03  4.428436354623989E-03  4.361021421282433E-03
  4.499536334677284E-03  4.430980872713784E-03  4.363519549149560E-03
  4.095101509211065E-03  4.033697679348734E-03  3.973347351970562E-03
  4.099725067621402E-03  4.038233045536615E-03  3.977795067326827E-03
  4.102039257706289E-03  4.040503116792886E-03  3.980021290443060E-03
  3.741354360744921E-03  3.686582856171169E-03  3.632816315308761E-03
  3.745462232202261E-03  3.690607860242460E-03  3.636759047934149E-03
  3.747518400135278E-03  3.692622571506816E-03  3.638732600238362E-03
  3.427750461718141E-03  3.379190815623477E-03  3.331580220003629E-03
  3.431381538100701E-03  3.382744603004083E-03  3.335057384567532E-03
  3.433199130577550E-03  3.384523527108377E-03  3.336797972935606E-03
  3.151341358743006E-03  3.108542932323353E-03  3.066631702516628E-03
  3.154535092857767E-03  3.111665176635638E-03  3.069683195357817E-03
  3.156133836450647E-03  3.113228150277266E-03  3.071210767723116E-03
  2.909084906107391E-03  2.871578268128602E-03  2.834893171175073E-03
  2.911880844287799E-03  2.874308652131115E-03  2.837558793438303E-03
  2.913280513245495E-03  2.875675518063312E-03  2.838893252199196E-03
  2.697921713263162E-03  2.665231714712374E-03  2.633296610720664E-03
  2.700358884115688E-03  2.667609261717200E-03  2.635615346978516E-03
  2.701578996493865E-03  2.668799536103237E-03  2.636776189774036E-03
  2.514850929433714E-03  2.486510738100810E-03  2.458860856103340E-03
  2.516967117959469E-03  2.488573055616066E-03  2.460870097849329E-03
  2.518026573704829E-03  2.489605550583231E-03  2.461876029746805E-03
  2.357001190929471E-03  2.332565508508496E-03  2.308760349454396E-03
  2.358832216519896E-03  2.334348075218856E-03  2.310495201568875E-03
  2.359748936417072E-03  2.335240542005368E-03  2.311363787649843E-03
  2.221690237169643E-03  2.200745889962313E-03  2.180379065906962E-03
  2.223269366887198E-03  2.202281511129267E-03  2.181871850758057E-03
  2.224059998199759E-03  2.203050366598206E-03  2.182619266848177E-03
  2.106467772966909E-03  2.088640564771841E-03  2.071345716750719E-03
  2.107825355925051E-03  2.089959064134781E-03  2.072625725030263E-03
  2.108505088135712E-03  2.090619235239342E-03  2.073266631639651E-03
  2.009139631856587E-03  1.994097265030549E-03  1.979550129333213E-03
  2.010302974873508E-03  1.995225413887010E-03  1.980643599927287E-03
  2.010885476203175E-03  1.995790300975268E-03  1.981191131037367E-03
  1.927775333399968E-03  1.915226925182436E-03  1.903144246635997E-03
  1.928768785077112E-03  1.916188562740172E-03  1.904074518667240E-03
  1.929266243689296E-03  1.916670099019259E-03  1.904540357173460E-03
  1.860704005220437E-03  1.850397128039911E-03  1.840533384226013E-03
  1.861549185163305E-03  1.851213406808823E-03  1.841321154048134E-03
  1.861972423474742E-03  1.851622180872463E-03  1.841715660198945E-03
