  7.521579784072915E+00  7.511054667653142E+00  7.500519467651962E+00

  2.875911864486064E+00  2.870438536363032E+00  2.864511092483411E+00
  2.882246774961899E+00  2.879031115260467E+00  2.875104464445705E+00
  2.886546671004414E+00  2.884945284423580E+00  2.882480198390656E+00
  2.848279360101358E+00  2.842651347334483E+00  2.836576953474710E+00
  2.852965927703839E+00  2.849532645834725E+00  2.845396390757670E+00
  2.856528448547300E+00  2.854702776625650E+00  2.852022885014724E+00
  2.835860410108459E+00  2.830032763941403E+00  2.823757780825708E+00
  2.838752956598256E+00  2.835171097691002E+00  2.830888950679444E+00
  2.841869648315587E+00  2.840033564482880E+00  2.837344990125068E+00
  2.835860410108459E+00  2.830032763941403E+00  2.823757780825708E+00
  2.838752956598256E+00  2.835171097691002E+00  2.830888950679444E+00
  2.841869648315587E+00  2.840033564482880E+00  2.837344990125068E+00
  2.848279360101358E+00  2.842651347334483E+00  2.836576953474710E+00
  2.852965927703839E+00  2.849532645834725E+00  2.845396390757670E+00
  2.856528448547300E+00  2.854702776625650E+00  2.852022885014724E+00
  2.875911864486064E+00  2.870438536363032E+00  2.864511092483411E+00
  2.882246774961899E+00  2.879031115260467E+00  2.875104464445705E+00
  2.886546671004414E+00  2.884945284423580E+00  2.882480198390656E+00
  2.917265287800043E+00  2.911979072201147E+00  2.906228083974016E+00
  2.925671137791612E+00  2.922773457619067E+00  2.919152479183500E+00
  2.931055615592664E+00  2.929845553708207E+00  2.927756173201586E+00
  2.970976476764972E+00  2.965953141349660E+00  2.960451218559804E+00
  2.982023583313350E+00  2.979583244709038E+00  2.976402943829350E+00
  2.988834550243778E+00  2.988206978226697E+00  2.986678926979134E+00
  3.035046982189451E+00  3.030407463838411E+00  3.025271928240000E+00
  3.049411492366283E+00  3.047615859885060E+00  3.045058959673582E+00
  3.058025772087698E+00  3.058216435882391E+00  3.057479948626904E+00
  3.106565225564577E+00  3.102488080794166E+00  3.097893292394352E+00
  3.125004126226449E+00  3.124102966372315E+00  3.122414693922146E+00
  3.135842944049827E+00  3.137148829913653E+00  3.137496007139829E+00
  3.181600725270233E+00  3.178325019942649E+00  3.174504182394508E+00
  3.204904879801409E+00  3.205212082434224E+00  3.204700906129686E+00
  3.218419964253959E+00  3.221200174018405E+00  3.222985013347416E+00
  3.255308340240088E+00  3.253103230423235E+00  3.250319883199125E+00
  3.284175610434358E+00  3.286022816116621E+00  3.287015969799376E+00
  3.300779300055869E+00  3.305398360026290E+00  3.308981973296762E+00
  3.322384736180681E+00  3.321511605920918E+00  3.320029901298740E+00
  3.357112793228537E+00  3.360791464466808E+00  3.363588305107561E+00
  3.376979561729545E+00  3.383737156257756E+00  3.389430856757454E+00
  3.378398094679267E+00  3.379112894025762E+00  3.379204956847451E+00
  3.418740518390541E+00  3.424516649272098E+00  3.429410870665666E+00
  3.441703333460818E+00  3.450859770445882E+00  3.458959636626750E+00
  3.421409466645044E+00  3.423958306363948E+00  3.425893220184734E+00
  3.467158567769440E+00  3.475281545021872E+00  3.482558655013462E+00
  3.493081115426679E+00  3.504877354561830E+00  3.515669512695387E+00
  3.451287552641172E+00  3.455851753044352E+00  3.459832804874044E+00
  3.503281967299930E+00  3.513906862638439E+00  3.523752827672408E+00
  3.532725984543025E+00  3.547291441162626E+00  3.560942288975537E+00
  3.465869751606915E+00  3.472547651400903E+00  3.478694182747511E+00
  3.526512771846463E+00  3.539678214081996E+00  3.552156125522517E+00
  3.561143627977269E+00  3.578472001742363E+00  3.595002119546740E+00
  3.456882089778396E+00  3.465726741727321E+00  3.474112236952604E+00
  3.528959487968061E+00  3.544662076597043E+00  3.559786895266947E+00
  3.570882924272350E+00  3.590930991750036E+00  3.610314341553147E+00
  3.412224491063757E+00  3.423208569540191E+00  3.433821505053977E+00
  3.495307946942416E+00  3.513488434215836E+00  3.531210933437221E+00
  3.544608919914544E+00  3.567293521899694E+00  3.589453734597389E+00
  3.334661496139864E+00  3.347431191864792E+00  3.359925932503645E+00
  3.424304652715173E+00  3.444576633488970E+00  3.464514477768851E+00
  3.478028574068622E+00  3.502937947400990E+00  3.527465815819201E+00
  3.269747995045738E+00  3.283115011050933E+00  3.296304878435330E+00
  3.370459039313234E+00  3.391523512416078E+00  3.412376368734260E+00
  3.431164032419961E+00  3.456936633159988E+00  3.482467658489076E+00
  3.296571942961928E+00  3.308214511386757E+00  3.319769984528749E+00
  3.443074029872364E+00  3.462357949244889E+00  3.481531517729781E+00
  3.534506891975474E+00  3.558456885518310E+00  3.582271957171818E+00
  3.445081588442544E+00  3.452687648799410E+00  3.460258675847937E+00
  3.690781936736811E+00  3.705822825607734E+00  3.720788993266563E+00
  3.850740253962964E+00  3.870421208031478E+00  3.889985110616091E+00
  3.607078475111507E+00  3.611226236482963E+00  3.615295065409073E+00
  3.951110206188162E+00  3.963147678218242E+00  3.975030269510118E+00
  4.176475488431218E+00  4.193763845920079E+00  4.210825593038635E+00
  3.590445550571608E+00  3.595398772527805E+00  3.600143816759170E+00
  3.933485644639206E+00  3.947668022024321E+00  3.961569645214865E+00
  4.148611607343756E+00  4.169298763463981E+00  4.189645852665205E+00
  3.323179332780297E+00  3.331778196697281E+00  3.340122368950862E+00
  3.564556700047455E+00  3.582253148665810E+00  3.599712020928675E+00
  3.700945722175135E+00  3.725047048819005E+00  3.748931679147948E+00
  2.939211454963166E+00  2.948892236595517E+00  2.958432050802801E+00
  3.079396483784709E+00  3.095272062057664E+00  3.111099756182226E+00
  3.145519561856014E+00  3.165589294973290E+00  3.185688225740407E+00
  2.604568612073628E+00  2.611352409530499E+00  2.618122682888783E+00
  2.706474663850269E+00  2.716008209117650E+00  2.725605524914843E+00
  2.749873505747213E+00  2.761123647974421E+00  2.772497649572378E+00
  2.344747356333505E+00  2.347865879617571E+00  2.351005502460568E+00
  2.450270557315378E+00  2.454263949915120E+00  2.458300994785051E+00
  2.500813979533008E+00  2.505250586633147E+00  2.509747725079492E+00
  2.088094652195480E+00  2.089317277562764E+00  2.090537576870650E+00
  2.192506875093804E+00  2.194234821859907E+00  2.195953161699624E+00
  2.247306277604255E+00  2.249290959196925E+00  2.251260665462572E+00
  1.797631693640130E+00  1.798478595818340E+00  1.799307478305613E+00
  1.880263480471317E+00  1.881634066522837E+00  1.882980844788150E+00
  1.924497181568839E+00  1.926186647241663E+00  1.927848594248770E+00
  1.503809857312631E+00  1.504548381080680E+00  1.505276891595427E+00
  1.559889064120580E+00  1.560976865816341E+00  1.562056371829915E+00
  1.589359442946268E+00  1.590660153971278E+00  1.591954347461742E+00
  1.247446168238092E+00  1.247884672232725E+00  1.248325167387878E+00
  1.285892697010603E+00  1.286463481845151E+00  1.287038426518068E+00
  1.305954012299907E+00  1.306595222738756E+00  1.307242247809628E+00
  1.039736360601865E+00  1.039913183749111E+00  1.040096316021570E+00
  1.068205619565806E+00  1.068428185781073E+00  1.068657069431060E+00
  1.083263526990110E+00  1.083507372710468E+00  1.083757426817907E+00
  8.714663832496261E-01  8.715588365911298E-01  8.716580839220411E-01
  8.929667285731521E-01  8.930936213821909E-01  8.932269449260395E-01
  9.044030723017406E-01  9.045494053130158E-01  9.047018405025427E-01
  7.327735665357910E-01  7.328766047344973E-01  7.329871921320694E-01
  7.489288021207731E-01  7.490578956642191E-01  7.491947090846950E-01
  7.575070415100654E-01  7.576509604021702E-01  7.578026765470492E-01
  6.179284569213328E-01  6.180577185566510E-01  6.181952209644935E-01
  6.301471088396480E-01  6.302921968885760E-01  6.304458862172234E-01
  6.366372873762804E-01  6.367905911395094E-01  6.369526900610506E-01
  5.226994914906846E-01  5.228550733927133E-01  5.230187414893036E-01
  5.319512919892920E-01  5.321180032068014E-01  5.322930908552802E-01
  5.368648826907940E-01  5.370371625334103E-01  5.372179625344290E-01
  4.433943587368604E-01  4.435750596688849E-01  4.437631017608073E-01
  4.503417749362146E-01  4.505320375272793E-01  4.507298618728579E-01
  4.540178226934610E-01  4.542129198774100E-01  4.544156877501115E-01
  3.771001177293269E-01  3.773002268355092E-01  3.775067537393060E-01
  3.822966370596316E-01  3.825052114672289E-01  3.827203798553334E-01
  3.850306193996859E-01  3.852434542200298E-01  3.854629724468443E-01
  3.215613560593305E-01  3.217730935293630E-01  3.219903244843311E-01
  3.254704769492955E-01  3.256897328626708E-01  3.259146211212091E-01
  3.275153266494031E-01  3.277383534083287E-01  3.279670831362745E-01
  2.749426156434348E-01  2.751590800928266E-01  2.753801772025312E-01
  2.779181125664414E-01  2.781413000144179E-01  2.783692306064516E-01
  2.794668548789300E-01  2.796934230281030E-01  2.799247902963035E-01
  2.357290384610386E-01  2.359449129168621E-01  2.361646527372875E-01
  2.380239526857821E-01  2.382458091319470E-01  2.384716218935379E-01
  2.392138342264643E-01  2.394387049504323E-01  2.396675780810369E-01
  2.026802836802452E-01  2.028917416697525E-01  2.031063982287957E-01
  2.044701344690850E-01  2.046868704138056E-01  2.049068817592788E-01
  2.053954173623049E-01  2.056148130356774E-01  2.058375230743100E-01
  1.747827952326327E-01  1.749873018669911E-01  1.751944339980850E-01
  1.761896662782850E-01  1.763988109923728E-01  1.766106470400793E-01
  1.769151327517946E-01  1.771266130482906E-01  1.773408180654162E-01
  1.512042671519768E-01  1.514003172781105E-01  1.515985009692397E-01
  1.523160028230541E-01  1.525161295567230E-01  1.527184467594994E-01
  1.528878508756763E-01  1.530900290275092E-01  1.532944264765616E-01
  1.312558285452984E-01  1.314426692609511E-01  1.316312175430251E-01
  1.321383691082609E-01  1.323287995855106E-01  1.325209872558157E-01
  1.325911497504739E-01  1.327833858651532E-01  1.329774042405960E-01
  1.143627361644309E-01  1.145401166764324E-01  1.147188278498032E-01
  1.150669349089837E-01  1.152474832767996E-01  1.154294063987177E-01
  1.154272792106832E-01  1.156094202985683E-01  1.157929582870199E-01
  1.000425443998507E-01  1.002104957863586E-01  1.003794317547486E-01
  1.006079068297074E-01  1.007786637732605E-01  1.009504459950156E-01
  1.008964927989683E-01  1.010686590161100E-01  1.012418707873450E-01
  8.788865366511488E-02  8.804728708763647E-02  8.820657013459259E-02
  8.834578619605292E-02  8.850692498942295E-02  8.866875328466947E-02
  8.857859887028621E-02  8.874099392230374E-02  8.890409817571797E-02
  7.755724802107496E-02  7.770656590341146E-02  7.785618887640326E-02
  7.792982969843851E-02  7.808142282859093E-02  7.823336292212640E-02
  7.811918560628313E-02  7.827191652162646E-02  7.842501496147308E-02
  6.875645462663776E-02  6.889618127692132E-02  6.903583865268512E-02
  6.906292671445144E-02  6.920477710645952E-02  6.934660473575120E-02
  6.921836793348395E-02  6.936127682218757E-02  6.950418574656041E-02
  6.123727694263302E-02  6.136672554625374E-02  6.149568352510205E-02
  6.149222250540989E-02  6.162372639822315E-02  6.175479275040890E-02
  6.162125580595041E-02  6.175378075341863E-02  6.188589423297970E-02
  5.478619608857323E-02  5.490419472444470E-02  5.502122399905409E-02
  5.500137365066395E-02  5.512143883733748E-02  5.524059497886660E-02
  5.511002764315774E-02  5.523111705302576E-02  5.535132717179777E-02
  4.921940146604906E-02  4.932430048623512E-02  4.942769425840995E-02
  4.940444620671455E-02  4.951148938640555E-02  4.961709382267820E-02
  4.949764996291260E-02  4.960575481943893E-02  4.971245391694769E-02
  4.437856022077149E-02  4.446833565909710E-02  4.455602655598685E-02
  4.454140639707421E-02  4.463344626385616E-02  4.472347141488574E-02
  4.462321728220611E-02  4.471637893070415E-02  4.480756069474173E-02
  4.012794459906512E-02  4.020039633516902E-02  4.027016848764136E-02
  4.027504479804758E-02  4.034989218428296E-02  4.042212876086999E-02
  4.034876613450018E-02  4.042480220507213E-02  4.049826197608700E-02
  3.635262427374245E-02  3.640564508095998E-02  3.645541391753752E-02
  3.648904928582641E-02  3.654457317035811E-02  3.659690769898117E-02
  3.655728302994905E-02  3.661405169912635E-02  3.666766262916941E-02
  3.295731253354697E-02  3.298918046686622E-02  3.301728897983893E-02
  3.308681160938993E-02  3.312123522602867E-02  3.315195110889235E-02
  3.315148872394320E-02  3.318718649831517E-02  3.321920282733777E-02
  2.986537335681514E-02  2.987500406450481E-02  2.988046976194251E-02
  2.999045841637855E-02  3.000262199470295E-02  3.001065797119788E-02
  3.005288054169840E-02  3.006631012099512E-02  3.007563131401570E-02
  2.701750824429636E-02  2.700460482129135E-02  2.698725534941734E-02
  2.713959968657937E-02  2.712912519532748E-02  2.711422658679875E-02
  2.720051181583626E-02  2.719125430847980E-02  2.717758415749809E-02
  2.436978642305706E-02  2.433484721934381E-02  2.429530879336207E-02
  2.448942754600187E-02  2.445674188060981E-02  2.441946450978657E-02
  2.454912555833519E-02  2.451757149837510E-02  2.448142994437662E-02
  2.189094947933646E-02  2.183513533026094E-02  2.177468171973344E-02
  2.200806753685414E-02  2.195428119452269E-02  2.189585124201497E-02
  2.206652977915509E-02  2.201376373461138E-02  2.195635238218361E-02
  1.955923925152658E-02  1.948414774953586E-02  1.940446394782362E-02
  1.967341087456979E-02  1.960009653399744E-02  1.952217747331875E-02
  1.973043272546450E-02  1.965801424688373E-02  1.958098514732856E-02
  1.735924771952624E-02  1.726667420314339E-02  1.716961816242749E-02
  1.746992115322441E-02  1.737887122490640E-02  1.728332102710963E-02
  1.752522861895118E-02  1.743494821837208E-02  1.734015894640261E-02
  1.527935383747733E-02  1.517112014081024E-02  1.505856234615527E-02
  1.538599281069106E-02  1.527903931807017E-02  1.516774045307534E-02
  1.543931706667638E-02  1.533301170008441E-02  1.522235058714890E-02
  1.331014523086062E-02  1.318804402638392E-02  1.306182670754827E-02
  1.341228507493850E-02  1.329123391571337E-02  1.316604240311611E-02
  1.346339260809795E-02  1.334287481941161E-02  1.321820483161147E-02
  1.144388236741476E-02  1.130973100133952E-02  1.117173298764045E-02
  1.154111738413769E-02  1.140779501358527E-02  1.127059859311391E-02
  1.158980473892496E-02  1.145690562516793E-02  1.132011904160084E-02
  9.674703839413060E-03  9.530453180105800E-03  9.382700296691008E-03
  9.766643217415842E-03  9.623003459505916E-03  9.475830635046641E-03
  9.812714909530425E-03  9.669389774770101E-03  9.522516419495622E-03
  7.999064896130791E-03  7.846890120659308E-03  7.691637570075899E-03
  8.085295186773010E-03  7.933512579647169E-03  7.778618085157298E-03
  8.128544139985705E-03  7.976967042932478E-03  7.822261225824450E-03
  6.415936676421643E-03  6.258255542996961E-03  6.097992304121649E-03
  6.496013886619312E-03  6.338506628924760E-03  6.178380653714113E-03
  6.536216499466002E-03  6.378805541326872E-03  6.218757712848253E-03
  4.926526891401122E-03  4.765933140893231E-03  4.603302532250837E-03
  5.000000341026495E-03  4.839367685320386E-03  4.676660243154215E-03
  5.036927768676027E-03  4.876284549916623E-03  4.713547648515634E-03
  3.533570676245765E-03  3.372710409664366E-03  3.210379560927608E-03
  3.600025052648559E-03  3.438925357892490E-03  3.276317113264483E-03
  3.633464159227090E-03  3.472252758739751E-03  3.309513805673709E-03
  2.240433894629811E-03  2.081870638860661E-03  1.922395834644247E-03
  2.299531540040990E-03  2.140546720981526E-03  1.980613475717822E-03
  2.329306478869279E-03  2.170117668009192E-03  2.009961895432760E-03
  1.050301014398986E-03  8.964067298136745E-04  7.421298790505666E-04
  1.101812116847297E-03  9.473368868467718E-04  7.924442201553267E-04
  1.127800136007666E-03  9.730397773165464E-04  8.178443874653977E-04
 -3.438209083415899E-05 -1.814958800117975E-04 -3.285087722628131E-04
  9.435746173776125E-06 -1.383929077567046E-04 -2.861527521827785E-04
  3.157554446224095E-05 -1.166067540744472E-04 -2.647364908651627E-04
 -1.012183799358279E-03 -1.150701458363339E-03 -1.288689203308216E-03
 -9.760383914055324E-04 -1.115377585193041E-03 -1.254215440199229E-03
 -9.577438227652114E-04 -1.097491556201137E-03 -1.236752468971508E-03
 -1.882758568322093E-03 -2.011177347429075E-03 -2.138696009147292E-03
 -1.854137609883063E-03 -1.983455896870925E-03 -2.111898420487163E-03
 -1.839620751467241E-03 -1.969388036416254E-03 -2.098291973613089E-03
 -2.646824478494635E-03 -2.763964018930129E-03 -2.879893722393206E-03
 -2.625454765022972E-03 -2.743541949536185E-03 -2.860438804168510E-03
 -2.614584220118863E-03 -2.733145776301951E-03 -2.850526985477715E-03
 -3.306129246449022E-03 -3.411135903686005E-03 -3.514683574907710E-03
 -3.291616049176020E-03 -3.397588259140616E-03 -3.502115715228909E-03
 -3.284198190406125E-03 -3.390654803648308E-03 -3.495673983901359E-03
 -3.863436766864240E-03 -3.955779324667710E-03 -4.046473166596254E-03
 -3.855271802488492E-03 -3.948568506559712E-03 -4.040225324703381E-03
 -3.851054653109910E-03 -3.944830864602143E-03 -4.036971774004448E-03
 -4.322522324003319E-03 -4.401975602668823E-03 -4.479647333089778E-03
 -4.320098372591897E-03 -4.400467612749630E-03 -4.479058953192890E-03
 -4.318778927100229E-03 -4.399609103791911E-03 -4.478663331462775E-03
 -4.688143013930709E-03 -4.754759295269226E-03 -4.819513956905448E-03
 -4.690775858836675E-03 -4.758247241751068E-03 -4.823856020233595E-03
 -4.692011188696649E-03 -4.759913324754403E-03 -4.825952446723175E-03
 -4.965951893785596E-03 -5.020023211957048E-03 -5.072199781413434E-03
 -4.972908240053844E-03 -5.027756412693403E-03 -5.080705020374697E-03
 -4.976329697644054E-03 -5.031569505373681E-03 -5.084907382171407E-03
 -5.162342101176276E-03 -5.204357201518339E-03 -5.244484114797258E-03
 -5.172870747522009E-03 -5.215572988791177E-03 -5.256379348772757E-03
 -5.178099867131485E-03 -5.221148700155727E-03 -5.262297812624979E-03
 -5.284229397205806E-03 -5.314828123120900E-03 -5.343576768881536E-03
 -5.297592462637660E-03 -5.328783123385267E-03 -5.358114129648060E-03
 -5.304256911145927E-03 -5.335746237413489E-03 -5.365371103472023E-03
 -5.338798654729287E-03 -5.358725559718112E-03 -5.376863701458481E-03
 -5.354299874553217E-03 -5.374723519499991E-03 -5.393347890588381E-03
 -5.362047918028381E-03 -5.382722225959989E-03 -5.401591968100559E-03
 -5.333247301748441E-03 -5.343306604515524E-03 -5.351653875268444E-03
 -5.350254970506815E-03 -5.360720434459825E-03 -5.369463228737120E-03
 -5.358767219394504E-03 -5.369437619192377E-03 -5.378379983698159E-03
 -5.274557700745357E-03 -5.275572948778497E-03 -5.274961712421262E-03
 -5.292520550914021E-03 -5.293859394821764E-03 -5.293561608014389E-03
 -5.301518116025396E-03 -5.303020183793415E-03 -5.302880497641796E-03
 -5.169324472985019E-03 -5.162107103897256E-03 -5.153352728833559E-03
 -5.187779607865956E-03 -5.180813316400260E-03 -5.172300765209738E-03
 -5.197028222109462E-03 -5.190188505806230E-03 -5.181797855084561E-03
 -5.023654283830970E-03 -5.008984537717759E-03 -4.992868300518510E-03
 -5.042227250683398E-03 -5.027746807421543E-03 -5.011811702829050E-03
 -5.051537398111373E-03 -5.037152313420685E-03 -5.021308440462534E-03
 -4.843144629248003E-03 -4.821765841959279E-03 -4.799031141181329E-03
 -4.861542758782731E-03 -4.840301816622231E-03 -4.817697892700108E-03
 -4.870766374274435E-03 -4.849594802562084E-03 -4.827056681125072E-03
 -4.632934187726900E-03 -4.605558228534758E-03 -4.576917452055807E-03
 -4.650935244498205E-03 -4.623654803556606E-03 -4.595103484691420E-03
 -4.659960010579026E-03 -4.632727586652312E-03 -4.604221228963508E-03
 -4.397801883054339E-03 -4.365120631174655E-03 -4.331267209730532E-03
 -4.415240614192494E-03 -4.382620168966279E-03 -4.348822360532522E-03
 -4.423983159561636E-03 -4.391393246005452E-03 -4.357623354240510E-03
 -4.142279298554474E-03 -4.104975620467510E-03 -4.066594584798199E-03
 -4.159034449571308E-03 -4.121763032967354E-03 -4.083409802017696E-03
 -4.167433751441510E-03 -4.130178511099297E-03 -4.091839215487923E-03
 -3.870736773864055E-03 -3.829488968781948E-03 -3.787260148149008E-03
 -3.886720545352866E-03 -3.845481513654899E-03 -3.803257661326616E-03
 -3.894732544076795E-03 -3.853497893509009E-03 -3.811276511009722E-03
 -3.587410637258046E-03 -3.542886642336147E-03 -3.497477256845810E-03
 -3.602561563572864E-03 -3.558027242839202E-03 -3.512604344669299E-03
 -3.610155500313869E-03 -3.565615978692805E-03 -3.520186279676692E-03
 -3.296356747168025E-03 -3.249197872734376E-03 -3.201244900342553E-03
 -3.310635890647605E-03 -3.263451689133664E-03 -3.215470821896079E-03
 -3.317792328857269E-03 -3.270595402861019E-03 -3.222600522000899E-03
 -3.001338893482823E-03 -2.952136475414348E-03 -2.902222744749729E-03
 -3.014728375931960E-03 -2.965489634980341E-03 -2.915537636398715E-03
 -3.021438422718240E-03 -2.972181441084732E-03 -2.922210224954078E-03
 -2.705682326806110E-03 -2.654953365935606E-03 -2.603583783255018E-03
 -2.718184773737203E-03 -2.667412387239043E-03 -2.615998029752693E-03
 -2.724449785870437E-03 -2.673655592605551E-03 -2.622218750425043E-03
 -2.412135691152430E-03 -2.360304493872081E-03 -2.307889420692672E-03
 -2.423773199461808E-03 -2.371895050080478E-03 -2.319432190874300E-03
 -2.429604270916908E-03 -2.377702541641157E-03 -2.325215683579336E-03
 -2.122784660396910E-03 -2.070176395653984E-03 -2.017027737192088E-03
 -2.133596328990395E-03 -2.080940543986613E-03 -2.027743906976979E-03
 -2.139013069444507E-03 -2.086333417361945E-03 -2.033112683769242E-03
 -1.839047586019475E-03 -1.785896788228610E-03 -1.732239177808850E-03
 -1.849085295178703E-03 -1.795888462935614E-03 -1.742184552113061E-03
 -1.854113733051461E-03 -1.800893781667531E-03 -1.747166620071039E-03
 -1.561761507493073E-03 -1.508234608144015E-03 -1.454229985669891E-03
 -1.571084297290917E-03 -1.517513831746244E-03 -1.463465375217344E-03
 -1.575754075959644E-03 -1.522161738462397E-03 -1.468091278828769E-03
 -1.291342503673919E-03 -1.237569486020459E-03 -1.183349451346590E-03
 -1.300010412753420E-03 -1.246196230063915E-03 -1.191934596901268E-03
 -1.304351707508735E-03 -1.250516872710872E-03 -1.196234374345989E-03
 -1.027984412118607E-03 -9.740917616763092E-04 -9.197894707280630E-04
 -1.036052879078555E-03 -9.821205748519835E-04 -9.277779356336079E-04
 -1.040093586218682E-03 -9.861414077960498E-04 -9.317785508714991E-04
 -7.718497268457784E-04 -7.179859677043908E-04 -6.637589692609667E-04
 -7.793655775448458E-04 -7.254623477469747E-04 -6.711949164034433E-04
 -7.831292903395544E-04 -7.292062994975787E-04 -6.749186291084061E-04
 -5.232088359784862E-04 -4.695556864765988E-04 -4.155934500001822E-04
 -5.302085029022551E-04 -4.765147401892099E-04 -4.225107356998255E-04
 -5.337136023651571E-04 -4.799995250138589E-04 -4.259746305490681E-04
 -2.824987313072588E-04 -2.292652397681505E-04 -1.757799800248140E-04
 -2.890087684944652E-04 -2.357325629313353E-04 -1.822033623551672E-04
 -2.922686659734137E-04 -2.389711074008792E-04 -1.854199414000133E-04
 -5.029709204889773E-05  2.299818491061201E-06  5.509410971637579E-05
 -5.633641452273088E-05 -3.694264694356144E-06  4.914645751445774E-05
 -5.936066465589572E-05 -6.695905810284003E-06  4.616802092003782E-05
  1.727634856027802E-04  2.245224603045170E-04  2.764319273534381E-04
  1.671807089675918E-04  2.189874422117256E-04  2.709457945033817E-04
  1.643849588963197E-04  2.162155574862520E-04  2.681983380395873E-04
  3.860914728470975E-04  4.368404119837704E-04  4.876999811865740E-04
  3.809535377104455E-04  4.317526773575798E-04  4.826636024123374E-04
  3.783803959023529E-04  4.292046187574603E-04  4.801412033855040E-04
  5.891810262006431E-04  6.387672053980797E-04  6.884228769734722E-04
  5.844780756316540E-04  6.341172557100708E-04  6.838273373733282E-04
  5.821225822269795E-04  6.317882397385504E-04  6.815255007446502E-04
  7.815515923126588E-04  8.297995386260775E-04  8.780576533388138E-04
  7.772771245308132E-04  8.255821417992739E-04  8.738993063017264E-04
  7.751359920749014E-04  8.234695113454638E-04  8.718161631734510E-04
  9.625583929326490E-04  1.009196700789700E-03  1.055744303583211E-03
  9.587125384048886E-04  1.005414413840905E-03  1.052028452662304E-03
  9.567857834804148E-04  1.003519394734889E-03  1.050166598695411E-03
  1.131095389592508E-03  1.175666037398422E-03  1.219979042363770E-03
  1.127688812387127E-03  1.172332967337360E-03  1.216723448245774E-03
  1.125981708571449E-03  1.170662553377218E-03  1.215091703946626E-03
  1.285262446969674E-03  1.327037719089693E-03  1.368304453748195E-03
  1.282319211534398E-03  1.324181799337458E-03  1.365540906090005E-03
  1.280843734080210E-03  1.322749903587268E-03  1.364155117413993E-03
  1.422108572927584E-03  1.460047995293638E-03  1.497141567824132E-03
  1.419666234506225E-03  1.457710082781146E-03  1.494913900892090E-03
  1.418441123214849E-03  1.456537104676594E-03  1.493795966258351E-03
  1.537580832820638E-03  1.570361017494368E-03  1.601892466181503E-03
  1.535686374321319E-03  1.568589579793870E-03  1.600249956292842E-03
  1.534735122098367E-03  1.567699768713207E-03  1.599424544948886E-03
  1.626795832919406E-03  1.652938254778655E-03  1.677412255671203E-03
  1.625496796459521E-03  1.651779217474303E-03  1.676398210043853E-03
  1.624843233603025E-03  1.651195613881161E-03  1.675887072656559E-03
  1.684703700647836E-03  1.702808395037290E-03  1.718883779645163E-03
  1.684034841866032E-03  1.702290757053183E-03  1.718520219280678E-03
  1.683696476303650E-03  1.702028011243041E-03  1.718334538192682E-03
  1.707132383521961E-03  1.716199442906581E-03  1.723028415335031E-03
  1.707099342885546E-03  1.716318480176634E-03  1.723299009406202E-03
  1.707079199451164E-03  1.716374454615549E-03  1.723430862876761E-03
  1.692087132583848E-03  1.691875208543568E-03  1.689461524697555E-03
  1.692649897396574E-03  1.692576378145288E-03  1.690296220106706E-03
  1.692928238340129E-03  1.692924084646587E-03  1.690710877474189E-03
  1.641053469131385E-03  1.632392791325702E-03  1.621879465179584E-03
  1.642113568294264E-03  1.633560528623281E-03  1.623145208358183E-03
  1.642641461638792E-03  1.634142492606951E-03  1.623776451243410E-03
  1.559950631250049E-03  1.544910957297593E-03  1.528697160275123E-03
  1.561346559092234E-03  1.546366853471571E-03  1.530199094214363E-03
  1.562043541768494E-03  1.547094149154875E-03  1.530949757083756E-03
  1.459363926142699E-03  1.441190856065403E-03  1.422800220534660E-03
  1.460878556986868E-03  1.442704548115873E-03  1.424296139012969E-03
  1.461636279320770E-03  1.443462178631424E-03  1.425045270338607E-03
  1.353798429817005E-03  1.336581883296497E-03  1.320263719713346E-03
  1.355179759665057E-03  1.337895140872278E-03  1.321491326966684E-03
  1.355872293679514E-03  1.338554021712158E-03  1.322107763006589E-03
  1.259943107808095E-03  1.248058332133074E-03  1.238182873022909E-03
  1.260935955706551E-03  1.248918952869519E-03  1.238895453891894E-03
  1.261435602820886E-03  1.249352824109879E-03  1.239255626972051E-03
  1.194238526724292E-03  1.191673751427684E-03  1.192050596415168E-03
  1.194621172899006E-03  1.191872472759063E-03  1.192053657155177E-03
  1.194816776067680E-03  1.191976358652659E-03  1.192059930765838E-03
  1.170278628578191E-03  1.180002650716824E-03  1.193278792595784E-03
  1.169896348895600E-03  1.179404855936957E-03  1.192459437152584E-03
  1.169710095091846E-03  1.179110963660298E-03  1.192054849815088E-03
  1.196645772424103E-03  1.220158471556641E-03  1.247429910082735E-03
  1.195433704934104E-03  1.218723573723992E-03  1.245772418373119E-03
  1.194832629137411E-03  1.218011063384701E-03  1.244948557120990E-03
  1.275660546266847E-03  1.312818698861246E-03  1.353531825544384E-03
  1.273650951941359E-03  1.310603117598997E-03  1.351116263794889E-03
  1.272650657375836E-03  1.309499683000213E-03  1.349912662878575E-03
  1.403287306257411E-03  1.452429304736582E-03  1.504577912935628E-03
  1.400599982723436E-03  1.449572768773922E-03  1.501562485468126E-03
  1.399259936233122E-03  1.448147874358754E-03  1.500057883742932E-03
  1.570161056804557E-03  1.628486701169900E-03  1.689045122922836E-03
  1.566979417282226E-03  1.625185286096412E-03  1.685636535501430E-03
  1.565391055703105E-03  1.623536745047377E-03  1.683934108544187E-03
  1.763455325326032E-03  1.827562643381266E-03  1.893045914082333E-03
  1.759993790336661E-03  1.824034858637511E-03  1.889464646956031E-03
  1.758264245648144E-03  1.822271894819252E-03  1.887674650705646E-03
  1.969135623119921E-03  2.035585893791887E-03  2.102604614039015E-03
  1.965605846688586E-03  2.032039583184628E-03  2.099052975977726E-03
  1.963841044057758E-03  2.030266255388285E-03  2.097276737227488E-03
  2.174080079833962E-03  2.239865674194329E-03  2.305556372160599E-03
  2.170663422263035E-03  2.236472804463020E-03  2.302195921478089E-03
  2.168954263686553E-03  2.234775340475271E-03  2.300514481969853E-03
  2.367630096336792E-03  2.430460264273799E-03  2.492720693394812E-03
  2.364461393295768E-03  2.427343802116150E-03  2.489662286365319E-03
  2.362875570751831E-03  2.425783964173403E-03  2.488131353800775E-03
  2.542343386665748E-03  2.600726690147096E-03  2.658251313594434E-03
  2.539507225813658E-03  2.597959764193524E-03  2.655556982515600E-03
  2.538087293126011E-03  2.596574367383762E-03  2.654207811974154E-03
  2.693979060430532E-03  2.747141265773701E-03  2.799307666119083E-03
  2.691516073740365E-03  2.744755372552100E-03  2.797000448303813E-03
  2.690282549130987E-03  2.743560351054229E-03  2.795844727191331E-03
  2.820944127710361E-03  2.868654009239571E-03  2.915336328304894E-03
  2.818862706429615E-03  2.866651432031468E-03  2.913413107886052E-03
  2.817819915191707E-03  2.865648040483383E-03  2.912449375167439E-03
  2.923506758910635E-03  2.965882940909778E-03  3.007261856366682E-03
  2.921795561788967E-03  2.964248977818426E-03  3.005705127152921E-03
  2.920937899176160E-03  2.963429918616758E-03  3.004924671857022E-03
  3.003037910752993E-03  3.040387429157345E-03  3.076800263248709E-03
  3.001675979105117E-03  3.039099697855555E-03  3.075586554716944E-03
  3.000992989290325E-03  3.038453796613514E-03  3.074977653029286E-03
  3.061434065498827E-03  3.094143971465547E-03  3.125989484372169E-03
  3.060397255667392E-03  3.093177939857703E-03  3.125094011847350E-03
  3.059876871307422E-03  3.092692933492450E-03  3.124644273962344E-03
  3.100761649800483E-03  3.129241347875606E-03  3.156932540235613E-03
  3.100025624744920E-03  3.128572617677809E-03  3.156330847656682E-03
  3.099655680900720E-03  3.128236312563745E-03  3.156028053595553E-03
  3.123086592744165E-03  3.147745853660185E-03  3.171694057029386E-03
  3.122627438689601E-03  3.147350372179029E-03  3.171361898712234E-03
  3.122395991231050E-03  3.147150758103473E-03  3.171193945275923E-03
  3.130419597631296E-03  3.151664396465341E-03  3.172277129216517E-03
  3.130213305116467E-03  3.151517815024557E-03  3.172189764729859E-03
  3.130108373655027E-03  3.151442745135169E-03  3.172144312115118E-03
  3.124709244267874E-03  3.142941108760267E-03  3.160620727779829E-03
  3.124731052937334E-03  3.143018198875634E-03  3.160752443498737E-03
  3.124740290063867E-03  3.143055093533379E-03  3.160816670916603E-03
  3.107835222085539E-03  3.123445891710059E-03  3.138582420049001E-03
  3.108059419295484E-03  3.123720504315248E-03  3.138906658337620E-03
  3.108170003782917E-03  3.123856324162010E-03  3.139067321760169E-03
  3.081579260747775E-03  3.094938490409386E-03  3.107895784424799E-03
  3.081979617647200E-03  3.095384151578669E-03  3.108385889406230E-03
  3.082178465866514E-03  3.095605688865936E-03  3.108629688127582E-03
  3.047573094141623E-03  3.059011926471530E-03  3.070110355604373E-03
  3.048123812624804E-03  3.059602882268074E-03  3.070740695392770E-03
  3.048398046705194E-03  3.059897278434071E-03  3.071054828842290E-03
  3.007236993903095E-03  3.017031210413610E-03  3.026531868951088E-03
  3.007913860287302E-03  3.017743589918582E-03  3.027278984983928E-03
  3.008251382025640E-03  3.018098914829156E-03  3.027651725801692E-03
  2.961728052313714E-03  2.970086814705986E-03  2.978182098963407E-03
  2.962509450586577E-03  2.970899569085340E-03  2.979025552591307E-03
  2.962899447820217E-03  2.971305290967721E-03  2.979446670956849E-03
  2.911915408896634E-03  2.918978715039262E-03  2.925792360651763E-03
  2.912782916762938E-03  2.919874085294578E-03  2.926715063931630E-03
  2.913216163406438E-03  2.920321307117149E-03  2.927175995905496E-03
  2.858392158174430E-03  2.864238322652617E-03  2.869835421876255E-03
  2.859330593855926E-03  2.865201746143426E-03  2.870823406307269E-03
  2.859799476692381E-03  2.865683162512760E-03  2.871317142016832E-03
  2.801523671431572E-03  2.806185401038415E-03  2.810590331207547E-03
  2.802520627107376E-03  2.807204933715157E-03  2.811632070394722E-03
  2.803018916232763E-03  2.807714545714482E-03  2.812152819032320E-03
  2.741522654720717E-03  2.745008200354855E-03  2.748226534988503E-03
  2.742567691382919E-03  2.746073657139521E-03  2.749312046706129E-03
  2.743090140819798E-03  2.746606345529218E-03  2.749854790365402E-03
  2.678535100369409E-03  2.680849979035441E-03  2.682889790929423E-03
  2.679618849832191E-03  2.681952045340697E-03  2.684009773336354E-03
  2.680160750701594E-03  2.682503128244276E-03  2.684569836801872E-03
  2.612719842703957E-03  2.613884911581423E-03  2.614773479813936E-03
  2.613833251932520E-03  2.615014448376749E-03  2.615918687068298E-03
  2.614390055725159E-03  2.615579334710673E-03  2.616491426324246E-03
  2.544307621925079E-03  2.544370620186564E-03  2.544164094526886E-03
  2.545441497455657E-03  2.545518294694556E-03  2.545325056239231E-03
  2.546008588561502E-03  2.546092299707431E-03  2.545905718277781E-03
  2.473631912223912E-03  2.472671443566720E-03  2.471456929700990E-03
  2.474776813296952E-03  2.473827705991948E-03  2.472624007159917E-03
  2.475349455482448E-03  2.474406039490166E-03  2.473207757918312E-03
  2.401131037597099E-03  2.399253745730593E-03  2.397144962373516E-03
  2.402277465685689E-03  2.400409078309051E-03  2.398308649093398E-03
  2.402850896660158E-03  2.400986968976415E-03  2.398890723516973E-03
  2.327327131051014E-03  2.324660055628841E-03  2.321788771602899E-03
  2.328465900064272E-03  2.325805368729617E-03  2.322940106583239E-03
  2.329035516404467E-03  2.326378261994174E-03  2.323516015057675E-03
  2.252790936110630E-03  2.249471526818595E-03  2.245977285495789E-03
  2.253913591680681E-03  2.250598572577524E-03  2.247108254265920E-03
  2.254475158298312E-03  2.251162337222876E-03  2.247673982896814E-03
  2.178102029421579E-03  2.174268109941253E-03  2.170288417930780E-03
  2.179201208866868E-03  2.175369814664745E-03  2.171392253465811E-03
  2.179751038740666E-03  2.175920908733112E-03  2.171944414185666E-03
  2.103812389110916E-03  2.099593743606933E-03  2.095256209871531E-03
  2.104882057097268E-03  2.100664405928509E-03  2.096327552255006E-03
  2.105417128733441E-03  2.101199975380161E-03  2.096863462191164E-03
  2.030418419132299E-03  2.025930907307656E-03  2.021348047877553E-03
  2.031453958584871E-03  2.026966251778323E-03  2.022382961683169E-03
  2.031971961011912E-03  2.027484156799072E-03  2.022900651343443E-03
  1.958343599121991E-03  1.953686014780762E-03  1.948952785267619E-03
  1.959341770175301E-03  1.954683120051784E-03  1.949948659176306E-03
  1.959841081955508E-03  1.955181898686465E-03  1.950446821814792E-03
  1.887931548292708E-03  1.883184936356960E-03  1.878378607727778E-03
  1.888890346283251E-03  1.884142071682959E-03  1.879333972045893E-03
  1.889369964139786E-03  1.884620857749774E-03  1.879811872122958E-03
  1.819447738405135E-03  1.814676596149703E-03  1.809858349350888E-03
  1.820366187744766E-03  1.815593003313008E-03  1.810772648357605E-03
  1.820825623280842E-03  1.816051417190212E-03  1.811230007580859E-03
  1.753087322235966E-03  1.748341996954546E-03  1.743559536160647E-03
  1.753965241475476E-03  1.749217651979229E-03  1.744432888537807E-03
  1.754404403633906E-03  1.749655681423885E-03  1.744869766069094E-03
  1.688986376707512E-03  1.684305984823768E-03  1.679596508494506E-03
  1.689824145337807E-03  1.685141368632949E-03  1.680429483527327E-03
  1.690243223815640E-03  1.685559254138436E-03  1.680846164121192E-03
  1.627234102593156E-03  1.622649393696973E-03  1.618042379645071E-03
  1.628032454100867E-03  1.623445294582586E-03  1.618835810337808E-03
  1.628431815899485E-03  1.623843430630558E-03  1.619232710906551E-03
  1.567884031223125E-03  1.563419775509918E-03  1.558939203397234E-03
  1.568643889890133E-03  1.564177138939343E-03  1.559694049963425E-03
  1.569023997683405E-03  1.564555998854055E-03  1.560071651253969E-03
  1.510962956745761E-03  1.506639620686099E-03  1.502305447053678E-03
  1.511685327489602E-03  1.507359453463738E-03  1.503022715451481E-03
  1.512046684438179E-03  1.507719541368985E-03  1.503381521172336E-03
  1.456477040734318E-03  1.452311705364489E-03  1.448140592991975E-03
  1.457162952355123E-03  1.452995032157935E-03  1.448821304184216E-03
  1.457506073568265E-03  1.453336861069723E-03  1.449161825459581E-03
  1.404415214320495E-03  1.400421852376606E-03  1.396427306459181E-03
  1.405065708095462E-03  1.401069714536141E-03  1.397072504463140E-03
  1.405391114760171E-03  1.401393805609504E-03  1.397395263703607E-03
  1.354750522042849E-03  1.350939857258312E-03  1.347132010913866E-03
  1.355366671353775E-03  1.351553338372585E-03  1.347742793084996E-03
  1.355674900424279E-03  1.351860233572450E-03  1.348048339042375E-03
  1.307440331180747E-03  1.303819540817874E-03  1.300204851463295E-03
  1.308023275070465E-03  1.304399801672036E-03  1.300782403723884E-03
  1.308314896002753E-03  1.304690081232074E-03  1.301071329109445E-03
  1.262426346686564E-03  1.258998839409637E-03  1.255579912919471E-03
  1.262977321331118E-03  1.259547147081489E-03  1.256125535645060E-03
  1.263252951862732E-03  1.259821444117780E-03  1.256398490158995E-03
  1.219635165470444E-03  1.216400589526496E-03  1.213176262823183E-03
  1.220155521872123E-03  1.216918330359333E-03  1.213691378686108E-03
  1.220415836980670E-03  1.217177337482863E-03  1.213949073076812E-03
  1.178979764804712E-03  1.175934303916340E-03  1.172900017715521E-03
  1.179470967110374E-03  1.176422976450574E-03  1.173386159250278E-03
  1.179716698315471E-03  1.176667442378968E-03  1.173629359243253E-03
  1.140361957188986E-03  1.137498881650904E-03  1.134647290464201E-03
  1.140825562188784E-03  1.137960071546649E-03  1.135106070763897E-03
  1.141057487433938E-03  1.138190788691067E-03  1.135335582526315E-03
  1.103675553529452E-03  1.100985932433897E-03  1.098307646603095E-03
  1.104113176595846E-03  1.101421275597889E-03  1.098740720151868E-03
  1.104332103308343E-03  1.101639061703463E-03  1.098957370771280E-03
  1.068809815503460E-03  1.066283271939305E-03  1.063767612344871E-03
  1.069223090613565E-03  1.066694413797173E-03  1.064176634055062E-03
  1.069429835749555E-03  1.066900091598164E-03  1.064381251062300E-03
  1.035652757711038E-03  1.033278159667700E-03  1.030913824547880E-03
  1.036043299138888E-03  1.033666717875035E-03  1.031300413870516E-03
  1.036238670010435E-03  1.033861096419294E-03  1.031493807253062E-03
  1.004093952047502E-03  1.001859966560727E-03  9.996355489327235E-04
  1.004463323359130E-03  1.002227502111065E-03  1.000001263259458E-03
  1.004648102077210E-03  1.002411362253056E-03  1.000184212096552E-03
  9.740266392442491E-04  9.719221212682958E-04  9.698264597055689E-04
  9.743763323200431E-04  9.722701199362687E-04  9.701727782195162E-04
  9.745512652385455E-04  9.724442049909095E-04  9.703460225407306E-04
  9.453491115086622E-04  9.433633383689103E-04  9.413857204952181E-04
  9.456805354553971E-04  9.436932016961379E-04  9.417140370823624E-04
  9.458463275676344E-04  9.438582128761191E-04  9.418782742723659E-04
  9.179654550219407E-04  9.160882429263340E-04  9.142185022846526E-04
  9.182799327902457E-04  9.164012861930483E-04  9.145301246587898E-04
  9.184372459982778E-04  9.165578815610086E-04  9.146860089921490E-04
  8.917858127371473E-04  8.900075605926847E-04  8.882361120323910E-04
  8.920845823868616E-04  8.903050146587677E-04  8.885322639744092E-04
  8.922340361174974E-04  8.904538100364776E-04  8.886804077288377E-04
  8.667263477983566E-04  8.650380479153174E-04  8.633558979587780E-04
  8.670105655858071E-04  8.653210622896931E-04  8.636377222612250E-04
  8.671527383353251E-04  8.654626327971457E-04  8.637786971969473E-04
  8.427090695017449E-04  8.411023106254067E-04  8.395010639314683E-04
  8.429798129119678E-04  8.413719561874474E-04  8.397696247835781E-04
  8.431152437723554E-04  8.415068376145900E-04  8.399039633471938E-04
  8.196616427484480E-04  8.181286150755824E-04  8.166004828196594E-04
  8.199199127582748E-04  8.183858860203567E-04  8.168567674714200E-04
  8.200491025591937E-04  8.185145758091632E-04  8.169849636360198E-04
  7.975172498853448E-04  7.960507496923624E-04  7.945885551970804E-04
  7.977639726815244E-04  7.962965651054439E-04  7.948334754551836E-04
  7.978873848546817E-04  7.964195231407741E-04  7.949559854698806E-04
  7.762145173363710E-04  7.748079431783969E-04  7.734051162617390E-04
  7.764505461882371E-04  7.750431489880677E-04  7.736395105802028E-04
  7.765686077029332E-04  7.751607985713088E-04  7.737567540114387E-04
  7.556974636666728E-04  7.543447965555314E-04  7.529953498925839E-04
  7.559235816467813E-04  7.545701684968137E-04  7.532199866124933E-04
  7.560366843638900E-04  7.546828978206333E-04  7.533323479559894E-04
  7.359153774628002E-04  7.346111418011175E-04  7.333096275762502E-04
  7.361323013671689E-04  7.348273896333705E-04  7.335252094416274E-04
  7.362408039923711E-04  7.349355538836134E-04  7.336330403735841E-04
  7.168225014655343E-04  7.155617089624665E-04  7.143031593970529E-04
  7.170308868348163E-04  7.157694817391189E-04  7.145103290507466E-04
  7.171351174228978E-04  7.158734057239990E-04  7.146139511708693E-04
  6.983773928956725E-04  6.971554758211137E-04  6.959353346921671E-04
  6.985778396610213E-04  6.973553676764303E-04  6.961346805720402E-04
  6.986780984356468E-04  6.974553487176347E-04  6.962343883502254E-04
  6.805418552288862E-04  6.793545967876842E-04  6.781686498106092E-04
  6.807349133351296E-04  6.795471525842578E-04  6.783607117941774E-04
  6.808314755004411E-04  6.796434633414163E-04  6.784567753941936E-04
  6.632793923440339E-04  6.621228606400531E-04  6.609671708233533E-04
  6.634655667488373E-04  6.623085809005782E-04  6.611524450770138E-04
  6.635586849909055E-04  6.624014718393900E-04  6.612451127836643E-04
  6.465532202567124E-04  6.454237095728898E-04  6.442945607023626E-04
  6.467329748837989E-04  6.456030543141865E-04  6.444735033936940E-04
  6.468228813512586E-04  6.456927556274778E-04  6.445630034729350E-04
