  7.521579784072915E+00  7.511054667653142E+00  7.500519467651962E+00

  5.123824702465513E-03  5.117247870725428E-03  5.110479168969949E-03
  5.124424807770675E-03  5.117868848898094E-03  5.111121921218566E-03
  5.124724446439219E-03  5.118178919371279E-03  5.111442874416593E-03
  5.124724446439219E-03  5.118178919371279E-03  5.111442874416593E-03
  5.124424807770675E-03  5.117868848898094E-03  5.111121921218566E-03
  5.123824702465513E-03  5.117247870725428E-03  5.110479168969949E-03
  5.122922475895475E-03  5.116314311758020E-03  5.109512927368940E-03
  5.121715649107930E-03  5.115065665467933E-03  5.108220664191851E-03
  5.120200922127826E-03  5.113498595336049E-03  5.106599008818607E-03
  5.118374177501978E-03  5.111608938604817E-03  5.104643756271129E-03
  5.116230484535157E-03  5.109391710784062E-03  5.102349871943826E-03
  5.113764103840031E-03  5.106841110509865E-03  5.099711496823432E-03
  5.110968492578190E-03  5.103950525174051E-03  5.096721953510278E-03
  5.107836310420250E-03  5.100712537328176E-03  5.093373753119563E-03
  5.104359426603862E-03  5.097118932281866E-03  5.089658603379254E-03
  5.100528928090657E-03  5.093160706816970E-03  5.085567417888973E-03
  5.096335128619850E-03  5.088828078945277E-03  5.081090326561398E-03
  5.091767579071315E-03  5.084110498883875E-03  5.076216687168896E-03
  5.086815078739549E-03  5.078996661036840E-03  5.070935097986844E-03
  5.081465687988495E-03  5.073474517361950E-03  5.065233411791800E-03
  5.075706741925892E-03  5.067531291677817E-03  5.059098750737119E-03
  5.069524865458854E-03  5.061153495349896E-03  5.052517522609752E-03
  5.062905989428140E-03  5.054326944058376E-03  5.045475438080856E-03
  5.055835368057807E-03  5.047036775661514E-03  5.037957528966617E-03
  5.048297597267643E-03  5.039267468967374E-03  5.029948167338713E-03
  5.040276634010407E-03  5.031002863375006E-03  5.021431085401187E-03
  5.031755816393710E-03  5.022226179226011E-03  5.012389396030871E-03
  5.022717884408772E-03  5.012920038562468E-03  5.002805613544035E-03
  5.013145001053978E-03  5.003066486339746E-03  4.992661675020694E-03
  5.003018773789092E-03  4.992647011778657E-03  4.981938961555320E-03
  4.992320275862009E-03  4.981642569683153E-03  4.970618319706773E-03
  4.981030067601291E-03  4.970033601671235E-03  4.958680082773621E-03
  4.969128217430002E-03  4.957800057250539E-03  4.946104092060870E-03
  4.956594322481266E-03  4.944921414580620E-03  4.932869718049747E-03
  4.943407528989626E-03  4.931376701234878E-03  4.918955881708598E-03
  4.929546552379785E-03  4.917144514883140E-03  4.904341076029457E-03
  4.914989697251089E-03  4.902203044153044E-03  4.889003387995143E-03
  4.899714877611384E-03  4.886530090069887E-03  4.872920521471348E-03
  4.883699637474636E-03  4.870103088132505E-03  4.856069820985695E-03
  4.866921172371055E-03  4.852899131763732E-03  4.838428297271426E-03
  4.849356352177262E-03  4.834894997188382E-03  4.819972654373268E-03
  4.830981745633090E-03  4.816067170435618E-03  4.800679319221082E-03
  4.811773647118850E-03  4.796391876793127E-03  4.780524473791075E-03
  4.791708105728232E-03  4.775845112687721E-03  4.759484089827183E-03
  4.770760957175792E-03  4.754402680593923E-03  4.737533966686859E-03
  4.748907858529071E-03  4.732040226793451E-03  4.714649772106921E-03
  4.726124326332744E-03  4.708733282452099E-03  4.690807086161094E-03
  4.702385778531201E-03  4.684457308460239E-03  4.665981448954211E-03
  4.677667580612363E-03  4.659187744423109E-03  4.640148412410908E-03
  4.651945095413786E-03  4.632900061489232E-03  4.613283596043909E-03
  4.625193736108542E-03  4.605569818597897E-03  4.585362746429000E-03
  4.597389020821923E-03  4.577172720714612E-03  4.556361799091717E-03
  4.568506628667836E-03  4.547684678636813E-03  4.526256942190226E-03
  4.538522458519214E-03  4.517081871260792E-03  4.495024682576691E-03
  4.507412694316743E-03  4.485340813927773E-03  4.462641917524493E-03
  4.475153882052663E-03  4.452438437790945E-03  4.429086016809621E-03
  4.441723022295489E-03  4.418352184727682E-03  4.394334920184221E-03
  4.407097677697218E-03  4.383060118277814E-03  4.358367251654409E-03
  4.371256090612737E-03  4.346541046680927E-03  4.321162447672476E-03
  4.334177301579785E-03  4.308774649267541E-03  4.282700891040144E-03
  4.295841260530960E-03  4.269741597307431E-03  4.242964041215853E-03
  4.256228928068163E-03  4.229423665288318E-03  4.201934555647527E-03
  4.215322371798965E-03  4.187803835879300E-03  4.159596403658198E-03
  4.173104869698479E-03  4.144866409319543E-03  4.115934982236716E-03
  4.129561033445515E-03  4.100597130398786E-03  4.070937246808029E-03
  4.084676960428709E-03  4.054983342846069E-03  4.024591867808522E-03
  4.038440415521522E-03  4.008014173679385E-03  3.976889417036849E-03
  3.990841036288133E-03  3.959680742373281E-03  3.927822579966014E-03
  3.941870552203795E-03  3.909976385450124E-03  3.877386384883206E-03
  3.891523010282964E-03  3.858896888138640E-03  3.825578439860893E-03
  3.839795004065747E-03  3.806440718938702E-03  3.772399172369863E-03
  3.786685907991384E-03  3.752609268031206E-03  3.717852071105599E-03
  3.732198119998898E-03  3.697407092259483E-03  3.661943932808467E-03
  3.676337315530509E-03  3.640842169855550E-03  3.604685116821507E-03
  3.619112712647339E-03  3.582926164935110E-03  3.546089807995206E-03
  3.560537345820183E-03  3.523674699500600E-03  3.486176285773763E-03
  3.500628345109754E-03  3.463107629524727E-03  3.424967195895535E-03
  3.439407216955741E-03  3.401249320882489E-03  3.362489820249601E-03
  3.376900123840012E-03  3.338128922055413E-03  3.298776341252255E-03
  3.313138159924687E-03  3.273780630420311E-03  3.233864097380236E-03
  3.248157619587435E-03  3.208243948880901E-03  3.167795826455903E-03
  3.182000254846313E-03  3.141563928690124E-03  3.100619892318932E-03
  3.114713517139623E-03  3.073791393863370E-03  3.032390490336616E-03
  3.046350777800481E-03  3.004983141414259E-03  2.963167825849400E-03
  2.976971522036372E-03  2.935202112056318E-03  2.893018260087856E-03
  2.906641510309952E-03  2.864517525207945E-03  2.822014417375403E-03
  2.835432900975334E-03  2.793004972197775E-03  2.750235247560935E-03
  2.763424328042919E-03  2.720746461573977E-03  2.677766037673944E-03
  2.690700927410185E-03  2.647830409977563E-03  2.604698366458716E-03
  2.617354305114376E-03  2.574351572467779E-03  2.531129995959507E-03
  2.543482441195558E-03  2.500410906057845E-03  2.457164694241468E-03
  2.469189522988959E-03  2.426115360702104E-03  2.382911983914522E-03
  2.394585702410527E-03  2.351577592904172E-03  2.308486812257920E-03
  2.319786772225896E-03  2.276915597427663E-03  2.234009138960680E-03
  2.244913757303156E-03  2.202252253748872E-03  2.159603438911729E-03
  2.170092417935542E-03  2.127714785356125E-03  2.085398118957937E-03
  2.095452663643598E-03  2.053434130903385E-03  2.011524848552784E-03
  2.021127877457863E-03  1.979544228396926E-03  1.938117806405542E-03
  1.947254152223531E-03  1.906181214847589E-03  1.865312846620648E-03
  1.873969442826833E-03  1.833482546353949E-03  1.793246590282069E-03
  1.801412639699283E-03  1.761586045054026E-03  1.722055449968728E-03
  1.729722571804201E-03  1.690628882222543E-03  1.651874597517538E-03
  1.659036948957427E-03  1.620746508179145E-03  1.582836886445341E-03
  1.589491255762757E-03  1.552071542478070E-03  1.515071743569590E-03
  1.521217611580441E-03  1.484732639248388E-03  1.448704045157781E-03
  1.454343613129624E-03  1.418853345114122E-03  1.383852995553910E-03
  1.388991177217501E-03  1.354550967494510E-03  1.320631026445855E-03
  1.325275403555228E-03  1.291935473373574E-03  1.259142736754248E-03
  1.263303477791178E-03  1.231108438668376E-03  1.199483893116602E-03
  1.203173635507348E-03  1.172162068410142E-03  1.141740510563442E-03
  1.144974208211956E-03  1.115178308289047E-03  1.085988033227283E-03
  1.088782771516209E-03  1.060228066514810E-03  1.032290632767304E-03
  1.034665414004519E-03  1.007370563443913E-03  9.807006406777358E-04
  9.826761442270956E-04  9.566528247890787E-04  9.312581286752265E-04
  9.328564501572982E-04  9.081093309444245E-04  8.839906478187250E-04
  8.852350225942926E-04  8.617618320703578E-04  8.389131340313094E-04
  8.398276505820490E-04  8.176193348154544E-04  7.960279838897344E-04
  7.966372929282875E-04  7.756782627530148E-04  7.553253006068803E-04
  7.556543258282677E-04  7.359227883494353E-04  7.167833060973067E-04
  7.168569623549611E-04  6.983253302965183E-04  6.803689109331146E-04
  6.802118354519767E-04  6.628472058535334E-04  6.460384302025962E-04
  6.456747317865579E-04  6.294394241072781E-04  6.137384297456484E-04
  6.131914604887269E-04  5.980436027483796E-04  5.834066842128815E-04
  5.826988374639456E-04  5.685929881090081E-04  5.549732258830045E-04
  5.541257632666213E-04  5.410135558431236E-04  5.283614613058061E-04
  5.273943707772837E-04  5.152251683325103E-04  5.034893318149101E-04
  5.024212178430948E-04  4.911427640919689E-04  4.802704935328942E-04
  4.791184994834937E-04  4.686775545391498E-04  4.586154931150121E-04
  4.573952549694465E-04  4.477382040872952E-04  4.384329160631432E-04
  4.371585462062781E-04  4.282319715797090E-04  4.196304871858839E-04
  4.183145855259774E-04  4.100657923418432E-04  4.021161038705301E-04
  4.007697939391212E-04  3.931472837828823E-04  3.857987869016475E-04
  3.844317733447009E-04  3.773856597660695E-04  3.705895358026443E-04
  3.692101797507686E-04  3.626925425182514E-04  3.564020791732659E-04
  3.550174879524248E-04  3.489826644708580E-04  3.431535142367591E-04
  3.417696414772655E-04  3.361744554418390E-04  3.307648325562542E-04
  3.293865851703075E-04  3.241905140312973E-04  3.191613322396112E-04
  3.177926811727804E-04  3.129579654658862E-04  3.082729200416093E-04
  3.069170112000441E-04  3.024087097934260E-04  2.980343083794429E-04
  2.966935716202782E-04  2.924795679409562E-04  2.883851154381972E-04
  2.870613689594095E-04  2.831123337807234E-04  2.792698771061678E-04
  2.779644255999500E-04  2.742537425357016E-04  2.706379813190465E-04
  2.693517065916026E-04  2.658553664629897E-04  2.624435358372382E-04
  2.611769787137515E-04  2.578734489940690E-04  2.546451805363824E-04
  2.533986137557327E-04  2.502686891303574E-04  2.472058557198566E-04
  2.459793474048538E-04  2.430059870318161E-04  2.400925369753883E-04
  2.388860049620309E-04  2.360541616272047E-04  2.332759469350259E-04
  2.320892042557718E-04  2.293856500074841E-04  2.267302530529515E-04
  2.255630450563435E-04  2.229761973120357E-04  2.204327595702071E-04
  2.192847935791100E-04  2.168045451049451E-04  2.143636010286858E-04
  2.132345690545424E-04  2.108521245001727E-04  2.085054428956238E-04
  2.073950385137108E-04  2.051027596343418E-04  2.028431944459992E-04
  2.017511246526731E-04  1.995423858722768E-04  1.973637376761370E-04
  1.962897303171721E-04  1.941587854914743E-04  1.920556744495043E-04
  1.909994824372675E-04  1.889413435944245E-04  1.869090943698403E-04
  1.858704970255902E-04  1.838808251205340E-04  1.819153636986606E-04
  1.808941661582818E-04  1.789691738411573E-04  1.770669360854016E-04
  1.760629671860814E-04  1.741993330424229E-04  1.723571844183967E-04
  1.713702936471043E-04  1.695650874685662E-04  1.677802533564710E-04
  1.668103071750960E-04  1.650609253897844E-04  1.633309311114307E-04
  1.623778090456635E-04  1.606819195093340E-04  1.590045393022854E-04
  1.580681301474212E-04  1.564236254507370E-04  1.547968394330300E-04
  1.538770375066963E-04  1.522819958035121E-04  1.507039540433150E-04
  1.498006558173549E-04  1.482533083418645E-04  1.467223011876285E-04
  1.458354023558617E-04  1.443341067296430E-04  1.428485405065785E-04
  1.419779335569137E-04  1.405211520968718E-04  1.390795294410270E-04
  1.382251015616742E-04  1.368113837908580E-04  1.354122878940253E-04
  1.345739194372406E-04  1.332018882108462E-04  1.318439703163858E-04
  1.310215336925296E-04  1.296898742278881E-04  1.283718438402830E-04
  1.275652027624495E-04  1.262726540962994E-04  1.249932713495238E-04
  1.242022803993364E-04  1.229476288088652E-04  1.217056986492204E-04
  1.209302032632289E-04  1.197122772588450E-04  1.185066449976087E-04
  1.177464815686344E-04  1.165641480641325E-04  1.153936960213894E-04
  1.146486922198037E-04  1.135008537121219E-04  1.123644987099279E-04
  1.116344740456776E-04  1.105200664574075E-04  1.094167579422088E-04
  1.087015243260849E-04  1.076195154114659E-04  1.065482340394701E-04
  1.058475965008601E-04  1.047969846293031E-04  1.037567411878446E-04
  1.030704986644674E-04  1.020503118758494E-04  1.010401464192434E-04
  1.003680924536370E-04  9.937738770792284E-05  9.839636887500888E-05
  9.773829243401527E-05  9.677615495575076E-05  9.582337934895354E-05
  9.517906564140291E-05  9.424460832876971E-05  9.331919994403501E-05
  9.268843101098589E-05  9.178079392328390E-05  9.088190365707315E-05
  9.026445926692026E-05  8.938280905678296E-05  8.850961411885611E-05
  8.790527228973841E-05  8.704880166654743E-05  8.620050505699210E-05
  8.560904282050368E-05  8.477696998118418E-05  8.395279991906841E-05
  8.337399379441340E-05  8.256556184487549E-05  8.176477117250334E-05
  8.119839778150312E-05  8.041287414397123E-05  7.963473973894473E-05
  7.908057622779662E-05  7.831725200835607E-05  7.756107413572158E-05
  7.701889871850759E-05  7.627708804677815E-05  7.554218971521855E-05
  7.501178204307355E-05  7.429082144013946E-05  7.357654775730642E-05
  7.305768927640673E-05  7.235693700273136E-05  7.166265451802437E-05
  7.115512884842824E-05  7.047396420146067E-05  6.979906021500793E-05
  6.930265340676804E-05  6.864047607719180E-05  6.798435800728977E-05
  6.749885887281499E-05  6.685508827821142E-05  6.621718297360305E-05
  6.574238330628630E-05  6.511645791891546E-05  6.449621102211008E-05
  6.403190582171757E-05  6.342328252112382E-05  6.282015780569798E-05
  6.236614550140707E-05  6.177429893251806E-05  6.118777768356687E-05
  6.074386032219496E-05  6.016828226667994E-05  5.959786265108719E-05
  5.916384604333705E-05  5.860404479389353E-05  5.804924125394025E-05
  5.762493513415341E-05  5.708043491781705E-05  5.654077758017916E-05
  5.612599583013499E-05  5.559633618925859E-05  5.507137028442142E-05
  5.466593119139647E-05  5.415066645216012E-05  5.363995176979885E-05
  5.324367840870284E-05  5.274237709749299E-05  5.224548740806546E-05
  5.170862115896156E-03  5.164580632837142E-03  5.158228646679368E-03
  5.171406707245784E-03  5.165143278501153E-03  5.158810299447189E-03
  5.171678598606172E-03  5.165424191520621E-03  5.159100710742937E-03
  5.171678598606172E-03  5.165424191520621E-03  5.159100710742937E-03
  5.171406707245784E-03  5.165143278501153E-03  5.158810299447189E-03
  5.170862115896156E-03  5.164580632837142E-03  5.158228646679368E-03
  5.170043208541733E-03  5.163734616611397E-03  5.157354093487910E-03
  5.168947563988065E-03  5.162602775931631E-03  5.156184154593564E-03
  5.167571958840665E-03  5.161181844067863E-03  5.154715521664374E-03
  5.165912370873334E-03  5.159467744960627E-03  5.152944067003669E-03
  5.163963982741500E-03  5.157455597063450E-03  5.150864847569937E-03
  5.161721185943867E-03  5.155139717487057E-03  5.148472109358531E-03
  5.159177585286594E-03  5.152513626671691E-03  5.145759292349221E-03
  5.156326003899964E-03  5.149570053734176E-03  5.142719036242378E-03
  5.153158489018524E-03  5.146300942692413E-03  5.139343187163629E-03
  5.149666318564434E-03  5.142697459583005E-03  5.135622805357029E-03
  5.145840008548111E-03  5.138750000544578E-03  5.131548173966269E-03
  5.141669321413353E-03  5.134448200874645E-03  5.127108808808840E-03
  5.137143275348868E-03  5.129780945138934E-03  5.122293469269674E-03
  5.132250154713429E-03  5.124736378440196E-03  5.117090170388555E-03
  5.126977521625088E-03  5.119301918903733E-03  5.111486196186305E-03
  5.121312228893723E-03  5.113464271526964E-03  5.105468114335875E-03
  5.115240434190609E-03  5.107209443260748E-03  5.099021792068548E-03
  5.108747615627397E-03  5.100522759465494E-03  5.092132413389504E-03
  5.101818588646380E-03  5.093388881613303E-03  5.084784497446797E-03
  5.094437524262407E-03  5.085791826214789E-03  5.076961918021282E-03
  5.086587968535100E-03  5.077714984853190E-03  5.068647923972270E-03
  5.078252863155389E-03  5.069141145150995E-03  5.059825160465470E-03
  5.069414566929612E-03  5.060052512491592E-03  5.050475690810866E-03
  5.060054877901106E-03  5.050430732178825E-03  5.040581018619272E-03
  5.050155055877754E-03  5.040256911892709E-03  5.030122110105826E-03
  5.039695845037810E-03  5.029511644044752E-03  5.019079416241914E-03
  5.028657496331891E-03  5.018175027873073E-03  5.007432894610772E-03
  5.017019789455601E-03  5.006226691067640E-03  4.995162030790751E-03
  5.004762054162699E-03  4.993645810782934E-03  4.982245859275417E-03
  4.991863190771792E-03  4.980411133970771E-03  4.968662983846783E-03
  4.978301689811896E-03  4.966500997046427E-03  4.954391597531633E-03
  4.964055650849740E-03  4.951893345013309E-03  4.939409502335511E-03
  4.949102800651232E-03  4.936565750259571E-03  4.923694128989436E-03
  4.933420511082314E-03  4.920495431469237E-03  4.907222557167338E-03
  4.916985817083049E-03  4.903659273018671E-03  4.889971536603087E-03
  4.899775435227629E-03  4.886033845374230E-03  4.871917509574532E-03
  4.881765783385039E-03  4.867595426995126E-03  4.853036635237297E-03
  4.862933001767232E-03  4.848320028027868E-03  4.833304816104297E-03
  4.843252975969519E-03  4.828183416241564E-03  4.812697726961483E-03
  4.822701362554556E-03  4.807161145696753E-03  4.791190846638886E-03
  4.801253617926327E-03  4.785228588740699E-03  4.768759493128058E-03
  4.778885031403421E-03  4.762360972192919E-03  4.745378862792573E-03
  4.755570762472450E-03  4.738533417825818E-03  4.721024073948353E-03
  4.731285881471270E-03  4.713720986483476E-03  4.695670214257011E-03
  4.706005412195086E-03  4.687898724429319E-03  4.669292390692428E-03
  4.679704375006474E-03  4.661041710326505E-03  4.641865780340264E-03
  4.652357830955575E-03  4.633125102882009E-03  4.613365681704492E-03
  4.623940930274282E-03  4.604124192053598E-03  4.583767568915413E-03
  4.594428971022121E-03  4.574014459351083E-03  4.553047154052419E-03
  4.563797473235973E-03  4.542771653104676E-03  4.521180463724104E-03
  4.532022269842113E-03  4.510371881168585E-03  4.488143933584393E-03
  4.499079608987237E-03  4.476791717213184E-03  4.453914518311486E-03
  4.464946257153280E-03  4.442008310841801E-03  4.418469808387476E-03
  4.429599591406567E-03  4.405999489535567E-03  4.381788141542923E-03
  4.393017674993839E-03  4.368743844981840E-03  4.343848700024136E-03
  4.355179320692680E-03  4.330220806017191E-03  4.304631593683050E-03
  4.316064155844825E-03  4.290410710401517E-03  4.264117939226081E-03
  4.275652706677175E-03  4.249294892866137E-03  4.222289952504596E-03
  4.233926515133137E-03  4.206855804004513E-03  4.179131069560661E-03
  4.190868291185427E-03  4.163077165121634E-03  4.134626103566155E-03
  4.146462093583489E-03  4.117944153588322E-03  4.088761434027990E-03
  4.100693526672553E-03  4.071443606727222E-03  4.041525216931381E-03
  4.053549942651019E-03  4.023564232631531E-03  3.992907603530150E-03
  4.005020645299358E-03  3.974296822390067E-03  3.942900960683488E-03
  3.955097098046856E-03  3.923634465241640E-03  3.891500092846038E-03
  3.903773142544800E-03  3.871572772377652E-03  3.838702470762497E-03
  3.851045232846570E-03  3.818110114893068E-03  3.784508472629571E-03
  3.796912686790024E-03  3.763247877989999E-03  3.728921640334346E-03
  3.741377952385317E-03  3.706990729648247E-03  3.671948949454745E-03
  3.684446885623774E-03  3.649346900053553E-03  3.613601089256452E-03
  3.626129036492206E-03  3.590328468142622E-03  3.553892748691253E-03
  3.566437941086650E-03  3.529951652572229E-03  3.492842905066335E-03
  3.505391418533073E-03  3.468237105459118E-03  3.430475113377242E-03
  3.443011871025630E-03  3.405210207058298E-03  3.366817794257562E-03
  3.379326584295558E-03  3.340901358540305E-03  3.301904517590518E-03
  3.314368024703969E-03  3.275346268930280E-03  3.235774277745045E-03
  3.248174128501799E-03  3.208586231584815E-03  3.168471755621124E-03
  3.180788578201708E-03  3.140668384890619E-03  3.100047562024788E-03
  3.112261061007021E-03  3.071645951920678E-03  3.030558456866823E-03
  3.042647503718816E-03  3.001578453273283E-03  2.960067538287206E-03
  2.972010278102650E-03  2.930531887075115E-03  2.888644395620047E-03
  2.900418370225138E-03  2.858578869577544E-03  2.816365219726459E-03
  2.827947506952135E-03  2.785798729538271E-03  2.743312863799781E-03
  2.754680232445094E-03  2.712277549374774E-03  2.669576847884208E-03
  2.680705927500170E-03  2.638108146040045E-03  2.595253300218332E-03
  2.606120764569842E-03  2.563389984714612E-03  2.520444828796166E-03
  2.531027591620741E-03  2.488229018876343E-03  2.445260317126635E-03
  2.455535738207040E-03  2.412737450542853E-03  2.369814638531675E-03
  2.379760737844395E-03  2.337033405350308E-03  2.294228284207596E-03
  2.303823961535880E-03  2.261240518046687E-03  2.218626901417016E-03
  2.227852158323516E-03  2.185487425017485E-03  2.143140739259352E-03
  2.151976900230217E-03  2.109907162109440E-03  2.067904001160017E-03
  2.076333930198316E-03  2.034636467411382E-03  1.993054104854289E-03
  2.001062413772422E-03  1.959814990695624E-03  1.918730852515645E-03
  1.926304096941813E-03  1.885584413168646E-03  1.845075515915519E-03
  1.852202375038658E-03  1.812087483548276E-03  1.772229843719956E-03
  1.778901279664423E-03  1.739466978514079E-03  1.700335000052937E-03
  1.706544393194522E-03  1.667864598343781E-03  1.629530446236119E-03
  1.635273702774951E-03  1.597419810584574E-03  1.559952779546757E-03
  1.565228408255676E-03  1.528268657180448E-03  1.491734545171869E-03
  1.496543700485130E-03  1.460542542238440E-03  1.425003039256111E-03
  1.429349528757279E-03  1.394367019795703E-03  1.359879122792119E-03
  1.363769377657603E-03  1.329860602166965E-03  1.296476067170540E-03
  1.299919074958717E-03  1.267133610578143E-03  1.234898452923456E-03
  1.237905653082697E-03  1.206287090356557E-03  1.175241143589774E-03
  1.177826286810733E-03  1.147411812784094E-03  1.117588356022255E-03
  1.119767329513951E-03  1.090587384980596E-03  1.062012847488890E-03
  1.063803469255819E-03  1.035881487975692E-03  1.008575238345589E-03
  1.009997024186921E-03  9.833492608487598E-04  9.573234865705993E-04
  9.583973944262339E-04  9.330328463294672E-04  9.082925275747100E-04
  9.090406843802627E-04  8.849611097667364E-04  8.615040892276414E-04
  8.619495060170847E-04  8.391495398638686E-04  8.169666881895674E-04
  8.171329694099741E-04  7.956003351152884E-04  7.746758093165423E-04
  7.745868624910525E-04  7.543026756958864E-04  7.346142655944672E-04
  7.342940173560381E-04  7.152331757886771E-04  6.967527314686173E-04
  6.962248558323911E-04  6.783565070559214E-04  6.610504383392813E-04
  6.603381025336840E-04  6.436261795817679E-04  6.274560168264796E-04
  6.265816494193262E-04  6.109854627384901E-04  5.959084669313638E-04
  5.948935522608563E-04  5.803684251566478E-04  5.663382342390248E-04
  5.652031362473346E-04  5.517010702572154E-04  5.386683680408781E-04
  5.374321857303946E-04  5.249025419213255E-04  5.128157358146731E-04
  5.114961914569263E-04  4.998863737320023E-04  4.886922677244577E-04
  4.873056281146033E-04  4.765617550845221E-04  4.662062051478385E-04
  4.647672351592907E-04  4.548347880397345E-04  4.452633281063410E-04
  4.437852749471889E-04  4.346097101189119E-04  4.257681381920513E-04
  4.242627441367125E-04  4.157900606010440E-04  4.076249761268778E-04
  4.061025167319429E-04  3.982797703714062E-04  3.907390558164585E-04
  3.892084002026121E-04  3.819841586785990E-04  3.750174001516972E-04
  3.734860897053638E-04  3.668108237712533E-04  3.603696674351174E-04
  3.588440089982756E-04  3.526704179247850E-04  3.467088608030409E-04
  3.451940304922625E-04  3.394773011710219E-04  3.339519167889404E-04
  3.324520707178065E-04  3.271500717249357E-04  3.220201725216266E-04
  3.205385607990106E-04  3.156119741820349E-04  3.108397140981543E-04
  3.093787950072691E-04  3.047911898824942E-04  3.003416116256631E-04
  2.989031631666921E-04  2.946210162180785E-04  2.904620486430361E-04
  2.890472750749133E-04  2.850399437930469E-04  2.811423554016507E-04
  2.797519869808301E-04  2.759916420060168E-04  2.723289569742725E-04
  2.709633413896329E-04  2.674248645352848E-04  2.639732478358437E-04
  2.626324325077064E-04  2.592932870761985E-04  2.560314051442183E-04
  2.547152097713327E-04  2.515552895867656E-04  2.484641527035834E-04
  2.471722319784151E-04  2.441736951929664E-04  2.412364874167067E-04
  2.399683840517524E-04  2.371154773138681E-04  2.343173791818390E-04
  2.330725676256136E-04  2.303514456074573E-04  2.276794543059893E-04
  2.264573759312640E-04  2.238559205694453E-04  2.212986715410259E-04
  2.200987618941166E-04  2.176064050361800E-04  2.151539983833518E-04
  2.139757075502417E-04  2.115832599997390E-04  2.092270943813962E-04
  2.080699013019411E-04  2.057693906479797E-04  2.035020066874180E-04
  2.023654283373020E-04  2.001499472610400E-04  1.979648819553628E-04
  1.968484783664509E-04  1.947120446607637E-04  1.926036977361349E-04
  1.915070736288512E-04  1.894445025587408E-04  1.874080152400297E-04
  1.863308190998455E-04  1.843376084108506E-04  1.823687546928240E-04
  1.813106759752523E-04  1.793829034105960E-04  1.774779936242406E-04
  1.764387586201614E-04  1.745729915903632E-04  1.727287877473940E-04
  1.717081546607510E-04  1.699013714189160E-04  1.681150136815412E-04
  1.671127673785154E-04  1.653622889689817E-04  1.636312324070121E-04
  1.626471790755821E-04  1.609506111606325E-04  1.592725719172850E-04
  1.583065339145749E-04  1.566617175361901E-04  1.550346274411208E-04
  1.540864385306532E-04  1.524914088546798E-04  1.509133775626508E-04
  1.499828786288104E-04  1.484358307346044E-04  1.469051144411387E-04
  1.459921498021979E-04  1.444914105801287E-04  1.430063864298545E-04
  1.421108006825237E-04  1.406548060124120E-04  1.392139514108683E-04
  1.383355868655374E-04  1.369228632518174E-04  1.355247392780009E-04
  1.346634340061486E-04  1.332925839663559E-04  1.319358222354328E-04
  1.310914085815160E-04  1.297610991431840E-04  1.284443915050301E-04
  1.276166950702903E-04  1.263256488169492E-04  1.250477393731817E-04
  1.242365784279375E-04  1.229835666065416E-04  1.217432455922433E-04
  1.209484308027640E-04  1.197322680514018E-04  1.185283671677024E-04
  1.177497016197396E-04  1.165692419865583E-04  1.154006308891560E-04
  1.146379103486627E-04  1.134920443211641E-04  1.123576280057535E-04
  1.116106413316428E-04  1.104982936027467E-04  1.093970104347318E-04
  1.086655401369343E-04  1.075856679269902E-04  1.065164881675630E-04
  1.058003110921041E-04  1.047519028829303E-04  1.037138275488467E-04
  1.030127155620768E-04  1.019947901053695E-04  1.009868500792751E-04
  1.003005708310988E-04  9.931217636290903E-05  9.833343166387456E-05
  9.766174934236436E-05  9.670196290097501E-05  9.575150204812134E-05
  9.509417809099325E-05  9.416210492190183E-05  9.323904435557646E-05
  9.259583821744240E-05  9.169061118941649E-05  9.079409469643839E-05
  9.016476451091184E-05  8.928554356001787E-05  8.841474172549229E-05
  8.779904498612799E-05  8.694501654876556E-05  8.609912618292312E-05
  8.549682033162269E-05  8.466719675747362E-05  8.384544030365630E-05
  8.325628330861133E-05  8.245030225075756E-05  8.165192716774142E-05
  8.107567802130799E-05  8.029260180526633E-05  7.951687993881164E-05
  7.895329917681696E-05  7.819241415353105E-05  7.743864108723951E-05
  7.688749118364104E-05  7.614810708292430E-05  7.541560147617453E-05
  7.487664725852079E-05  7.415809649102728E-05  7.344619939112828E-05
  7.291920838376998E-05  7.222084536565535E-05  7.152891952918597E-05
  7.101366226240180E-05  7.033486272642197E-05  6.966229193772891E-05
  6.915854226906924E-05  6.849870256409133E-05  6.784489093265965E-05
  6.735242630181713E-05  6.671096271545025E-05  6.607533400470327E-05
  6.559393565156733E-05  6.497028372992303E-05  6.435228068788598E-05
  6.388173388474922E-05  6.327534774947623E-05  6.267443143038839E-05
  6.221452566371783E-05  6.162487737348524E-05  6.104052649838372E-05
  6.059105563898944E-05  6.001763451064276E-05  5.944934481860513E-05
  5.901010731964231E-05  5.845241931645602E-05  5.789970293651455E-05
  5.747050206343899E-05  5.692806917660904E-05  5.639045403066312E-05
  5.597109813972064E-05  5.544345778090921E-05  5.492048698843196E-05
  5.451079005603430E-05  5.399749444379913E-05  5.348872571131964E-05
  5.218097783981387E-03  5.211632977158617E-03  5.205221103138522E-03
  5.218597554767298E-03  5.212147801416319E-03  5.205751959221619E-03
  5.218847047497185E-03  5.212404815003320E-03  5.206016982917908E-03
  5.218847047497185E-03  5.212404815003320E-03  5.206016982917908E-03
  5.218597554767298E-03  5.212147801416319E-03  5.205751959221619E-03
  5.218097783981387E-03  5.211632977158617E-03  5.205221103138522E-03
  5.217346165820333E-03  5.210858749479457E-03  5.204422798794982E-03
  5.216340349377816E-03  5.209822732494354E-03  5.203354625768919E-03
  5.215077205308188E-03  5.208521750405177E-03  5.202013362425503E-03
  5.213552829485726E-03  5.206951841170040E-03  5.200394989614422E-03
  5.211762546914678E-03  5.205108260317871E-03  5.198494694469223E-03
  5.209700915863114E-03  5.202985484964236E-03  5.196306874390082E-03
  5.207361732311096E-03  5.200577218155765E-03  5.193825141392239E-03
  5.204738034742782E-03  5.197876393703395E-03  5.191042327060914E-03
  5.201822109389445E-03  5.194875181563649E-03  5.187950488172849E-03
  5.198605495878828E-03  5.191564993769999E-03  5.184540913031952E-03
  5.195078993412144E-03  5.187936491071314E-03  5.180804128605965E-03
  5.191232667387712E-03  5.183979590097782E-03  5.176729908358892E-03
  5.187055856720286E-03  5.179683471337076E-03  5.172307280931428E-03
  5.182537181843761E-03  5.175036587928565E-03  5.167524539783715E-03
  5.177664553609520E-03  5.170026675511667E-03  5.162369254003843E-03
  5.172425183194729E-03  5.164640763201413E-03  5.156828280339406E-03
  5.166805593107140E-03  5.158865185759767E-03  5.150887776489422E-03
  5.160791629438393E-03  5.152685597125225E-03  5.144533215825853E-03
  5.154368475604802E-03  5.146086985443024E-03  5.137749403597390E-03
  5.147520667629511E-03  5.139053689584730E-03  5.130520494535955E-03
  5.140232111091448E-03  5.131569417278267E-03  5.122830011977913E-03
  5.132486099705185E-03  5.123617264745957E-03  5.114660868370532E-03
  5.124265335527906E-03  5.115179737786460E-03  5.105995386987212E-03
  5.115551950513888E-03  5.106238774003000E-03  5.096815324647582E-03
  5.106327529353544E-03  5.096775766035902E-03  5.087101895131350E-03
  5.096573133159584E-03  5.086771585402862E-03  5.076835792998619E-03
  5.086269323722589E-03  5.076206606591076E-03  5.065997217437697E-03
  5.075396187946973E-03  5.065060731135575E-03  5.054565895896902E-03
  5.063933361986644E-03  5.053313411180179E-03  5.042521107101709E-03
  5.051860054751674E-03  5.040943672285504E-03  5.029841703247968E-03
  5.039155070300940E-03  5.027930135104213E-03  5.016506131150665E-03
  5.025796828891614E-03  5.014251035790608E-03  5.002492452234785E-03
  5.011763386539731E-03  4.999884245092106E-03  4.987778361495811E-03
  4.997032453166099E-03  4.984807286275914E-03  4.972341205557639E-03
  4.981581409420816E-03  4.968997352172673E-03  4.956158000327351E-03
  4.965387322602688E-03  4.952431321720487E-03  4.939205448573154E-03
  4.948426961957441E-03  4.935085776446461E-03  4.921459957961903E-03
  4.930676813734608E-03  4.916937017304546E-03  4.902897659999373E-03
  4.912113096622870E-03  4.897961082319820E-03  4.883494430211027E-03
  4.892711778532047E-03  4.878133766032293E-03  4.863225910436198E-03
  4.872448595964853E-03  4.857430641734159E-03  4.842067534118347E-03
  4.851299077291511E-03  4.835827087864709E-03  4.819994555837178E-03
  4.829238570062904E-03  4.813298318803243E-03  4.796982085505178E-03
  4.806242271294494E-03  4.789819419125903E-03  4.773005126423166E-03
  4.782285258590356E-03  4.765365379173669E-03  4.748038615118433E-03
  4.757342520588596E-03  4.739911130008938E-03  4.722057460720089E-03
  4.731388988167298E-03  4.713431578376728E-03  4.695036583795141E-03
  4.704399571877536E-03  4.685901646422364E-03  4.666950958623903E-03
  4.676349213685002E-03  4.657296324031595E-03  4.637775666428090E-03
  4.647212959040634E-03  4.627590740819136E-03  4.607485967293007E-03
  4.616966048336810E-03  4.596760258661283E-03  4.576057393553081E-03
  4.585584017209259E-03  4.564780576320837E-03  4.543465858136878E-03
  4.553042788714182E-03  4.531627829984338E-03  4.509687762967257E-03
  4.519318741957648E-03  4.497278673305064E-03  4.474700090294786E-03
  4.484388752860998E-03  4.461710329877354E-03  4.438480467443114E-03
  4.448230218219214E-03  4.424900626268307E-03  4.401007209873065E-03
  4.410821086368224E-03  4.386828027169842E-03  4.362259361997436E-03
  4.372139918975145E-03  4.347471697887078E-03  4.322216761158579E-03
  4.332165998380749E-03  4.306811611343463E-03  4.280860144335766E-03
  4.290879478210754E-03  4.264828700575225E-03  4.238171301848895E-03
  4.248261561577698E-03  4.221505042915289E-03  4.194133266587166E-03
  4.204294687456474E-03  4.176824056168257E-03  4.148730519169192E-03
  4.158962712519808E-03  4.130770692008987E-03  4.101949192498624E-03
  4.112251087703333E-03  4.083331623287358E-03  4.053777269807923E-03
  4.064147038252231E-03  4.034495432484392E-03  4.004204781571120E-03
  4.014639758632867E-03  3.984252812587754E-03  3.953224012280443E-03
  3.963720629748324E-03  3.932596788964200E-03  3.900829726480878E-03
  3.911383458892330E-03  3.879522963706980E-03  3.847019416782232E-03
  3.857624738151896E-03  3.825029778717925E-03  3.791793570700135E-03
  3.802443915994045E-03  3.769118791911952E-03  3.735155950590994E-03
  3.745843678924482E-03  3.711794962675145E-03  3.677113881974277E-03
  3.687830242492347E-03  3.653066945137613E-03  3.617678548121301E-03
  3.628413652054963E-03  3.592947389292196E-03  3.556865290483427E-03
  3.567608092990934E-03  3.531453249645780E-03  3.494693914529033E-03
  3.505432208310676E-03  3.468606099272112E-03  3.431188998840570E-03
  3.441909420098706E-03  3.404432445635187E-03  3.366380203818251E-03
  3.377068250704649E-03  3.338964043774455E-03  3.300302575244923E-03
  3.310942639236320E-03  3.272238202088208E-03  3.232996837695059E-03
  3.243572248865578E-03  3.204298075928896E-03  3.164509672687043E-03
  3.175002760118406E-03  3.135192943930673E-03  3.094893976277065E-03
  3.105286144575183E-03  3.064978461368718E-03  3.024209090257326E-03
  3.034480912693913E-03  2.993716884155879E-03  2.952521000534959E-03
  2.962652328923775E-03  2.921477256553425E-03  2.879902495669983E-03
  2.889872586963799E-03  2.848335555327397E-03  2.806433278268712E-03
  2.816220937548752E-03  2.774374782868916E-03  2.732200021878424E-03
  2.741783761094709E-03  2.699685001625577E-03  2.657296365882717E-03
  2.666654577537356E-03  2.624363302404563E-03  2.581822841107185E-03
  2.590933985546100E-03  2.548513699034259E-03  2.505886719119894E-03
  2.514729523656944E-03  2.472246942376397E-03  2.429601778613823E-03
  2.438155446396946E-03  2.395680247219398E-03  2.353087983000984E-03
  2.361332409072386E-03  2.318936926464525E-03  2.276471064369479E-03
  2.284387056059671E-03  2.242145928128647E-03  2.199882010083563E-03
  2.207451508497528E-03  2.165441272027911E-03  2.123456449900168E-03
  2.130662748874728E-03  2.088961384582150E-03  2.047333943019380E-03
  2.054161901800846E-03  2.012848332187280E-03  1.971657166699680E-03
  1.978093412287859E-03  1.937246955608979E-03  1.896571010015013E-03
  1.902604125002129E-03  1.862303910114539E-03  1.822221578753046E-03
  1.827842270643037E-03  1.788166618738056E-03  1.748755119991775E-03
  1.753956367890671E-03  1.714982148413268E-03  1.676316877419778E-03
  1.681094052303975E-03  1.642896021484597E-03  1.605049890883800E-03
  1.609400846030879E-03  1.572050977572650E-03  1.535093756223610E-03
  1.539018884738837E-03  1.502585703166472E-03  1.466583363591529E-03
  1.470085620689324E-03  1.434633548607075E-03  1.399647634499248E-03
  1.402732522823900E-03  1.368321253869425E-03  1.334408279439920E-03
  1.337083796450446E-03  1.303767705935847E-03  1.270978598887117E-03
  1.273255146337528E-03  1.241082751548054E-03  1.209462351253326E-03
  1.211352607623208E-03  1.180366089305411E-03  1.149952711178363E-03
  1.151471468920169E-03  1.121706264713596E-03  1.092531340824638E-03
  1.093695311122584E-03  1.065179790620858E-03  1.037267595318505E-03
  1.038095184117165E-03  1.010850413711457E-03  9.842178814258209E-04
  9.847289410829852E-04  9.587685450082164E-04  9.334251854993685E-04
  9.336407473400153E-04  9.089708692515088E-04  8.849187834427204E-04
  8.848607768671312E-04  8.614801440323006E-04  8.387141412390558E-04
  8.384051055119098E-04  8.163051952729391E-04  7.948130102474635E-04
  7.942758052125155E-04  7.734411109068765E-04  7.532037166941389E-04
  7.524612387073527E-04  7.328696297628220E-04  7.138616399546131E-04
  7.129365490899108E-04  6.945597176920843E-04  6.767498695091362E-04
  6.756643336473516E-04  6.584683182534721E-04  6.418200259218697E-04
  6.405954867419515E-04  6.245412608526567E-04  6.090132270892122E-04
  6.076701922467151E-04  5.927143053978100E-04  5.782611775474408E-04
  5.768190423869565E-04  5.629142992256659E-04  5.494873558110839E-04
  5.479642570598271E-04  5.350604197740131E-04  5.226082727713666E-04
  5.210209755491700E-04  5.090654748091482E-04  4.975347731570951E-04
  4.958985916975187E-04  4.848372315345988E-04  4.741733518044176E-04
  4.725021032560548E-04  4.622797461518736E-04  4.524274574080038E-04
  4.507334471553177E-04  4.412946667574705E-04  4.321987578141351E-04
  4.304927940243086E-04  4.217824844008152E-04  4.133883434464131E-04
  4.116797777959716E-04  4.036437100062891E-04  3.958978483296750E-04
  3.941946394053587E-04  3.867799580081551E-04  3.796304716187094E-04
  3.779392672066678E-04  3.710949215320730E-04  3.644918864392544E-04
  3.628181205919241E-04  3.564952276095960E-04  3.503910266770230E-04
  3.487390275101968E-04  3.428911651536862E-04  3.372407462750163E-04
  3.356138506146262E-04  3.301972823248954E-04  3.249583494634044E-04
  3.233590205801872E-04  3.183328535123549E-04  3.134659937681923E-04
  3.118959389407575E-04  3.072222197578812E-04  3.026909708527874E-04
  3.011512558095302E-04  2.967950090900737E-04  2.925658727288567E-04
  2.910570305436897E-04  2.869862458033010E-04  2.830286531254874E-04
  2.815507856433175E-04  2.777363595683629E-04  2.740225953953276E-04
  2.725754657684176E-04  2.689911065435663E-04  2.654961992904709E-04
  2.640793146432218E-04  2.607014153875401E-04  2.574029995159714E-04
  2.560156832967366E-04  2.528231714392315E-04  2.497013290735160E-04
  2.483427829416846E-04  2.453169520580232E-04  2.423540400259477E-04
  2.410233955124759E-04  2.381477256605663E-04  2.353281936642014E-04
  2.340245541270913E-04  2.312845260910750E-04  2.285947310237746E-04
  2.273172046276341E-04  2.247001128186102E-04  2.221281336809259E-04
  2.208758582429207E-04  2.183706263505944E-04  2.159060834375831E-04
  2.146782441361218E-04  2.122752467862626E-04  2.099091280697355E-04
  2.087049689778746E-04  2.063958620765934E-04  2.041203591477912E-04
  2.029391896463798E-04  2.007167513265938E-04  1.985251065186318E-04
  1.973663035187748E-04  1.952242870812672E-04  1.931106528853051E-04
  1.919736598059857E-04  1.899066594200616E-04  1.878659707715117E-04
  1.867502940282437E-04  1.847536235963673E-04  1.827814832268267E-04
  1.816866870096016E-04  1.797562720828745E-04  1.778488486960754E-04
  1.767745486369430E-04  1.749068310679765E-04  1.730607699219634E-04
  1.720066261729648E-04  1.701984808953150E-04  1.684108260737215E-04
  1.673765362069680E-04  1.656251993107852E-04  1.638933268423547E-04
  1.628786189289207E-04  1.611816261818821E-04  1.595031870873231E-04
  1.585078131303500E-04  1.568629479257619E-04  1.552358202120653E-04
  1.542595501799181E-04  1.526647999263867E-04  1.510870485190655E-04
  1.501296650423837E-04  1.485831849652067E-04  1.470530285987462E-04
  1.461143223824392E-04  1.446144058617689E-04  1.431301900245781E-04
  1.422099559664954E-04  1.407550103703334E-04  1.393151854032053E-04
  1.384132194733845E-04  1.370017467684573E-04  1.356048503179682E-04
  1.347209470692308E-04  1.333515283753085E-04  1.319961715149644E-04
  1.311301222474146E-04  1.298014056997605E-04  1.284862620408233E-04
  1.276378534527100E-04  1.263485447421933E-04  1.250723419949900E-04
  1.242413553362187E-04  1.229902104247271E-04  1.217517239240941E-04
  1.209379345596860E-04  1.197237541120729E-04  1.185218018907957E-04
  1.177249791771722E-04  1.165466043863523E-04  1.153800434916196E-04
  1.145999509111518E-04  1.134562603467676E-04  1.123239840497670E-04
  1.115603795422341E-04  1.104502868018201E-04  1.093512225421510E-04
  1.086038590036054E-04  1.075263109388328E-04  1.064594187494274E-04
  1.057280446491267E-04  1.046820200314337E-04  1.036462913432921E-04
  1.029306513955334E-04  1.019151598806949E-04  1.009096165981480E-04
  1.002094524668015E-04  9.922353376576218E-05  9.824722749049749E-05
  9.756227853151454E-05  9.660500169747060E-05  9.565701305192718E-05
  9.498701699520250E-05  9.405747977850977E-05  9.313691780423258E-05
  9.248161149410173E-05  9.157893976217418E-05  9.068494133383341E-05
  9.004406138797816E-05  8.916740853429695E-05  8.829913777758877E-05
  8.767242122052588E-05  8.682096756607140E-05  8.597761525014898E-05
  8.536480010718612E-05  8.453775228699177E-05  8.371853521018994E-05
  8.311936104055658E-05  8.231595137256470E-05  8.152011173053518E-05
  8.093432012893913E-05  8.015380597827105E-05  7.938061072375735E-05
  7.880794578265028E-05  7.804960888525719E-05  7.729834904325088E-05
  7.673855777538353E-05  7.600170354142648E-05  7.527169350414465E-05
  7.472452618891740E-05  7.400848301208146E-05  7.329905986727350E-05
  7.276427040451835E-05  7.206838895815502E-05  7.137891176222900E-05
  7.085625796968366E-05  7.017991047037317E-05  6.950975953993835E-05
  6.899900345131700E-05  6.834158298238340E-05  6.769015919643927E-05
  6.719106728428712E-05  6.655198706513471E-05  6.591871116266543E-05
  6.543105456028446E-05  6.480974725126921E-05  6.419405912611347E-05
  6.371761383646729E-05  6.311353085209555E-05  6.251488888003408E-05
  6.204943593552028E-05  6.146204675602124E-05  6.087992711702308E-05
  6.042525281474455E-05  5.985404431845429E-05  5.928794033845766E-05
  5.884383642454495E-05  5.828831225902363E-05  5.773773377774442E-05
  5.730399767779814E-05  5.676367759643532E-05  5.622815032363709E-05
  5.580458563521708E-05  5.527900487023838E-05  5.475806977689493E-05
