  3.444391703679589E+00  3.438210743905664E+00  3.432027062639965E+00

  1.008588232609694E+00  1.008554243393014E+00  1.008520317040027E+00
  1.008591686124569E+00  1.008557683052971E+00  1.008523742870964E+00
  1.008593413527872E+00  1.008559403526220E+00  1.008525456427112E+00
  1.008593413527872E+00  1.008559403526220E+00  1.008525456427112E+00
  1.008591686124569E+00  1.008557683052971E+00  1.008523742870964E+00
  1.008588232609694E+00  1.008554243393014E+00  1.008520317040027E+00
  1.008583055565640E+00  1.008549087118370E+00  1.008515181495971E+00
  1.008576158860710E+00  1.008542218081804E+00  1.008508340076049E+00
  1.008567547643304E+00  1.008533641411037E+00  1.008499797887340E+00
  1.008557228334164E+00  1.008523363501015E+00  1.008489561299045E+00
  1.008545208616467E+00  1.008511392004055E+00  1.008477637932670E+00
  1.008531497424771E+00  1.008497735818819E+00  1.008464036651053E+00
  1.008516104930728E+00  1.008482405076101E+00  1.008448767544199E+00
  1.008499042528449E+00  1.008465411124235E+00  1.008431841914752E+00
  1.008480322816500E+00  1.008446766511173E+00  1.008413272260139E+00
  1.008459959579805E+00  1.008426484966458E+00  1.008393072254622E+00
  1.008437967768263E+00  1.008404581379921E+00  1.008371256728074E+00
  1.008414363475040E+00  1.008381071780065E+00  1.008347841644454E+00
  1.008389163912303E+00  1.008355973309896E+00  1.008322844077731E+00
  1.008362387386232E+00  1.008329304202033E+00  1.008296282187098E+00
  1.008334053269313E+00  1.008301083751111E+00  1.008268175189477E+00
  1.008304181973010E+00  1.008271332286563E+00  1.008238543332424E+00
  1.008272794917633E+00  1.008240071142613E+00  1.008207407864228E+00
  1.008239914501044E+00  1.008207322627094E+00  1.008174791002863E+00
  1.008205564066943E+00  1.008173109989876E+00  1.008140715904536E+00
  1.008169767871653E+00  1.008137457389778E+00  1.008105206630739E+00
  1.008132551049416E+00  1.008100389859996E+00  1.008068288113810E+00
  1.008093939576837E+00  1.008061933272699E+00  1.008029986121670E+00
  1.008053960237341E+00  1.008022114303622E+00  1.007990327222560E+00
  1.008012640584021E+00  1.007980960395066E+00  1.007949338748194E+00
  1.007970008901389E+00  1.007938499717800E+00  1.007907048755804E+00
  1.007926094167459E+00  1.007894761133298E+00  1.007863485990538E+00
  1.007880926014935E+00  1.007849774155079E+00  1.007818679846949E+00
  1.007834534690788E+00  1.007803568908450E+00  1.007772660328900E+00
  1.007786951017474E+00  1.007756176091874E+00  1.007725458011093E+00
  1.007738206352437E+00  1.007707626936641E+00  1.007677103998892E+00
  1.007688332547550E+00  1.007657953166468E+00  1.007627629888097E+00
  1.007637361908614E+00  1.007607186957162E+00  1.007577067724756E+00
  1.007585327155337E+00  1.007555360896759E+00  1.007525449965478E+00
  1.007532261380102E+00  1.007502507944457E+00  1.007472809436522E+00
  1.007478198007562E+00  1.007448661390376E+00  1.007419179293721E+00
  1.007423170754272E+00  1.007393854815345E+00  1.007364592982430E+00
  1.007367213588925E+00  1.007338122051306E+00  1.007309084198093E+00
  1.007310360692561E+00  1.007281497141679E+00  1.007252686846762E+00
  1.007252646419014E+00  1.007224014301966E+00  1.007195435005869E+00
  1.007194105255813E+00  1.007165707880816E+00  1.007137362885434E+00
  1.007134771786547E+00  1.007106612322536E+00  1.007078504790744E+00
  1.007074680651925E+00  1.007046762128307E+00  1.007018895083711E+00
  1.007013866512872E+00  1.006986191819429E+00  1.006958568146272E+00
  1.006952364014863E+00  1.006924935901806E+00  1.006897558345016E+00
  1.006890207751108E+00  1.006863028829269E+00  1.006835899994657E+00
  1.006827432228216E+00  1.006800504969387E+00  1.006773627323982E+00
  1.006764071831879E+00  1.006737398569281E+00  1.006710774441803E+00
  1.006700160793681E+00  1.006673743722577E+00  1.006647375304043E+00
  1.006635733158588E+00  1.006609574337017E+00  1.006583463681480E+00
  1.006570822754397E+00  1.006544924104043E+00  1.006519073129455E+00
  1.006505463160008E+00  1.006479826467185E+00  1.006454236956386E+00
  1.006439687677522E+00  1.006414314594283E+00  1.006388988196098E+00
  1.006373529303404E+00  1.006348421348758E+00  1.006323359579225E+00
  1.006307020701055E+00  1.006282179262302E+00  1.006257383505994E+00
  1.006240194175367E+00  1.006215620509531E+00  1.006191092020994E+00
  1.006173081647597E+00  1.006148776882964E+00  1.006124516788250E+00
  1.006105714631265E+00  1.006081679769020E+00  1.006057689067319E+00
  1.006038124210078E+00  1.006014360126029E+00  1.005990639691390E+00
  1.005970341016264E+00  1.005946848462653E+00  1.005923399045798E+00
  1.005902395209956E+00  1.005879174817359E+00  1.005855997047574E+00
  1.005834316460432E+00  1.005811368739732E+00  1.005788463126837E+00
  1.005766133928186E+00  1.005743459272621E+00  1.005720826209013E+00
  1.005697876247884E+00  1.005675474935160E+00  1.005653114697930E+00
  1.005629571513537E+00  1.005607443708008E+00  1.005585356461111E+00
  1.005561247262522E+00  1.005539393017434E+00  1.005517578813927E+00
  1.005492930463541E+00  1.005471349723321E+00  1.005449808507654E+00
  1.005424647504482E+00  1.005403340107082E+00  1.005382071717433E+00
  1.005356424180442E+00  1.005335389859732E+00  1.005314394030396E+00
  1.005288285684559E+00  1.005267524072753E+00  1.005246800436569E+00
  1.005220256598784E+00  1.005199767228910E+00  1.005179315319718E+00
  1.005152360886179E+00  1.005132143194576E+00  1.005111962449719E+00
  1.005084621884578E+00  1.005064675213427E+00  1.005044764976268E+00
  1.005017062299516E+00  1.004997385899389E+00  1.004977745421861E+00
  1.004949704201557E+00  1.004930297233989E+00  1.004910925679162E+00
  1.004882569021017E+00  1.004863430561095E+00  1.004844327005759E+00
  1.004815677545173E+00  1.004796806584135E+00  1.004777970021395E+00
  1.004749049917341E+00  1.004730445365184E+00  1.004711874707062E+00
  1.004682705635202E+00  1.004664366323293E+00  1.004646060403338E+00
  1.004616663550501E+00  1.004598588234199E+00  1.004580545810093E+00
  1.004550941870081E+00  1.004533129231339E+00  1.004515348987512E+00
  1.004485558157657E+00  1.004468006807637E+00  1.004450487357861E+00
  1.004420529335768E+00  1.004403237817437E+00  1.004385977707424E+00
  1.004355871688304E+00  1.004338838479019E+00  1.004321836189002E+00
  1.004291600864856E+00  1.004274824378940E+00  1.004258078326242E+00
  1.004227731884715E+00  1.004211210476009E+00  1.004194719017593E+00
  1.004164279142462E+00  1.004148011106865E+00  1.004131772541864E+00
  1.004101256412706E+00  1.004085239990686E+00  1.004069252562914E+00
  1.004038676856977E+00  1.004022910236060E+00  1.004007172136494E+00
  1.003976553030177E+00  1.003961034347409E+00  1.003945543716650E+00
  1.003914896888219E+00  1.003899624232603E+00  1.003884379163297E+00
  1.003853719795219E+00  1.003838691210110E+00  1.003823689749356E+00
  1.003793032531870E+00  1.003778246017352E+00  1.003763486169059E+00
  1.003732845303797E+00  1.003718298819012E+00  1.003703778546231E+00
  1.003673167751766E+00  1.003658859217215E+00  1.003644576444436E+00
  1.003614008959012E+00  1.003599936258817E+00  1.003585888874224E+00
  1.003555377462589E+00  1.003541538446713E+00  1.003527724304400E+00
  1.003497281262696E+00  1.003483673749128E+00  1.003470090671277E+00
  1.003439727832880E+00  1.003426349609772E+00  1.003412995388793E+00
  1.003382724131066E+00  1.003369572958831E+00  1.003356445359454E+00
  1.003326276609329E+00  1.003313350222700E+00  1.003300446984021E+00
  1.003270391225560E+00  1.003257687335594E+00  1.003245006173087E+00
  1.003215073454417E+00  1.003202589750463E+00  1.003190128357939E+00
  1.003160328298564E+00  1.003148062450181E+00  1.003135818501701E+00
  1.003106160299680E+00  1.003094109958516E+00  1.003082081110267E+00
  1.003052573550283E+00  1.003040736351902E+00  1.003028920244021E+00
  1.002999571705244E+00  1.002987945270907E+00  1.002976339529259E+00
  1.002947157993259E+00  1.002935739931659E+00  1.002924342169566E+00
  1.002895335227883E+00  1.002884123136836E+00  1.002872930956765E+00
  1.002844105820412E+00  1.002833097288509E+00  1.002822108283723E+00
  1.002793471789938E+00  1.002782664398170E+00  1.002771876154342E+00
  1.002743434775987E+00  1.002732826099296E+00  1.002722236196065E+00
  1.002693996049635E+00  1.002683583658358E+00  1.002673189670781E+00
  1.002645156525620E+00  1.002634937986860E+00  1.002624737486774E+00
  1.002596916774768E+00  1.002586889653781E+00  1.002576880211179E+00
  1.002549277034127E+00  1.002539438895877E+00  1.002529618080420E+00
  1.002502237215905E+00  1.002492585626702E+00  1.002482951009362E+00
  1.002455796917298E+00  1.002446329446156E+00  1.002436878600626E+00
  1.002409955433229E+00  1.002400669652471E+00  1.002391400155868E+00
  1.002364711775881E+00  1.002355605261097E+00  1.002346514693946E+00
  1.002320064693980E+00  1.002311135024502E+00  1.002302220971049E+00
  1.002276012679238E+00  1.002267257440820E+00  1.002258517491369E+00
  1.002232553951834E+00  1.002223970741844E+00  1.002215402497727E+00
  1.002189686434355E+00  1.002181272866569E+00  1.002172873945251E+00
  1.002147407753970E+00  1.002139161457504E+00  1.002130929492507E+00
  1.002105715311770E+00  1.002097633920645E+00  1.002089566552185E+00
  1.002064606416301E+00  1.002056687554107E+00  1.002048782413721E+00
  1.002024078398349E+00  1.002016319672231E+00  1.002008574374664E+00
  1.001984128565794E+00  1.001976527586754E+00  1.001968939746478E+00
  1.001944753895899E+00  1.001937308331267E+00  1.001929875611566E+00
  1.001905950512718E+00  1.001898658154671E+00  1.001891378335970E+00
  1.001867713177219E+00  1.001860571992465E+00  1.001853443026388E+00
  1.001830035101733E+00  1.001823043228059E+00  1.001816063241445E+00
  1.001792908282558E+00  1.001786063962444E+00  1.001779231197610E+00
  1.001756324274762E+00  1.001749625751210E+00  1.001742938463776E+00
  1.001720275080806E+00  1.001713720502534E+00  1.001707176862835E+00
  1.001684753757964E+00  1.001678341134489E+00  1.001671939175505E+00
  1.001649754530235E+00  1.001643481747002E+00  1.001637219373151E+00
  1.001615272469720E+00  1.001609137340923E+00  1.001603012378394E+00
  1.001581303022721E+00  1.001575303345966E+00  1.001569313598925E+00
  1.001547841649780E+00  1.001541975237384E+00  1.001536118522576E+00
  1.001514883698242E+00  1.001509148382023E+00  1.001503422536136E+00
  1.001482424447515E+00  1.001476818070085E+00  1.001471220941732E+00
  1.001450459198598E+00  1.001444979605841E+00  1.001439509047380E+00
  1.001418983312789E+00  1.001413628353849E+00  1.001408282220514E+00
  1.001387992192135E+00  1.001382759724684E+00  1.001377535879506E+00
  1.001357481236747E+00  1.001352369132527E+00  1.001347265452055E+00
  1.001327445814294E+00  1.001322451962147E+00  1.001317466339786E+00
  1.001297881254504E+00  1.001293003561113E+00  1.001288133908059E+00
  1.001268782853247E+00  1.001264019243131E+00  1.001259263488373E+00
  1.001240145878575E+00  1.001235494294433E+00  1.001230850385030E+00
  1.001211965570650E+00  1.001207423974291E+00  1.001202889876242E+00
  1.001184237137955E+00  1.001179803511494E+00  1.001175377210925E+00
  1.001156955752604E+00  1.001152628099422E+00  1.001148307603601E+00
  1.001130116549360E+00  1.001125892894598E+00  1.001121676232476E+00
  1.001103714627629E+00  1.001099593018365E+00  1.001095478240760E+00
  1.001077745053499E+00  1.001073723559005E+00  1.001069708738834E+00
  1.001052202861050E+00  1.001048279573316E+00  1.001044362806089E+00
  1.001027083050501E+00  1.001023256084789E+00  1.001019435489184E+00
  1.001002380588409E+00  1.000998648083514E+00  1.000994921801683E+00
  1.000978090408984E+00  1.000974450527204E+00  1.000970816724758E+00
  1.000954207417438E+00  1.000950658344575E+00  1.000947115210560E+00
  1.000930726491031E+00  1.000927266436628E+00  1.000923812183732E+00
  1.000907642478723E+00  1.000904269676378E+00  1.000900902541253E+00
  1.000884950201050E+00  1.000881662908516E+00  1.000878381151907E+00
  1.000862644452068E+00  1.000859440951133E+00  1.000856242857775E+00
  1.000840720001355E+00  1.000837598597758E+00  1.000834482476272E+00
  1.000819171595054E+00  1.000816130618562E+00  1.000813094801521E+00
  1.000797993955280E+00  1.000795031759783E+00  1.000792074603821E+00
  1.000777181781900E+00  1.000774296745297E+00  1.000771416631016E+00
  1.000756729754257E+00  1.000753920278184E+00  1.000751115609889E+00
  1.000736632532543E+00  1.000733897042210E+00  1.000731166247719E+00
  1.000716884756819E+00  1.000714221701043E+00  1.000711563231699E+00
  1.000697481043237E+00  1.000694888894474E+00  1.000692301225197E+00
  1.000678415985198E+00  1.000675893239348E+00  1.000673374868461E+00
  1.000659684158954E+00  1.000657229334981E+00  1.000654778783834E+00
  1.000641280133849E+00  1.000638891773472E+00  1.000636507586113E+00
  1.000623198476659E+00  1.000620875144258E+00  1.000618555887332E+00
  1.000605433739129E+00  1.000603174021769E+00  1.000600918284551E+00
  1.000587980429385E+00  1.000585782936754E+00  1.000583589331110E+00
  1.000570832985790E+00  1.000568696349946E+00  1.000566563510084E+00
  1.000553985781863E+00  1.000551908656789E+00  1.000549835238787E+00
  1.000537433192416E+00  1.000535414253341E+00  1.000533398934471E+00
  1.000521169701674E+00  1.000519207644271E+00  1.000517249122203E+00
  1.000505189973639E+00  1.000503283513480E+00  1.000501380505748E+00
  1.000489488769356E+00  1.000487636642150E+00  1.000485787886393E+00
  1.000474060644614E+00  1.000472261607359E+00  1.000470465862449E+00
  1.000458899524242E+00  1.000457152356529E+00  1.000455408403873E+00
  1.000443998443123E+00  1.000442301947257E+00  1.000440608590945E+00
  1.000429349832223E+00  1.000427702831197E+00  1.000426058895985E+00
  1.000414946515892E+00  1.000413347849575E+00  1.000411752177071E+00
  1.000400783183564E+00  1.000399231704656E+00  1.000397683149258E+00
  1.000386857290354E+00  1.000385351862412E+00  1.000383849289315E+00
  1.000373168567415E+00  1.000371708065109E+00  1.000370250350588E+00
  1.000359715286124E+00  1.000358298598627E+00  1.000356884633437E+00
  1.000346490818796E+00  1.000345116847335E+00  1.000343745534318E+00
  1.000333478411972E+00  1.000332146068659E+00  1.000330816321562E+00
  1.000320673886444E+00  1.000319382040653E+00  1.000318092730820E+00
  1.008908064997406E+00  1.008873261421407E+00  1.008838521235597E+00
  1.008911670610161E+00  1.008876852734068E+00  1.008842098274495E+00
  1.008913474095800E+00  1.008878649066961E+00  1.008843887467811E+00
  1.008913474095800E+00  1.008878649066961E+00  1.008843887467811E+00
  1.008911670610161E+00  1.008876852734068E+00  1.008842098274495E+00
  1.008908064997406E+00  1.008873261421407E+00  1.008838521235597E+00
  1.008902659973019E+00  1.008867877833671E+00  1.008833159045040E+00
  1.008895459604845E+00  1.008860706022539E+00  1.008826015738367E+00
  1.008886469306787E+00  1.008851751380401E+00  1.008817096686491E+00
  1.008875695830563E+00  1.008841020632142E+00  1.008806408587512E+00
  1.008863147255318E+00  1.008828521824798E+00  1.008793959456417E+00
  1.008848832975618E+00  1.008814264315601E+00  1.008779758613168E+00
  1.008832763686708E+00  1.008798258757289E+00  1.008763816668072E+00
  1.008814951368553E+00  1.008780517082213E+00  1.008746145505953E+00
  1.008795409267271E+00  1.008761052483845E+00  1.008726758267727E+00
  1.008774151875456E+00  1.008739879397174E+00  1.008705669330886E+00
  1.008751194909935E+00  1.008717013476557E+00  1.008682894287423E+00
  1.008726555288521E+00  1.008692471572556E+00  1.008658449920773E+00
  1.008700251104424E+00  1.008666271706457E+00  1.008632354180428E+00
  1.008672301599601E+00  1.008638433043725E+00  1.008604626155492E+00
  1.008642727135833E+00  1.008608975865188E+00  1.008575286045990E+00
  1.008611549165270E+00  1.008577921537707E+00  1.008544355133645E+00
  1.008578790198745E+00  1.008545292482613E+00  1.008511855750445E+00
  1.008544473772804E+00  1.008511112142861E+00  1.008477811245925E+00
  1.008508624415936E+00  1.008475404949404E+00  1.008442245953676E+00
  1.008471267613372E+00  1.008438196286126E+00  1.008405185156412E+00
  1.008432429770489E+00  1.008399512453386E+00  1.008366655049669E+00
  1.008392138175310E+00  1.008359380630675E+00  1.008326682704597E+00
  1.008350420960629E+00  1.008317828838884E+00  1.008285296030386E+00
  1.008307307064748E+00  1.008274885901202E+00  1.008242523735321E+00
  1.008262826191270E+00  1.008230581403065E+00  1.008198395286881E+00
  1.008217008768769E+00  1.008184945651985E+00  1.008152940871737E+00
  1.008169885909670E+00  1.008138009636597E+00  1.008106191354955E+00
  1.008121489368043E+00  1.008089804984615E+00  1.008058178238123E+00
  1.008071851498042E+00  1.008040363921440E+00  1.008008933618119E+00
  1.008021005211363E+00  1.007989719227783E+00  1.007958490144909E+00
  1.007968983934439E+00  1.007937904197036E+00  1.007906880979080E+00
  1.007915821565716E+00  1.007884952592706E+00  1.007854139749452E+00
  1.007861552433123E+00  1.007830898606071E+00  1.007800300510893E+00
  1.007806211250817E+00  1.007775776813080E+00  1.007745397701397E+00
  1.007749833076518E+00  1.007719622131866E+00  1.007689466099765E+00
  1.007692453268974E+00  1.007662469780381E+00  1.007632540783406E+00
  1.007634107445874E+00  1.007604355234468E+00  1.007574657086578E+00
  1.007574831441972E+00  1.007545314186163E+00  1.007515850558860E+00
  1.007514661267409E+00  1.007485382502176E+00  1.007456156923790E+00
  1.007453633066678E+00  1.007424596183020E+00  1.007395612038163E+00
  1.007391783078567E+00  1.007362991323113E+00  1.007334251852296E+00
  1.007329147595625E+00  1.007300604070409E+00  1.007272112369809E+00
  1.007265762925332E+00  1.007237470587718E+00  1.007209229609107E+00
  1.007201665352067E+00  1.007173627014829E+00  1.007145639565656E+00
  1.007136891098981E+00  1.007109109430533E+00  1.007081378174153E+00
  1.007071476291597E+00  1.007043953816372E+00  1.007016481272420E+00
  1.007005456921841E+00  1.006978196020808E+00  1.006950984565724E+00
  1.006938868813190E+00  1.006911871724516E+00  1.006884923592198E+00
  1.006871747586674E+00  1.006845016406518E+00  1.006818333689119E+00
  1.006804128628414E+00  1.006777665311851E+00  1.006751249960704E+00
  1.006736047057098E+00  1.006709853419178E+00  1.006683707245846E+00
  1.006667537694029E+00  1.006641615410949E+00  1.006615740088402E+00
  1.006598635033237E+00  1.006572985643637E+00  1.006547382707543E+00
  1.006529373212950E+00  1.006503998119324E+00  1.006478668969456E+00
  1.006459785988719E+00  1.006434686458930E+00  1.006409632360684E+00
  1.006389906707190E+00  1.006365083876095E+00  1.006340305962109E+00
  1.006319768281183E+00  1.006295223152355E+00  1.006270722424225E+00
  1.006249403166408E+00  1.006225136613953E+00  1.006200913944053E+00
  1.006178843338933E+00  1.006154856109400E+00  1.006130912242783E+00
  1.006108120273911E+00  1.006084412988280E+00  1.006060748544667E+00
  1.006037264925922E+00  1.006013838081679E+00  1.005990453557531E+00
  1.005966307710316E+00  1.005943161683603E+00  1.005920057454263E+00
  1.005895278485770E+00  1.005872413533601E+00  1.005849589855508E+00
  1.005824206538382E+00  1.005801622800927E+00  1.005779079813899E+00
  1.005753120565944E+00  1.005730818068874E+00  1.005708555798446E+00
  1.005682048665046E+00  1.005660027321935E+00  1.005638045681754E+00
  1.005611018318402E+00  1.005589277933175E+00  1.005567576727450E+00
  1.005540056383064E+00  1.005518596652498E+00  1.005497175578491E+00
  1.005469189080636E+00  1.005448009596895E+00  1.005426868247457E+00
  1.005398441988022E+00  1.005377542241238E+00  1.005356680107379E+00
  1.005327840029671E+00  1.005307219410549E+00  1.005286635884044E+00
  1.005257407470794E+00  1.005237065273249E+00  1.005216759649269E+00
  1.005187167911070E+00  1.005167103334891E+00  1.005147074814658E+00
  1.005117144281088E+00  1.005097356434614E+00  1.005077604128077E+00
  1.005047358837672E+00  1.005027846740491E+00  1.005008369669019E+00
  1.004977833161353E+00  1.004958595747007E+00  1.004939392846089E+00
  1.004908588155238E+00  1.004889624273939E+00  1.004870694395894E+00
  1.004839644043708E+00  1.004820952465057E+00  1.004802294381748E+00
  1.004771020372570E+00  1.004752599788276E+00  1.004734212193824E+00
  1.004702736010290E+00  1.004684585036884E+00  1.004666466550379E+00
  1.004634809149940E+00  1.004616926331485E+00  1.004599075499691E+00
  1.004567257311574E+00  1.004549641122364E+00  1.004532056422411E+00
  1.004500097345437E+00  1.004482746192684E+00  1.004465426034749E+00
  1.004433345436475E+00  1.004416257662978E+00  1.004399200392952E+00
  1.004367017108997E+00  1.004350190995793E+00  1.004333394897926E+00
  1.004301127232460E+00  1.004284561001455E+00  1.004268024300981E+00
  1.004235690027121E+00  1.004219381843695E+00  1.004203102709433E+00
  1.004170719071170E+00  1.004154667046753E+00  1.004138643593683E+00
  1.004106227307970E+00  1.004090429502600E+00  1.004074659794402E+00
  1.004042227053938E+00  1.004026681478770E+00  1.004011163530347E+00
  1.003978730006654E+00  1.003963434626455E+00  1.003948166406408E+00
  1.003915747253734E+00  1.003900699989328E+00  1.003885679422406E+00
  1.003853289282010E+00  1.003838488012696E+00  1.003823712982203E+00
  1.003791365987691E+00  1.003776808553617E+00  1.003762276903786E+00
  1.003729986685276E+00  1.003715670889776E+00  1.003701380428099E+00
  1.003669160118950E+00  1.003655083730840E+00  1.003641032230360E+00
  1.003608894472648E+00  1.003595055228476E+00  1.003581240430034E+00
  1.003549197381143E+00  1.003535592987401E+00  1.003522012601842E+00
  1.003490075941344E+00  1.003476704076630E+00  1.003463355786962E+00
  1.003431536723184E+00  1.003418395040320E+00  1.003405276503827E+00
  1.003373585781735E+00  1.003360671909838E+00  1.003347780760147E+00
  1.003316228668827E+00  1.003303540215330E+00  1.003290874064432E+00
  1.003259470444910E+00  1.003247004997546E+00  1.003234561437769E+00
  1.003203315690885E+00  1.003191070819619E+00  1.003178847425560E+00
  1.003147768520416E+00  1.003135741779333E+00  1.003123736109739E+00
  1.003092832592072E+00  1.003081021521205E+00  1.003069231120804E+00
  1.003038511121442E+00  1.003026913248559E+00  1.003015335649836E+00
  1.002984806893107E+00  1.002973419735465E+00  1.002962052460415E+00
  1.002931722273296E+00  1.002920543339371E+00  1.002909383901218E+00
  1.002879259221150E+00  1.002868286012291E+00  1.002857331917152E+00
  1.002827419301746E+00  1.002816649313697E+00  1.002805898062108E+00
  1.002776203698863E+00  1.002765634423139E+00  1.002755083511441E+00
  1.002725613228272E+00  1.002715242153571E+00  1.002704889075289E+00
  1.002675648349303E+00  1.002665472963194E+00  1.002655315210672E+00
  1.002626309172808E+00  1.002616326963695E+00  1.002606362030043E+00
  1.002577595468991E+00  1.002567803927795E+00  1.002558029308639E+00
  1.002529506681239E+00  1.002519903301894E+00  1.002510316496048E+00
  1.002482041950075E+00  1.002472624228738E+00  1.002463222737509E+00
  1.002435200141357E+00  1.002425965576025E+00  1.002416746902614E+00
  1.002388979856723E+00  1.002379925950269E+00  1.002370887602242E+00
  1.002343379407009E+00  1.002334503674879E+00  1.002325643171390E+00
  1.002298396761230E+00  1.002289696739710E+00  1.002281011620139E+00
  1.002254029529281E+00  1.002245502775193E+00  1.002236990600384E+00
  1.002210275054092E+00  1.002201919128750E+00  1.002193577466885E+00
  1.002167130620965E+00  1.002158943063907E+00  1.002150769464508E+00
  1.002124593659790E+00  1.002116571974781E+00  1.002108563951613E+00
  1.002082661709753E+00  1.002074803391627E+00  1.002066958443526E+00
  1.002041331967099E+00  1.002033634580272E+00  1.002025950264233E+00
  1.002000600485009E+00  1.001993061767341E+00  1.001985535802253E+00
  1.001960461408353E+00  1.001953079342040E+00  1.001945709687059E+00
  1.001920906757455E+00  1.001913679550971E+00  1.001906464399729E+00
  1.001881927061918E+00  1.001874853031612E+00  1.001867790703904E+00
  1.001843512662567E+00  1.001836590063822E+00  1.001829678838128E+00
  1.001805655069186E+00  1.001798881961355E+00  1.001792119931274E+00
  1.001768347706457E+00  1.001761721916052E+00  1.001755106940410E+00
  1.001731585754582E+00  1.001725104940333E+00  1.001718634698500E+00
  1.001695365336170E+00  1.001689027101721E+00  1.001682699204802E+00
  1.001659682618036E+00  1.001653484602745E+00  1.001647296689962E+00
  1.001624533310576E+00  1.001618473220244E+00  1.001612422996984E+00
  1.001589912671298E+00  1.001583988258005E+00  1.001578073479793E+00
  1.001555815787156E+00  1.001550024814514E+00  1.001544243251940E+00
  1.001522237826211E+00  1.001516578050367E+00  1.001510927467449E+00
  1.001489174103580E+00  1.001483643276455E+00  1.001478121431750E+00
  1.001456619999665E+00  1.001451215882650E+00  1.001445820542576E+00
  1.001424570856447E+00  1.001419291231024E+00  1.001414020181254E+00
  1.001393021930369E+00  1.001387864600851E+00  1.001382715649888E+00
  1.001361968402871E+00  1.001356931194369E+00  1.001351902171786E+00
  1.001331405410149E+00  1.001326486166387E+00  1.001321574920500E+00
  1.001301328059122E+00  1.001296524642267E+00  1.001291729039713E+00
  1.001271731426771E+00  1.001267041718936E+00  1.001262359646040E+00
  1.001242610550065E+00  1.001238032455253E+00  1.001233461819979E+00
  1.001213960417373E+00  1.001209491862786E+00  1.001205030596161E+00
  1.001185775967206E+00  1.001181414903487E+00  1.001177060959960E+00
  1.001158052094556E+00  1.001153796495418E+00  1.001149547852503E+00
  1.001130783657616E+00  1.001126631519787E+00  1.001122486177930E+00
  1.001103965478856E+00  1.001099914822798E+00  1.001095870806009E+00
  1.001077592341628E+00  1.001073641212461E+00  1.001069696569273E+00
  1.001051658987637E+00  1.001047805455456E+00  1.001043958259330E+00
  1.001026160121074E+00  1.001022402280606E+00  1.001018650629631E+00
  1.001001090414120E+00  1.000997426384493E+00  1.000993768401095E+00
  1.000976444509316E+00  1.000972872434448E+00  1.000969306265712E+00
  1.000952217016835E+00  1.000948735066008E+00  1.000945258884282E+00
  1.000928402513385E+00  1.000925008881294E+00  1.000921620884315E+00
  1.000904995545868E+00  1.000901688452161E+00  1.000898386862606E+00
  1.000881990636633E+00  1.000878768325642E+00  1.000875551390800E+00
  1.000859382284355E+00  1.000856243025422E+00  1.000853109017460E+00
  1.000837164961430E+00  1.000834107049329E+00  1.000831054265756E+00
  1.000815333113154E+00  1.000812354867960E+00  1.000809381631574E+00
  1.000793881162090E+00  1.000790980928593E+00  1.000788085586912E+00
  1.000772803512215E+00  1.000769979659557E+00  1.000767160584389E+00
  1.000752094548626E+00  1.000749345470485E+00  1.000746601058069E+00
  1.000731748633631E+00  1.000729072748475E+00  1.000726401419767E+00
  1.000711760105064E+00  1.000709155855901E+00  1.000706556056381E+00
  1.000692123281847E+00  1.000689589135595E+00  1.000687059334644E+00
  1.000672832471396E+00  1.000670366918494E+00  1.000667905608948E+00
  1.000653881973314E+00  1.000651483527826E+00  1.000649089226041E+00
  1.000635266073385E+00  1.000632933273163E+00  1.000630604519215E+00
  1.000616979028654E+00  1.000614710435086E+00  1.000612445792582E+00
  1.000599015052007E+00  1.000596809249485E+00  1.000594607305024E+00
  1.000581368309614E+00  1.000579223905137E+00  1.000577083267863E+00
  1.000564032945625E+00  1.000561948568594E+00  1.000559867869964E+00
  1.000547003138716E+00  1.000544977440539E+00  1.000542955333967E+00
  1.000530273156362E+00  1.000528304809754E+00  1.000526339969958E+00
  1.000513837341722E+00  1.000511925040236E+00  1.000510016162759E+00
  1.000497689974749E+00  1.000495832433124E+00  1.000493978234625E+00
  1.000481825025019E+00  1.000480020980092E+00  1.000478220199251E+00
  1.000466235938989E+00  1.000464484150092E+00  1.000462735548042E+00
  1.000450915689077E+00  1.000449214936956E+00  1.000447517296243E+00
  1.000435857255471E+00  1.000434206339828E+00  1.000432558461946E+00
  1.000421054469228E+00  1.000419452205922E+00  1.000417852908465E+00
  1.000406502789176E+00  1.000404948008233E+00  1.000403396122891E+00
  1.000392199288251E+00  1.000390690833239E+00  1.000389185205206E+00
  1.000378141261222E+00  1.000376677989576E+00  1.000375217477917E+00
  1.000364323463191E+00  1.000362904246420E+00  1.000361487724281E+00
  1.000350736035296E+00  1.000349359756360E+00  1.000347986108335E+00
  1.000337367242503E+00  1.000336032788807E+00  1.000334700903955E+00
  1.000324221144750E+00  1.000322927390730E+00  1.000321636145303E+00
  1.009230696796060E+00  1.009195061503078E+00  1.009159490150481E+00
  1.009234458053796E+00  1.009198808000533E+00  1.009163221914444E+00
  1.009236339396571E+00  1.009200681960359E+00  1.009165088504719E+00
  1.009236339396571E+00  1.009200681960359E+00  1.009165088504719E+00
  1.009234458053796E+00  1.009198808000533E+00  1.009163221914444E+00
  1.009230696796060E+00  1.009195061503078E+00  1.009159490150481E+00
  1.009225058476945E+00  1.009189445310345E+00  1.009153896043976E+00
  1.009217547371245E+00  1.009181963680309E+00  1.009146443836108E+00
  1.009208169168289E+00  1.009172622279910E+00  1.009137139171472E+00
  1.009196930963153E+00  1.009161428176305E+00  1.009125989089351E+00
  1.009183841245719E+00  1.009148389825966E+00  1.009113002012868E+00
  1.009168909887700E+00  1.009133517061758E+00  1.009098187736110E+00
  1.009152148127355E+00  1.009116821077714E+00  1.009081557408958E+00
  1.009133568552282E+00  1.009098314411895E+00  1.009063123520025E+00
  1.009113185080080E+00  1.009078010927125E+00  1.009042899877455E+00
  1.009091012937179E+00  1.009055925789907E+00  1.009020901587932E+00
  1.009067068635609E+00  1.009032075447283E+00  1.008997145033623E+00
  1.009041369948096E+00  1.009006477602025E+00  1.008971647847468E+00
  1.009013935881200E+00  1.008979151185879E+00  1.008944428886532E+00
  1.008984786646860E+00  1.008950116331224E+00  1.008915508203773E+00
  1.008953943632141E+00  1.008919394340931E+00  1.008884907018019E+00
  1.008921429367618E+00  1.008887007656880E+00  1.008852647682609E+00
  1.008887267494059E+00  1.008852979826766E+00  1.008818753652328E+00
  1.008851482727667E+00  1.008817335469478E+00  1.008783249448927E+00
  1.008814100824148E+00  1.008780100239312E+00  1.008746160625468E+00
  1.008775148541441E+00  1.008741300788845E+00  1.008707513729351E+00
  1.008734653601172E+00  1.008700964730536E+00  1.008667336264064E+00
  1.008692644649097E+00  1.008659120597327E+00  1.008625656649937E+00
  1.008649151214744E+00  1.008615797802449E+00  1.008582504184104E+00
  1.008604203669990E+00  1.008571026598152E+00  1.008537908999402E+00
  1.008557833186772E+00  1.008524838033585E+00  1.008491902022413E+00
  1.008510071694248E+00  1.008477263912131E+00  1.008444514930964E+00
  1.008460951835300E+00  1.008428336748070E+00  1.008395780110964E+00
  1.008410506922343E+00  1.008378089722570E+00  1.008345730612567E+00
  1.008358770893016E+00  1.008326556639549E+00  1.008294400106208E+00
  1.008305778265387E+00  1.008273771881056E+00  1.008241822838161E+00
  1.008251564092876E+00  1.008219770362372E+00  1.008188033585812E+00
  1.008196163919140E+00  1.008164587487071E+00  1.008133067612903E+00
  1.008139613732949E+00  1.008108259102075E+00  1.008076960624760E+00
  1.008081949922878E+00  1.008050821452521E+00  1.008019748723340E+00
  1.008023209232242E+00  1.007992311136877E+00  1.007961468362525E+00
  1.007963428714286E+00  1.007932765062307E+00  1.007902156303657E+00
  1.007902645687728E+00  1.007872220400389E+00  1.007841849571440E+00
  1.007840897692624E+00  1.007810714543154E+00  1.007780585410144E+00
  1.007778222446601E+00  1.007748285059490E+00  1.007718401240187E+00
  1.007714657801678E+00  1.007684969652137E+00  1.007655334615299E+00
  1.007650241701785E+00  1.007620806115368E+00  1.007591423180366E+00
  1.007585012140646E+00  1.007555832293046E+00  1.007526704629658E+00
  1.007519007120729E+00  1.007490086037726E+00  1.007461216666090E+00
  1.007452264612987E+00  1.007423605170564E+00  1.007394996961292E+00
  1.007384822517244E+00  1.007356427441852E+00  1.007328083116297E+00
  1.007316718623677E+00  1.007288590492663E+00  1.007260512623338E+00
  1.007247990575186E+00  1.007220131817355E+00  1.007192322828509E+00
  1.007178675830783E+00  1.007151088727121E+00  1.007123550895445E+00
  1.007108811630061E+00  1.007081498314582E+00  1.007054233770069E+00
  1.007038434958826E+00  1.007011397419572E+00  1.006984408146506E+00
  1.006967582515636E+00  1.006940822595797E+00  1.006914110433875E+00
  1.006896290679860E+00  1.006869810079025E+00  1.006843376724607E+00
  1.006824595480690E+00  1.006798395756223E+00  1.006772242763703E+00
  1.006752532567416E+00  1.006726615135949E+00  1.006700743919245E+00
  1.006680137181097E+00  1.006654503320130E+00  1.006628915154290E+00
  1.006607444127333E+00  1.006582094976955E+00  1.006556790999861E+00
  1.006534487750374E+00  1.006509424315072E+00  1.006484405529259E+00
  1.006461301908625E+00  1.006436525059202E+00  1.006411792333766E+00
  1.006387919951325E+00  1.006363430426906E+00  1.006338984499508E+00
  1.006314374696538E+00  1.006290173106663E+00  1.006266014585621E+00
  1.006240698410584E+00  1.006216785237388E+00  1.006192914603849E+00
  1.006166922788718E+00  1.006143298389185E+00  1.006119715999376E+00
  1.006093078937122E+00  1.006069743545407E+00  1.006046449632956E+00
  1.006019197356192E+00  1.005996151086020E+00  1.005973145764349E+00
  1.005945307924932E+00  1.005922550772050E+00  1.005899834036823E+00
  1.005871439887054E+00  1.005848971731742E+00  1.005826543463375E+00
  1.005797621838064E+00  1.005775442447706E+00  1.005753302413923E+00
  1.005723881713497E+00  1.005701990745183E+00  1.005680138603628E+00
  1.005650246778598E+00  1.005628643781785E+00  1.005607079082665E+00
  1.005576743619108E+00  1.005555428038305E+00  1.005534150227080E+00
  1.005503398133284E+00  1.005482369310777E+00  1.005461377730877E+00
  1.005430235525032E+00  1.005409492703636E+00  1.005388786599205E+00
  1.005357280298082E+00  1.005336822623914E+00  1.005316401142583E+00
  1.005284556251653E+00  1.005264382776926E+00  1.005244244972598E+00
  1.005212086476634E+00  1.005192196162466E+00  1.005172340998123E+00
  1.005139893353101E+00  1.005120285072334E+00  1.005100711422850E+00
  1.005067998549004E+00  1.005048671089031E+00  1.005029377743992E+00
  1.004996423019513E+00  1.004977375085105E+00  1.004958360751633E+00
  1.004925187007434E+00  1.004906417223567E+00  1.004887680529145E+00
  1.004854310044659E+00  1.004835816959341E+00  1.004817356454626E+00
  1.004783810954404E+00  1.004765593041486E+00  1.004747407203122E+00
  1.004713707854145E+00  1.004695763516125E+00  1.004677850749544E+00
  1.004644018159408E+00  1.004626345730224E+00  1.004608704372423E+00
  1.004574758588500E+00  1.004557356336295E+00  1.004539984658606E+00
  1.004505945167846E+00  1.004488811297721E+00  1.004471707508559E+00
  1.004437593238074E+00  1.004420725894817E+00  1.004403888142396E+00
  1.004369717460595E+00  1.004353114731378E+00  1.004336541106410E+00
  1.004302331825017E+00  1.004285991742069E+00  1.004269680280433E+00
  1.004235449657067E+00  1.004219370200319E+00  1.004203318885693E+00
  1.004169083627023E+00  1.004153262726711E+00  1.004137469493176E+00
  1.004103245758605E+00  1.004087681297845E+00  1.004072144032456E+00
  1.004037947438426E+00  1.004022637255748E+00  1.004007353801061E+00
  1.003973199425909E+00  1.003958141317755E+00  1.003943109474320E+00
  1.003909011863685E+00  1.003894203586863E+00  1.003879421115676E+00
  1.003845394288004E+00  1.003830833562103E+00  1.003816298187013E+00
  1.003782355640018E+00  1.003768040149777E+00  1.003753749559853E+00
  1.003719904276988E+00  1.003705831674621E+00  1.003691783526471E+00
  1.003658047983929E+00  1.003644215891406E+00  1.003630407811455E+00
  1.003596793985482E+00  1.003583199996757E+00  1.003569629583472E+00
  1.003536148957878E+00  1.003522790641076E+00  1.003509455467143E+00
  1.003476119041398E+00  1.003462993940942E+00  1.003449891555397E+00
  1.003416709852810E+00  1.003403815491507E+00  1.003390943421814E+00
  1.003357926497912E+00  1.003345260378995E+00  1.003332616133083E+00
  1.003299773584134E+00  1.003287333193259E+00  1.003274914261511E+00
  1.003242255233360E+00  1.003230038040544E+00  1.003217841897736E+00
  1.003185375094790E+00  1.003173378556291E+00  1.003161402663472E+00
  1.003129136357788E+00  1.003117357917946E+00  1.003105599724267E+00
  1.003073541764621E+00  1.003061978857678E+00  1.003050435802207E+00
  1.003018593623087E+00  1.003007243674987E+00  1.002995913188502E+00
  1.002964293818858E+00  1.002953154248944E+00  1.002942033755643E+00
  1.002910643828978E+00  1.002899712051482E+00  1.002888798970488E+00
  1.002857644736362E+00  1.002846918161710E+00  1.002836209908385E+00
  1.002805297244127E+00  1.002794773280391E+00  1.002784267267732E+00
  1.002753601686497E+00  1.002743277741373E+00  1.002732971381899E+00
  1.002702558034717E+00  1.002692431517909E+00  1.002682322226037E+00
  1.002652165903476E+00  1.002642234228424E+00  1.002632319422347E+00
  1.002602424568793E+00  1.002592685152344E+00  1.002582962253991E+00
  1.002553333003003E+00  1.002543783263213E+00  1.002534249696150E+00
  1.002504889911810E+00  1.002495527267188E+00  1.002486180455400E+00
  1.002457093736580E+00  1.002447915611590E+00  1.002438752984036E+00
  1.002409942595224E+00  1.002400946432969E+00  1.002391965435637E+00
  1.002363434194285E+00  1.002354617467973E+00  1.002345815576282E+00
  1.002317565818872E+00  1.002308926026653E+00  1.002300300743072E+00
  1.002272334512621E+00  1.002263869146774E+00  1.002255417972860E+00
  1.002227737426849E+00  1.002219443931544E+00  1.002211164325234E+00
  1.002183772094569E+00  1.002175647852610E+00  1.002167537208842E+00
  1.002140436251630E+00  1.002132478643307E+00  1.002124534342954E+00
  1.002097726983274E+00  1.002089933522640E+00  1.002082153061628E+00
  1.002055639431546E+00  1.002048007922149E+00  1.002040389070190E+00
  1.002014165778961E+00  1.002006694388530E+00  1.001999235278890E+00
  1.001973295312428E+00  1.001965982488700E+00  1.001958681554216E+00
  1.001933015865918E+00  1.001925860104051E+00  1.001918715857410E+00
  1.001893316091695E+00  1.001886315662243E+00  1.001879326420212E+00
  1.001854187412500E+00  1.001847340193617E+00  1.001840503890331E+00
  1.001815624640897E+00  1.001808928137712E+00  1.001802242321580E+00
  1.001777625063885E+00  1.001771076582850E+00  1.001764538578406E+00
  1.001740186704108E+00  1.001733783563949E+00  1.001727390686002E+00
  1.001703306832500E+00  1.001697046494414E+00  1.001690796191846E+00
  1.001666981429542E+00  1.001660861505077E+00  1.001654751381926E+00
  1.001631205546860E+00  1.001625223726549E+00  1.001619251475697E+00
  1.001595974000816E+00  1.001590127979410E+00  1.001584291304656E+00
  1.001561281835743E+00  1.001555569282313E+00  1.001549865862494E+00
  1.001527124370371E+00  1.001521542942007E+00  1.001515970441054E+00
  1.001493496996429E+00  1.001488044365708E+00  1.001482600460175E+00
  1.001460394989094E+00  1.001455068860240E+00  1.001449751257374E+00
  1.001427813454418E+00  1.001422611563374E+00  1.001417418002677E+00
  1.001395747380045E+00  1.001390667487381E+00  1.001385595733779E+00
  1.001364191700685E+00  1.001359231586433E+00  1.001354279424628E+00
  1.001333141326464E+00  1.001328298789737E+00  1.001323464023315E+00
  1.001302591135806E+00  1.001297863997433E+00  1.001293144451290E+00
  1.001272535955351E+00  1.001267922060830E+00  1.001263315584202E+00
  1.001242970546617E+00  1.001238467767559E+00  1.001233972235691E+00
  1.001213889607911E+00  1.001209495841580E+00  1.001205109155462E+00
  1.001185287787728E+00  1.001181000955832E+00  1.001176721040964E+00
  1.001157159696487E+00  1.001152977744888E+00  1.001148802550820E+00
  1.001129499906548E+00  1.001125420806405E+00  1.001121348307751E+00
  1.001102302944291E+00  1.001098324693369E+00  1.001094352891204E+00
  1.001075563287013E+00  1.001071683909746E+00  1.001067810831830E+00
  1.001049275370841E+00  1.001045492917389E+00  1.001041716617257E+00
  1.001023433600614E+00  1.001019746146457E+00  1.001016064702863E+00
  1.000998032350977E+00  1.000994437997712E+00  1.000990849515339E+00
  1.000973065959898E+00  1.000969562836185E+00  1.000966065446666E+00
  1.000948528726594E+00  1.000945114987936E+00  1.000941706849797E+00
  1.000924414919065E+00  1.000921088746749E+00  1.000917768044348E+00
  1.000900718782957E+00  1.000897478383589E+00  1.000894243326509E+00
  1.000877434541651E+00  1.000874278147853E+00  1.000871126971503E+00
  1.000854556389965E+00  1.000851482261160E+00  1.000848413227638E+00
  1.000832078492360E+00  1.000829084914472E+00  1.000826096312401E+00
  1.000809994989768E+00  1.000807080274183E+00  1.000804170417693E+00
  1.000788300006443E+00  1.000785462489568E+00  1.000782629717719E+00
  1.000766987648816E+00  1.000764225692592E+00  1.000761468369829E+00
  1.000746051999680E+00  1.000743363992052E+00  1.000740680508758E+00
  1.000725487117797E+00  1.000722871472183E+00  1.000720260244257E+00
  1.000705287045492E+00  1.000702742199734E+00  1.000700201667522E+00
  1.000685445814676E+00  1.000682970230644E+00  1.000680498858429E+00
  1.000665957443277E+00  1.000663549607365E+00  1.000661145883799E+00
  1.000646815925157E+00  1.000644474348628E+00  1.000642136787169E+00
  1.000628015224629E+00  1.000625738443027E+00  1.000623465581452E+00
  1.000609549282279E+00  1.000607335854399E+00  1.000605126253747E+00
  1.000591412028328E+00  1.000589260535778E+00  1.000587112779801E+00
  1.000573597395432E+00  1.000571506442895E+00  1.000569419138290E+00
  1.000556099323729E+00  1.000554067539058E+00  1.000552039315650E+00
  1.000538911747399E+00  1.000536937781009E+00  1.000534967291219E+00
  1.000522028552711E+00  1.000520111076796E+00  1.000518196994829E+00
  1.000505443513856E+00  1.000503581222213E+00  1.000501722243788E+00
  1.000489150246525E+00  1.000487341854768E+00  1.000485536697305E+00
  1.000473142244183E+00  1.000471386489357E+00  1.000469633891680E+00
  1.000457413039475E+00  1.000455708678682E+00  1.000454007399706E+00
  1.000441956452959E+00  1.000440302261798E+00  1.000438651078934E+00
  1.000426766790349E+00  1.000425161562180E+00  1.000423559270511E+00
  1.000411838793608E+00  1.000410281339572E+00  1.000408726751866E+00
  1.000397167212848E+00  1.000395656361566E+00  1.000394148308055E+00
  1.000382746099539E+00  1.000381280695565E+00  1.000379818022455E+00
  1.000368568328048E+00  1.000367147229107E+00  1.000365728795792E+00
  1.000354626371447E+00  1.000353248445291E+00  1.000351873121136E+00
  1.000340915428578E+00  1.000339579551323E+00  1.000338246214014E+00
  1.000327438523896E+00  1.000326143584306E+00  1.000324851124216E+00
