  3.444391703679589E+00  3.438210743905664E+00  3.432027062639965E+00

 -6.125682894517709E-02 -4.446614324345141E-02 -2.753707700706216E-02
 -2.182454778576320E-02 -3.396644088529244E-03  1.521420718878941E-02
  2.591220195666266E-03  2.200625647307108E-02  4.159442682362746E-02
 -6.542274585047859E-02 -4.744945702122157E-02 -2.958733045348056E-02
 -3.074902473646223E-02 -1.099307652799740E-02  9.108175425664380E-03
 -9.278000493122118E-03  1.142482968268027E-02  3.293355361014116E-02
  1.915693473951221E-02  5.778927845389302E-02  6.743733774459726E-02
  2.413024039810418E-02  3.703152768148309E-02  3.614415682898497E-02
  1.950272512880879E-02 -2.650043294580295E-03 -2.366871823416549E-02
  1.915693473951221E-02  5.778927845389302E-02  6.743733774459726E-02
  2.413024039810418E-02  3.703152768148309E-02  3.614415682898497E-02
  1.950272512880879E-02 -2.650043294580295E-03 -2.366871823416549E-02
 -6.542274585047859E-02 -4.744945702122157E-02 -2.958733045348056E-02
 -3.074902473646223E-02 -1.099307652799740E-02  9.108175425664380E-03
 -9.278000493122118E-03  1.142482968268027E-02  3.293355361014116E-02
 -6.125682894517709E-02 -4.446614324345141E-02 -2.753707700706216E-02
 -2.182454778576320E-02 -3.396644088529244E-03  1.521420718878941E-02
  2.591220195666266E-03  2.200625647307108E-02  4.159442682362746E-02
 -5.414817067473503E-02 -3.998666163500964E-02 -2.581135329964062E-02
 -1.005003146176499E-02  5.454394617204136E-03  2.100733125604955E-02
  1.694327798239202E-02  3.332773646567450E-02  4.978021510689760E-02
 -4.550214564853197E-02 -3.394113626814801E-02 -2.235087711525240E-02
  1.122001012682742E-03  1.333845056240229E-02  2.554707315424899E-02
  2.944951103218808E-02  4.211720080380652E-02  5.474137952269248E-02
 -3.556103886211616E-02 -2.647411839255015E-02 -1.737458557154570E-02
  9.138357159979295E-03  1.819073303782266E-02  2.722072644664907E-02
  3.521555064073756E-02  4.417531889059365E-02  5.307563280428444E-02
 -2.694043343117218E-02 -1.998971238422429E-02 -1.303746368332805E-02
  1.425867656818913E-02  2.100965338868254E-02  2.777066753112426E-02
  3.653963579938762E-02  4.301810508348691E-02  4.950803674410990E-02
 -1.971650823290433E-02 -1.404489025022827E-02 -8.366721455267049E-03
  2.118947705020677E-02  2.691566373100092E-02  3.267682775248145E-02
  4.218073922970467E-02  4.778533724506934E-02  5.344696844133155E-02
 -1.207774872383145E-02 -6.695795070626614E-03 -1.314136452838658E-03
  3.312837526707148E-02  3.879710963772520E-02  4.448480013291687E-02
  5.674108456455564E-02  6.243527102482343E-02  6.816535998113334E-02
 -4.794227660001224E-03  1.008647248544038E-03  6.793184965827309E-03
  4.721270010751986E-02  5.332722319784710E-02  5.943333327262540E-02
  7.579926832592487E-02  8.194553139843579E-02  8.809236876900378E-02
  4.430823931351555E-05  6.732550133185991E-03  1.339676407300896E-02
  6.067944899096707E-02  6.769320876560306E-02  7.469788855714116E-02
  9.575281423861008E-02  1.028167041389178E-01  1.098817908137235E-01
  4.383750948830686E-03  1.229136745642217E-02  2.018952832267952E-02
  7.946151300663361E-02  8.794356798685490E-02  9.643981214305831E-02
  1.246907504968191E-01  1.334228020965338E-01  1.421828370173425E-01
  1.555345396434758E-02  2.484294856338513E-02  3.414538010449398E-02
  1.171089674663104E-01  1.274594622121860E-01  1.378436066997123E-01
  1.794871633290871E-01  1.904401773616764E-01  2.014365153756837E-01
  4.408597690142405E-02  5.476063937012709E-02  6.546274070113015E-02
  1.875465058125812E-01  1.997750288116454E-01  2.120338565843643E-01
  2.751734658134365E-01  2.883136602256119E-01  3.014811103622664E-01
  1.022615829101611E-01  1.143039078700166E-01  1.263696050138242E-01
  3.006228712907865E-01  3.144285527811562E-01  3.282357902105895E-01
  4.189127060431044E-01  4.336824988568116E-01  4.484358495789179E-01
  2.005020649825864E-01  2.139252867964722E-01  2.273444917184611E-01
  4.589153057257777E-01  4.738123900685501E-01  4.886626684045824E-01
  6.076565116966809E-01  6.231832376921465E-01  6.386350149324308E-01
  3.396559820689840E-01  3.543653515523533E-01  3.690224037817253E-01
  6.525607305398510E-01  6.678405494786254E-01  6.830149250646658E-01
  8.247539560106157E-01  8.399066796443847E-01  8.549249255069961E-01
  5.055758966333621E-01  5.211465541139975E-01  5.366044578564156E-01
  8.563359803106547E-01  8.709444702242048E-01  8.853919538904701E-01
  1.038214903559548E+00  1.051584122669014E+00  1.064775398681542E+00
  6.706944633376433E-01  6.862584345316944E-01  7.016514808772709E-01
  1.032885387642390E+00  1.045522066742134E+00  1.057965221389245E+00
  1.205456348252946E+00  1.215638033698723E+00  1.225636752428371E+00
  8.006591078020832E-01  8.151600950978817E-01  8.294527199075216E-01
  1.143650278275621E+00  1.153359538400798E+00  1.162882170228070E+00
  1.288731251857578E+00  1.295079042753637E+00  1.301285713234852E+00
  8.658529235350387E-01  8.786179631863026E-01  8.911668109993846E-01
  1.167003410854772E+00  1.173788253159540E+00  1.180422884515275E+00
  1.276245333896321E+00  1.279309004684527E+00  1.282294428237219E+00
  8.551126362827319E-01  8.661414719568232E-01  8.769656684705790E-01
  1.109288657228509E+00  1.113966331044724E+00  1.118531434914225E+00
  1.186947139843278E+00  1.187971055190971E+00  1.188965933318687E+00
  7.788922468499211E-01  7.885922716725082E-01  7.981043007846762E-01
  9.951377000267805E-01  9.987222794727023E-01  1.002216272099775E+00
  1.052572682734195E+00  1.052778324890629E+00  1.052977303106827E+00
  6.592950219094518E-01  6.680609019263362E-01  6.766575997862704E-01
  8.494469896753859E-01  8.527506620797204E-01  8.559718929823552E-01
  8.983233091208328E-01  8.986337152114242E-01  8.989379895906295E-01
  5.226189954700846E-01  5.305596644607492E-01  5.383570171840772E-01
  6.917483708120223E-01  6.952080646221995E-01  6.985908478247879E-01
  7.391872232023248E-01  7.401575067009597E-01  7.411130676972250E-01
  3.980428213288111E-01  4.049663244758686E-01  4.117787811411363E-01
  5.433353178102004E-01  5.469290426463833E-01  5.504569091293116E-01
  5.900233106035516E-01  5.917321287144173E-01  5.934203994060112E-01
  3.078343575173220E-01  3.135056180428976E-01  3.190949255070349E-01
  4.255358878330905E-01  4.289569300528332E-01  4.323253444351678E-01
  4.685086700929114E-01  4.706482472867181E-01  4.727655717628097E-01
  2.549355674558039E-01  2.592794387468192E-01  2.635599121408245E-01
  3.454942236811886E-01  3.484402263802326E-01  3.513419177169844E-01
  3.821689465538468E-01  3.843338272403907E-01  3.864737285072023E-01
  2.268871929915584E-01  2.299702367434529E-01  2.329997436787150E-01
  2.941858198807651E-01  2.964600536817927E-01  2.986929340511948E-01
  3.237055785927112E-01  3.255516990234935E-01  3.273681602355710E-01
  2.089764934351490E-01  2.109685238408955E-01  2.129157486064710E-01
  2.579794776110982E-01  2.595149440802194E-01  2.610124750001784E-01
  2.807995927276814E-01  2.821152411445741E-01  2.833992996275169E-01
  1.923085617570644E-01  1.934834764573979E-01  1.946262324887795E-01
  2.274975771423854E-01  2.283957956212217E-01  2.292649001240840E-01
  2.446298164044838E-01  2.454071750336026E-01  2.461581747041387E-01
  1.746513548391262E-01  1.753214027286936E-01  1.759720799801020E-01
  1.994900942927987E-01  1.999720001634837E-01  2.004360020259449E-01
  2.119734815942959E-01  2.123745958859931E-01  2.127588033117733E-01
  1.569418819750091E-01  1.573075881685686E-01  1.576570383821178E-01
  1.741541254136880E-01  1.743947194609705E-01  1.746210688054928E-01
  1.829680205802331E-01  1.831516993320718E-01  1.833219984089983E-01
  1.392375750524653E-01  1.392775176099326E-01  1.392896439871011E-01
  1.512137497996902E-01  1.511934990092487E-01  1.511484931785939E-01
  1.573727914831204E-01  1.573229691019405E-01  1.572497810700642E-01
  1.194018143201157E-01  1.189324713279357E-01  1.184171916738380E-01
  1.281957109680579E-01  1.277234288818371E-01  1.272078970549541E-01
  1.326874967148600E-01  1.322132321350896E-01  1.316970934898338E-01
  9.507484951944094E-02  9.396872835909564E-02  9.280998841744202E-02
  1.020924623179615E-01  1.010090608522575E-01  9.987327428249662E-02
  1.056547174911729E-01  1.045837932395677E-01  1.034607696316060E-01
  6.664756611331404E-02  6.505290579356729E-02  6.342552589255640E-02
  7.245760556277751E-02  7.086706507437071E-02  6.924059391982974E-02
  7.541962679110462E-02  7.383421986790406E-02  7.221144434455228E-02
  3.848331248192838E-02  3.687705253834592E-02  3.528484567184205E-02
  4.298280321253276E-02  4.132864057307355E-02  3.968287141746430E-02
  4.531309251804826E-02  4.363862696119352E-02  4.196977161680220E-02
  1.737721696645394E-02  1.640276105379022E-02  1.549936160673061E-02
  2.021343530909995E-02  1.913452455895764E-02  1.812107217878274E-02
  2.172708286365815E-02  2.059839562617378E-02  1.953226178384751E-02
  9.345316955485778E-03  9.533529593945125E-03  9.835787351881656E-03
  1.034191247266517E-02  1.039484585902864E-02  1.055886783776515E-02
  1.092784389403130E-02  1.091337355889402E-02  1.100831292486056E-02
  1.678464715207617E-02  1.832363173177877E-02  1.998749283556552E-02
  1.616537405774962E-02  1.757950316756601E-02  1.911948512500164E-02
  1.591495191382350E-02  1.726480706146254E-02  1.874080097053734E-02
  3.749426608652068E-02  4.016208881503894E-02  4.292970816471027E-02
  3.584853116384525E-02  3.843875003525823E-02  4.113327764918151E-02
  3.504783958158759E-02  3.759624429836073E-02  4.025108134501006E-02
  6.569675707980885E-02  6.896008331079247E-02  7.227212917209139E-02
  6.377699529457169E-02  6.702876636014417E-02  7.033570742741679E-02
  6.280588710053801E-02  6.604879444203968E-02  6.935006442923974E-02
  9.419009646517996E-02  9.739734687049303E-02  1.005939504487708E-01
  9.267887303196540E-02  9.593782678478979E-02  9.919249735387009E-02
  9.188994090743623E-02  9.517245503419024E-02  9.845392956602196E-02
  1.166094914474765E-01  1.191960040066367E-01  1.217226726595293E-01
  1.159508055220000E-01  1.186322552280443E-01  1.212584301168751E-01
  1.155799370298742E-01  1.183078233339119E-01  1.209828409645601E-01
  1.290678386341211E-01  1.307035482086972E-01  1.322527796163408E-01
  1.294012067630939E-01  1.311471648593162E-01  1.328086105097444E-01
  1.295304663934269E-01  1.313317738596307E-01  1.330496831744025E-01
  1.307414744041114E-01  1.313743129825663E-01  1.319185861686422E-01
  1.319404533639596E-01  1.326737022085430E-01  1.333179868358518E-01
  1.325144705084627E-01  1.332990292677550E-01  1.339945240094170E-01
  1.233410836722673E-01  1.231343362690666E-01  1.228540248550189E-01
  1.251230313240013E-01  1.249916910819056E-01  1.247849101976758E-01
  1.260030090686647E-01  1.259108447151961E-01  1.257423536323437E-01
  1.098805476774805E-01  1.090939988957473E-01  1.082549376051966E-01
  1.119282823396430E-01  1.111878103108693E-01  1.103923701138900E-01
  1.129540468029340E-01  1.122380432277802E-01  1.114658563541999E-01
  9.342991905677636E-02  9.231417955667465E-02  9.116490083452454E-02
  9.547350719534059E-02  9.437703576878044E-02  9.324451223315329E-02
  9.650652882810944E-02  9.542085835906423E-02  9.429786718485464E-02
  7.637804870486591E-02  7.512421571968227E-02  7.385120882135060E-02
  7.822315279637784E-02  7.696662467069224E-02  7.568854742983222E-02
  7.916233172903403E-02  7.790527201934652E-02  7.662544794090738E-02
  6.028475191881431E-02  5.902456304572071E-02  5.775624006427535E-02
  6.180872571009723E-02  6.052897075296250E-02  5.923896750162493E-02
  6.258912040637189E-02  6.130001858037801E-02  5.999957320212040E-02
  4.605800309439254E-02  4.488332361547610E-02  4.371002961574129E-02
  4.719951971219945E-02  4.599375640049506E-02  4.478771216764280E-02
  4.778743895351636E-02  4.656620496011154E-02  4.534381452406917E-02
  3.416825572307727E-02  3.314519373111557E-02  3.213197692254951E-02
  3.491928224967637E-02  3.385944623032827E-02  3.280843348602982E-02
  3.530858216032374E-02  3.423013489703166E-02  3.315996162518557E-02
  2.478261608021033E-02  2.395443772483656E-02  2.314264420888200E-02
  2.517920079980754E-02  2.431438850788883E-02  2.346568748692758E-02
  2.538687688314679E-02  2.450333552429513E-02  2.363574056657951E-02
  1.783219796180927E-02  1.721610309470393E-02  1.661973295353811E-02
  1.794197858595910E-02  1.729443417923670E-02  1.666705058428566E-02
  1.800177768409146E-02  1.733801881421864E-02  1.669462376709992E-02
  1.305042835050008E-02  1.263466648697158E-02  1.223802405730045E-02
  1.295916727445176E-02  1.252071956417896E-02  1.210235566587273E-02
  1.291452063542237E-02  1.246425744898612E-02  1.203455888220338E-02
  1.001002344317437E-02  9.756319943418260E-03  9.517603164235902E-03
  9.808591301962655E-03  9.542553488845289E-03  9.292704375725960E-03
  9.705871508505144E-03  9.433290348204787E-03  9.177509906028268E-03
  8.183830173658004E-03  8.037379433244977E-03  7.899841892482143E-03
  7.954905080314000E-03  7.805805580276954E-03  7.666735929843137E-03
  7.836664717381763E-03  7.686017734638421E-03  7.545978233397611E-03
  7.039103685612144E-03  6.943737897077831E-03  6.851340156836252E-03
  6.844583505660024E-03  6.753651798711161E-03  6.666469861135931E-03
  6.743085753584318E-03  6.654317025380152E-03  6.569709829302655E-03
  6.140337038211912E-03  6.052562259075188E-03  5.963546978119962E-03
  6.013523117446150E-03  5.933694496390259E-03  5.852972480524076E-03
  5.946530832780919E-03  5.870757604375902E-03  5.794280533976840E-03
  5.216432236586108E-03  5.112535774339564E-03  5.005508885755342E-03
  5.162435355275407E-03  5.066664875062638E-03  4.967729702226103E-03
  5.133140971079735E-03  5.041587303876582E-03  4.946859468766841E-03
  4.166348635632302E-03  4.041237720308530E-03  3.913059862912869E-03
  4.170018971217842E-03  4.050994924387380E-03  3.928634583281999E-03
  4.170937482879051E-03  4.055115041693725E-03  3.935821323903905E-03
  3.013905928815236E-03  2.874675231609503E-03  2.733563034499884E-03
  3.051038146559033E-03  2.915009894104804E-03  2.776758475020780E-03
  3.069750530174974E-03  2.935440179809434E-03  2.798730438097122E-03
  1.844015266694033E-03  1.702495952561666E-03  1.560580017172709E-03
  1.891240618272526E-03  1.750312833133807E-03  1.608698788532558E-03
  1.915575296837574E-03  1.775001526680855E-03  1.633589666780570E-03
  7.485983858953323E-04  6.157084922665049E-04  4.836401019116030E-04
  7.894063190627605E-04  6.553972166231949E-04  5.220358711504684E-04
  8.106552322791353E-04  6.760928740183116E-04  5.420854624145236E-04
 -2.060100954879062E-04 -3.233058368553251E-04 -4.390983636906586E-04
 -1.794069686364288E-04 -2.984929396407194E-04 -4.161266697957746E-04
 -1.654398350417381E-04 -2.854472749000490E-04 -4.040314369723376E-04
 -9.913405963904128E-04 -1.090829488506102E-03 -1.188697198300878E-03
 -9.792544441116916E-04 -1.080375303532138E-03 -1.179835554752296E-03
 -9.728494191190941E-04 -1.074823807521666E-03 -1.175118751092832E-03
 -1.614453976492511E-03 -1.697909564543359E-03 -1.780050800073546E-03
 -1.612621630657591E-03 -1.697101030659599E-03 -1.780185007930796E-03
 -1.611626869615062E-03 -1.696650329512116E-03 -1.780236831914668E-03
 -2.106658480670399E-03 -2.178185761097554E-03 -2.248907622200946E-03
 -2.109416117660387E-03 -2.181288018560229E-03 -2.252276099851088E-03
 -2.110898107760011E-03 -2.182960744525677E-03 -2.254098557945236E-03
 -2.508511764308207E-03 -2.572677023203749E-03 -2.636527024672286E-03
 -2.511216328881698E-03 -2.575235584395330E-03 -2.638890546336220E-03
 -2.512735376656278E-03 -2.576685897852022E-03 -2.640245947515947E-03
 -2.856174137145297E-03 -2.916531538758745E-03 -2.976895991379088E-03
 -2.856366244208547E-03 -2.916371099069678E-03 -2.976369335909319E-03
 -2.856604002514584E-03 -2.916427340947379E-03 -2.976236246754920E-03
 -3.173041792611651E-03 -3.231434706653678E-03 -3.289943144800408E-03
 -3.170403762023688E-03 -3.228478710221157E-03 -3.286681560409381E-03
 -3.169160788164555E-03 -3.227068120348702E-03 -3.285109321296355E-03
 -3.468090150481181E-03 -3.524750760725899E-03 -3.581464672375043E-03
 -3.463654198690347E-03 -3.520158203477808E-03 -3.576738524521202E-03
 -3.461448297230884E-03 -3.517866746004328E-03 -3.574373316239127E-03
 -3.739567205620191E-03 -3.793734397859207E-03 -3.847810275703574E-03
 -3.734747847064008E-03 -3.788931042538627E-03 -3.843043320047816E-03
 -3.732311324156894E-03 -3.786498825910354E-03 -3.840626085517634E-03
 -3.980997217892759E-03 -4.031655108255298E-03 -4.082080090504445E-03
 -3.976881649087649E-03 -4.027667453573681E-03 -4.078231346003541E-03
 -3.974786647054853E-03 -4.025636107751293E-03 -4.076269544344801E-03
 -4.186477925318425E-03 -4.232896995280236E-03 -4.278995940357997E-03
 -4.183543898341881E-03 -4.230124197771587E-03 -4.276385730849092E-03
 -4.182048653850932E-03 -4.228711229550101E-03 -4.275055903092795E-03
 -4.353538569278501E-03 -4.395487809550457E-03 -4.437094431886657E-03
 -4.351732973360284E-03 -4.393819011353982E-03 -4.435557857153285E-03
 -4.350817644616249E-03 -4.392974136370533E-03 -4.434781146116328E-03
 -4.483416587771077E-03 -4.521092981526991E-03 -4.558450128866482E-03
 -4.482409897636863E-03 -4.520175744785380E-03 -4.557616329293257E-03
 -4.481906961210656E-03 -4.519718975623238E-03 -4.557202615728751E-03
 -4.579698623596200E-03 -4.613515302926807E-03 -4.647052872968844E-03
 -4.579136377788674E-03 -4.613000948285514E-03 -4.646582059465006E-03
 -4.578861931447967E-03 -4.612750984807065E-03 -4.646354288748650E-03
 -4.646555414237207E-03 -4.676930788176358E-03 -4.707060305607407E-03
 -4.646206196936198E-03 -4.676607243315624E-03 -4.706760798437553E-03
 -4.646038518960173E-03 -4.676452252321358E-03 -4.706617603571757E-03
 -4.687458598728509E-03 -4.714690693205513E-03 -4.741692351166989E-03
 -4.687244981061976E-03 -4.714499489626609E-03 -4.741524107052105E-03
 -4.687142135365618E-03 -4.714407410388406E-03 -4.741443045925733E-03
 -4.704695727368876E-03 -4.728936661110892E-03 -4.752945676992735E-03
 -4.704649072178184E-03 -4.728920250825334E-03 -4.752961050455556E-03
 -4.704626266406963E-03 -4.728912158905733E-03 -4.752968456602282E-03
 -4.699538494471888E-03 -4.720837235261731E-03 -4.741893184744168E-03
 -4.699731337366269E-03 -4.721070561048907E-03 -4.742168481984951E-03
 -4.699825949275100E-03 -4.721185187432919E-03 -4.742303893648330E-03
 -4.672718103284288E-03 -4.691085679675539E-03 -4.709198523389520E-03
 -4.673212222998344E-03 -4.691627409196299E-03 -4.709788776175943E-03
 -4.673456582181310E-03 -4.691895524836876E-03 -4.710081125718748E-03
 -4.624891852391575E-03 -4.640353990411593E-03 -4.655553875434497E-03
 -4.625715756443259E-03 -4.641227970675219E-03 -4.656478245080765E-03
 -4.626125118301675E-03 -4.641662421685181E-03 -4.656937950376045E-03
 -4.556930616927917E-03 -4.569553237239161E-03 -4.581912252016363E-03
 -4.558081391118275E-03 -4.570753048788788E-03 -4.583161059081658E-03
 -4.558654667476852E-03 -4.571350912165999E-03 -4.583783487239877E-03
 -4.470005516440594E-03 -4.479896028904216E-03 -4.489526809936107E-03
 -4.471462144485202E-03 -4.481399170250830E-03 -4.491076340374873E-03
 -4.472188744138537E-03 -4.482149065504964E-03 -4.491849463672472E-03
 -4.365541622248469E-03 -4.372837551245827E-03 -4.379880950850750E-03
 -4.367278193355638E-03 -4.374618162607677E-03 -4.381705554165225E-03
 -4.368144916723567E-03 -4.375506908224314E-03 -4.382616293132301E-03
 -4.245127611693418E-03 -4.249984059132385E-03 -4.254597016914614E-03
 -4.247120491114157E-03 -4.252019121316502E-03 -4.256674311266395E-03
 -4.248115332362648E-03 -4.253035034955570E-03 -4.257711320072089E-03
 -4.110445110792365E-03 -4.113027616079989E-03 -4.115376977735313E-03
 -4.112673728368611E-03 -4.115296961859444E-03 -4.117687137124652E-03
 -4.113786350785259E-03 -4.116429928183679E-03 -4.118840490675638E-03
 -3.963240715950500E-03 -3.963724388125547E-03 -3.963986826750933E-03
 -3.965684752145062E-03 -3.966207583263024E-03 -3.966509225620426E-03
 -3.966905056167513E-03 -3.967447457866080E-03 -3.967768694999352E-03
 -3.805330916366917E-03 -3.803903069097551E-03 -3.802268001395513E-03
 -3.807967077867267E-03 -3.806576284015422E-03 -3.804978226569510E-03
 -3.809283521893191E-03 -3.807911259944274E-03 -3.806331714568947E-03
 -3.638615881994156E-03 -3.635478576613632E-03 -3.632150522004230E-03
 -3.641416206620048E-03 -3.638313160241167E-03 -3.635019225261768E-03
 -3.642814902909684E-03 -3.639729001880995E-03 -3.636452143689935E-03
 -3.465080942131650E-03 -3.460451057721183E-03 -3.455649306160117E-03
 -3.468012989914354E-03 -3.463413965832488E-03 -3.458642856677555E-03
 -3.469477775573231E-03 -3.464894203232922E-03 -3.460138437388094E-03
 -3.286776346976154E-03 -3.280882650226098E-03 -3.274837959474256E-03
 -3.289804618417260E-03 -3.283937976938794E-03 -3.277920070043061E-03
 -3.291317767145694E-03 -3.285464677133774E-03 -3.279460186225325E-03
 -3.105777619920987E-03 -3.098855665164921E-03 -3.091804947180454E-03
 -3.108865319723263E-03 -3.101966408715858E-03 -3.094938430075105E-03
 -3.110408437625565E-03 -3.103521073145084E-03 -3.096504489009744E-03
 -2.924135113598140E-03 -2.916421236642376E-03 -2.908601497128800E-03
 -2.927245682161107E-03 -2.919550782570842E-03 -2.911749696303986E-03
 -2.928800485444842E-03 -2.921115099787855E-03 -2.913323365621959E-03
 -2.743821701140075E-03 -2.735547090573282E-03 -2.727189537033565E-03
 -2.746919957057763E-03 -2.738660309094840E-03 -2.730317383388511E-03
 -2.748468848133050E-03 -2.740216707261552E-03 -2.731881121499789E-03
 -2.566684467571446E-03 -2.558069783905278E-03 -2.549394504576056E-03
 -2.569737465220475E-03 -2.561133866817097E-03 -2.552469335965848E-03
 -2.571263960852724E-03 -2.562665930968812E-03 -2.554006800420249E-03
 -2.394402943763235E-03 -2.385653589977293E-03 -2.376864876296762E-03
 -2.397380693249462E-03 -2.388638768116862E-03 -2.379857154205794E-03
 -2.398869782344814E-03 -2.390131596714229E-03 -2.381353557928470E-03
 -2.228454608407883E-03 -2.219756651541402E-03 -2.211038968086636E-03
 -2.231330721444384E-03 -2.222636840475622E-03 -2.213922922550887E-03
 -2.232769187087088E-03 -2.224077367627775E-03 -2.215365355980305E-03
 -2.070088104600848E-03 -2.061604912770691E-03 -2.053119596582015E-03
 -2.072840337224083E-03 -2.064358246646460E-03 -2.055873749585969E-03
 -2.074217029085581E-03 -2.065735510345731E-03 -2.057251443924067E-03
 -1.920304958462261E-03 -1.912174697800722E-03 -1.904057542355679E-03
 -1.922915584634099E-03 -1.914783883872860E-03 -1.906665041961918E-03
 -1.924221608001720E-03 -1.916089205593108E-03 -1.907969538658522E-03
 -1.779850672817291E-03 -1.772184811335929E-03 -1.764544679255171E-03
 -1.782306641942885E-03 -1.774637262901060E-03 -1.766993407432146E-03
 -1.783535438836547E-03 -1.775864316402186E-03 -1.768218614402098E-03
 -1.649215594241030E-03 -1.642098481937028E-03 -1.635017003583606E-03
 -1.651508467532421E-03 -1.644386230290643E-03 -1.637299463898798E-03
 -1.652655786757342E-03 -1.645530999397792E-03 -1.638441601097685E-03
 -1.528645126377907E-03 -1.522134612683511E-03 -1.515666918456244E-03
 -1.530770821401128E-03 -1.524254030918331E-03 -1.517779939547662E-03
 -1.531834592099138E-03 -1.525314672639942E-03 -1.518837391871358E-03
 -1.418158065657269E-03 -1.412287026151118E-03 -1.406463375282046E-03
 -1.420116453734200E-03 -1.414238410394533E-03 -1.408407676349305E-03
 -1.421096584927286E-03 -1.415215046350627E-03 -1.409380777159576E-03
 -1.317571323338615E-03 -1.312349918777396E-03 -1.307178043639874E-03
 -1.319365724833207E-03 -1.314136971456759E-03 -1.308957706019273E-03
 -1.320263853631585E-03 -1.315031430059852E-03 -1.309848473463286E-03
 -1.226529115106421E-03 -1.221947592269599E-03 -1.217415566826406E-03
 -1.228165731953933E-03 -1.223576846137441E-03 -1.219037449797078E-03
 -1.228984940178181E-03 -1.224392374945769E-03 -1.219849295034041E-03
 -1.144534753202922E-03 -1.140566603648802E-03 -1.136646052352135E-03
 -1.146022072392099E-03 -1.142046819941546E-03 -1.138119186266399E-03
 -1.146766588467242E-03 -1.142787784870974E-03 -1.138856610143100E-03
 -1.070983349639651E-03 -1.067588657114094E-03 -1.064238135297363E-03
 -1.072331547070207E-03 -1.068930227122366E-03 -1.065573121182652E-03
 -1.073006447899074E-03 -1.069601813151337E-03 -1.066241413929650E-03
 -1.005193961337553E-03 -1.002322785501468E-03 -9.994911794286002E-04
 -1.006414331481707E-03 -1.003537160777724E-03 -1.000699620062364E-03
 -1.007025257033107E-03 -1.004145086787158E-03 -1.001304576546143E-03
 -9.464399597376037E-04 -9.440356212854561E-04 -9.416654340581002E-04
 -9.475443917623579E-04 -9.451347927687484E-04 -9.427594163889315E-04
 -9.480972827476650E-04 -9.456850507025439E-04 -9.433070769034261E-04
 -8.939766851288930E-04 -8.919788355098756E-04 -8.900092437718590E-04
 -8.949772006016570E-04 -8.929748761829708E-04 -8.910008867771209E-04
 -8.954780668571744E-04 -8.934735018944016E-04 -8.914973104796285E-04
 -8.470657240417668E-04 -8.454131043237721E-04 -8.437826919927983E-04
 -8.479740857898163E-04 -8.463177844374516E-04 -8.446837684709040E-04
 -8.484288101902923E-04 -8.467706647775927E-04 -8.451348437471562E-04
 -8.049953762997168E-04 -8.036281970960369E-04 -8.022772991847191E-04
 -8.058227731092386E-04 -8.044526761570046E-04 -8.030989351903681E-04
 -8.062369533925088E-04 -8.048653944392096E-04 -8.035102288383877E-04
 -7.670970315637877E-04 -7.659589367717304E-04 -7.648315572770801E-04
 -7.678538394416805E-04 -7.667135325935348E-04 -7.655840090755230E-04
 -7.682326683280446E-04 -7.670912526058029E-04 -7.659606542682563E-04
 -7.327573114548076E-04 -7.317969111636020E-04 -7.308422034304496E-04
 -7.334529289542791E-04 -7.324909431154591E-04 -7.315347087348142E-04
 -7.338011113305560E-04 -7.328383302663202E-04 -7.318813301610152E-04
 -7.014260672798986E-04 -7.005980280931418E-04 -6.997713315464975E-04
 -7.020688196659917E-04 -7.012397289921531E-04 -7.004120291491680E-04
 -7.023905242367611E-04 -7.015609058284706E-04 -7.007327024040410E-04
 -6.726206762164935E-04 -6.718863491994314E-04 -6.711497683047989E-04
 -6.732177810062111E-04 -6.724828380590688E-04 -6.717456779957109E-04
 -6.735166226910920E-04 -6.727813702720935E-04 -6.720439191771752E-04
 -6.459273388971739E-04 -6.452549222678310E-04 -6.445774453645185E-04
 -6.464849237755334E-04 -6.458122285735267E-04 -6.451344984859510E-04
 -6.467639723633923E-04 -6.460911368401314E-04 -6.454132791828007E-04
 -6.209999223522516E-04 -6.203642284911807E-04 -6.197214496901911E-04
 -6.215230857375710E-04 -6.208873579768796E-04 -6.202445600108346E-04
 -6.217848959377036E-04 -6.211491506237360E-04 -6.205063425232561E-04
 -5.975563015830763E-04 -5.969382949833061E-04 -5.963118999277124E-04
 -5.980492058341736E-04 -5.974313267195367E-04 -5.968050644669545E-04
 -5.982958637186315E-04 -5.976780481143370E-04 -5.970518520744645E-04
 -5.753717641777669E-04 -5.747580542486544E-04 -5.741352617750970E-04
 -5.758377509887763E-04 -5.752242586116917E-04 -5.746016811712209E-04
 -5.760709315987138E-04 -5.754575480650902E-04 -5.748350782425960E-04
 -5.542697575732967E-04 -5.536520808806294E-04 -5.530251012453639E-04
 -5.547114743829302E-04 -5.540940474286603E-04 -5.534673089047364E-04
 -5.549325049056636E-04 -5.543152031120578E-04 -5.536885854593098E-04
 -5.341121253837861E-04 -5.334866094592719E-04 -5.328519358157544E-04
 -5.345316516628753E-04 -5.339063737698466E-04 -5.332719251228576E-04
 -5.347415745965881E-04 -5.341164161612817E-04 -5.334820804691912E-04
 -5.147923787198581E-04 -5.141583053829036E-04 -5.135155449289075E-04
 -5.151913433415824E-04 -5.145574660470316E-04 -5.139148857510523E-04
 -5.153909752414813E-04 -5.147571964947600E-04 -5.141147068107383E-04
 -4.962341039774129E-04 -4.955922209259305E-04 -4.949424525880898E-04
 -4.966137897890421E-04 -4.959720426464575E-04 -4.953223928697958E-04
 -4.968037736374405E-04 -4.961620950055450E-04 -4.955125050650805E-04
 -4.783918050875941E-04 -4.777428533736663E-04 -4.770871059824963E-04
 -4.787532418686090E-04 -4.781043573591440E-04 -4.774486595901120E-04
 -4.789340936510884E-04 -4.782852432868801E-04 -4.776295708659044E-04
 -4.612466388762579E-04 -4.605911132834076E-04 -4.599299731029190E-04
 -4.615906871490171E-04 -4.609351579687490E-04 -4.602739974386309E-04
 -4.617628378620628E-04 -4.611073073875248E-04 -4.604461371724012E-04
 -4.447901680793762E-04 -4.441298181095995E-04 -4.434647773451520E-04
 -4.451175920007396E-04 -4.444571695090366E-04 -4.437920410648452E-04
 -4.452814241979042E-04 -4.446209658813850E-04 -4.439557940217915E-04
 -4.289979441939685E-04 -4.283382023396166E-04 -4.276740985514085E-04
 -4.293094654336115E-04 -4.286495868668678E-04 -4.279853331932352E-04
 -4.294653402545629E-04 -4.288053936939356E-04 -4.281410654274196E-04
 -4.138065205796010E-04 -4.131578532891928E-04 -4.125044788061062E-04
 -4.141028437809308E-04 -4.134539835931536E-04 -4.128004049523797E-04
 -4.142511137561791E-04 -4.136021574049956E-04 -4.129484769584182E-04
 -3.991119729805122E-04 -3.984882979443341E-04 -3.978592147441013E-04
 -3.993937816126309E-04 -3.987698693431196E-04 -3.981405391722417E-04
 -3.995347886396408E-04 -3.989107579643824E-04 -3.982813045077788E-04
 -3.847979819016723E-04 -3.842121119047890E-04 -3.836203697118828E-04
 -3.850659173563041E-04 -3.844797807053755E-04 -3.838877632232119E-04
 -3.851999822759673E-04 -3.846137124423972E-04 -3.840215574497532E-04
 -3.707814037024552E-04 -3.702398115206607E-04 -3.696926386299718E-04
 -3.710360496712844E-04 -3.704941766879875E-04 -3.699467152794235E-04
 -3.711634644693693E-04 -3.706214511739708E-04 -3.700738455860411E-04
 -3.570479849001448E-04 -3.565481426467166E-04 -3.560438727630282E-04
 -3.572898743413302E-04 -3.567897492236666E-04 -3.562851898028885E-04
 -3.574109056375546E-04 -3.569106391324686E-04 -3.564059349800396E-04
 -3.436542105421604E-04 -3.431863321138913E-04 -3.427156612149830E-04
 -3.438838553866362E-04 -3.434156985915870E-04 -3.429447439603218E-04
 -3.439987592956526E-04 -3.435304633288880E-04 -3.430593668365877E-04
 -3.306928904137380E-04 -3.302450198661628E-04 -3.297958615669937E-04
 -3.309108168239007E-04 -3.304626737213678E-04 -3.300132389435697E-04
 -3.310198565966219E-04 -3.305715772038684E-04 -3.301220041687850E-04
 -3.182441479265648E-04 -3.178073998136680E-04 -3.173702787180747E-04
 -3.184509156028457E-04 -3.180138993378459E-04 -3.175765074550210E-04
 -3.185543712874205E-04 -3.181172209153501E-04 -3.176796936039282E-04
 -3.063414666771544E-04 -3.059124607502762E-04 -3.054833357264157E-04
 -3.065376622311348E-04 -3.061083913697262E-04 -3.056789996788159E-04
 -3.066358273602409E-04 -3.062064239869150E-04 -3.057768989148786E-04
 -2.949690571739935E-04 -2.945488473896033E-04 -2.941283727420543E-04
 -2.951552690718010E-04 -2.947347981746447E-04 -2.943140611639784E-04
 -2.952484381252458E-04 -2.948278366173268E-04 -2.944069683686014E-04
 -2.840841007068865E-04 -2.836752470518941E-04 -2.832659252125930E-04
 -2.842608930543438E-04 -2.838517841822892E-04 -2.834422060800800E-04
 -2.843493483384391E-04 -2.839401117973632E-04 -2.835304055016264E-04
 -2.736435272864363E-04 -2.732476542438427E-04 -2.728512500470694E-04
 -2.738114259788594E-04 -2.734153058339058E-04 -2.730186536009967E-04
 -2.738954306907293E-04 -2.734991869310483E-04 -2.731024106152652E-04
 -2.636183363537104E-04 -2.632354258238999E-04 -2.628520628936880E-04
 -2.637778294723147E-04 -2.633946812596145E-04 -2.630110798406088E-04
 -2.638576278914865E-04 -2.634743607730751E-04 -2.630906400445128E-04
 -2.539924100023278E-04 -2.536214790104716E-04 -2.532502170960009E-04
 -2.541439552318037E-04 -2.537727961994742E-04 -2.534013055903765E-04
 -2.542197764278042E-04 -2.538485033118930E-04 -2.534768982914272E-04
 -2.447540164140964E-04 -2.443940667166423E-04 -2.440338696236821E-04
 -2.448980473572823E-04 -2.445378788799105E-04 -2.441774624891581E-04
 -2.449701083469430E-04 -2.446098304179946E-04 -2.442493043162340E-04
 -2.358893634949204E-04 -2.355398278579986E-04 -2.351900750878839E-04
 -2.360262916987543E-04 -2.356765460787577E-04 -2.353265829014820E-04
 -2.360947984604258E-04 -2.357449477894860E-04 -2.353948793488687E-04
 -2.273815830412621E-04 -2.270422334844786E-04 -2.267026698110561E-04
 -2.275117973385331E-04 -2.271722462686296E-04 -2.268324807125866E-04
 -2.275769444815350E-04 -2.272372925981179E-04 -2.268974260435100E-04
 -2.192129240967295E-04 -2.188836061442840E-04 -2.185540769891371E-04
 -2.193367900173891E-04 -2.190072787887925E-04 -2.186775560214082E-04
 -2.193987604869129E-04 -2.190691525658462E-04 -2.187393329377165E-04
 -2.113668356961302E-04 -2.110473089377085E-04 -2.107275844113488E-04
 -2.114846961647795E-04 -2.111649841249251E-04 -2.108450740080788E-04
 -2.115436615909279E-04 -2.112238568586021E-04 -2.109038538946039E-04
 -2.038285961906180E-04 -2.035185210481058E-04 -2.032082698153303E-04
 -2.039407731379872E-04 -2.036305204106119E-04 -2.033200913109439E-04
 -2.039968946422430E-04 -2.036865530733085E-04 -2.033760349908540E-04
 -1.965849301978534E-04 -1.962839255357681E-04 -1.959827675915077E-04
 -1.966917263398783E-04 -1.963905514444736E-04 -1.960892230122261E-04
 -1.967451554251252E-04 -1.964438953664325E-04 -1.961424816434370E-04
 -1.896233665434058E-04 -1.893310753592655E-04 -1.890386482777909E-04
 -1.897250669234256E-04 -1.894326124970023E-04 -1.891400219442114E-04
 -1.897759462455505E-04 -1.894834101538137E-04 -1.891907378210136E-04
 -1.829317443075972E-04 -1.826478718102158E-04 -1.823638734878859E-04
 -1.830286174926274E-04 -1.827445884040976E-04 -1.824604332824394E-04
 -1.830770814599758E-04 -1.827929740339242E-04 -1.825087404705593E-04
 -1.764980785798451E-04 -1.762223800838630E-04 -1.759465627543260E-04
 -1.765903775463012E-04 -1.763145288135578E-04 -1.760385610547035E-04
 -1.766365527627540E-04 -1.763606288719188E-04 -1.760845858585416E-04
 -1.703108300850312E-04 -1.700430613090149E-04 -1.697751836029038E-04
 -1.703987929856807E-04 -1.701308800653490E-04 -1.698628580356159E-04
 -1.704427986352170E-04 -1.701748136049763E-04 -1.699067193756259E-04
 -1.643592785316190E-04 -1.640991615296700E-04 -1.638389494062133E-04
 -1.644431295971650E-04 -1.641828742846506E-04 -1.639225236860111E-04
 -1.644850778949740E-04 -1.642247533913875E-04 -1.639643335192600E-04
 -1.586335525150433E-04 -1.583807959065846E-04 -1.581279569710689E-04
 -1.587135031262293E-04 -1.584606137685782E-04 -1.582076419353141E-04
 -1.587534998552725E-04 -1.585005440890668E-04 -1.582475057728863E-04
 -1.531242558031990E-04 -1.528786016761524E-04 -1.526328727452587E-04
 -1.532005054876824E-04 -1.529547239040634E-04 -1.527088673822321E-04
 -1.532386504979422E-04 -1.529928051538164E-04 -1.527468848042412E-04
 -1.478221373059917E-04 -1.475833731744324E-04 -1.473445384776115E-04
 -1.478948744351541E-04 -1.476559879022557E-04 -1.474170306800384E-04
 -1.479312619924799E-04 -1.476923142283225E-04 -1.474532957127272E-04
 -1.427181934394423E-04 -1.424861148018032E-04 -1.422539719206091E-04
 -1.427875957220748E-04 -1.425553995324424E-04 -1.423231389835720E-04
 -1.428223147556449E-04 -1.425900597609306E-04 -1.423577403490662E-04
 -1.378040147999962E-04 -1.375783900641907E-04 -1.373527109325989E-04
 -1.378702498656347E-04 -1.376445122253985E-04 -1.374187200833510E-04
 -1.379033842595787E-04 -1.376775901394949E-04 -1.374517414645806E-04
 -1.330718712258563E-04 -1.328524557571567E-04 -1.326329950595747E-04
 -1.331350973886603E-04 -1.329155734479864E-04 -1.326960041835677E-04
 -1.331667263645887E-04 -1.329471481617258E-04 -1.327275245876315E-04
 -1.285144028375783E-04 -1.283009805321476E-04 -1.280875176579557E-04
 -1.285747698226193E-04 -1.283612432644165E-04 -1.281476760522141E-04
 -1.286049683036943E-04 -1.283913895941904E-04 -1.281777701880127E-04
 -1.241243264635087E-04 -1.239167206144522E-04 -1.237090761783656E-04
 -1.241819758816154E-04 -1.239742698122744E-04 -1.237665250769886E-04
 -1.242108147293127E-04 -1.240030585261352E-04 -1.237952636175293E-04
 -1.198945310465491E-04 -1.196925705874132E-04 -1.194905756448768E-04
 -1.199495967041124E-04 -1.197475398962436E-04 -1.195454485310539E-04
 -1.199771428741603E-04 -1.197750378694041E-04 -1.195728982702826E-04
 -1.158183901082214E-04 -1.156218790144366E-04 -1.154253407784690E-04
 -1.158709984146990E-04 -1.156743946838398E-04 -1.154777637432865E-04
 -1.158973151605334E-04 -1.157006650897373E-04 -1.155039877754625E-04
 -1.118898306931905E-04 -1.116985620628149E-04 -1.115072729623012E-04
 -1.119401012370227E-04 -1.117487435082259E-04 -1.115573652496009E-04
 -1.119652483986882E-04 -1.117738461002991E-04 -1.115824232422072E-04
 -1.081030526349445E-04 -1.079168459824132E-04 -1.077306215409874E-04
 -1.081510987225458E-04 -1.079648063390721E-04 -1.077784961134846E-04
 -1.081751329958593E-04 -1.079887977275610E-04 -1.078024445905079E-04
 -1.044522772074113E-04 -1.042709865497422E-04 -1.040896786317395E-04
 -1.044982061810158E-04 -1.043168330125063E-04 -1.041354425341133E-04
 -1.045211812770275E-04 -1.043397668346733E-04 -1.041583350576285E-04
 -1.009318489628585E-04 -1.007553315341331E-04 -1.005787995241227E-04
 -1.009757623886746E-04 -1.007991655433518E-04 -1.006225540698986E-04
 -1.009977291277264E-04 -1.008210925565157E-04 -1.006444413337748E-04
 -9.753651751664557E-05 -9.736460736632071E-05 -9.719268826569594E-05
 -9.757851147752627E-05 -9.740652487786197E-05 -9.723452928542885E-05
 -9.759951793598143E-05 -9.742749309489722E-05 -9.725545923976358E-05
 -9.426148787856472E-05 -9.409401004828215E-05 -9.392652822766976E-05
 -9.430165342058725E-05 -9.413410196854636E-05 -9.396654648930838E-05
 -9.432174515392681E-05 -9.415415687508892E-05 -9.398656455060981E-05
 -9.110216374368372E-05 -9.093896762977239E-05 -9.077576893866895E-05
 -9.114058728323054E-05 -9.097732023746642E-05 -9.081405058206953E-05
 -9.115980753022086E-05 -9.099650500336606E-05 -9.083319985064915E-05
 -8.805393266544454E-05 -8.789489785494837E-05 -8.773586013201528E-05
 -8.809069619967417E-05 -8.793159303088089E-05 -8.777248691919596E-05
 -8.810908598738558E-05 -8.794994862499795E-05 -8.779080830449621E-05
 -8.511227036917932E-05 -8.495727791561872E-05 -8.480228430540457E-05
 -8.514745158314314E-05 -8.499239324668019E-05 -8.483733372447450E-05
 -8.516504978099092E-05 -8.500995848928661E-05 -8.485486599727427E-05
 -8.227299398361238E-05 -8.212190360833976E-05 -8.197081649642164E-05
 -8.230666646359901E-05 -8.215551258018445E-05 -8.200436193400564E-05
 -8.232350988959541E-05 -8.217232423894973E-05 -8.202114181247189E-05
 -7.953229895129704E-05 -7.938496276431559E-05 -7.923763361375481E-05
 -7.956453253644463E-05 -7.941713510335121E-05 -7.926974468476893E-05
 -7.958065613375565E-05 -7.943322806508350E-05 -7.928580699994782E-05
 -7.688652615482657E-05 -7.674281832402363E-05 -7.659911816282999E-05
 -7.691738725061236E-05 -7.677362032477392E-05 -7.662986104974243E-05
 -7.693282424407700E-05 -7.678902775877161E-05 -7.664523891483626E-05
 -7.433197580543909E-05 -7.419179683591544E-05 -7.405162472773256E-05
 -7.436152752067874E-05 -7.422129151518407E-05 -7.408106235322520E-05
 -7.437630948519020E-05 -7.423604495031577E-05 -7.409578725004234E-05
 -7.186500678444764E-05 -7.172825755113506E-05 -7.159151633247634E-05
 -7.189330898330647E-05 -7.175650469672335E-05 -7.161970840751935E-05
 -7.190746587028631E-05 -7.177063404613156E-05 -7.163381021069083E-05
 -6.948226241088520E-05 -6.934882444577649E-05 -6.921539802726673E-05
 -6.950937186718605E-05 -6.937588075176482E-05 -6.924240116776147E-05
 -6.952293208185278E-05 -6.938941438082804E-05 -6.925590820361156E-05
 -6.718070198132774E-05 -6.705045028195035E-05 -6.692021305608355E-05
 -6.720667266019605E-05 -6.707636962233847E-05 -6.694608104603802E-05
 -6.721966320211605E-05 -6.708933448503344E-05 -6.695902022352223E-05
 -6.495739843189568E-05 -6.483022764726435E-05 -6.470307149495574E-05
 -6.498228173647099E-05 -6.485506133548780E-05 -6.472785555712343E-05
 -6.499472832327053E-05 -6.486748310458284E-05 -6.474025250363529E-05
 -6.280938104159327E-05 -6.268520867899975E-05 -6.256104990405455E-05
 -6.283322590451180E-05 -6.270900557474597E-05 -6.258479882331435E-05
 -6.284515301759969E-05 -6.272090869512996E-05 -6.259667794633309E-05
 -6.073372385079212E-05 -6.061246708994211E-05 -6.049122467431493E-05
 -6.075657675242329E-05 -6.063527361405476E-05 -6.051398481165281E-05
 -6.076800764594932E-05 -6.064668131007580E-05 -6.052536930553989E-05
 -5.872773335769810E-05 -5.860929200415202E-05 -5.849086787156201E-05
 -5.874963843534821E-05 -5.863115223080885E-05 -5.851268323947976E-05
 -5.876059519156858E-05 -5.864208655316979E-05 -5.852359512410617E-05
 -5.678896033628443E-05 -5.667322854925632E-05 -5.655751631016343E-05
 -5.680995960554558E-05 -5.669418442009090E-05 -5.657842877742218E-05
 -5.682046324456277E-05 -5.670466635185597E-05 -5.658888899935073E-05
 -5.491501620478667E-05 -5.480190558409375E-05 -5.468881439483147E-05
 -5.493514974750652E-05 -5.482199710794330E-05 -5.470886389635818E-05
 -5.494522032208649E-05 -5.483204666538117E-05 -5.471889243493715E-05
 -5.310344861127756E-05 -5.299289070328992E-05 -5.288235107530630E-05
 -5.312275462921628E-05 -5.301215602375977E-05 -5.290157569490212E-05
 -5.313241125129204E-05 -5.302179228971519E-05 -5.291119160303035E-05
 -5.135184788656968E-05 -5.124377351195444E-05 -5.113571789405022E-05
 -5.137036269946786E-05 -5.126224890236982E-05 -5.115415385835962E-05
 -5.137962353947198E-05 -5.127149002403960E-05 -5.116337525986979E-05
 -4.965803978262223E-05 -4.955236399701995E-05 -4.944670934921448E-05
 -4.967579792025039E-05 -4.957008393713424E-05 -4.946439108927559E-05
 -4.968468025274141E-05 -4.957894716405231E-05 -4.947323520937419E-05
 -4.802010475934712E-05 -4.791673731702396E-05 -4.781339293580699E-05
 -4.803713915881434E-05 -4.793373468359469E-05 -4.783035326911027E-05
 -4.804565946176524E-05 -4.794223646355575E-05 -4.783883652585850E-05
 -4.643619674776701E-05 -4.633506273086522E-05 -4.623395154206603E-05
 -4.645253891820069E-05 -4.635136897300261E-05 -4.625022185689666E-05
 -4.646071295487124E-05 -4.635952503921016E-05 -4.625835995313273E-05
 -4.490439159879167E-05 -4.480543386201953E-05 -4.470649775029658E-05
 -4.492007165024864E-05 -4.482107904266736E-05 -4.472210806099250E-05
 -4.492791448399014E-05 -4.482890443493175E-05 -4.472991601219243E-05
 -4.342273718809845E-05 -4.332589752382225E-05 -4.322907961533169E-05
 -4.343778379111462E-05 -4.334091027658698E-05 -4.324405851826724E-05
 -4.344530976493187E-05 -4.334841931941185E-05 -4.325155063032262E-05
 -4.198940434938610E-05 -4.189460963831112E-05 -4.179983851604406E-05
 -4.200384477092687E-05 -4.190901718998042E-05 -4.181421319917728E-05
 -4.201106752574525E-05 -4.191622350419868E-05 -4.182140307345689E-05
 -4.060276692712772E-05 -4.050994578927111E-05 -4.041714955579398E-05
 -4.061662721989140E-05 -4.052377414460574E-05 -4.043094597636264E-05
 -4.062355978895096E-05 -4.053069073945997E-05 -4.043784659832850E-05
