  3.444391703679589E+00  3.438210743905664E+00  3.432027062639965E+00

  2.615831552223115E-01  2.594523988503171E-01  2.573008154708704E-01
  2.610244320620181E-01  2.590124746975662E-01  2.569799356802840E-01
  2.603023574482385E-01  2.583523395365204E-01  2.563820277580979E-01
  2.616710806766703E-01  2.595388476395277E-01  2.573857423797004E-01
  2.611148381919813E-01  2.591016808674304E-01  2.570678937711769E-01
  2.603930847098229E-01  2.584419945944895E-01  2.564705613367887E-01
  2.617134346546796E-01  2.595804904330709E-01  2.574266523698113E-01
  2.611583819368247E-01  2.591446483528467E-01  2.571102619761847E-01
  2.604367839942922E-01  2.584851800325331E-01  2.565132093340983E-01
  2.617134346546796E-01  2.595804904330709E-01  2.574266523698113E-01
  2.611583819368247E-01  2.591446483528467E-01  2.571102619761847E-01
  2.604367839942922E-01  2.584851800325331E-01  2.565132093340983E-01
  2.616710806766703E-01  2.595388476395277E-01  2.573857423797004E-01
  2.611148381919813E-01  2.591016808674304E-01  2.570678937711769E-01
  2.603930847098229E-01  2.584419945944895E-01  2.564705613367887E-01
  2.615831552223115E-01  2.594523988503171E-01  2.573008154708704E-01
  2.610244320620181E-01  2.590124746975662E-01  2.569799356802840E-01
  2.603023574482385E-01  2.583523395365204E-01  2.563820277580979E-01
  2.614429252603112E-01  2.593145242065755E-01  2.571653692114825E-01
  2.608802266060655E-01  2.588701923845614E-01  2.568396541573376E-01
  2.601576448778318E-01  2.582093512165299E-01  2.562408431022977E-01
  2.612395498279368E-01  2.591145646829276E-01  2.569689334732382E-01
  2.606710720583075E-01  2.586638455810602E-01  2.566362293975323E-01
  2.599477661943878E-01  2.580020016311051E-01  2.560361392758508E-01
  2.609572182101504E-01  2.588369747418884E-01  2.566962379482252E-01
  2.603807475279548E-01  2.583774518696811E-01  2.563539275954523E-01
  2.596564623884168E-01  2.577142595106228E-01  2.557521228344783E-01
  2.605740886560368E-01  2.584602791296249E-01  2.563261873748982E-01
  2.599869232511520E-01  2.579890165119298E-01  2.559711024562323E-01
  2.592613799898300E-01  2.573240950962624E-01  2.553671010024794E-01
  2.600611775479965E-01  2.579559802498560E-01  2.558307874016699E-01
  2.594601039822627E-01  2.574694967360188E-01  2.554591807651199E-01
  2.587330673791903E-01  2.568024994173571E-01  2.548525242993536E-01
  2.593814243449769E-01  2.572876373661341E-01  2.551742387896842E-01
  2.587627962181389E-01  2.567819901921174E-01  2.547818731688208E-01
  2.580342353771285E-01  2.561127698389579E-01  2.541722983383969E-01
  2.584892760260390E-01  2.564104669290048E-01  2.543125553039000E-01
  2.578493662950886E-01  2.558816267658251E-01  2.538951017424066E-01
  2.571198201046114E-01  2.552106173997933E-01  2.532829379898073E-01
  2.573315221158823E-01  2.552722130985106E-01  2.531944711802489E-01
  2.566676900717676E-01  2.547172834510898E-01  2.527487806303381E-01
  2.559391731091631E-01  2.540464410852108E-01  2.521359257098877E-01
  2.558509660841790E-01  2.538168774443219E-01  2.517652269615279E-01
  2.551646209750282E-01  2.532371275490596E-01  2.512924288829844E-01
  2.544425792750820E-01  2.525719281699850E-01  2.506843863148263E-01
  2.539957989322592E-01  2.519941195761358E-01  2.499759881569087E-01
  2.532978328625077E-01  2.514004395068129E-01  2.494869596650732E-01
  2.525941540868960E-01  2.507528890795827E-01  2.488958429954035E-01
  2.517381672718287E-01  2.497776939821044E-01  2.478021352651807E-01
  2.510550315180114E-01  2.491965457999124E-01  2.473233185507805E-01
  2.503902237658659E-01  2.485872480315252E-01  2.467698037588918E-01
  2.491009480711827E-01  2.471917757870791E-01  2.452691243619472E-01
  2.484740822089599E-01  2.466642842018581E-01  2.448412791443414E-01
  2.478737743142473E-01  2.461186936534472E-01  2.443506141071799E-01
  2.461764788721706E-01  2.443288588556749E-01  2.424695503409117E-01
  2.456424019660778E-01  2.438903979037164E-01  2.421268539729864E-01
  2.451218165510595E-01  2.434229947452837E-01  2.417127505661373E-01
  2.431063383212782E-01  2.413286489589862E-01  2.395411858991915E-01
  2.426494166354114E-01  2.409613068503343E-01  2.392634352534272E-01
  2.421850788786152E-01  2.405473091355166E-01  2.388998107769617E-01
  2.400246328475319E-01  2.383216701936205E-01  2.366109766092379E-01
  2.395256627769281E-01  2.379036901840410E-01  2.362739222794373E-01
  2.390346433848249E-01  2.374591882411672E-01  2.358759312620252E-01
  2.370768564817949E-01  2.354510930436094E-01  2.338198401858776E-01
  2.363294413513504E-01  2.347753678690045E-01  2.332157498922218E-01
  2.356986262832087E-01  2.341877753683701E-01  2.326713584738880E-01
  2.346409717418203E-01  2.330965999233984E-01  2.315491595969056E-01
  2.334703423157450E-01  2.319897075955993E-01  2.305059630120334E-01
  2.326321326267589E-01  2.311925695021066E-01  2.297498169229640E-01
  2.335641592973511E-01  2.321085041314616E-01  2.306521922705977E-01
  2.319279984032879E-01  2.305282670941402E-01  2.291278049801020E-01
  2.308920817311285E-01  2.295305576190811E-01  2.281681286463945E-01
  2.350325295508301E-01  2.336737549916811E-01  2.323165323940224E-01
  2.329918237559954E-01  2.316780796074775E-01  2.303658140225977E-01
  2.317992335012793E-01  2.305178798957621E-01  2.292377883253152E-01
  2.401089780382234E-01  2.388556022304535E-01  2.376056512081838E-01
  2.377556864116475E-01  2.365321707160903E-01  2.353121361745146E-01
  2.364375949165971E-01  2.352374112100665E-01  2.340405624956032E-01
  2.493195361866313E-01  2.481825187248905E-01  2.470503001482907E-01
  2.467652199441762E-01  2.456407381377322E-01  2.445213541256151E-01
  2.453554593139412E-01  2.442436253306094E-01  2.431369077308529E-01
  2.625123622824894E-01  2.615053522545427E-01  2.605039114158632E-01
  2.598928179598374E-01  2.588829054182450E-01  2.578790920394741E-01
  2.584500275631645E-01  2.574429082375487E-01  2.564420858415767E-01
  2.790348984288421E-01  2.781708625136163E-01  2.773126765693548E-01
  2.764590769101327E-01  2.755823410142501E-01  2.747121029593479E-01
  2.750459051446864E-01  2.741652033435963E-01  2.732913130674542E-01
  2.981154927597253E-01  2.974012283929948E-01  2.966927048255567E-01
  2.956150196999946E-01  2.948854530064436E-01  2.941623188184998E-01
  2.942588193631299E-01  2.935226894329654E-01  2.927933548725124E-01
  3.190900413687311E-01  3.185193581623634E-01  3.179535809959427E-01
  3.166620888141934E-01  3.160800097608608E-01  3.155036041111181E-01
  3.153626396556780E-01  3.147751866058388E-01  3.141938059027795E-01
  3.412678520203489E-01  3.408141834369246E-01  3.403633034845734E-01
  3.389606719114250E-01  3.385042792642795E-01  3.380515458044744E-01
  3.377352712907877E-01  3.372774247618576E-01  3.368236770960913E-01
  3.637288562890532E-01  3.633444072512746E-01  3.629594474983086E-01
  3.616582224527154E-01  3.612815283532414E-01  3.609051794537662E-01
  3.605592484323442E-01  3.601862172077502E-01  3.598139608274975E-01
  3.854189620780980E-01  3.850490439745223E-01  3.846752964368585E-01
  3.837030634613233E-01  3.833489954982882E-01  3.829917113222214E-01
  3.827896130937473E-01  3.824433971246051E-01  3.820942781000847E-01
  4.055065596834466E-01  4.051116047224769E-01  4.047106863147124E-01
  4.041936472789574E-01  4.038173935512049E-01  4.034354368963423E-01
  4.034927486437767E-01  4.031259965587072E-01  4.027536778883372E-01
  4.236096305617965E-01  4.231702932993325E-01  4.227235597813077E-01
  4.226698985164288E-01  4.222483201557761E-01  4.218194530540637E-01
  4.221675638090543E-01  4.217550694565376E-01  4.213353333131071E-01
  4.395628359662316E-01  4.390529047368816E-01  4.385322343421243E-01
  4.389510440232808E-01  4.384594042361503E-01  4.379574031994365E-01
  4.386212830693730E-01  4.381387739294273E-01  4.376460692650767E-01
  4.528405763584762E-01  4.521852324609414E-01  4.515111255653270E-01
  4.525706721978004E-01  4.519403676511731E-01  4.512922424206380E-01
  4.524147187072619E-01  4.517965852139344E-01  4.511610776436074E-01
  4.621647110276063E-01  4.612257378470330E-01  4.602555756702422E-01
  4.623260733043532E-01  4.614244945297988E-01  4.604930348554672E-01
  4.623847481805144E-01  4.615013957701393E-01  4.605888183360882E-01
  4.657906151165880E-01  4.644099473278172E-01  4.629863801612992E-01
  4.664803787543477E-01  4.651477173234753E-01  4.637730743666041E-01
  4.668035196226062E-01  4.654947348131484E-01  4.641444763849356E-01
  4.624838442886731E-01  4.605759562449052E-01  4.586223847320697E-01
  4.636937378939813E-01  4.618323053068797E-01  4.599247689818974E-01
  4.642834941361564E-01  4.624459470541813E-01  4.605621774643042E-01
  4.526399720961566E-01  4.502814749923403E-01  4.478899836880378E-01
  4.541741394197457E-01  4.518415130261386E-01  4.494735731260774E-01
  4.549403902557616E-01  4.526222604906827E-01  4.502677602982053E-01
  4.388115430496255E-01  4.362697115231826E-01  4.337236241692852E-01
  4.402940656350742E-01  4.377398331881014E-01  4.351773111898092E-01
  4.410537421682277E-01  4.384954826941295E-01  4.359269916642764E-01
  4.252726284634104E-01  4.229524031017582E-01  4.206666845936333E-01
  4.262430574227485E-01  4.238634905910129E-01  4.215135326501329E-01
  4.267652848999582E-01  4.243582768023008E-01  4.219784479407812E-01
  4.168568073218019E-01  4.151935929919690E-01  4.136038977807360E-01
  4.169018159908959E-01  4.151359464063934E-01  4.134389847707851E-01
  4.169739011578008E-01  4.151584071303324E-01  4.134094723449404E-01
  4.176406272906789E-01  4.169865027565374E-01  4.164355222703273E-01
  4.165042400998851E-01  4.157185628421073E-01  4.150327541081562E-01
  4.159889232551047E-01  4.151382354657112E-01  4.143856860252216E-01
  4.299719317855400E-01  4.305145078120369E-01  4.311740680061592E-01
  4.276109597186473E-01  4.280136353013818E-01  4.285320018198924E-01
  4.264769573534506E-01  4.268093747579259E-01  4.272567211550193E-01
  4.540867145388839E-01  4.558207320577163E-01  4.576682214824732E-01
  4.506649366261107E-01  4.522716779507599E-01  4.539926995943500E-01
  4.489865068613882E-01  4.505283664536317E-01  4.521848015954130E-01
  4.883185414420254E-01  4.910705182809189E-01  4.939181723752205E-01
  4.841528192908209E-01  4.868067222256572E-01  4.895588703377434E-01
  4.820842915066712E-01  4.846873077418642E-01  4.873897733469460E-01
  5.297329810831631E-01  5.332226652552429E-01  5.367819077952959E-01
  5.252154667997888E-01  5.286458185280409E-01  5.321494451295147E-01
  5.229526320991303E-01  5.263512648834373E-01  5.298249920400233E-01
  5.749276295678412E-01  5.788407900474790E-01  5.827953997748253E-01
  5.704493406886327E-01  5.743441722180824E-01  5.782846530420188E-01
  5.681905824528125E-01  5.720743654335432E-01  5.760059008742268E-01
  6.207357309969809E-01  6.247834340344426E-01  6.288470042200304E-01
  6.166295619382833E-01  6.206964141836836E-01  6.247832431760657E-01
  6.145462061702658E-01  6.186211919274104E-01  6.227182473620761E-01
  6.646535307771669E-01  6.686033632798981E-01  6.725478386477790E-01
  6.611631970066288E-01  6.651623954237621E-01  6.691598075278070E-01
  6.593827655712798E-01  6.634058035003502E-01  6.674289027206269E-01
  7.049544473073788E-01  7.086350649784645E-01  7.122933642085593E-01
  7.022248546415840E-01  7.059756693670831E-01  7.097068390587455E-01
  7.008252465954729E-01  7.046109545707261E-01  7.083784277841630E-01
  7.405931256342482E-01  7.438858223672391E-01  7.471430731248057E-01
  7.386727457215669E-01  7.420459178867369E-01  7.453851352745795E-01
  7.376827012609800E-01  7.410964835400959E-01  7.444771280324055E-01
  7.710572480895849E-01  7.738891412834784E-01  7.766766489955329E-01
  7.699060688879819E-01  7.728178151827576E-01  7.756853283300447E-01
  7.693086505751831E-01  7.722611275322994E-01  7.751695037392992E-01
  7.962723538344753E-01  7.986168045253342E-01  8.009131827252062E-01
  7.957750957276931E-01  7.981887532901488E-01  8.005532115781424E-01
  7.955140202978080E-01  7.979633116941748E-01  8.003628717460338E-01
  8.165659496449492E-01  8.184456376074046E-01  8.202796085865659E-01
  8.165531827628808E-01  8.184839019526263E-01  8.203668180698134E-01
  8.165433676071214E-01  8.185006344648763E-01  8.204090577875240E-01
  8.326303465754130E-01  8.341142692815460E-01  8.355603535375689E-01
  8.329080460610204E-01  8.344212419039448E-01  8.358940795003719E-01
  8.330506666391924E-01  8.345793364154500E-01  8.360663651883654E-01
  8.454228522979121E-01  8.466118980677254E-01  8.477743788341399E-01
  8.458062183145930E-01  8.470037318658781E-01  8.481723124883930E-01
  8.460061538150357E-01  8.472084179986084E-01  8.483805264327575E-01
  8.559915342940284E-01  8.569947885540786E-01  8.579830775235145E-01
  8.563351320533877E-01  8.573308732632324E-01  8.583099028643960E-01
  8.565167219864496E-01  8.575088707038907E-01  8.584833922716641E-01
  8.652731105828468E-01  8.661832350551805E-01  8.670875197877551E-01
  8.654891821250725E-01  8.663827793035145E-01  8.672696400728276E-01
  8.656060518846894E-01  8.664912540394981E-01  8.673692369254518E-01
  8.739360282971573E-01  8.748128880780925E-01  8.756890386136297E-01
  8.739966975783016E-01  8.748550001525547E-01  8.757125068571576E-01
  8.740333283986326E-01  8.748820414811674E-01  8.757298956341041E-01
  8.823216676859034E-01  8.831889014401150E-01  8.840566192101937E-01
  8.822466320655405E-01  8.830985422250233E-01  8.839514215702731E-01
  8.822123541455688E-01  8.830562427852038E-01  8.839013394042993E-01
  8.904883890471539E-01  8.913413558654626E-01  8.921932813783192E-01
  8.903243505560930E-01  8.911679172283861E-01  8.920111806452927E-01
  8.902428928956236E-01  8.910814569039157E-01  8.919200952119454E-01
  8.983203019638956E-01  8.991396820926798E-01  8.999554011432893E-01
  8.981198050547669E-01  8.989359192357322E-01  8.997490766572155E-01
  8.980183499588962E-01  8.988326441520590E-01  8.996443484395368E-01
  9.056473900484407E-01  9.064122572249913E-01  9.071711173151324E-01
  9.054530279108599E-01  9.062192538402684E-01  9.069799605938300E-01
  9.053539069414436E-01  9.061207489759519E-01  9.068823304993651E-01
  9.123357901839666E-01  9.130322349480281E-01  9.137213769087190E-01
  9.121724671306553E-01  9.128726696315393E-01  9.135657818201622E-01
  9.120889726669656E-01  9.127910853432140E-01  9.134862244040449E-01
  9.183315550711573E-01  9.189558703767731E-01  9.195728056336948E-01
  9.182063321632491E-01  9.188347435446774E-01  9.194557540073099E-01
  9.181424762888832E-01  9.187730154730896E-01  9.193961478719133E-01
  9.236625176053751E-01  9.242200395382419E-01  9.247710539401396E-01
  9.235695418856488E-01  9.241301437245824E-01  9.246840813383256E-01
  9.235225142644894E-01  9.240847405852139E-01  9.246402237540682E-01
  9.284137268288245E-01  9.289152615496622E-01  9.294116341594932E-01
  9.283410932699800E-01  9.288441928988379E-01  9.293419425751515E-01
  9.283047955619389E-01  9.288087382377479E-01  9.293072334318203E-01
  9.326933824769962E-01  9.331510932349131E-01  9.336049812506603E-01
  9.326292389589227E-01  9.330871936674084E-01  9.335411828557911E-01
  9.325974836952743E-01  9.330555870678773E-01  9.335096492520536E-01
  9.366024776620263E-01  9.370266108681268E-01  9.374479176676237E-01
  9.365387850290098E-01  9.369624030803090E-01  9.373831295054174E-01
  9.365073047157898E-01  9.369306631329825E-01  9.373510940877108E-01
  9.402158411953465E-01  9.406130167162372E-01  9.410078881510895E-01
  9.401494436310481E-01  9.405459440674839E-01  9.409401457891849E-01
  9.401165021699327E-01  9.405126471523193E-01  9.409064946478520E-01
  9.435767053155694E-01  9.439498375187528E-01  9.443207730440406E-01
  9.435083387772649E-01  9.438810482196808E-01  9.442516070312416E-01
  9.434742527314662E-01  9.438467302467505E-01  9.442170802794787E-01
  9.467023438777107E-01  9.470517378917618E-01  9.473988028777847E-01
  9.466346780329139E-01  9.469840501487403E-01  9.473311462463279E-01
  9.466008113218363E-01  9.469501580422308E-01  9.472972562645747E-01
  9.495955990804953E-01  9.499205083698146E-01  9.502429137776540E-01
  9.495313575586355E-01  9.498565774902945E-01  9.501793299381551E-01
  9.494991373527331E-01  9.498245071079754E-01  9.501474287315193E-01
  9.522567016475674E-01  9.525566792985684E-01  9.528540798149240E-01
  9.521975061273187E-01  9.524979513498134E-01  9.527958309828181E-01
  9.521678053988448E-01  9.524684861257723E-01  9.527666078229282E-01
  9.546913662080284E-01  9.549670132964495E-01  9.552401688608456E-01
  9.546374525813298E-01  9.549135498488952E-01  9.551871468050005E-01
  9.546104260914946E-01  9.548867536000736E-01  9.551605766679949E-01
  9.569136874455511E-01  9.571667406950956E-01  9.574175259259095E-01
  9.568642630995906E-01  9.571176425869148E-01  9.573687355977335E-01
  9.568395227388246E-01  9.570930704126105E-01  9.573443222382013E-01
  9.589446762862075E-01  9.591776351118195E-01  9.594086228596979E-01
  9.588985315727165E-01  9.591316683164588E-01  9.593628160837823E-01
  9.588754612484586E-01  9.591086899615301E-01  9.593399204298392E-01
  9.608085502197481E-01  9.610241440962997E-01  9.612380685787303E-01
  9.607645878803317E-01  9.609802457261833E-01  9.611942227402607E-01
  9.607426211261968E-01  9.609583116140440E-01  9.611723152612227E-01
  9.625289617775288E-01  9.627297125394023E-01  9.629290545657085E-01
  9.624864715900477E-01  9.626872283070793E-01  9.628865722585828E-01
  9.624652388336555E-01  9.626659976124358E-01  9.628653414546777E-01
  9.641265775993243E-01  9.643145835931433E-01  9.645013862535915E-01
  9.640852529681734E-01  9.642732538860463E-01  9.644600524920446E-01
  9.640645940597669E-01  9.642525910162510E-01  9.644393861529557E-01
  9.656183862336004E-01  9.657953232566735E-01  9.659712175070843E-01
  9.655781840634763E-01  9.657551289095888E-01  9.659310337542862E-01
  9.655580774646458E-01  9.657350250737368E-01  9.659109341296372E-01
  9.670183063660868E-01  9.671855574617517E-01  9.673519024069832E-01
  9.669792733573221E-01  9.671465474388913E-01  9.673129174310893E-01
  9.669597460476548E-01  9.671270310469895E-01  9.672934130658509E-01
  9.683383239623606E-01  9.684971323893475E-01  9.686551656777304E-01
  9.683004746688748E-01  9.684593116528957E-01  9.686173739115901E-01
  9.682815379094333E-01  9.684403890800809E-01  9.685984657840293E-01
  9.695894778558395E-01  9.697410491366695E-01  9.698919794579445E-01
  9.695527518840429E-01  9.697043463202264E-01  9.698552988780632E-01
  9.695343779288799E-01  9.696859840766137E-01  9.698369479015293E-01
  9.707823448586520E-01  9.709278740707464E-01  9.710728986709494E-01
  9.707466252032261E-01  9.708921661408133E-01  9.710372010799130E-01
  9.707287561418316E-01  9.708743030703607E-01  9.710193432961203E-01
  9.719270232973174E-01  9.720676648671616E-01  9.722079336307953E-01
  9.718921794305647E-01  9.720328214368669E-01  9.721730895545553E-01
  9.718747493854057E-01  9.720153916189185E-01  9.721556594034684E-01
  9.730328269250956E-01  9.731696420424476E-01  9.733062041366891E-01
  9.729987516969494E-01  9.731355601245819E-01  9.732721151171257E-01
  9.729817061513190E-01  9.731185111230529E-01  9.732550624393922E-01
  9.741079404172481E-01  9.742418528856649E-01  9.743756151493725E-01
  9.740745666022677E-01  9.742084704183309E-01  9.743422242637496E-01
  9.740578712705649E-01  9.741917705864565E-01  9.743255200436325E-01
  9.751592035636759E-01  9.752909788976731E-01  9.754226883405998E-01
  9.751265015787373E-01  9.752582703543142E-01  9.753899738947206E-01
  9.751101414418918E-01  9.752419067607049E-01  9.753736071742334E-01
  9.761920693663461E-01  9.763223159948164E-01  9.764525634427329E-01
  9.761600355793812E-01  9.762902800537152E-01  9.764205261978558E-01
  9.761440089187856E-01  9.762742521671680E-01  9.764044975150307E-01
  9.772106909409696E-01  9.773398736920608E-01  9.774691081443928E-01
  9.771793358824129E-01  9.773085218817548E-01  9.774377605015623E-01
  9.771636481727958E-01  9.772928356793521E-01  9.774220762695882E-01
  9.782180611415808E-01  9.783465167781795E-01  9.784750606414061E-01
  9.781874024687872E-01  9.783158672203542E-01  9.784444211670488E-01
  9.781720627045197E-01  9.783005319163546E-01  9.784290908090656E-01
  9.792161463284408E-01  9.793440954773748E-01  9.794721558042013E-01
  9.791862067046709E-01  9.793141713340772E-01  9.794422481941402E-01
  9.791712262882468E-01  9.792991985669089E-01  9.794272836025180E-01
  9.802059924321236E-01  9.803335474576614E-01  9.804612233677793E-01
  9.801767999573680E-01  9.803043775341911E-01  9.804320771674732E-01
  9.801621929407437E-01  9.802897817015088E-01  9.804174931040865E-01
  9.811878111197492E-01  9.813149824779056E-01  9.814422715152967E-01
  9.811593998314085E-01  9.812866016040670E-01  9.814139223533357E-01
  9.811451832165696E-01  9.812724001040215E-01  9.813997366165050E-01
  9.821610647373824E-01  9.822877685666167E-01  9.824145746244134E-01
  9.821334739108645E-01  9.822602166914554E-01  9.823870631015206E-01
  9.821196673362480E-01  9.822464295028035E-01  9.823732959995933E-01
  9.831245635118472E-01  9.832506317624158E-01  9.833767756235506E-01
  9.830978357826706E-01  9.832239519357762E-01  9.833501451683595E-01
  9.830844605946745E-01  9.832106006156438E-01  9.833368184512722E-01
  9.840765770211973E-01  9.842017697905967E-01  9.843270017580115E-01
  9.840507560156421E-01  9.841760057632736E-01  9.843012962112224E-01
  9.840378340764390E-01  9.841631122380294E-01  9.842884318519781E-01
  9.850149530202901E-01  9.851389718895084E-01  9.852629852430949E-01
  9.849900811760535E-01  9.851141659795366E-01  9.852382467761606E-01
  9.849776337614821E-01  9.851017514655516E-01  9.852258659180337E-01
  9.859372340327426E-01  9.860597352200166E-01  9.861821793656601E-01
  9.859133509439202E-01  9.860359267235249E-01  9.861584469569413E-01
  9.859013979073032E-01  9.860240109247578E-01  9.861465691445880E-01
  9.868407645264017E-01  9.869613711950003E-01  9.870818639238936E-01
  9.868179058083608E-01  9.869385953000704E-01  9.870591723177932E-01
  9.868064650099949E-01  9.869271958627807E-01  9.870478149752778E-01
  9.877227856968965E-01  9.878410992922291E-01  9.879592380830626E-01
  9.877009822077522E-01  9.878193863242570E-01  9.879376170561734E-01
  9.876900691262120E-01  9.878085184605309E-01  9.879267951210992E-01
  9.885805181872538E-01  9.886961289711315E-01  9.888115015188201E-01
  9.885597954506806E-01  9.886755038241054E-01  9.887909753185966E-01
  9.885494228954420E-01  9.886651800286356E-01  9.887807009624699E-01
  9.894112345103337E-01  9.895237314989188E-01  9.896359256643386E-01
  9.893916122614705E-01  9.895042131865814E-01  9.896165125659505E-01
  9.893817901462182E-01  9.894944430124251E-01  9.896067949726077E-01
  9.902123229687668E-01  9.903213033939793E-01  9.904299166760803E-01
  9.901938148069359E-01  9.903029047107341E-01  9.904116286523262E-01
  9.901845499754051E-01  9.902936945991404E-01  9.904024738521726E-01
  9.909813443850214E-01  9.910864227091706E-01  9.911910712573588E-01
  9.909639575352680E-01  9.910691500025383E-01  9.911739137625367E-01
  9.909552536412698E-01  9.910605031684295E-01  9.911653245237452E-01
  9.917160825591598E-01  9.918168990261179E-01  9.919172261716895E-01
  9.916998177340310E-01  9.918007520695588E-01  9.919011980255762E-01
  9.916916751719027E-01  9.917926684375513E-01  9.918931737957393E-01
  9.924145891637001E-01  9.925108178496308E-01  9.926065021166310E-01
  9.923994405036355E-01  9.924957897925939E-01  9.925915954642220E-01
  9.923918563784144E-01  9.924882659720448E-01  9.925841323502823E-01
  9.930752235827710E-01  9.931665798804634E-01  9.932573424046618E-01
  9.930611786531772E-01  9.931526572543919E-01  9.932435427313406E-01
  9.930541467793534E-01  9.931456865426235E-01  9.932366335074003E-01
  9.936966878391313E-01  9.937829352563273E-01  9.938685464840901E-01
  9.936837276743546E-01  9.937700980287885E-01  9.938558326804394E-01
  9.936772385980571E-01  9.937636704383321E-01  9.938494668203200E-01
  9.942780562229094E-01  9.943590123066521E-01  9.944392977766450E-01
  9.942661554235273E-01  9.943472339919250E-01  9.944276422630595E-01
  9.942601964712037E-01  9.943413363058157E-01  9.944218060025741E-01
  9.948187986730729E-01  9.948943398122524E-01  9.949691847660921E-01
  9.948079255754223E-01  9.948835876583281E-01  9.949585536980269E-01
  9.948024809384227E-01  9.948782035233918E-01  9.949532301373624E-01
  9.953187965336323E-01  9.953888613612905E-01  9.954582139040926E-01
  9.953089134759425E-01  9.953790966376653E-01  9.954485674822100E-01
  9.953039643432209E-01  9.953742067080277E-01  9.954437367405887E-01
  9.957783491288383E-01  9.958429402549795E-01  9.959068128022129E-01
  9.957694128371681E-01  9.958341186636550E-01  9.958981057089522E-01
  9.957649375877531E-01  9.958297008057279E-01  9.958937451423913E-01
  9.961981697178436E-01  9.962573535735207E-01  9.963158223765348E-01
  9.961901318289739E-01  9.962494257990173E-01  9.963080043535060E-01
  9.961861062928422E-01  9.962454553659280E-01  9.963040888429324E-01
  9.965793697833114E-01  9.966332744429489E-01  9.966864770766811E-01
  9.965721775123424E-01  9.966261868473493E-01  9.966794936471081E-01
  9.965685753036317E-01  9.966226370258824E-01  9.966759959590085E-01
  9.969234312298396E-01  9.969722421933280E-01  9.970203730077882E-01
  9.969170281785122E-01  9.969659376503633E-01  9.970141663359792E-01
  9.969138210991608E-01  9.969627798775005E-01  9.970110575516515E-01
  9.972321668462741E-01  9.972761208947992E-01  9.973194245660458E-01
  9.972264939350572E-01  9.972705397439158E-01  9.973139344327208E-01
  9.972236524404678E-01  9.972677441835198E-01  9.973111844356213E-01
  9.975076702354253E-01  9.975470476117287E-01  9.975858110642631E-01
  9.975026667295661E-01  9.975421287003660E-01  9.975809759240426E-01
  9.975001604414634E-01  9.975396647641925E-01  9.975785539284443E-01
  9.977522572386401E-01  9.977873725275724E-01  9.978219156223586E-01
  9.977478618273716E-01  9.977830542992852E-01  9.978176736995623E-01
  9.977456600735033E-01  9.977808911911882E-01  9.978155487986472E-01
  9.979684015818037E-01  9.979995937647134E-01  9.980302592396163E-01
  9.979645534623331E-01  9.979958153438298E-01  9.980265496122421E-01
  9.979626258188468E-01  9.979939226025221E-01  9.980246913205707E-01
  9.981586679535829E-01  9.981862901674325E-01  9.982134333674284E-01
  9.981553078685096E-01  9.981829923887303E-01  9.982101969877520E-01
  9.981536246793212E-01  9.981813404033270E-01  9.982085757523134E-01
  9.983256459280418E-01  9.983500554699913E-01  9.983740344066759E-01
  9.983227171069499E-01  9.983471818047667E-01  9.983712150105958E-01
  9.983212499554385E-01  9.983457422787548E-01  9.983698026664517E-01
  9.984718880282510E-01  9.984934371083661E-01  9.985146033426664E-01
  9.984693369911315E-01  9.984909344458851E-01  9.985121482082235E-01
  9.984680591029215E-01  9.984896807889482E-01  9.985109183588919E-01
  9.985998548060638E-01  9.986188824702753E-01  9.986375732254483E-01
  9.985976319970239E-01  9.986167017249382E-01  9.986354337527960E-01
  9.985965185580065E-01  9.986156093577186E-01  9.986343620614279E-01
  9.987118691459400E-01  9.987286946781009E-01  9.987452264727201E-01
  9.987099293789475E-01  9.987267912062400E-01  9.987433585716671E-01
  9.987089577593278E-01  9.987258377699131E-01  9.987424229559911E-01
  9.988100811870240E-01  9.988249991655562E-01  9.988396631213312E-01
  9.988083838995567E-01  9.988233329899447E-01  9.988380274067382E-01
  9.988075337817836E-01  9.988224984595656E-01  9.988372081378374E-01
  9.988964444092133E-01  9.989097214556585E-01  9.989227802976428E-01
  9.988949537330214E-01  9.989082573089361E-01  9.989213421058316E-01
  9.988942071481339E-01  9.989075240160963E-01  9.989206218172680E-01
  9.989727026354002E-01  9.989845757663720E-01  9.989962624098349E-01
  9.989713873047610E-01  9.989832829753591E-01  9.989949916595054E-01
  9.989707285872947E-01  9.989826355510935E-01  9.989943552784992E-01
  9.990403870133632E-01  9.990510634100563E-01  9.990615809344245E-01
  9.990392201392813E-01  9.990499156504756E-01  9.990604518625843E-01
  9.990386358149347E-01  9.990493409031578E-01  9.990598864784805E-01
  9.991008214811605E-01  9.991104794313059E-01  9.991200021864498E-01
  9.990997802244628E-01  9.991094543863803E-01  9.991189929932566E-01
  9.990992588469949E-01  9.991089411313393E-01  9.991184876802323E-01
  9.991551348220316E-01  9.991639255665178E-01  9.991726011388437E-01
  9.991541999992711E-01  9.991630045233669E-01  9.991716935752205E-01
  9.991537319536025E-01  9.991625433812050E-01  9.991712391861823E-01
  9.992042772371228E-01  9.992123274557100E-01  9.992202792291692E-01
  9.992034328910879E-01  9.992114948709514E-01  9.992194581581476E-01
  9.992030101785304E-01  9.992110780502960E-01  9.992190471053314E-01
  9.992490394603898E-01  9.992564541439336E-01  9.992637842091426E-01
  9.992482724226347E-01  9.992556972052280E-01  9.992630371669587E-01
  9.992478884419981E-01  9.992553182833251E-01  9.992626632022799E-01
  9.992900727956713E-01  9.992969382693669E-01  9.993037304543680E-01
  9.992893722628444E-01  9.992962464738390E-01  9.993030472313866E-01
  9.992890215983431E-01  9.992959001854933E-01  9.993027052366178E-01
  9.993279089515139E-01  9.993342958393546E-01  9.993406186615512E-01
  9.993272660912816E-01  9.993336606037919E-01  9.993399909170230E-01
  9.993269443151808E-01  9.993333426461427E-01  9.993396767108434E-01
  9.993629789991963E-01  9.993689449632782E-01  9.993748543432315E-01
  9.993623865959808E-01  9.993683592754729E-01  9.993742752624092E-01
  9.993620900911242E-01  9.993680661333190E-01  9.993739854286131E-01
  9.993956310388304E-01  9.994012231900306E-01  9.994067648276309E-01
  9.993950831847722E-01  9.994006813059375E-01  9.994062288252020E-01
  9.993948089897214E-01  9.994004100999748E-01  9.994059605640734E-01
  9.994261462199270E-01  9.994314031661081E-01  9.994366145474806E-01
  9.994256380525478E-01  9.994309003537323E-01  9.994361170176836E-01
  9.994253837300906E-01  9.994306487121775E-01  9.994358680207379E-01
  9.994547527554286E-01  9.994597063083427E-01  9.994646183671367E-01
  9.994542802404049E-01  9.994592386363844E-01  9.994641554782295E-01
  9.994540437686507E-01  9.994590045890096E-01  9.994639238251640E-01
  9.994816376473034E-01  9.994863142347409E-01  9.994909527180957E-01
  9.994811974025427E-01  9.994858784019652E-01  9.994905212469349E-01
  9.994809770867084E-01  9.994856602945354E-01  9.994903053226759E-01
  9.995069560598673E-01  9.995113778873496E-01  9.995157644750583E-01
  9.995065452157266E-01  9.995109710874135E-01  9.995153616764352E-01
  9.995063396180318E-01  9.995107675138915E-01  9.995151601056024E-01
  9.995308385498657E-01  9.995350245422383E-01  9.995391777525225E-01
  9.995304546398200E-01  9.995346443582498E-01  9.995388012575106E-01
  9.995302625246469E-01  9.995344541079056E-01  9.995386128534255E-01
  9.995533965529798E-01  9.995573630971060E-01  9.995612990010569E-01
  9.995530374291850E-01  9.995570074203785E-01  9.995609467388603E-01
  9.995528577207196E-01  9.995568294370313E-01  9.995607704643401E-01
  9.995747265598817E-01  9.995784880711964E-01  9.995822208376227E-01
  9.995743903286305E-01  9.995781550392491E-01  9.995818909760364E-01
  9.995742220784805E-01  9.995779883901609E-01  9.995817259135202E-01
  9.995949133237804E-01  9.995984826665246E-01  9.996020249653336E-01
  9.995945982965683E-01  9.995981706161232E-01  9.996017158656874E-01
  9.995944406592117E-01  9.995980144684382E-01  9.996015611946312E-01
  9.996140323192740E-01  9.996174211142625E-01  9.996207844109135E-01
  9.996137369759092E-01  9.996171285460300E-01  9.996204945941225E-01
  9.996135891901855E-01  9.996169821490184E-01  9.996203495739652E-01
  9.996321515935069E-01  9.996353704443643E-01  9.996385652156714E-01
  9.996318745543457E-01  9.996350959961348E-01  9.996382933366621E-01
  9.996317359295256E-01  9.996349586678239E-01  9.996381572939942E-01
  9.996493331270586E-01  9.996523917883103E-01  9.996554276826718E-01
  9.996490731320253E-01  9.996521342149726E-01  9.996551725110112E-01
  9.996489430372852E-01  9.996520053320346E-01  9.996550448298569E-01
  9.996656338215604E-01  9.996685413244344E-01  9.996714272819930E-01
  9.996653897141269E-01  9.996682994825097E-01  9.996711876870363E-01
  9.996652675705132E-01  9.996681784725263E-01  9.996710678014049E-01
  9.996811062222755E-01  9.996838709691380E-01  9.996866153123124E-01
  9.996808769370246E-01  9.996836438047735E-01  9.996863902516061E-01
  9.996807622112163E-01  9.996835301402145E-01  9.996862776396751E-01
  9.996957990604619E-01  9.996984288961830E-01  9.997010393983647E-01
  9.996955836132249E-01  9.996982154355961E-01  9.997008279083825E-01
  9.996954758125887E-01  9.996981086290282E-01  9.997007220878537E-01
  9.997097576732443E-01  9.997122599401115E-01  9.997147438787445E-01
  9.997095551530883E-01  9.997120592817955E-01  9.997145450673002E-01
  9.997094538216618E-01  9.997119588819751E-01  9.997144455915958E-01
  9.997230243378284E-01  9.997254059191377E-01  9.997277701180243E-01
  9.997228339003806E-01  9.997252172273410E-01  9.997275831578994E-01
  9.997227386155276E-01  9.997251228159476E-01  9.997274896129708E-01
  9.997356385438192E-01  9.997379058998901E-01  9.997401567642894E-01
  9.997354594055703E-01  9.997377283990322E-01  9.997399808877568E-01
  9.997353697751260E-01  9.997376395878697E-01  9.997398928893383E-01
  9.997476372197959E-01  9.997497964189374E-01  9.997519399658760E-01
  9.997474686531307E-01  9.997496293887227E-01  9.997517744598929E-01
  9.997473843129124E-01  9.997495458172722E-01  9.997516916510961E-01
  9.997590549263199E-01  9.997611116722244E-01  9.997631535574394E-01
  9.997588962551059E-01  9.997609544432953E-01  9.997629977593629E-01
  9.997588168667040E-01  9.997608757765380E-01  9.997629198085302E-01
  9.997699240255585E-01  9.997718836818605E-01  9.997738292240584E-01
  9.997697746211734E-01  9.997717356318752E-01  9.997736825177728E-01
  9.997696998699619E-01  9.997716615583286E-01  9.997736091165372E-01
  9.997802748353239E-01  9.997821424477793E-01  9.997839966505985E-01
  9.997801341130450E-01  9.997820029978433E-01  9.997838584629869E-01
  9.997800637063734E-01  9.997819332277741E-01  9.997837893245075E-01
  9.997901357715469E-01  9.997919160883437E-01  9.997936836604699E-01
  9.997900031872465E-01  9.997917846997416E-01  9.997935534581828E-01
  9.997899368527858E-01  9.997917189635296E-01  9.997934883155244E-01
  9.997995334797687E-01  9.998012309704883E-01  9.998029163444234E-01
  9.997994085268810E-01  9.998011071416817E-01  9.998027936309064E-01
  9.997993460111047E-01  9.998010451883161E-01  9.998027322355528E-01
  9.998084929555590E-01  9.998101118290472E-01  9.998117191788122E-01
  9.998083751622859E-01  9.998099950929090E-01  9.998116034915691E-01
  9.998083162290704E-01  9.998099366886045E-01  9.998115456120529E-01
  9.998170376553835E-01  9.998185818764889E-01  9.998201151342303E-01
  9.998169265821180E-01  9.998184717977531E-01  9.998200060422988E-01
  9.998168710114536E-01  9.998184167246724E-01  9.998199514629366E-01
  9.998251896004201E-01  9.998266629055078E-01  9.998281257768999E-01
  9.998250848373669E-01  9.998265590784149E-01  9.998280228785211E-01
  9.998250324241668E-01  9.998265071334909E-01  9.998279713982478E-01
  9.998329694745040E-01  9.998343753858590E-01  9.998357713643844E-01
  9.998328706394849E-01  9.998342774319827E-01  9.998356742848516E-01
  9.998328211924856E-01  9.998342284258296E-01  9.998356257161429E-01
  9.998403967154514E-01  9.998417385548076E-01  9.998430709351539E-01
  9.998403034518798E-01  9.998416461210505E-01  9.998429793248289E-01
  9.998402567926274E-01  9.998415998769608E-01  9.998429334927085E-01
  9.998474895989494E-01  9.998487705002566E-01  9.998500423909629E-01
  9.998474015739609E-01  9.998486832570002E-01  9.998499559234452E-01
  9.998473575358753E-01  9.998486396100180E-01  9.998499126645678E-01
  9.998542653158475E-01  9.998554882371925E-01  9.998567025724753E-01
  9.998541822185755E-01  9.998554058765908E-01  9.998566209429135E-01
  9.998541406460872E-01  9.998553646726586E-01  9.998565801047201E-01
  9.998607400446192E-01  9.998619077792263E-01  9.998630673298939E-01
  9.998606615846032E-01  9.998618300136308E-01  9.998629902534273E-01
  9.998606223323566E-01  9.998617911087999E-01  9.998629516933644E-01
  9.998669290196915E-01  9.998680442061125E-01  9.998691515896591E-01
  9.998668549254079E-01  9.998679707666184E-01  9.998690787999789E-01
  9.998668178575255E-01  9.998679340263217E-01  9.998690423847787E-01
  9.998728465948504E-01  9.998739117265492E-01  9.998749694166347E-01
  9.998727766123575E-01  9.998738423616542E-01  9.998749006646578E-01
  9.998727416017616E-01  9.998738076600352E-01  9.998748662696743E-01
  9.998785063010749E-01  9.998795237354834E-01  9.998805340709001E-01
  9.998784401927636E-01  9.998794582098524E-01  9.998804691235456E-01
  9.998784071205512E-01  9.998794254291457E-01  9.998804366321414E-01
  9.998839208996539E-01  9.998848928666072E-01  9.998858580596476E-01
  9.998838584430930E-01  9.998848309599291E-01  9.998857966987067E-01
  9.998838271979571E-01  9.998847999898889E-01  9.998857660016883E-01
  9.998891024321422E-01  9.998900310416218E-01  9.998909531857650E-01
  9.998890434190121E-01  9.998899725475549E-01  9.998908952068576E-01
  9.998890138967091E-01  9.998899432849274E-01  9.998908662019526E-01
  9.998940622676957E-01  9.998949495169813E-01  9.998958305939774E-01
  9.998940065028032E-01  9.998948942421788E-01  9.998957758055870E-01
  9.998939786056590E-01  9.998948665902136E-01  9.998957483969609E-01
  9.998988111470009E-01  9.998996589274145E-01  9.999005008139501E-01
  9.998987584473703E-01  9.998996066906244E-01  9.999004490365342E-01
  9.998987320838248E-01  9.998995805586242E-01  9.999004231343451E-01
  9.999033592221753E-01  9.999041693254832E-01  9.999049737995177E-01
  9.999033094162064E-01  9.999041199567156E-01  9.999049248646834E-01
  9.999032845003936E-01  9.999040952596200E-01  9.999049003846702E-01
  9.999077160933113E-01  9.999084902177031E-01  9.999092589644016E-01
  9.999076690200031E-01  9.999084435574619E-01  9.999092127141452E-01
  9.999076454713605E-01  9.999084202154618E-01  9.999091895772456E-01
  9.999118908429566E-01  9.999126305985334E-01  9.999133652157156E-01
  9.999118463511862E-01  9.999125864971031E-01  9.999133215017174E-01
  9.999118240940952E-01  9.999125644352839E-01  9.999132996337152E-01
  9.999158920689586E-01  9.999165989828019E-01  9.999173009859648E-01
  9.999158500168143E-01  9.999165572995874E-01  9.999172596689354E-01
  9.999158289802664E-01  9.999165364475995E-01  9.999172390001344E-01
  9.999197279150173E-01  9.999204034359805E-01  9.999210742630352E-01
  9.999196881691820E-01  9.999203640388969E-01  9.999210352121121E-01
  9.999196682864697E-01  9.999203443306492E-01  9.999210156770325E-01
  9.999234060984157E-01  9.999240516016864E-01  9.999246926174746E-01
  9.999233685335951E-01  9.999240143665932E-01  9.999246557096613E-01
  9.999233497420259E-01  9.999239957399705E-01  9.999246372467608E-01
  9.999269339354429E-01  9.999275507268094E-01  9.999281632273384E-01
  9.999268984338348E-01  9.999275155369851E-01  9.999281283469856E-01
  9.999268806744652E-01  9.999274979335850E-01  9.999281108983983E-01
  9.999303183654948E-01  9.999309076852656E-01  9.999314929016007E-01
  9.999302848162970E-01  9.999308744309212E-01  9.999314599399244E-01
  9.999302680336868E-01  9.999308577958101E-01  9.999314434512193E-01
  9.999335659741373E-01  9.999341290007736E-01  9.999346881026364E-01
  9.999335342730905E-01  9.999340975785996E-01  9.999346569572694E-01
  9.999335184150738E-01  9.999340818600871E-01  9.999346413772275E-01
  9.999366830145597E-01  9.999372208681301E-01  9.999377549673139E-01
  9.999366530635240E-01  9.999371911808775E-01  9.999377255418908E-01
  9.999366380809968E-01  9.999371763303053E-01  9.999377108222962E-01
  9.999396754270100E-01  9.999401891724948E-01  9.999406993261362E-01
  9.999396471335693E-01  9.999401611285840E-01  9.999406715299071E-01
  9.999396329802926E-01  9.999401471001316E-01  9.999406576253543E-01
  9.999425488566466E-01  9.999430395070289E-01  9.999435267206787E-01
  9.999425221337439E-01  9.999430130201881E-01  9.999435004681508E-01
  9.999425087661594E-01  9.999429997706900E-01  9.999434873358645E-01
  9.999453086705871E-01  9.999457771896845E-01  9.999462424201226E-01
  9.999452834361823E-01  9.999457521786110E-01  9.999462176307253E-01
  9.999452708132430E-01  9.999457396673894E-01  9.999462052303933E-01
  9.999479599743031E-01  9.999484072793948E-01  9.999488514372328E-01
  9.999479361510556E-01  9.999483836674414E-01  9.999488280350064E-01
  9.999479242340656E-01  9.999483718561473E-01  9.999488163286240E-01
  9.999505076268294E-01  9.999509345911715E-01  9.999513585433371E-01
  9.999504851418027E-01  9.999509123060535E-01  9.999513364566435E-01
  9.999504738942704E-01  9.999509011585211E-01  9.999513254083686E-01
  9.999529562544455E-01  9.999533637096957E-01  9.999537682818335E-01
  9.999529350388323E-01  9.999533426832188E-01  9.999537474430867E-01
  9.999529244263314E-01  9.999533321653288E-01  9.999537370191043E-01
  9.999553102632456E-01  9.999556990017390E-01  9.999560849804726E-01
  9.999552902521098E-01  9.999556791695441E-01  9.999560653258862E-01
  9.999552802421526E-01  9.999556692490973E-01  9.999560554942832E-01
  9.999575738513007E-01  9.999579446281334E-01  9.999583127631380E-01
  9.999575549833387E-01  9.999579259294603E-01  9.999582942324908E-01
  9.999575455452536E-01  9.999579165760571E-01  9.999582849631378E-01
  9.999597510205579E-01  9.999601045555179E-01  9.999604555614339E-01
  9.999597332378735E-01  9.999600869329822E-01  9.999604380978495E-01
  9.999597243426944E-01  9.999600781179127E-01  9.999604293622905E-01
  9.999618455879704E-01  9.999621825673897E-01  9.999625171256530E-01
  9.999618288358660E-01  9.999621659667765E-01  9.999625006753953E-01
  9.999618204562277E-01  9.999621576629166E-01  9.999624924467458E-01
  9.999638611954278E-01  9.999641822739783E-01  9.999645010345980E-01
  9.999638454222101E-01  9.999641666440491E-01  9.999644855468799E-01
  9.999638375322492E-01  9.999641588257633E-01  9.999644777997303E-01
  9.999658013186684E-01  9.999661071210554E-01  9.999664107042968E-01
  9.999657864754630E-01  9.999660924133651E-01  9.999663961310993E-01
  9.999657790507271E-01  9.999660850564157E-01  9.999663888414249E-01
  9.999676692756621E-01  9.999679603981695E-01  9.999682493960926E-01
  9.999676553162395E-01  9.999679465668939E-01  9.999682356919936E-01
  9.999676483335986E-01  9.999679396483535E-01  9.999682288370682E-01
