  3.444391703679589E+00  3.438210743905664E+00  3.432027062639965E+00

  3.657392421034878E+01  3.657658364802193E+01  3.657782287039276E+01
  3.740614784806687E+01  3.739444021517881E+01  3.738129652931229E+01
  3.780817133748064E+01  3.778824548173842E+01  3.776688393154916E+01
  3.791110793818455E+01  3.791449068995116E+01  3.791643345302339E+01
  3.879379405765146E+01  3.878239684926651E+01  3.876954235687602E+01
  3.922111009719873E+01  3.920125857414387E+01  3.917994911270693E+01
  3.860171817854782E+01  3.860545700397970E+01  3.860774834655491E+01
  3.951060088030736E+01  3.949935009431735E+01  3.948663415958090E+01
  3.995105710157772E+01  3.993123274636041E+01  3.990994231033743E+01
  3.860171817854782E+01  3.860545700397970E+01  3.860774834655491E+01
  3.951060088030736E+01  3.949935009431735E+01  3.948663415958090E+01
  3.995105710157772E+01  3.993123274636041E+01  3.990994231033743E+01
  3.791110793818455E+01  3.791449068995116E+01  3.791643345302339E+01
  3.879379405765146E+01  3.878239684926651E+01  3.876954235687602E+01
  3.922111009719873E+01  3.920125857414387E+01  3.917994911270693E+01
  3.657392421034878E+01  3.657658364802193E+01  3.657782287039276E+01
  3.740614784806687E+01  3.739444021517881E+01  3.738129652931229E+01
  3.780817133748064E+01  3.778824548173842E+01  3.776688393154916E+01
  3.467336097003751E+01  3.467493116616095E+01  3.467512103692428E+01
  3.543452415218471E+01  3.542233123067041E+01  3.540874527709446E+01
  3.580098794349097E+01  3.578092497112581E+01  3.575947137309258E+01
  3.232258254088314E+01  3.232274555350907E+01  3.232159539984776E+01
  3.299708764294472E+01  3.298426067904966E+01  3.297011218381993E+01
  3.332030807884203E+01  3.330006067068151E+01  3.327849675326057E+01
  2.965237082703666E+01  2.965092144407354E+01  2.964825501485729E+01
  3.023030837376474E+01  3.021677155279901E+01  3.020201352448541E+01
  3.050554085033568E+01  3.048511149166920E+01  3.046346804329221E+01
  2.679718630213887E+01  2.679407016378526E+01  2.678985521973493E+01
  2.727420012556844E+01  2.725997195097290E+01  2.724464416136970E+01
  2.749952947405421E+01  2.747898044392748E+01  2.745733997404767E+01
  2.388152658567223E+01  2.387680568373289E+01  2.387111311828544E+01
  2.425794681278515E+01  2.424310563848165E+01  2.422729487325811E+01
  2.443376123561686E+01  2.441318219400169E+01  2.439164212595080E+01
  2.100861349430551E+01  2.100235342457778E+01  2.099524522601013E+01
  2.128816764823242E+01  2.127275118397493E+01  2.125649140333677E+01
  2.141639963766516E+01  2.139581814397428E+01  2.137440194302165E+01
  1.825343599982070E+01  1.824558085989040E+01  1.823699347947951E+01
  1.844178347389999E+01  1.842567970302781E+01  1.840885150139155E+01
  1.852504076951823E+01  1.850432446739581E+01  1.848289244411961E+01
  1.566208209863720E+01  1.565243958026709E+01  1.564217929871611E+01
  1.576551882654656E+01  1.574849061605197E+01  1.573085735557860E+01
  1.580633118208623E+01  1.578523514632524E+01  1.576354426771556E+01
  1.325800699498909E+01  1.324641284819233E+01  1.323432276128896E+01
  1.328315308797511E+01  1.326507422365320E+01  1.324652068105498E+01
  1.328393206581689E+01  1.326237218482248E+01  1.324035206868104E+01
  1.105278248700154E+01  1.103938126845652E+01  1.102561437068414E+01
  1.100794898991204E+01  1.098913388578281E+01  1.096998556109817E+01
  1.097215530854695E+01  1.095055384767457E+01  1.092863988501368E+01
  9.056686930005448E+00  9.042186921767662E+00  9.027450579191720E+00
  8.954359243681392E+00  8.935769430488470E+00  8.916985319638334E+00
  8.888421826194671E+00  8.867868800976817E+00  8.847147525933710E+00
  7.284937117465525E+00  7.270669229243906E+00  7.256278440063949E+00
  7.143505852105735E+00  7.126659072635728E+00  7.109734562238043E+00
  7.058081439365896E+00  7.040150648605186E+00  7.022169311372190E+00
  5.756880686735562E+00  5.744513478405999E+00  5.732107264390145E+00
  5.599760586987175E+00  5.586286914770814E+00  5.572814002945988E+00
  5.508972907193589E+00  5.495202723763335E+00  5.481456198947122E+00
  4.488145562714251E+00  4.479095936649784E+00  4.470055395906620E+00
  4.339811097765795E+00  4.330814608229241E+00  4.321854867357508E+00
  4.258234709002323E+00  4.249493905766043E+00  4.240804508210665E+00
  3.480105078318283E+00  3.474966775478307E+00  3.469853709863954E+00
  3.360338008520393E+00  3.355928584401041E+00  3.351557676927883E+00
  3.298899616602643E+00  3.295004039530256E+00  3.291152547001106E+00
  2.713743332815378E+00  2.712118095291829E+00  2.710513892820654E+00
  2.632530685511315E+00  2.631840414614525E+00  2.631172388392330E+00
  2.595311318923946E+00  2.595148395642237E+00  2.595006377614782E+00
  2.152135251624947E+00  2.152961629586581E+00  2.153797638962724E+00
  2.107792552588445E+00  2.109453932150435E+00  2.111119153926107E+00
  2.091538429872041E+00  2.093612115832217E+00  2.095685058145860E+00
  1.749500478179781E+00  1.751600847751513E+00  1.753701304734436E+00
  1.731360626421738E+00  1.734088693388532E+00  1.736809123743652E+00
  1.728085590025340E+00  1.731093647479831E+00  1.734089363037470E+00
  1.461591019696747E+00  1.464058925579324E+00  1.466522401016172E+00
  1.455770723712471E+00  1.458681089246548E+00  1.461580559602270E+00
  1.456747358252703E+00  1.459844648877830E+00  1.462927815534967E+00
  1.253333171616380E+00  1.255619347869378E+00  1.257900870988204E+00
  1.248256699057734E+00  1.250857900401055E+00  1.253450482703542E+00
  1.247145649262269E+00  1.249882915785909E+00  1.252610157949136E+00
  1.102052214916139E+00  1.103874254546121E+00  1.105693768674730E+00
  1.091540448510852E+00  1.093589925642160E+00  1.095635466170122E+00
  1.085664013094113E+00  1.087820213595681E+00  1.089972650619342E+00
  9.957866926908014E-01  9.970323335684277E-01  9.982780726201609E-01
  9.793278907767928E-01  9.807278820938671E-01  9.821285877452413E-01
  9.692630094783109E-01  9.707429949715455E-01  9.722249936912239E-01
  9.274445809598244E-01  9.281284229194781E-01  9.288141527595860E-01
  9.082436772822821E-01  9.090138655461792E-01  9.097877394426249E-01
  8.964000114868161E-01  8.972195668907912E-01  8.980446702428151E-01
  8.888748775239728E-01  8.891115772039406E-01  8.893506590804516E-01
  8.709429776012136E-01  8.712097196123889E-01  8.714808898208788E-01
  8.599119582471548E-01  8.601983525675269E-01  8.604910035485003E-01
  8.696744525332470E-01  8.696275239485001E-01  8.695826002699684E-01
  8.555233941066634E-01  8.554711684749857E-01  8.554225427451988E-01
  8.468742546033040E-01  8.468207003750198E-01  8.467720927654288E-01
  8.603570983447846E-01  8.601764226060390E-01  8.599972391719821E-01
  8.503328167306750E-01  8.501329157549986E-01  8.499353967403568E-01
  8.442780467292035E-01  8.440672889574095E-01  8.438596340670990E-01
  8.551716403247384E-01  8.549567474806319E-01  8.547430829590742E-01
  8.482562581154391E-01  8.480216821979097E-01  8.477886454146538E-01
  8.441367015638259E-01  8.438898457913595E-01  8.436447542158293E-01
  8.519234874048270E-01  8.517229875668630E-01  8.515235845205147E-01
  8.469272159188955E-01  8.467112652450169E-01  8.464964065441167E-01
  8.439613605433779E-01  8.437349228095020E-01  8.435095388006556E-01
  8.501615980753714E-01  8.499913600731884E-01  8.498219953587768E-01
  8.463699045686818E-01  8.461885266545565E-01  8.460078918020415E-01
  8.440872459049741E-01  8.438976216388866E-01  8.437086147602099E-01
  8.498293200718443E-01  8.496917408100109E-01  8.495548365749557E-01
  8.469838401171473E-01  8.468384472997813E-01  8.466935405463777E-01
  8.452239462755020E-01  8.450723403129400E-01  8.449210784671821E-01
  8.509000361995299E-01  8.507988734022798E-01  8.506987058237843E-01
  8.489218286025604E-01  8.488151099112347E-01  8.487091529445155E-01
  8.476510304037244E-01  8.475397871019830E-01  8.474291584401948E-01
  8.534650021194763E-01  8.534148903529944E-01  8.533670245872130E-01
  8.522617309971340E-01  8.522072578364079E-01  8.521547975281746E-01
  8.514399918486922E-01  8.513821274214463E-01  8.513261367181482E-01
  8.577817111970462E-01  8.578087896545664E-01  8.578400129340373E-01
  8.572077112026893E-01  8.572311785627843E-01  8.572586572904427E-01
  8.567571874877742E-01  8.567779744911919E-01  8.568026844610480E-01
  8.641382653442311E-01  8.642686060769260E-01  8.644044348832033E-01
  8.640367210465574E-01  8.641650414125318E-01  8.642989185629348E-01
  8.638662151434754E-01  8.639927885119546E-01  8.641249345434681E-01
  8.726014528142469E-01  8.728415498322352E-01  8.730863837534313E-01
  8.728537056249108E-01  8.730951279892285E-01  8.733415673520645E-01
  8.728903038921269E-01  8.731317388609560E-01  8.733783243219849E-01
  8.828075264037788E-01  8.831297734597946E-01  8.834531886578844E-01
  8.833493508729626E-01  8.836774404382829E-01  8.840070497065347E-01
  8.835514292334570E-01  8.838819673981086E-01  8.842142121084626E-01
  8.939468797758854E-01  8.942918643667009E-01  8.946324208214563E-01
  8.947478180126621E-01  8.951023422890956E-01  8.954526333212612E-01
  8.950955865673312E-01  8.954546955090220E-01  8.958096932554540E-01
  9.049662673756119E-01  9.052611031935531E-01  9.055456943708017E-01
  9.059949395592859E-01  9.063001509890172E-01  9.065949757007234E-01
  9.064710406733444E-01  9.067815598531197E-01  9.070816486883371E-01
  9.148595825047062E-01  9.150399071546674E-01  9.152056165512841E-01
  9.160613909342058E-01  9.162492457194291E-01  9.164219554057857E-01
  9.166372855875434E-01  9.168292472823318E-01  9.170058202662906E-01
  9.228886985513796E-01  9.229131756709673E-01  9.229210060207290E-01
  9.241844802387800E-01  9.242104113948977E-01  9.242188235561311E-01
  9.248186535222828E-01  9.248457582992092E-01  9.248549202203519E-01
  9.286800028223570E-01  9.285364556768138E-01  9.283769664841166E-01
  9.299761377351143E-01  9.298256460933844E-01  9.296580677285027E-01
  9.306193376287449E-01  9.304658277719100E-01  9.302946620620626E-01
  9.322459523696324E-01  9.319541802134088E-01  9.316501999508802E-01
  9.334444959315269E-01  9.331359498641587E-01  9.328138682754267E-01
  9.340452802639372E-01  9.337287297826012E-01  9.333979728740526E-01
  9.339777984536317E-01  9.335899265316954E-01  9.331965277037629E-01
  9.349851651827157E-01  9.345704652531183E-01  9.341488929414626E-01
  9.354943438717789E-01  9.350664577164197E-01  9.346310064939272E-01
  9.345864272208378E-01  9.341797961624433E-01  9.337762411046274E-01
  9.353254628478308E-01  9.348836084584671E-01  9.344437158107352E-01
  9.357019863013215E-01  9.352425132953187E-01  9.347844133263458E-01
  9.349519256887608E-01  9.346122726444812E-01  9.342843549601123E-01
  9.353775039917571E-01  9.349979825071039E-01  9.346295576072002E-01
  9.355963403714068E-01  9.351966083508433E-01  9.348076173562144E-01
  9.359120288311872E-01  9.357134233278842E-01  9.355334779983751E-01
  9.360225180488395E-01  9.357844073653082E-01  9.355649184534458E-01
  9.360808407029629E-01  9.358224750820365E-01  9.355826813072680E-01
  9.380828410199330E-01  9.380741083074767E-01  9.380883251670882E-01
  9.379198331544307E-01  9.378767814399059E-01  9.378572078644618E-01
  9.378374004872473E-01  9.377765713961109E-01  9.377394673418219E-01
  9.417810557863883E-01  9.419825589431878E-01  9.422086769453899E-01
  9.414172581661382E-01  9.415930805761084E-01  9.417944646208493E-01
  9.412305551847852E-01  9.413929375042961E-01  9.415813535773508E-01
  9.470423477918718E-01  9.474498771071955E-01  9.478814948015096E-01
  9.465636886920517E-01  9.469557516545514E-01  9.473730687241930E-01
  9.463167541842686E-01  9.467006128564088E-01  9.471103210276539E-01
  9.536894434674333E-01  9.542804500069449E-01  9.548932986918981E-01
  9.531779095739036E-01  9.537634385050293E-01  9.543719945839905E-01
  9.529132606097217E-01  9.534957664885758E-01  9.541019127231656E-01
  9.614123744146097E-01  9.621521834047959E-01  9.629103053504902E-01
  9.609337086723301E-01  9.616764354464906E-01  9.624385149698758E-01
  9.606856640940974E-01  9.614297537214033E-01  9.621937385191928E-01
  9.698431499416513E-01  9.706906784685085E-01  9.715521718943161E-01
  9.694411384229213E-01  9.702976253765313E-01  9.711688636543816E-01
  9.692326155288955E-01  9.700936357281037E-01  9.709698201052246E-01
  9.786153615078460E-01  9.795282584754478E-01  9.804504906088498E-01
  9.783121067537296E-01  9.792374553753872E-01  9.801726223648494E-01
  9.781546840659847E-01  9.790864115297557E-01  9.800282135237787E-01
  9.874042956301493E-01  9.883434681032249E-01  9.892876607211224E-01
  9.872039410148418E-01  9.881566936947346E-01  9.891146448759208E-01
  9.870998444029258E-01  9.880595931747898E-01  9.890246385646622E-01
  9.959505992406730E-01  9.968840804294237E-01  9.978191452785330E-01
  9.958437879560311E-01  9.967899948373076E-01  9.977376972180018E-01
  9.957882719819476E-01  9.967410627391685E-01  9.976953082180714E-01
  1.004073458273019E+00  1.004979185349286E+00  1.005884311222225E+00
  1.004041394925564E+00  1.004957535498703E+00  1.005872794044561E+00
  1.004024843534047E+00  1.004946393464214E+00  1.005866918945441E+00
  1.011674689725748E+00  1.012541374438751E+00  1.013406569314498E+00
  1.011693201656544E+00  1.012567195382604E+00  1.013439324717567E+00
  1.011703166961784E+00  1.012580970901563E+00  1.013456716972672E+00
  1.018730633601808E+00  1.019556236846325E+00  1.020380463643141E+00
  1.018774693597911E+00  1.019604440227730E+00  1.020432444107350E+00
  1.018798184519797E+00  1.019630094246074E+00  1.020460069748196E+00
  1.025270914340753E+00  1.026059216525365E+00  1.026846763125430E+00
  1.025319122054515E+00  1.026108975171949E+00  1.026897793388185E+00
  1.025344931208083E+00  1.026135585999048E+00  1.026925058235742E+00
  1.031349540355381E+00  1.032106122387007E+00  1.032862584440523E+00
  1.031387381182487E+00  1.032143871660231E+00  1.032900087736385E+00
  1.031407829116960E+00  1.032164249694391E+00  1.032920312938254E+00
  1.037017598399870E+00  1.037746591822746E+00  1.038475778578069E+00
  1.037038565171344E+00  1.037766829520245E+00  1.038495253197174E+00
  1.037050146415004E+00  1.037777995477238E+00  1.038505984262510E+00
  1.042304991287378E+00  1.043007336943237E+00  1.043709737197245E+00
  1.042309524071734E+00  1.043011295767455E+00  1.043713173856322E+00
  1.042312396705574E+00  1.043013827545929E+00  1.043715390889959E+00
  1.047213737017867E+00  1.047886960256369E+00  1.048559692405230E+00
  1.047206724918371E+00  1.047879970550579E+00  1.048552816204296E+00
  1.047203419127271E+00  1.047876635351545E+00  1.048549499135450E+00
  1.051721112781213E+00  1.052360180590767E+00  1.052997955208334E+00
  1.051709017299839E+00  1.052348792512850E+00  1.052987363338698E+00
  1.051702922441126E+00  1.052343030638651E+00  1.052981981365470E+00
  1.055788959461767E+00  1.056387662581704E+00  1.056984198514100E+00
  1.055777473111321E+00  1.056377403867038E+00  1.056975227695677E+00
  1.055771594328629E+00  1.056372136206225E+00  1.056970603358622E+00
  1.059375153899852E+00  1.059927506826829E+00  1.060476906786342E+00
  1.059367901471097E+00  1.059921725619440E+00  1.060472620537004E+00
  1.059364162872508E+00  1.059918731224158E+00  1.060470383360421E+00
  1.062443723174852E+00  1.062944997396735E+00  1.063442718470240E+00
  1.062442054225987E+00  1.062944783301098E+00  1.063443953097499E+00
  1.062441180053016E+00  1.062944648807552E+00  1.063444555438890E+00
  1.064971099931338E+00  1.065418283289052E+00  1.065861520816412E+00
  1.064974666737602E+00  1.065423124319131E+00  1.065867614153686E+00
  1.064976481152376E+00  1.065425586077991E+00  1.065870711899155E+00
  1.066947593843054E+00  1.067339282440830E+00  1.067726799826944E+00
  1.066955250444282E+00  1.067347983364501E+00  1.067736521495275E+00
  1.066959150452962E+00  1.067352411136284E+00  1.067741464617989E+00
  1.068374890430235E+00  1.068710805175182E+00  1.069042419596124E+00
  1.068385493223152E+00  1.068722260949309E+00  1.069054712343250E+00
  1.068390872086462E+00  1.068728067374199E+00  1.069060937792051E+00
  1.069261595656375E+00  1.069542001687806E+00  1.069818007129052E+00
  1.069274464250567E+00  1.069555610197485E+00  1.069832349948999E+00
  1.069280956889111E+00  1.069562470983696E+00  1.069839575789946E+00
  1.069619047396026E+00  1.069844316911601E+00  1.070065074366282E+00
  1.069634051338785E+00  1.069860021315885E+00  1.070081481817083E+00
  1.069641582674010E+00  1.069867900156158E+00  1.070089709410064E+00
  1.069458884345760E+00  1.069629320164374E+00  1.069795115082462E+00
  1.069476269839120E+00  1.069647409820103E+00  1.069813915140432E+00
  1.069484965583188E+00  1.069656455446291E+00  1.069823313880863E+00
  1.068792721377580E+00  1.068908622362975E+00  1.069019755525827E+00
  1.068812844835213E+00  1.068929461757504E+00  1.069041316470368E+00
  1.068822892296760E+00  1.068939866135894E+00  1.069052080732311E+00
  1.067633334099208E+00  1.067695196010386E+00  1.067752194381030E+00
  1.067656439265347E+00  1.067719011998704E+00  1.067776723643235E+00
  1.067667970167774E+00  1.067730898337338E+00  1.067788966771946E+00
  1.065996359446568E+00  1.066005088504150E+00  1.066008914760779E+00
  1.066022463801263E+00  1.066031871923539E+00  1.066036375987347E+00
  1.066035493978712E+00  1.066045242304419E+00  1.066050086005871E+00
  1.063901666763525E+00  1.063858721790933E+00  1.063810904891979E+00
  1.063930554670131E+00  1.063888233065654E+00  1.063841035385331E+00
  1.063944979683338E+00  1.063902970612506E+00  1.063856083395790E+00
  1.061373991346900E+00  1.061281428378249E+00  1.061184096168495E+00
  1.061405271961484E+00  1.061313261516890E+00  1.061216476075437E+00
  1.061420896870865E+00  1.061329163407797E+00  1.061232652043067E+00
  1.058442854935250E+00  1.058303294260752E+00  1.058159132676177E+00
  1.058476036334515E+00  1.058336951073891E+00  1.058193258592009E+00
  1.058492614257259E+00  1.058353767190700E+00  1.058210309715928E+00
  1.055142043430769E+00  1.054958598604761E+00  1.054770778117106E+00
  1.055176589686710E+00  1.054993542464689E+00  1.054806113224721E+00
  1.055193851629483E+00  1.055011003513094E+00  1.054823770181302E+00
  1.051508943634134E+00  1.051285147406743E+00  1.051057250183363E+00
  1.051544303352328E+00  1.051320827927269E+00  1.051093245126703E+00
  1.051561973166729E+00  1.051338658371819E+00  1.051111233008144E+00
  1.047583934833270E+00  1.047323679946560E+00  1.047059643205066E+00
  1.047619546512356E+00  1.047359535803907E+00  1.047095736610513E+00
  1.047637343659738E+00  1.047377455288756E+00  1.047113775125195E+00
  1.043409890969452E+00  1.043117386435434E+00  1.042821460576618E+00
  1.043445177851562E+00  1.043152839525886E+00  1.042857072765273E+00
  1.043462814554092E+00  1.043170559644509E+00  1.042874872755773E+00
  1.039031747860611E+00  1.038711481005657E+00  1.038388191883089E+00
  1.039066113917448E+00  1.038745933119247E+00  1.038422722379408E+00
  1.039083292796242E+00  1.038763155398098E+00  1.038439984229790E+00
  1.034496052689836E+00  1.034152745343942E+00  1.033806849188772E+00
  1.034528886032863E+00  1.034185582795839E+00  1.033839682599668E+00
  1.034545301563802E+00  1.034202000781939E+00  1.033856098969772E+00
  1.029850428059531E+00  1.029488979242343E+00  1.029125403338289E+00
  1.029881112399974E+00  1.029519585374165E+00  1.029155922841407E+00
  1.029896456557714E+00  1.029534890822427E+00  1.029171185369687E+00
  1.025142923335266E+00  1.024768336792528E+00  1.024392105069710E+00
  1.025170854584458E+00  1.024796109098018E+00  1.024419709987349E+00
  1.025184825181602E+00  1.024810000586629E+00  1.024433518142327E+00
  1.020421266633502E+00  1.020038566505088E+00  1.019654713866945E+00
  1.020445870856378E+00  1.020062934614244E+00  1.019678837623831E+00
  1.020458180609800E+00  1.020075126629053E+00  1.019690907776672E+00
  1.015732056965556E+00  1.015346197285283E+00  1.014959678522988E+00
  1.015752806873773E+00  1.015366639203932E+00  1.014979804609939E+00
  1.015763191730672E+00  1.015376870333757E+00  1.014989878087208E+00
  1.011119944501936E+00  1.010735718289563E+00  1.010351317223255E+00
  1.011136373241892E+00  1.010751773868239E+00  1.010366992350811E+00
  1.011144599317712E+00  1.010759813577849E+00  1.010374842044562E+00
  1.006626842436562E+00  1.006248794898840E+00  1.005871038047636E+00
  1.006638554615936E+00  1.006260076595325E+00  1.005881882657517E+00
  1.006644423721080E+00  1.006265730616878E+00  1.005887318288307E+00
  1.002291204238953E+00  1.001923553200534E+00  1.001556630938621E+00
  1.002297884575023E+00  1.001929754530341E+00  1.001562347464621E+00
  1.002301238540447E+00  1.001932869089599E+00  1.001565219712862E+00
  9.981473914466952E-01  9.977939572635512E-01  9.974416546554709E-01
  9.981488112714577E-01  9.977948591230399E-01  9.974420336635266E-01
  9.981495352065984E-01  9.977953241076164E-01  9.974422372476726E-01
  9.942251520662124E-01  9.938892989949357E-01  9.935549382973073E-01
  9.942211735775062E-01  9.938847736936315E-01  9.935498622914877E-01
  9.942191980113905E-01  9.938825246862842E-01  9.935473378897216E-01
  9.905492270796701E-01  9.902338180377106E-01  9.899202148243635E-01
  9.905398050109302E-01  9.902238306923488E-01  9.899096593568074E-01
  9.905351067504552E-01  9.902188496923209E-01  9.899043941871205E-01
  9.871390998685967E-01  9.868464663150268E-01  9.865559009343684E-01
  9.871242802840398E-01  9.868310733275261E-01  9.865399327610360E-01
  9.871168818368674E-01  9.868233880148946E-01  9.865319596844179E-01
  9.840088984803691E-01  9.837408265649903E-01  9.834750320014214E-01
  9.839888146261829E-01  9.837201711491447E-01  9.834538042839783E-01
  9.839787821484274E-01  9.837098526697632E-01  9.834431994264120E-01
  9.811674531917933E-01  9.809251864125799E-01  9.806853526805555E-01
  9.811423186125174E-01  9.808994914125263E-01  9.806590975103643E-01
  9.811297584833096E-01  9.808866508029727E-01  9.806459765398732E-01
  9.786185028999879E-01  9.784027604834538E-01  9.781895546533458E-01
  9.785886022537025E-01  9.783723189403016E-01  9.781585733749889E-01
  9.785736564932418E-01  9.783571024210549E-01  9.781430866726839E-01
  9.763610352245320E-01  9.761720445197518E-01  9.759856445709081E-01
  9.763267133592906E-01  9.761372085593684E-01  9.759502964874599E-01
  9.763095541723802E-01  9.761197919835443E-01  9.759326235045550E-01
  9.743897382499830E-01  9.742272787388820E-01  9.740674187770486E-01
  9.743513881490863E-01  9.741884473908792E-01  9.740281088489621E-01
  9.743322118987625E-01  9.741690301543083E-01  9.740084519563978E-01
  9.726955372603949E-01  9.725589933701273E-01  9.724250173582325E-01
  9.726535874563291E-01  9.725165999164102E-01  9.723821834925639E-01
  9.726326083680131E-01  9.724953986287098E-01  9.723607616220314E-01
  9.712661876662071E-01  9.711546073992716E-01  9.710455284038008E-01
  9.712210896853649E-01  9.711091068108536E-01  9.709996288889681E-01
  9.711985335630018E-01  9.710863490072483E-01  9.709766712433324E-01
  9.700868953179470E-01  9.699990517512644E-01  9.699136137610350E-01
  9.700391116593851E-01  9.699509087112522E-01  9.698651153394389E-01
  9.700152098657208E-01  9.699268268546407E-01  9.698408554193079E-01
  9.691409371780971E-01  9.690753900881087E-01  9.690121296844951E-01
  9.690909302505487E-01  9.690250680173333E-01  9.689614966714292E-01
  9.690659141643755E-01  9.689998939996016E-01  9.689361668228701E-01
  9.684102585236120E-01  9.683654137396556E-01  9.683227192565452E-01
  9.683584808679048E-01  9.683133651421407E-01  9.682704040123471E-01
  9.683325769827521E-01  9.682873254442274E-01  9.682442306501560E-01
  9.678760271026495E-01  9.678501916399971E-01  9.678263579114168E-01
  9.678229131187058E-01  9.677968499762140E-01  9.677727928634529E-01
  9.677963388934349E-01  9.677701615917811E-01  9.677459924691466E-01
  9.675191295515717E-01  9.675105610844613E-01  9.675038383924782E-01
  9.674650888406363E-01  9.674563342718256E-01  9.674494296952401E-01
  9.674380493580521E-01  9.674292014450295E-01  9.674222056346599E-01
  9.673206004495212E-01  9.673275502046327E-01  9.673361865607417E-01
  9.672660127833747E-01  9.672728157469469E-01  9.672813093858460E-01
  9.672386982233070E-01  9.672454275257168E-01  9.672538495428041E-01
  9.672619792347876E-01  9.672827278727244E-01  9.673050042489652E-01
  9.672071910813991E-01  9.672278295397772E-01  9.672499996182156E-01
  9.671797749733921E-01  9.672003581056057E-01  9.672224748011472E-01
  9.673255944955431E-01  9.673584809700851E-01  9.673927395108274E-01
  9.672709169682704E-01  9.673037268883357E-01  9.673379125272979E-01
  9.672435551576726E-01  9.672763265932596E-01  9.673104755765963E-01
  9.674947786484160E-01  9.675382223733076E-01  9.675828879491506E-01
  9.674404867037778E-01  9.674838843485348E-01  9.675285072432279E-01
  9.674133169438396E-01  9.674566913698341E-01  9.675012927478006E-01
  9.677540186198175E-01  9.678065355239135E-01  9.678601312303173E-01
  9.677003513055193E-01  9.677528493952366E-01  9.678064294180164E-01
  9.676734933763107E-01  9.677259819075111E-01  9.677795539396732E-01
  9.680890498620047E-01  9.681492630732991E-01  9.682104204275491E-01
  9.680362114097611E-01  9.680964298924623E-01  9.681575953745092E-01
  9.680097676610721E-01  9.680699886539152E-01  9.681311580767519E-01
  9.684869019935652E-01  9.685535479619932E-01  9.686210126145559E-01
  9.684350635572460E-01  9.685017357991137E-01  9.685692293077123E-01
  9.684091197755653E-01  9.684758050524682E-01  9.685433128897482E-01
  9.689359047062550E-01  9.690078355670820E-01  9.690804693291925E-01
  9.688852065617323E-01  9.689571817608604E-01  9.690298621758421E-01
  9.688598330692556E-01  9.689318303576636E-01  9.690045340214279E-01
  9.694256623923976E-01  9.695018453191223E-01  9.695786252485291E-01
  9.693762164378741E-01  9.694524590125034E-01  9.695293006460332E-01
  9.693514693427140E-01  9.694277416810959E-01  9.695046141085593E-01
  9.699470051781468E-01  9.700265194169440E-01  9.701065346396466E-01
  9.698988975997039E-01  9.699784842454151E-01  9.700585736854355E-01
  9.698748201294405E-01  9.699544429359305E-01  9.700345694438474E-01
  9.704919227483213E-01  9.705739549776440E-01  9.706564018728199E-01
  9.704452167419108E-01  9.705273318038735E-01  9.706098631108456E-01
  9.704218406058954E-01  9.705039970569201E-01  9.705865705442865E-01
  9.710534859419329E-01  9.711373245181747E-01  9.712215008188619E-01
  9.710082244076488E-01  9.710921541311516E-01  9.711764229429580E-01
  9.709855711458036E-01  9.710695464290838E-01  9.711538614841879E-01
  9.716257603259595E-01  9.717107887967361E-01  9.717960869947834E-01
  9.715819684716512E-01  9.716670945145209E-01  9.717524914500402E-01
  9.715600507581396E-01  9.716452255847045E-01  9.717306718880382E-01
  9.722037161969111E-01  9.722894062090988E-01  9.723753064047526E-01
  9.721614040060280E-01  9.722471963416547E-01  9.723331998449293E-01
  9.721402268851494E-01  9.722260703898725E-01  9.723121255556073E-01
  9.727831398835074E-01  9.728690434583269E-01  9.729551056202289E-01
  9.727423044176753E-01  9.728283136019232E-01  9.729144821936785E-01
  9.727218664571421E-01  9.728079284615749E-01  9.728941502848494E-01
  9.733605499473216E-01  9.734462912617677E-01  9.735321469908368E-01
  9.733211774679659E-01  9.734070264097862E-01  9.734929904402643E-01
  9.733014718216626E-01  9.733873745992464E-01  9.734733928034822E-01
  9.739331178366140E-01  9.740183851294001E-01  9.741037294811009E-01
  9.738951857405516E-01  9.739805615949276E-01  9.740660150529415E-01
  9.738762011181916E-01  9.739616312807026E-01  9.740471393200543E-01
  9.744985878283330E-01  9.745831264011772E-01  9.746677107233160E-01
  9.744620663967759E-01  9.745467135516804E-01  9.746314068878101E-01
  9.744437879401721E-01  9.745284894175147E-01  9.746132372927631E-01
  9.750551908160038E-01  9.751387976909136E-01  9.752224241348249E-01
  9.750200447743086E-01  9.751037594935855E-01  9.751874941166015E-01
  9.750024548388977E-01  9.750862235147811E-01  9.751700122623733E-01
  9.756015545273929E-01  9.756840739754915E-01  9.757665910753628E-01
  9.755677444089312E-01  9.756503703475846E-01  9.757329941898801E-01
  9.755508232472373E-01  9.756335024676925E-01  9.757161797182219E-01
  9.761366258590966E-01  9.762179435668873E-01  9.762992407692628E-01
  9.761041091698007E-01  9.761855315272771E-01  9.762669335612132E-01
  9.760878355150909E-01  9.761693102352558E-01  9.762507647232229E-01
  9.766596278709966E-01  9.767396614584726E-01  9.768196602038440E-01
  9.766283600668149E-01  9.767084960909678E-01  9.767885973964573E-01
  9.766127116230532E-01  9.766928989040574E-01  9.767730515284440E-01
  9.771700630604367E-01  9.772487488955227E-01  9.773273898390528E-01
  9.771399983722745E-01  9.772187841566445E-01  9.772975251250902E-01
  9.771249522276753E-01  9.772037880253325E-01  9.772825790451359E-01
  9.776677464549657E-01  9.777450262333709E-01  9.778222556908706E-01
  9.776388386079343E-01  9.777162156515000E-01  9.777935424119808E-01
  9.776243715955236E-01  9.777017973100177E-01  9.777791727605326E-01
  9.781528246534499E-01  9.782286373686155E-01  9.783043985331832E-01
  9.781250275143056E-01  9.782009346714406E-01  9.782767902872918E-01
  9.781111165364675E-01  9.781870709523017E-01  9.782629738316563E-01
  9.786257344712013E-01  9.787000178335347E-01  9.787742512052071E-01
  9.785990026220850E-01  9.786733775066156E-01  9.787477023893927E-01
  9.785856249381452E-01  9.786600456205964E-01  9.787344162958553E-01
  9.790870870235249E-01  9.791597873678989E-01  9.792324400761147E-01
  9.790613762245554E-01  9.791341651100320E-01  9.792069063340999E-01
  9.790485096826930E-01  9.791213428744562E-01  9.791941283922609E-01
  9.795375121955487E-01  9.796085967106085E-01  9.796796350021474E-01
  9.795127796919708E-01  9.795839497406362E-01  9.796550735304757E-01
  9.795004028832842E-01  9.795716157332597E-01  9.796427823068088E-01
  9.799775293522273E-01  9.800469930030862E-01  9.801164101539740E-01
  9.799537340133926E-01  9.800232802005043E-01  9.800927798445892E-01
  9.799418263417652E-01  9.800114138301903E-01  9.800809547540936E-01
  9.804074980618483E-01  9.804753611551548E-01  9.805431761572804E-01
  9.803846003896125E-01  9.804525430666650E-01  9.805204376030520E-01
  9.803731420761572E-01  9.804411245768970E-01  9.805090589122479E-01
  9.808276550494007E-01  9.808939534069960E-01  9.809602017571031E-01
  9.808056171271037E-01  9.808719921879571E-01  9.809383171865750E-01
  9.807945891847968E-01  9.808610026277036E-01  9.809273659810092E-01
  9.812381954953049E-01  9.813029692500317E-01  9.813676916289062E-01
  9.812169809425779E-01  9.812818286082682E-01  9.813466248395022E-01
  9.812063651537587E-01  9.812712498039745E-01  9.813360829904310E-01
  9.816393418239706E-01  9.817026283473792E-01  9.817658629809690E-01
  9.816189157848130E-01  9.816822735212271E-01  9.817455793069070E-01
  9.816086946952741E-01  9.816720880658809E-01  9.817354294552885E-01
  9.820313667700202E-01  9.820931993407196E-01  9.821549801427373E-01
  9.820116959213109E-01  9.820735971016815E-01  9.821354464514921E-01
  9.820018528445913E-01  9.820637883561719E-01  9.821256720062419E-01
  9.824145757606463E-01  9.824749857561356E-01  9.825353443416951E-01
  9.823956283117092E-01  9.824561044068628E-01  9.825165290301630E-01
  9.823861473288924E-01  9.824466564989823E-01  9.825071141662427E-01
  9.827892765178832E-01  9.828482957920150E-01  9.829072639903218E-01
  9.827710221821095E-01  9.828301051384376E-01  9.828891369574713E-01
  9.827618881276265E-01  9.828210029489366E-01  9.828800666022011E-01
  9.831557600813313E-01  9.832134216756236E-01  9.832710324594982E-01
  9.831381700215248E-01  9.831958929726478E-01  9.832535650525894E-01
  9.831293684557980E-01  9.831871221080516E-01  9.832448248587251E-01
  9.835142990302698E-01  9.835706364424541E-01  9.836269233140224E-01
  9.834973457917799E-01  9.835537423264721E-01  9.836100882606608E-01
  9.834888629677365E-01  9.835452890852844E-01  9.836016645723669E-01
  9.838651544494460E-01  9.839202006132827E-01  9.839751965755791E-01
  9.838488118937327E-01  9.839039150346179E-01  9.839589679151071E-01
  9.838406347235317E-01  9.838957663734830E-01  9.839508477335918E-01
  9.842085816873192E-01  9.842623684478248E-01  9.843161054231467E-01
  9.841928249304001E-01  9.842466666083003E-01  9.843004584433279E-01
  9.841849409545924E-01  9.842388101107248E-01  9.842926293951219E-01
  9.845448313202975E-01  9.845973894419323E-01  9.846498982424968E-01
  9.845296366745182E-01  9.845822477362935E-01  9.846348094205689E-01
  9.845220340328772E-01  9.845746715833020E-01  9.846272597279946E-01
  9.848741471891110E-01  9.849255065746693E-01  9.849768171176428E-01
  9.848594921058543E-01  9.849109025333149E-01  9.849622640630665E-01
  9.848521595086672E-01  9.849035954747530E-01  9.849549825155504E-01
  9.851967643402091E-01  9.852469542042515E-01  9.852970956994332E-01
  9.851826273528809E-01  9.852328664363671E-01  9.852830570971817E-01
  9.851755540523870E-01  9.852258177624110E-01  9.852760330228408E-01
  9.855129082048428E-01  9.855619571164518E-01  9.856109581265372E-01
  9.854992688729017E-01  9.855483652541669E-01  9.855974136813980E-01
  9.854924446352443E-01  9.855415647673407E-01  9.855906369191313E-01
  9.858227950512476E-01  9.858707308644188E-01  9.859186192469441E-01
  9.858096339063187E-01  9.858576155089912E-01  9.859055496297903E-01
  9.858030489845484E-01  9.858510534972047E-01  9.858990105023573E-01
  9.861266331534887E-01  9.861734829053990E-01  9.862202857098679E-01
  9.861139316484249E-01  9.861608255762994E-01  9.862076725067718E-01
  9.861075767569788E-01  9.861544927873390E-01  9.862013617953012E-01
  9.864246238038901E-01  9.864704136863107E-01  9.865161571135718E-01
  9.864123642651026E-01  9.864581967735886E-01  9.865039827782069E-01
  9.864062305559197E-01  9.864520843912511E-01  9.864978916983456E-01
  9.867169614683078E-01  9.867617169107090E-01  9.868064263866055E-01
  9.867051270509739E-01  9.867499236303185E-01  9.867946741956797E-01
  9.866992060910508E-01  9.867440232520249E-01  9.867887943752618E-01
  9.870038332705982E-01  9.870475790519662E-01  9.870912793438620E-01
  9.869924079159482E-01  9.870361934032420E-01  9.870799333547806E-01
  9.869866916659448E-01  9.870304970187388E-01  9.870742568126223E-01
  9.872854187730636E-01  9.873281790471420E-01  9.873708943022935E-01
  9.872743871674290E-01  9.873171857720188E-01  9.873599393125587E-01
  9.872688679611438E-01  9.873116857429386E-01  9.873544584381084E-01
  9.875618906509994E-01  9.876036888819868E-01  9.876454425678840E-01
  9.875512381870092E-01  9.875930734262818E-01  9.876348640764717E-01
  9.875459087119418E-01  9.875877624667491E-01  9.876295716104641E-01
  9.878334157018368E-01  9.878742746250168E-01  9.879150894803980E-01
  9.878231284422996E-01  9.878640231023555E-01  9.879048736517273E-01
  9.878179817215603E-01  9.878588942609177E-01  9.878997626681351E-01
  9.881001551928034E-01  9.881400968788393E-01  9.881799949675591E-01
  9.880902198370565E-01  9.881301960371034E-01  9.881701285980286E-01
  9.880852492125025E-01  9.881252426799165E-01  9.881651924872936E-01
  9.883622644493179E-01  9.884013104086151E-01  9.884403132271461E-01
  9.883526683012481E-01  9.883917475981283E-01  9.884307837134810E-01
  9.883478674174666E-01  9.883869633930239E-01  9.884260161666615E-01
  9.886198926075541E-01  9.886580638171578E-01  9.886961923337289E-01
  9.886106235448663E-01  9.886488269601036E-01  9.886869876425562E-01
  9.886059863337808E-01  9.886442058612692E-01  9.886823826360850E-01
  9.888731831976535E-01  9.889105000414768E-01  9.889477746406659E-01
  9.888642296427428E-01  9.889015776028378E-01  9.889388832795264E-01
  9.888597503090216E-01  9.888971138362578E-01  9.889344350606901E-01
  9.891222750536985E-01  9.891587572861447E-01  9.891951977231572E-01
  9.891136259466353E-01  9.891501382467117E-01  9.891866087135402E-01
  9.891092989541522E-01  9.891458262966417E-01  9.891823117869657E-01
  9.893673025923269E-01  9.894029694002372E-01  9.894385948530690E-01
  9.893589473657337E-01  9.893946432315666E-01  9.894302977054382E-01
  9.893547674249904E-01  9.893904778279955E-01  9.894261468205885E-01
  9.896083953823076E-01  9.896432654817262E-01  9.896780946513493E-01
  9.896003239373976E-01  9.896352221223194E-01  9.896700793414618E-01
  9.895962859935238E-01  9.896311982290403E-01  9.896660694807762E-01
  9.898456778989985E-01  9.898797695553945E-01  9.899138206976787E-01
  9.898378805824204E-01  9.898719993876647E-01  9.899060776436791E-01
  9.898339798035698E-01  9.898681121907322E-01  9.899022040110963E-01
  9.900792700701058E-01  9.901126010383168E-01  9.901458919076045E-01
  9.900717376519782E-01  9.901050948666653E-01  9.901384119481513E-01
  9.900679694183314E-01  9.901013397634185E-01  9.901346699581567E-01
  9.903092880962179E-01  9.903418755871614E-01  9.903744233936875E-01
  9.903020117498411E-01  9.903346246176986E-01  9.903671977676811E-01
  9.902983716434377E-01  9.903309972065981E-01  9.903635830351459E-01
  9.905358446478844E-01  9.905677053891836E-01  9.905995268506529E-01
  9.905288159309036E-01  9.905607012109540E-01  9.905925471785136E-01
  9.905252997262136E-01  9.905571972821852E-01  9.905890555093270E-01
  9.907590484162929E-01  9.907901987417322E-01  9.908213101765386E-01
  9.907522592526399E-01  9.907834333087797E-01  9.908145684423921E-01
  9.907488629075148E-01  9.907800488352645E-01  9.908111958245314E-01
  9.909790038855473E-01  9.910094597489518E-01  9.910398771012026E-01
  9.909724465478567E-01  9.910029253628345E-01  9.910333656355010E-01
  9.909691661947264E-01  9.909996564914783E-01  9.910301082303321E-01
  9.911958118612618E-01  9.912255887765188E-01  9.912553275590386E-01
  9.911894789541912E-01  9.912192780696527E-01  9.912490390219344E-01
  9.911863108917085E-01  9.912161211130004E-01  9.912458931558834E-01
  9.914095702154979E-01  9.914386832259892E-01  9.914677584806437E-01
  9.914034546604009E-01  9.914325891463168E-01  9.914616858466514E-01
  9.914003953457675E-01  9.914295405748775E-01  9.914586480035258E-01
  9.916203739951083E-01  9.916488377324579E-01  9.916772640805586E-01
  9.916144690158344E-01  9.916429535293000E-01  9.916714006244479E-01
  9.916115150576901E-01  9.916400099644601E-01  9.916684674383710E-01
  9.918283149159353E-01  9.918561436828552E-01  9.918839354119369E-01
  9.918226140251089E-01  9.918504628932941E-01  9.918782746952223E-01
  9.918197621766567E-01  9.918476211004974E-01  9.918754429438648E-01
  9.920334811129926E-01  9.920606888926053E-01  9.920878599762756E-01
  9.920279780985337E-01  9.920552053280907E-01  9.920823958339093E-01
  9.920252252507926E-01  9.920524622101310E-01  9.920796624318264E-01
  9.922359576818167E-01  9.922625580785227E-01  9.922891221198153E-01
  9.922306465941632E-01  9.922572658121014E-01  9.922838486474345E-01
  9.922279897695667E-01  9.922546184027271E-01  9.922812106396799E-01
  9.924358275013448E-01  9.924618337114429E-01  9.924878039046788E-01
  9.924307026418346E-01  9.924567270661292E-01  9.924827154469592E-01
  9.924281389884140E-01  9.924541725242187E-01  9.924801700032516E-01
  9.926331714717050E-01  9.926585963380747E-01  9.926839855158709E-01
  9.926282273819119E-01  9.926536698762255E-01  9.926790766559345E-01
  9.926257541679568E-01  9.926512054804695E-01  9.926766210653558E-01
  9.928280680350601E-01  9.928529241235486E-01  9.928777448371332E-01
  9.928232994864160E-01  9.928481726365800E-01  9.928730103863560E-01
  9.928209140952780E-01  9.928457957803304E-01  9.928706420522467E-01
  9.930205926247672E-01  9.930448922325028E-01  9.930691567698678E-01
  9.930159946081666E-01  9.930403107305640E-01  9.930645917576298E-01
  9.930136945330553E-01  9.930380189166660E-01  9.930623081924592E-01
  9.932108175503108E-01  9.932345726523132E-01  9.932582929869327E-01
  9.932063852660414E-01  9.932301563542194E-01  9.932538926505611E-01
  9.932041681049808E-01  9.932279471899683E-01  9.932516914708872E-01
  9.933988122066026E-01  9.934220344304507E-01  9.934452221876594E-01
  9.933945410550701E-01  9.934177787543892E-01  9.934409819631099E-01
  9.933924045062514E-01  9.934156499468746E-01  9.934388608849145E-01
  9.935846434558789E-01  9.936073441305726E-01  9.936300106293849E-01
  9.935805290291768E-01  9.936032446857036E-01  9.936259261428690E-01
  9.935784708867418E-01  9.936011940376068E-01  9.936238829773660E-01
  9.937683765766008E-01  9.937905667954242E-01  9.938127231152208E-01
  9.937644146507331E-01  9.937866193741836E-01  9.938087901755847E-01
  9.937624328008769E-01  9.937846447799232E-01  9.938068228254039E-01
  9.939500771374554E-01  9.939717677548917E-01  9.939934247414920E-01
  9.939462636652486E-01  9.939679683259603E-01  9.939896393332505E-01
  9.939443560826712E-01  9.939660677681699E-01  9.939877457889486E-01
  9.941298129046147E-01  9.941510144805334E-01  9.941721826922149E-01
  9.941261440095130E-01  9.941473591826276E-01  9.941685409693413E-01
  9.941243087543141E-01  9.941455307290484E-01  9.941667193062949E-01
  9.943076535638848E-01  9.943283763441563E-01  9.943490660244609E-01
  9.943041255342115E-01  9.943248614802663E-01  9.943455643046022E-01
  9.943023607490195E-01  9.943231032808656E-01  9.943438126801121E-01
  9.944836665019843E-01  9.945039204783335E-01  9.945241416093732E-01
  9.944802757843348E-01  9.945005425091462E-01  9.945207763672940E-01
  9.944785796909864E-01  9.944988527928122E-01  9.945190930172929E-01
  9.946579096152958E-01  9.946777046017794E-01  9.946974669843148E-01
  9.946546528056893E-01  9.946744601369082E-01  9.946942348432035E-01
  9.946530237008151E-01  9.946728372070737E-01  9.946926180779165E-01
  9.948304255561565E-01  9.948497711973161E-01  9.948690844675271E-01
  9.948272993892688E-01  9.948466569845874E-01  9.948659821883420E-01
  9.948257356388988E-01  9.948450992138625E-01  9.948644303869504E-01
  9.950012439533912E-01  9.950201496674784E-01  9.950390232419758E-01
  9.949982452928194E-01  9.950171625831867E-01  9.950360477136962E-01
  9.949967453275135E-01  9.950156684084851E-01  9.950345593194605E-01
  9.951703981606139E-01  9.951888730993961E-01  9.952073161275096E-01
  9.951675239954458E-01  9.951860101448401E-01  9.952044643636355E-01
  9.951660863085857E-01  9.951845780656525E-01  9.952030378821517E-01
  9.953379614835848E-01  9.953560145580969E-01  9.953740359413054E-01
  9.953352089378003E-01  9.953532728689907E-01  9.953713050892732E-01
  9.953338320903030E-01  9.953519014521062E-01  9.953699390931957E-01
  9.955041048291817E-01  9.955217447792094E-01  9.955393532471194E-01
  9.955014711906536E-01  9.955191216547692E-01  9.955367406174730E-01
  9.955001538254039E-01  9.955178095487486E-01  9.955354337610306E-01
