  3.444391703679589E+00  3.438210743905664E+00  3.432027062639965E+00

  1.006557680037681E+00  1.006531700502112E+00  1.006505769030459E+00
  1.006801318614172E+00  1.006774719541514E+00  1.006748168931509E+00
  1.007045680166986E+00  1.007018452561657E+00  1.006991273830462E+00
  1.006559260565931E+00  1.006533274746400E+00  1.006507337002377E+00
  1.006802963466566E+00  1.006776357921580E+00  1.006749800851039E+00
  1.007047389850305E+00  1.007020155581591E+00  1.006992970199006E+00
  1.006560050943508E+00  1.006534061981510E+00  1.006508121100818E+00
  1.006803786008607E+00  1.006777177226976E+00  1.006750616925686E+00
  1.007048244809621E+00  1.007021007208741E+00  1.006993818499990E+00
  1.006560050943508E+00  1.006534061981510E+00  1.006508121100818E+00
  1.006803786008607E+00  1.006777177226976E+00  1.006750616925686E+00
  1.007048244809621E+00  1.007021007208741E+00  1.006993818499990E+00
  1.006559260565931E+00  1.006533274746400E+00  1.006507337002377E+00
  1.006802963466566E+00  1.006776357921580E+00  1.006749800851039E+00
  1.007047389850305E+00  1.007020155581591E+00  1.006992970199006E+00
  1.006557680037681E+00  1.006531700502112E+00  1.006505769030459E+00
  1.006801318614172E+00  1.006774719541514E+00  1.006748168931509E+00
  1.007045680166986E+00  1.007018452561657E+00  1.006991273830462E+00
  1.006555309800264E+00  1.006529339688343E+00  1.006503417622953E+00
  1.006798851906537E+00  1.006772262540049E+00  1.006745721618534E+00
  1.007043116226508E+00  1.007015898613935E+00  1.006988729857509E+00
  1.006552150503444E+00  1.006526192952279E+00  1.006500283424477E+00
  1.006795564017033E+00  1.006768987587908E+00  1.006742459580189E+00
  1.007039698724209E+00  1.007012494431049E+00  1.006985338970060E+00
  1.006548203007718E+00  1.006522261151071E+00  1.006496367288838E+00
  1.006791455838321E+00  1.006764895574286E+00  1.006738383702212E+00
  1.007035428583906E+00  1.007008240933243E+00  1.006981102084796E+00
  1.006543468387547E+00  1.006517545355016E+00  1.006491670282179E+00
  1.006786528484983E+00  1.006759987609463E+00  1.006733495090589E+00
  1.007030306959582E+00  1.007003139270058E+00  1.006976020346823E+00
  1.006537947934829E+00  1.006512046851004E+00  1.006486193686390E+00
  1.006780783296594E+00  1.006754265027844E+00  1.006727795074562E+00
  1.007024335237594E+00  1.006997190822519E+00  1.006970095131843E+00
  1.006531643160418E+00  1.006505767144022E+00  1.006479939000600E+00
  1.006774221839382E+00  1.006747729389604E+00  1.006721285208266E+00
  1.007017515038399E+00  1.006990397204850E+00  1.006963328047855E+00
  1.006524555794509E+00  1.006498707957536E+00  1.006472907941562E+00
  1.006766845907150E+00  1.006740382481609E+00  1.006713967271642E+00
  1.007009848217905E+00  1.006982760265813E+00  1.006955720936495E+00
  1.006516687787888E+00  1.006490871234749E+00  1.006465102444905E+00
  1.006758657522487E+00  1.006732226318624E+00  1.006705843271644E+00
  1.007001336868809E+00  1.006974282090051E+00  1.006947275874361E+00
  1.006508041312446E+00  1.006482259139102E+00  1.006456524665637E+00
  1.006749658937705E+00  1.006723263144246E+00  1.006696915443169E+00
  1.006991983321946E+00  1.006964964999425E+00  1.006937995174355E+00
  1.006498618762845E+00  1.006472874055941E+00  1.006447176979807E+00
  1.006739852636426E+00  1.006713495432486E+00  1.006687186250637E+00
  1.006981790147931E+00  1.006954811554650E+00  1.006927881387314E+00
  1.006488422757907E+00  1.006462718593901E+00  1.006437061985876E+00
  1.006729241335199E+00  1.006702925889379E+00  1.006676658389587E+00
  1.006970760158926E+00  1.006943824557059E+00  1.006916937303760E+00
  1.006477456142470E+00  1.006451795586745E+00  1.006426182506558E+00
  1.006717827985308E+00  1.006691557454785E+00  1.006665334788474E+00
  1.006958896410518E+00  1.006932007050470E+00  1.006905165955760E+00
  1.006465721987966E+00  1.006440108093948E+00  1.006414541589387E+00
  1.006705615774051E+00  1.006679393303661E+00  1.006653218609935E+00
  1.006946202203575E+00  1.006919362323035E+00  1.006892570618776E+00
  1.006453223595905E+00  1.006427659404163E+00  1.006402142510187E+00
  1.006692608127515E+00  1.006666436848825E+00  1.006640313253546E+00
  1.006932681086473E+00  1.006905893909457E+00  1.006879154813863E+00
  1.006439964497788E+00  1.006414453035136E+00  1.006388988772969E+00
  1.006678808711469E+00  1.006652691741845E+00  1.006626622356698E+00
  1.006918336856891E+00  1.006891605592781E+00  1.006864922309456E+00
  1.006425948457528E+00  1.006400492736112E+00  1.006375084112338E+00
  1.006664221433619E+00  1.006638161875288E+00  1.006612149796844E+00
  1.006903173563927E+00  1.006876501406500E+00  1.006849877123470E+00
  1.006411179473242E+00  1.006385782489625E+00  1.006360432495275E+00
  1.006648850445490E+00  1.006622851384588E+00  1.006596899693358E+00
  1.006887195510155E+00  1.006860585636601E+00  1.006834023525335E+00
  1.006395661778455E+00  1.006370326512693E+00  1.006345038122318E+00
  1.006632700143997E+00  1.006606764649616E+00  1.006580876409097E+00
  1.006870407253577E+00  1.006843862823510E+00  1.006817366037935E+00
  1.006379399843915E+00  1.006354129258626E+00  1.006328905429373E+00
  1.006615775173366E+00  1.006589906296589E+00  1.006564084552301E+00
  1.006852813609630E+00  1.006826337764096E+00  1.006799909439600E+00
  1.006362398379077E+00  1.006337195418506E+00  1.006312039089176E+00
  1.006598080426843E+00  1.006572281199774E+00  1.006546528978292E+00
  1.006834419653146E+00  1.006808015513613E+00  1.006781658766044E+00
  1.006344662333950E+00  1.006319529923020E+00  1.006294444013133E+00
  1.006579621048510E+00  1.006553894483296E+00  1.006528214791271E+00
  1.006815230720219E+00  1.006788901387571E+00  1.006762619312226E+00
  1.006326196899793E+00  1.006301137943158E+00  1.006276125351997E+00
  1.006560402434540E+00  1.006534751522385E+00  1.006509147345567E+00
  1.006795252409892E+00  1.006769000963404E+00  1.006742796634014E+00
  1.006307007511387E+00  1.006282024892475E+00  1.006257088498137E+00
  1.006540430235037E+00  1.006514857945215E+00  1.006489332247458E+00
  1.006774490585808E+00  1.006748320082126E+00  1.006722196549829E+00
  1.006287099846652E+00  1.006262196426702E+00  1.006237339085134E+00
  1.006519710354551E+00  1.006494219633405E+00  1.006468775355677E+00
  1.006752951377489E+00  1.006726864849594E+00  1.006700825141905E+00
  1.006266479828919E+00  1.006241658446018E+00  1.006216882990056E+00
  1.006498248953922E+00  1.006472842723865E+00  1.006447482783244E+00
  1.006730641181818E+00  1.006704641637989E+00  1.006678688757768E+00
  1.006245153627330E+00  1.006220417095439E+00  1.006195726333837E+00
  1.006476052451023E+00  1.006450733609533E+00  1.006425460898205E+00
  1.006707566664141E+00  1.006681657086912E+00  1.006655794011316E+00
  1.006223127657467E+00  1.006198478765451E+00  1.006173875481908E+00
  1.006453127521488E+00  1.006427898940094E+00  1.006402716324346E+00
  1.006683734759118E+00  1.006657918104235E+00  1.006632147783679E+00
  1.006200408581705E+00  1.006175850092351E+00  1.006151337044541E+00
  1.006429481099218E+00  1.006404345622491E+00  1.006379255941697E+00
  1.006659152671390E+00  1.006633431866753E+00  1.006607757223862E+00
  1.006177003309306E+00  1.006152537958351E+00  1.006128117876941E+00
  1.006405120376584E+00  1.006380080821123E+00  1.006355086886732E+00
  1.006633827875981E+00  1.006608205820600E+00  1.006582629749153E+00
  1.006152918996905E+00  1.006128549492053E+00  1.006104225079728E+00
  1.006380052804870E+00  1.006355111958280E+00  1.006330216552804E+00
  1.006607768118584E+00  1.006582247681521E+00  1.006556773045403E+00
  1.006128163047763E+00  1.006103892067707E+00  1.006079665998194E+00
  1.006354286093730E+00  1.006329446713614E+00  1.006304652589612E+00
  1.006580981415355E+00  1.006555565434671E+00  1.006530195066822E+00
  1.006102743111418E+00  1.006078573304862E+00  1.006054448221951E+00
  1.006327828210823E+00  1.006303093023762E+00  1.006278402902828E+00
  1.006553476052515E+00  1.006528167334215E+00  1.006502904035578E+00
  1.006076667082889E+00  1.006052601067572E+00  1.006028579584144E+00
  1.006300687381055E+00  1.006276059081596E+00  1.006251475653345E+00
  1.006525260585643E+00  1.006500061902629E+00  1.006474908441095E+00
  1.006049943101264E+00  1.006025983462988E+00  1.006002068160042E+00
  1.006272872085366E+00  1.006248353335014E+00  1.006223879256079E+00
  1.006496343838637E+00  1.006471257929657E+00  1.006446217039029E+00
  1.006022579549184E+00  1.005998728840845E+00  1.005974922266534E+00
  1.006244391059818E+00  1.006219984486031E+00  1.006195622379055E+00
  1.006466734902459E+00  1.006441764471066E+00  1.006416838850009E+00
  1.005994585050543E+00  1.005970845791168E+00  1.005947150459837E+00
  1.006215253293523E+00  1.006190961488711E+00  1.006166713941354E+00
  1.006436443133305E+00  1.006411590846815E+00  1.006386783157825E+00
  1.005965968468253E+00  1.005942343142046E+00  1.005918761533278E+00
  1.006185468026414E+00  1.006161293546949E+00  1.006137163110895E+00
  1.006405478150437E+00  1.006380746638907E+00  1.006356059507283E+00
  1.005936738902103E+00  1.005913229957495E+00  1.005889764515164E+00
  1.006155044747060E+00  1.006130990112290E+00  1.006106979302265E+00
  1.006373849833858E+00  1.006349241689057E+00  1.006324677701880E+00
  1.005906905686866E+00  1.005883515535581E+00  1.005860168666917E+00
  1.006123993190351E+00  1.006100060881629E+00  1.006076172174431E+00
  1.006341568321619E+00  1.006317086096023E+00  1.006292647801146E+00
  1.005876478388357E+00  1.005853209404477E+00  1.005829983479140E+00
  1.006092323333825E+00  1.006068515793543E+00  1.006044751627078E+00
  1.006308644006482E+00  1.006284290212269E+00  1.006259980117321E+00
  1.005845466800602E+00  1.005822321319661E+00  1.005799218668825E+00
  1.006060045394548E+00  1.006036365025191E+00  1.006012727797527E+00
  1.006275087532412E+00  1.006250864640479E+00  1.006226685211880E+00
  1.005813880942244E+00  1.005790861260318E+00  1.005767884175775E+00
  1.006027169825280E+00  1.006003618988486E+00  1.005980111056918E+00
  1.006240909790617E+00  1.006216820229610E+00  1.006192773891598E+00
  1.005781731052181E+00  1.005758839425005E+00  1.005735990158275E+00
  1.005993707310131E+00  1.005970288325774E+00  1.005946912005903E+00
  1.006206121915175E+00  1.006182168070528E+00  1.006158257204210E+00
  1.005749027585511E+00  1.005726266227609E+00  1.005703546989074E+00
  1.005959668760214E+00  1.005936383905496E+00  1.005913141470332E+00
  1.006170735278347E+00  1.006146919491347E+00  1.006123146433760E+00
  1.005715781209007E+00  1.005693152292833E+00  1.005670565250881E+00
  1.005925065308807E+00  1.005901916817377E+00  1.005878810496449E+00
  1.006134761485497E+00  1.006111086052367E+00  1.006087453095559E+00
  1.005682002795673E+00  1.005659508450782E+00  1.005637055730978E+00
  1.005889908305855E+00  1.005866898366941E+00  1.005843930345436E+00
  1.006098212369541E+00  1.006074679540538E+00  1.006051188930673E+00
  1.005647703419919E+00  1.005625345732148E+00  1.005603029416418E+00
  1.005854209312723E+00  1.005831340070286E+00  1.005808512488207E+00
  1.006061099985204E+00  1.006037711963742E+00  1.006014365900226E+00
  1.005612894351569E+00  1.005590675362249E+00  1.005568497488089E+00
  1.005817980096093E+00  1.005795253648009E+00  1.005772568599352E+00
  1.006023436602776E+00  1.006000195544578E+00  1.005976996179205E+00
  1.005577587050497E+00  1.005555508755678E+00  1.005533471315386E+00
  1.005781232621937E+00  1.005758651019195E+00  1.005736110551151E+00
  1.005985234701554E+00  1.005962142713820E+00  1.005939092149947E+00
  1.005541793159397E+00  1.005519857509101E+00  1.005497962449032E+00
  1.005743979048428E+00  1.005721544294357E+00  1.005699150406546E+00
  1.005946506962768E+00  1.005923566103374E+00  1.005900666395123E+00
  1.005505524497996E+00  1.005483733395502E+00  1.005461982615347E+00
  1.005706231719391E+00  1.005683945768916E+00  1.005661700412634E+00
  1.005907266262378E+00  1.005884478539105E+00  1.005861731690586E+00
  1.005468793055395E+00  1.005447148356539E+00  1.005425543708633E+00
  1.005668003156768E+00  1.005645867915689E+00  1.005623772993196E+00
  1.005867525663432E+00  1.005844893033216E+00  1.005822300997788E+00
  1.005431610984172E+00  1.005410114496684E+00  1.005388657785339E+00
  1.005629306053637E+00  1.005607323377939E+00  1.005585380741771E+00
  1.005827298408224E+00  1.005804822776449E+00  1.005782387456003E+00
  1.005393990591367E+00  1.005372644074229E+00  1.005351337055102E+00
  1.005590153265517E+00  1.005568324960713E+00  1.005546536413019E+00
  1.005786597909838E+00  1.005764281129644E+00  1.005742004373924E+00
  1.005355944331615E+00  1.005334749494457E+00  1.005313593873935E+00
  1.005550557802811E+00  1.005528885623309E+00  1.005507252915226E+00
  1.005745437743755E+00  1.005723281615396E+00  1.005701165221351E+00
  1.005317484799839E+00  1.005296443302359E+00  1.005275440736991E+00
  1.005510532822719E+00  1.005489018471232E+00  1.005467543302291E+00
  1.005703831639130E+00  1.005681837909353E+00  1.005659883620518E+00
  1.005278624721724E+00  1.005257738173144E+00  1.005236890269092E+00
  1.005470091619844E+00  1.005448736746822E+00  1.005427420764385E+00
  1.005661793469469E+00  1.005639963830935E+00  1.005618173336853E+00
  1.005239376946120E+00  1.005218646904674E+00  1.005197955217201E+00
  1.005429247617796E+00  1.005408053820898E+00  1.005386898619631E+00
  1.005619337243407E+00  1.005597673334143E+00  1.005576048269822E+00
  1.005199754436014E+00  1.005179182408467E+00  1.005158648441463E+00
  1.005388014359923E+00  1.005366983183527E+00  1.005345990304909E+00
  1.005576477095161E+00  1.005554980498053E+00  1.005533522443455E+00
  1.005159770260747E+00  1.005139357701953E+00  1.005118982907489E+00
  1.005346405500642E+00  1.005325538435387E+00  1.005304709367251E+00
  1.005533227274899E+00  1.005511899517222E+00  1.005490609996796E+00
  1.005119437585819E+00  1.005099185898310E+00  1.005078971676230E+00
  1.005304434795151E+00  1.005283733277514E+00  1.005263069453631E+00
  1.005489602138540E+00  1.005468444691526E+00  1.005447325173773E+00
  1.005078769664201E+00  1.005058680197816E+00  1.005038627895364E+00
  1.005262116090172E+00  1.005241581502089E+00  1.005221084301784E+00
  1.005445616137697E+00  1.005424630416138E+00  1.005403682313224E+00
  1.005037779827314E+00  1.005017853878861E+00  1.004997964790346E+00
  1.005219463314285E+00  1.005199096982804E+00  1.005178767730612E+00
  1.005401283809423E+00  1.005380471171322E+00  1.005359695838721E+00
  1.004996481475447E+00  1.004976720288400E+00  1.004956995654898E+00
  1.005176490467866E+00  1.005156293664841E+00  1.005136133630201E+00
  1.005356619765731E+00  1.005335981511988E+00  1.005315380248170E+00
  1.004954888068037E+00  1.004935292832281E+00  1.004915733841368E+00
  1.005133211613018E+00  1.005113185554845E+00  1.005093195951835E+00
  1.005311638683050E+00  1.005291176057188E+00  1.005270750103350E+00
  1.004913013114378E+00  1.004893584965979E+00  1.004874192751514E+00
  1.005089640863669E+00  1.005069786711055E+00  1.005049968698169E+00
  1.005266355291661E+00  1.005246069479599E+00  1.005225820019434E+00
  1.004870870164337E+00  1.004851610185355E+00  1.004832385827289E+00
  1.005045792375573E+00  1.005026111233351E+00  1.005006465913304E+00
  1.005220784365040E+00  1.005200676494900E+00  1.005180604654410E+00
  1.004828472797938E+00  1.004809382016284E+00  1.004790326540517E+00
  1.005001680335625E+00  1.004982173252606E+00  1.004962701672194E+00
  1.005174940708963E+00  1.005155011850928E+00  1.005135118698272E+00
  1.004785834615767E+00  1.004766914005091E+00  1.004748028383358E+00
  1.004957318951874E+00  1.004937986920741E+00  1.004918690070732E+00
  1.005128839150832E+00  1.005109090317036E+00  1.005089376862432E+00
  1.004742969230394E+00  1.004724219710014E+00  1.004705504859819E+00
  1.004912722443799E+00  1.004893566401040E+00  1.004874445216106E+00
  1.005082494529001E+00  1.005062926673469E+00  1.005043393869127E+00
  1.004699890254966E+00  1.004681312689837E+00  1.004662769474421E+00
  1.004867905031047E+00  1.004848925856928E+00  1.004829981215623E+00
  1.005035921681701E+00  1.005016535700331E+00  1.004997184440436E+00
  1.004656611294488E+00  1.004638206495210E+00  1.004619835723556E+00
  1.004822880923879E+00  1.004804079442461E+00  1.004785312167232E+00
  1.004989135436449E+00  1.004969932167027E+00  1.004950763287759E+00
  1.004613145935826E+00  1.004594914658689E+00  1.004576717085570E+00
  1.004777664312817E+00  1.004759041292008E+00  1.004740452149254E+00
  1.004942150599329E+00  1.004923130821600E+00  1.004904145101197E+00
  1.004569507738563E+00  1.004551450685631E+00  1.004533427011695E+00
  1.004732269358688E+00  1.004713825510340E+00  1.004695415210502E+00
  1.004894981944381E+00  1.004876146380148E+00  1.004857344539012E+00
  1.004525710224674E+00  1.004507828043908E+00  1.004489978915796E+00
  1.004686710182252E+00  1.004668446162294E+00  1.004650215359993E+00
  1.004847644202963E+00  1.004828993516239E+00  1.004810376217084E+00
  1.004481766869774E+00  1.004464060155193E+00  1.004446386165704E+00
  1.004641000854609E+00  1.004622917263221E+00  1.004604866557428E+00
  1.004800152053424E+00  1.004781686850616E+00  1.004763254698655E+00
  1.004437691093646E+00  1.004420160385523E+00  1.004402662073809E+00
  1.004595155387390E+00  1.004577252769218E+00  1.004559382703471E+00
  1.004752520110795E+00  1.004734240940936E+00  1.004715994484106E+00
  1.004393496251074E+00  1.004376142036171E+00  1.004358819887974E+00
  1.004549187722957E+00  1.004531466567361E+00  1.004513777630015E+00
  1.004704762916557E+00  1.004686670271571E+00  1.004668610000807E+00
  1.004349195622481E+00  1.004332018334325E+00  1.004314872782245E+00
  1.004503111724776E+00  1.004485572466124E+00  1.004468065090638E+00
  1.004656894928583E+00  1.004638989243597E+00  1.004621115593136E+00
  1.004304802404959E+00  1.004287802424143E+00  1.004270833847949E+00
  1.004456941168050E+00  1.004439584186043E+00  1.004422258751311E+00
  1.004608930511323E+00  1.004591212165014E+00  1.004573525512743E+00
  1.004260329704188E+00  1.004243507358719E+00  1.004226716085688E+00
  1.004410689730857E+00  1.004393515350892E+00  1.004376372181605E+00
  1.004560883926236E+00  1.004543353241211E+00  1.004525853909055E+00
  1.004215790525125E+00  1.004199146090800E+00  1.004182532396098E+00
  1.004364370984708E+00  1.004347379478282E+00  1.004330418845323E+00
  1.004512769322233E+00  1.004495426565461E+00  1.004478114819799E+00
  1.004171197763969E+00  1.004154731464789E+00  1.004138295571879E+00
  1.004317998386070E+00  1.004301189971210E+00  1.004284412092098E+00
  1.004464600726535E+00  1.004447446109798E+00  1.004430322161928E+00
  1.004126564200147E+00  1.004110276208759E+00  1.004094018289848E+00
  1.004271585267722E+00  1.004254960109460E+00  1.004238365148810E+00
  1.004416392035642E+00  1.004399425716038E+00  1.004382489722668E+00
  1.004081902487944E+00  1.004065792926121E+00  1.004049713102636E+00
  1.004225144830213E+00  1.004208703041087E+00  1.004192291111119E+00
  1.004368157006516E+00  1.004351379086984E+00  1.004334631150765E+00
  1.004037225148672E+00  1.004021294087823E+00  1.004005392430921E+00
  1.004178690133797E+00  1.004162431774388E+00  1.004146202935460E+00
  1.004319909248106E+00  1.004303319777994E+00  1.004286759948079E+00
  1.003992544563946E+00  1.003976792025653E+00  1.003961068556759E+00
  1.004132234090841E+00  1.004116159170342E+00  1.004100113431520E+00
  1.004271662213179E+00  1.004255261188837E+00  1.004238889461483E+00
  1.003947872967383E+00  1.003932298923975E+00  1.003916753615350E+00
  1.004085789457800E+00  1.004069897934614E+00  1.004054035254265E+00
  1.004223429190277E+00  1.004207216555691E+00  1.004191032874882E+00
  1.003903222438544E+00  1.003887826813693E+00  1.003872459589035E+00
  1.004039368828318E+00  1.004023660610686E+00  1.004007980897112E+00
  1.004175223296142E+00  1.004159198943591E+00  1.004143203201698E+00
  1.003858604895490E+00  1.003843387564838E+00  1.003828198299905E+00
  1.003992984625816E+00  1.003977459572477E+00  1.003961962684566E+00
  1.004127057468267E+00  1.004111221239012E+00  1.004095413277485E+00
  1.003814032088789E+00  1.003798992880601E+00  1.003783981403864E+00
  1.003946649097039E+00  1.003931307017914E+00  1.003915992765827E+00
  1.004078944457879E+00  1.004063296142885E+00  1.004047675752966E+00
  1.003769515594896E+00  1.003754654290742E+00  1.003739820384063E+00
  1.003900374305174E+00  1.003885214962076E+00  1.003870083107959E+00
  1.004030896823054E+00  1.004015436163730E+00  1.004000003087200E+00
  1.003725066810229E+00  1.003710383145684E+00  1.003695726545018E+00
  1.003854172123862E+00  1.003839195231237E+00  1.003824245489952E+00
  1.003982926922326E+00  1.003967653611301E+00  1.003952407541248E+00
  1.003680696946258E+00  1.003666190611631E+00  1.003651711007753E+00
  1.003808054231581E+00  1.003793259457264E+00  1.003778491497154E+00
  1.003935046908605E+00  1.003919960590521E+00  1.003904901172136E+00
  1.003636417022980E+00  1.003622087664062E+00  1.003607784703316E+00
  1.003762032105378E+00  1.003747419071380E+00  1.003732832515050E+00
  1.003887268723167E+00  1.003872368995503E+00  1.003857495826899E+00
  1.003592237864486E+00  1.003578085083323E+00  1.003563958368389E+00
  1.003716117016134E+00  1.003701685299450E+00  1.003687279724569E+00
  1.003839604090319E+00  1.003824890504230E+00  1.003810203137282E+00
  1.003548170094229E+00  1.003534193449913E+00  1.003520242540599E+00
  1.003670320023419E+00  1.003656069156851E+00  1.003641844096982E+00
  1.003792064512199E+00  1.003777536573379E+00  1.003763034514590E+00
  1.003504224130398E+00  1.003490423139875E+00  1.003476647553923E+00
  1.003624651970913E+00  1.003610581443920E+00  1.003596536389362E+00
  1.003744661263953E+00  1.003730318433526E+00  1.003716001144905E+00
  1.003460410181966E+00  1.003446784320865E+00  1.003433183534783E+00
  1.003579123482035E+00  1.003565232741594E+00  1.003551367140248E+00
  1.003697405389176E+00  1.003683247084593E+00  1.003669113984560E+00
  1.003416738244008E+00  1.003403286947486E+00  1.003389860397385E+00
  1.003533744955530E+00  1.003520033407020E+00  1.003506346665264E+00
  1.003650307695659E+00  1.003636333291614E+00  1.003622383755913E+00
  1.003373218095030E+00  1.003359940758630E+00  1.003346687841082E+00
  1.003488526562322E+00  1.003474993570412E+00  1.003461485053995E+00
  1.003603378751714E+00  1.003589587581075E+00  1.003575820943704E+00
  1.003329859293021E+00  1.003316755273544E+00  1.003303675346458E+00
  1.003443478241737E+00  1.003430123131302E+00  1.003416792166252E+00
  1.003556628882594E+00  1.003543020237353E+00  1.003529435791511E+00
  1.003286671173119E+00  1.003273739789514E+00  1.003260832173018E+00
  1.003398609698648E+00  1.003385431755696E+00  1.003372277629251E+00
  1.003510068167273E+00  1.003496641299524E+00  1.003483238298579E+00
  1.003243662843739E+00  1.003230903378002E+00  1.003218167355342E+00
  1.003353930400126E+00  1.003340928872749E+00  1.003327950834296E+00
  1.003463706435373E+00  1.003450460558300E+00  1.003437238216787E+00
  1.003200843185525E+00  1.003188254883616E+00  1.003175689702073E+00
  1.003309449573578E+00  1.003296623672901E+00  1.003283820934935E+00
  1.003417553264671E+00  1.003404487553545E+00  1.003391445048152E+00
  1.003158220847804E+00  1.003145802920563E+00  1.003133407792369E+00
  1.003265176203767E+00  1.003252525104905E+00  1.003239896843980E+00
  1.003371617978743E+00  1.003358731571906E+00  1.003345868042468E+00
  1.003115804247461E+00  1.003103555871540E+00  1.003091329974799E+00
  1.003221119031589E+00  1.003208641874610E+00  1.003196187232297E+00
  1.003325909645310E+00  1.003313201645186E+00  1.003300516195682E+00
  1.003073601567818E+00  1.003061521886611E+00  1.003049464366238E+00
  1.003177286552434E+00  1.003164982443370E+00  1.003152700527264E+00
  1.003280437074378E+00  1.003267906548556E+00  1.003255398248180E+00
  1.003031620756428E+00  1.003019708881051E+00  1.003007818849739E+00
  1.003133687013809E+00  1.003121555025723E+00  1.003109444910500E+00
  1.003235208815826E+00  1.003222854798217E+00  1.003210522682533E+00
  1.002989869523407E+00  1.002978124533695E+00  1.002966401072910E+00
  1.003090328413733E+00  1.003078367587750E+00  1.003066428316212E+00
  1.003190233157537E+00  1.003178054649447E+00  1.003165897721487E+00
  1.002948355341320E+00  1.002936776286792E+00  1.002925218447750E+00
  1.003047218500778E+00  1.003035427846956E+00  1.003023658430926E+00
  1.003145518125658E+00  1.003133514096568E+00  1.003121531327647E+00
  1.002907085444243E+00  1.002895671344966E+00  1.002884278149507E+00
  1.003004364774976E+00  1.002992743272995E+00  1.002981142694017E+00
  1.003101071487421E+00  1.003089240875502E+00  1.003077431205750E+00
  1.002866066828965E+00  1.002854816676343E+00  1.002843587117717E+00
  1.002961774489949E+00  1.002950321089934E+00  1.002938888300048E+00
  1.003056900754190E+00  1.003045242467151E+00  1.003033604806268E+00
  1.002825306256007E+00  1.002814219013704E+00  1.002803152057464E+00
  1.002919454651838E+00  1.002908168275805E+00  1.002896902198901E+00
  1.003013013178411E+00  1.003001526095463E+00  1.002990059324516E+00
  1.002784810248069E+00  1.002773884853317E+00  1.002762979438573E+00
  1.002877412012364E+00  1.002866291556340E+00  1.002855191090218E+00
  1.002969415741398E+00  1.002958098716170E+00  1.002946801690467E+00
  1.002744585086471E+00  1.002733820451687E+00  1.002723075492702E+00
  1.002835653061225E+00  1.002824697396964E+00  1.002813761415200E+00
  1.002926115141559E+00  1.002914967003960E+00  1.002903838555201E+00
  1.002704636806986E+00  1.002694031820951E+00  1.002683446208435E+00
  1.002794184029157E+00  1.002783392003720E+00  1.002772619355576E+00
  1.002883117804365E+00  1.002872137358609E+00  1.002861176293477E+00
  1.002664971205721E+00  1.002654524733403E+00  1.002644097334528E+00
  1.002753010913470E+00  1.002742381346272E+00  1.002731770853962E+00
  1.002840429927035E+00  1.002829615945927E+00  1.002818821040615E+00
  1.002625593855210E+00  1.002615304736338E+00  1.002605034393385E+00
  1.002712139511534E+00  1.002701671192007E+00  1.002691221647980E+00
  1.002798057530076E+00  1.002787408751680E+00  1.002776778747745E+00
  1.002586510122841E+00  1.002576377171402E+00  1.002566262700964E+00
  1.002671575423750E+00  1.002661267115484E+00  1.002650977285482E+00
  1.002756006445796E+00  1.002745521582045E+00  1.002735055193154E+00
  1.002547725166840E+00  1.002537747174837E+00  1.002527787370915E+00
  1.002631323985703E+00  1.002621174439946E+00  1.002611043075518E+00
  1.002714282187782E+00  1.002703959947625E+00  1.002693655881369E+00
  1.002509243889894E+00  1.002499419636254E+00  1.002489613278680E+00
  1.002591390147538E+00  1.002581398118803E+00  1.002571423973483E+00
  1.002672889755823E+00  1.002662728867723E+00  1.002652585849686E+00
  1.002471070870221E+00  1.002461399129558E+00  1.002451744993297E+00
  1.002551778412478E+00  1.002541942658628E+00  1.002532124490936E+00
  1.002631833578795E+00  1.002621832782628E+00  1.002611849553576E+00
  1.002433210340191E+00  1.002423689880817E+00  1.002414186735851E+00
  1.002512492981644E+00  1.002502812233418E+00  1.002493148780233E+00
  1.002591117821177E+00  1.002581275809791E+00  1.002571451073062E+00
  1.002395666296028E+00  1.002386295859648E+00  1.002376942452856E+00
  1.002473538137877E+00  1.002464011046336E+00  1.002454500971302E+00
  1.002550747038975E+00  1.002541062373279E+00  1.002531394709721E+00
  1.002358442739744E+00  1.002349221010199E+00  1.002340016034302E+00
  1.002434918642048E+00  1.002425543746059E+00  1.002416185601516E+00
  1.002510726735940E+00  1.002501197809998E+00  1.002491685631876E+00
  1.002321543899132E+00  1.002312469487079E+00  1.002303411561504E+00
  1.002396639695699E+00  1.002387415466382E+00  1.002378207726179E+00
  1.002471063082107E+00  1.002461688225519E+00  1.002452329859479E+00
  1.002284974154550E+00  1.002276045632122E+00  1.002267133330285E+00
  1.002358706095013E+00  1.002349631083677E+00  1.002340572279740E+00
  1.002431761309140E+00  1.002422539046903E+00  1.002413332978327E+00
  1.002248737453845E+00  1.002239953454033E+00  1.002231185395622E+00
  1.002321120656062E+00  1.002312193701535E+00  1.002303282629352E+00
  1.002392823150329E+00  1.002383752518555E+00  1.002374697710431E+00
  1.002212836272884E+00  1.002204195626537E+00  1.002195570613127E+00
  1.002283882607926E+00  1.002275102993427E+00  1.002266338881873E+00
  1.002354244652500E+00  1.002345325377792E+00  1.002336421477146E+00
  1.002177270543595E+00  1.002168772388343E+00  1.002160289519822E+00
  1.002246986959992E+00  1.002238354406105E+00  1.002229736933781E+00
  1.002316015954962E+00  1.002307248335048E+00  1.002298495592829E+00
  1.002142037149149E+00  1.002133680941049E+00  1.002125339641376E+00
  1.002210425496114E+00  1.002201939955439E+00  1.002193469066218E+00
  1.002278123755686E+00  1.002269508239541E+00  1.002260907118652E+00
  1.002107130409325E+00  1.002098915811176E+00  1.002090715730268E+00
  1.002174189154795E+00  1.002165850491901E+00  1.002157526080171E+00
  1.002240555577764E+00  1.002232092236772E+00  1.002223642880645E+00
  1.002072543467509E+00  1.002064470154712E+00  1.002056410979680E+00
  1.002138270684237E+00  1.002130078398917E+00  1.002121900018945E+00
  1.002203303708652E+00  1.002194991874135E+00  1.002186693711316E+00
  1.002038269994841E+00  1.002030337466206E+00  1.002022418726457E+00
  1.002102666271188E+00  1.002094619396696E+00  1.002086586136621E+00
  1.002166366785359E+00  1.002158205030332E+00  1.002150056713407E+00
  1.002004305450325E+00  1.001996512924884E+00  1.001988733876037E+00
  1.002067375481057E+00  1.002059472679023E+00  1.002051583236103E+00
  1.002129748441627E+00  1.002121734871507E+00  1.002113734541094E+00
  1.001970647435965E+00  1.001962993862918E+00  1.001955353484384E+00
  1.002032399874460E+00  1.002024639634719E+00  1.002016892510259E+00
  1.002093454193484E+00  1.002085586836173E+00  1.002077732513247E+00
  1.001937295210998E+00  1.001929779357223E+00  1.001922276434043E+00
  1.001997741332027E+00  1.001990122146727E+00  1.001982515829146E+00
  1.002057488561885E+00  1.002049765630724E+00  1.002042055503048E+00
  1.001904248845580E+00  1.001896869395028E+00  1.001889502619216E+00
  1.001963401030874E+00  1.001955921463071E+00  1.001948454509925E+00
  1.002021853851284E+00  1.002014273785127E+00  1.002006706272325E+00
  1.001871508532614E+00  1.001864264147375E+00  1.001857032184782E+00
  1.001929379353736E+00  1.001922038008475E+00  1.001914709025907E+00
  1.001986550642282E+00  1.001979111987546E+00  1.001971685634278E+00
  1.001839074309287E+00  1.001831963642078E+00  1.001824865149759E+00
  1.001895676362478E+00  1.001888471824086E+00  1.001881279404293E+00
  1.001951579016044E+00  1.001944280288327E+00  1.001936993621508E+00
  1.001806946111780E+00  1.001799967791358E+00  1.001793001404555E+00
  1.001862292266930E+00  1.001855223060909E+00  1.001848165739465E+00
  1.001916939444829E+00  1.001909779066266E+00  1.001902630521719E+00
  1.001775123928681E+00  1.001768276545409E+00  1.001761440862069E+00
  1.001829227567873E+00  1.001822292163585E+00  1.001815368418054E+00
  1.001882632931963E+00  1.001875609250373E+00  1.001868597184796E+00
  1.001743607877068E+00  1.001736889981733E+00  1.001730183559754E+00
  1.001796482919224E+00  1.001789679754073E+00  1.001782888027196E+00
  1.001848660662865E+00  1.001841772001263E+00  1.001834894741282E+00
  1.001712398165279E+00  1.001705808278225E+00  1.001699229643855E+00
  1.001764058927626E+00  1.001757386427522E+00  1.001750725148977E+00
  1.001815023639843E+00  1.001808268328552E+00  1.001801524206125E+00
  1.001681495009961E+00  1.001675031631516E+00  1.001668579290027E+00
  1.001731956049628E+00  1.001725412635470E+00  1.001718880229881E+00
  1.001781722556561E+00  1.001775098936010E+00  1.001768486294059E+00
  1.001650898572469E+00  1.001644560189119E+00  1.001638232631539E+00
  1.001700174596714E+00  1.001693758681540E+00  1.001687353566228E+00
  1.001748757870626E+00  1.001742264279540E+00  1.001735781460797E+00
  1.001620608936631E+00  1.001614394022958E+00  1.001608189728376E+00
  1.001668714780477E+00  1.001662424765726E+00  1.001656145346755E+00
  1.001716129916034E+00  1.001709764681949E+00  1.001703410018690E+00
  1.001590626111904E+00  1.001584533130945E+00  1.001578450566915E+00
  1.001637576739423E+00  1.001631411014642E+00  1.001625255686085E+00
  1.001683838954786E+00  1.001677600393013E+00  1.001671372205093E+00
  1.001560950036424E+00  1.001554977440554E+00  1.001549015063855E+00
  1.001606760532988E+00  1.001600717478720E+00  1.001594684625266E+00
  1.001651885162377E+00  1.001645771580850E+00  1.001639668180099E+00
  1.001531580573792E+00  1.001525726806698E+00  1.001519883065198E+00
  1.001576266119416E+00  1.001570344111147E+00  1.001564432112040E+00
  1.001620268586768E+00  1.001614278291946E+00  1.001608297988168E+00
  1.001502517500841E+00  1.001496781000077E+00  1.001491054335264E+00
  1.001546093333771E+00  1.001540290744913E+00  1.001534497977126E+00
  1.001588989116666E+00  1.001583120416984E+00  1.001577261521804E+00
  1.001473760494886E+00  1.001468139694122E+00  1.001462528543426E+00
  1.001516241879645E+00  1.001510557082606E+00  1.001504881922132E+00
  1.001558046477326E+00  1.001552297683132E+00  1.001546558510301E+00
  1.001445309125939E+00  1.001439802456372E+00  1.001434305254676E+00
  1.001486711334723E+00  1.001481142700729E+00  1.001475583522450E+00
  1.001527440249197E+00  1.001521809671019E+00  1.001516188534689E+00
  1.001417162855948E+00  1.001411768747100E+00  1.001406383927567E+00
  1.001457501159757E+00  1.001452047059130E+00  1.001446602236956E+00
  1.001497169886635E+00  1.001491655834930E+00  1.001486151049088E+00
  1.001389321039567E+00  1.001384037920183E+00  1.001378763915096E+00
  1.001428610697935E+00  1.001423269501806E+00  1.001417937410227E+00
  1.001467234716048E+00  1.001461835503683E+00  1.001456445384376E+00
  1.001361782922798E+00  1.001356609222240E+00  1.001351444464346E+00
  1.001400039165027E+00  1.001394809247592E+00  1.001389588263967E+00
  1.001437633917860E+00  1.001432347863190E+00  1.001427070731726E+00
  1.001334547636877E+00  1.001329481786651E+00  1.001324424710717E+00
  1.001371785640855E+00  1.001366665380593E+00  1.001361553886541E+00
  1.001408366515817E+00  1.001403191943586E+00  1.001398026127748E+00
  1.001307614194199E+00  1.001302654628999E+00  1.001297703672928E+00
  1.001343849072662E+00  1.001338836852280E+00  1.001333833233712E+00
  1.001379431387221E+00  1.001374366627436E+00  1.001369310460435E+00
  1.001280981489756E+00  1.001276126647955E+00  1.001271280253313E+00
  1.001316228284033E+00  1.001311322490509E+00  1.001306425137567E+00
  1.001350827279575E+00  1.001345870667114E+00  1.001340922486956E+00
  1.001254648303208E+00  1.001249896627374E+00  1.001245153239864E+00
  1.001288921976444E+00  1.001284121002219E+00  1.001279328310337E+00
  1.001322552811666E+00  1.001317702688181E+00  1.001312860839360E+00
  1.001228613299619E+00  1.001223963237465E+00  1.001219321307818E+00
  1.001261928722996E+00  1.001257230967649E+00  1.001252541339265E+00
  1.001294606460001E+00  1.001289861176356E+00  1.001285124012416E+00
  1.001202875026674E+00  1.001198325032183E+00  1.001193783017299E+00
  1.001235246963444E+00  1.001230650834478E+00  1.001226062679955E+00
  1.001266986551550E+00  1.001262344468274E+00  1.001257710352542E+00
  1.001177431912652E+00  1.001172980446843E+00  1.001168536810607E+00
  1.001208875008817E+00  1.001204378921416E+00  1.001199890658854E+00
  1.001239691274837E+00  1.001235150760827E+00  1.001230618065170E+00
  1.001152282268654E+00  1.001147927799919E+00  1.001143581013568E+00
  1.001182811050097E+00  1.001178413427124E+00  1.001174023482239E+00
  1.001212718695622E+00  1.001208278127728E+00  1.001203845231880E+00
  1.001127424291150E+00  1.001123165295622E+00  1.001118913838081E+00
  1.001157053159472E+00  1.001152752432553E+00  1.001148459239657E+00
  1.001186066757476E+00  1.001181724522251E+00  1.001177389815366E+00
  1.001102856062814E+00  1.001098691025069E+00  1.001094533383622E+00
  1.001131599284836E+00  1.001127393895767E+00  1.001123195899222E+00
  1.001159733269619E+00  1.001155487765454E+00  1.001151249648363E+00
  1.001078575551793E+00  1.001074502965624E+00  1.001070437636709E+00
  1.001106447247139E+00  1.001102335648355E+00  1.001098231303189E+00
  1.001133715901763E+00  1.001129565539124E+00  1.001125422424831E+00
  1.001054580611995E+00  1.001050598980829E+00  1.001046624470496E+00
  1.001081594746221E+00  1.001077575400349E+00  1.001073563171848E+00
  1.001108012195204E+00  1.001103955395366E+00  1.001099905707830E+00
  1.001030868986138E+00  1.001026976823137E+00  1.001023091647166E+00
  1.001057039369289E+00  1.001053110749011E+00  1.001049189112473E+00
  1.001082619576622E+00  1.001078654771304E+00  1.001074696944846E+00
  1.001007438309586E+00  1.001003634137883E+00  1.000999836821970E+00
  1.001032778591975E+00  1.001028939180905E+00  1.001025106622419E+00
  1.001057535357754E+00  1.001053660990612E+00  1.001049793471260E+00
  1.000984286108553E+00  1.000980568461852E+00  1.000976857542177E+00
  1.001008809771484E+00  1.001005058065282E+00  1.001001313082890E+00
  1.001032756724607E+00  1.001028971252845E+00  1.001025192500083E+00
  1.000961409796401E+00  1.000957777219623E+00  1.000954151243512E+00
  1.000985130143871E+00  1.000981464650482E+00  1.000977805754536E+00
  1.001008280735016E+00  1.001004582629235E+00  1.001000891116064E+00
  1.000938806673769E+00  1.000935257723316E+00  1.000931715249554E+00
  1.000961736831565E+00  1.000958156070698E+00  1.000954581783353E+00
  1.000984104330936E+00  1.000980492073838E+00  1.000976886285474E+00
  1.000916473936617E+00  1.000913007180300E+00  1.000909546779073E+00
  1.000938626855760E+00  1.000935129358723E+00  1.000931638213675E+00
  1.000960224351122E+00  1.000956696437252E+00  1.000953174870652E+00
  1.000894408690596E+00  1.000891022707665E+00  1.000887642960546E+00
  1.000915797142881E+00  1.000912381453317E+00  1.000908971996459E+00
  1.000936637528998E+00  1.000933192466159E+00  1.000929753631312E+00
  1.000872607956965E+00  1.000869301338498E+00  1.000866000838815E+00
  1.000893244517965E+00  1.000889909192755E+00  1.000886579983138E+00
  1.000913340479848E+00  1.000909976790441E+00  1.000906619211847E+00
  1.000851068661518E+00  1.000847840010970E+00  1.000844617364378E+00
  1.000870965689796E+00  1.000867709299207E+00  1.000864458909295E+00
  1.000890329695280E+00  1.000887045915980E+00  1.000883768132522E+00
  1.000829787602495E+00  1.000826635536051E+00  1.000823489360921E+00
  1.000848957233871E+00  1.000845778361124E+00  1.000842605376376E+00
  1.000867601552264E+00  1.000864396232770E+00  1.000861196796442E+00
  1.000808761418284E+00  1.000805684564924E+00  1.000802613492410E+00
  1.000827215587346E+00  1.000824112828476E+00  1.000821015847101E+00
  1.000845152327881E+00  1.000842024030680E+00  1.000838901506151E+00
  1.000787986591423E+00  1.000784983592785E+00  1.000781986266659E+00
  1.000805737072929E+00  1.000802709037164E+00  1.000799686670448E+00
  1.000822978208749E+00  1.000819925510251E+00  1.000816878475913E+00
  1.000767459520450E+00  1.000764529030532E+00  1.000761604106861E+00
  1.000784517960749E+00  1.000781563270686E+00  1.000778614143227E+00
  1.000801075294315E+00  1.000798096785761E+00  1.000795123834787E+00
  1.000747176647837E+00  1.000744317332508E+00  1.000741463479190E+00
  1.000763554541416E+00  1.000760671832511E+00  1.000757794581797E+00
  1.000779439594188E+00  1.000776533881131E+00  1.000773633621106E+00
  1.000727134555073E+00  1.000724345091743E+00  1.000721560988201E+00
  1.000742843135765E+00  1.000740031055832E+00  1.000737224331733E+00
  1.000758067007862E+00  1.000755232709082E+00  1.000752403760888E+00
  1.000707329889666E+00  1.000704608967776E+00  1.000701893305441E+00
  1.000722379961008E+00  1.000719637170821E+00  1.000716899636100E+00
  1.000736953275360E+00  1.000734189022870E+00  1.000731430020509E+00
  1.000687759032844E+00  1.000685105355496E+00  1.000682456839408E+00
  1.000702160849036E+00  1.000699486023986E+00  1.000696816355911E+00
  1.000716093917307E+00  1.000713398357446E+00  1.000710707949075E+00
  1.000668417600254E+00  1.000665829886215E+00  1.000663247237020E+00
  1.000682180962021E+00  1.000679572793321E+00  1.000676969684939E+00
  1.000695484223875E+00  1.000692856017813E+00  1.000690232866386E+00
  1.000649300095951E+00  1.000646777080392E+00  1.000644259035102E+00
  1.000662434769821E+00  1.000659891963829E+00  1.000657354123363E+00
  1.000675119355586E+00  1.000672557178213E+00  1.000669999960501E+00
  1.000630400169707E+00  1.000627940602382E+00  1.000625485912591E+00
  1.000642916525353E+00  1.000640437801030E+00  1.000637963949333E+00
  1.000654994560747E+00  1.000652497098935E+00  1.000650004503738E+00
  1.000611711710705E+00  1.000609314351910E+00  1.000606921779745E+00
  1.000623621218071E+00  1.000621205303980E+00  1.000618794171439E+00
  1.000635105416107E+00  1.000632671367981E+00  1.000630242095243E+00
  1.000593230556274E+00  1.000590894172420E+00  1.000588562486078E+00
  1.000604545574820E+00  1.000602191207064E+00  1.000599841531515E+00
  1.000615447917517E+00  1.000613075992811E+00  1.000610708753936E+00
  1.000574955672051E+00  1.000572679033537E+00  1.000570407005142E+00
  1.000585688284577E+00  1.000583394206284E+00  1.000581104732542E+00
  1.000596018251108E+00  1.000593707171101E+00  1.000591400689021E+00
  1.000556888796122E+00  1.000554670677932E+00  1.000552457084152E+00
  1.000567048673227E+00  1.000564813635151E+00  1.000562583115686E+00
  1.000576812231118E+00  1.000574560727028E+00  1.000572313734709E+00
  1.000539030411664E+00  1.000536869597537E+00  1.000534713223784E+00
  1.000548623620298E+00  1.000546446381602E+00  1.000544273577324E+00
  1.000557824732738E+00  1.000555631543054E+00  1.000553442780783E+00
  1.000521375526298E+00  1.000519270807265E+00  1.000517170446279E+00
  1.000530404660810E+00  1.000528283987349E+00  1.000526167665846E+00
  1.000539049951240E+00  1.000536913819279E+00  1.000534782032089E+00
  1.000503907135762E+00  1.000501857309678E+00  1.000499811761050E+00
  1.000512379487388E+00  1.000510314145494E+00  1.000508253074833E+00
  1.000520483389010E+00  1.000518403062264E+00  1.000516326999274E+00
  1.000486618423170E+00  1.000484622241150E+00  1.000482630258057E+00
  1.000494548414221E+00  1.000492537153384E+00  1.000490530084948E+00
  1.000502124908797E+00  1.000500099143700E+00  1.000498077563025E+00
