  3.444391703679589E+00  3.438210743905664E+00  3.432027062639965E+00

  9.833624924847424E-04  9.794625487542063E-04  9.755698848441728E-04
  1.019963417817625E-03  1.015969988408444E-03  1.011983901967120E-03
  1.056800458220864E-03  1.052711754664738E-03  1.048630459706782E-03
  9.835350604603728E-04  9.796344578555287E-04  9.757411361964643E-04
  1.020142422021754E-03  1.016148314893318E-03  1.012161551885372E-03
  1.056985939921039E-03  1.052896539255964E-03  1.048814548372923E-03
  9.836212674338098E-04  9.797203362477917E-04  9.758266865628209E-04
  1.020231878353419E-03  1.016237432892461E-03  1.012250332123643E-03
  1.057078668670508E-03  1.052988919624497E-03  1.048906580950641E-03
  9.836212674338098E-04  9.797203362477917E-04  9.758266865628209E-04
  1.020231878353419E-03  1.016237432892461E-03  1.012250332123643E-03
  1.057078668670508E-03  1.052988919624497E-03  1.048906580950641E-03
  9.835350604603728E-04  9.796344578555287E-04  9.757411361964643E-04
  1.020142422021754E-03  1.016148314893318E-03  1.012161551885372E-03
  1.056985939921039E-03  1.052896539255964E-03  1.048814548372923E-03
  9.833624924847424E-04  9.794625487542063E-04  9.755698848441728E-04
  1.019963417817625E-03  1.015969988408444E-03  1.011983901967120E-03
  1.056800458220864E-03  1.052711754664738E-03  1.048630459706782E-03
  9.831034889620700E-04  9.792045354189262E-04  9.753128599912677E-04
  1.019694810983193E-03  1.015702399468227E-03  1.011717329179961E-03
  1.056522202785547E-03  1.052434545469697E-03  1.048354294970304E-03
  9.827580427383760E-04  9.788604110991131E-04  9.749700552856285E-04
  1.019336595421483E-03  1.015345542343535E-03  1.011361828158254E-03
  1.056151176400763E-03  1.052064914695750E-03  1.047986057424794E-03
  9.823261970260963E-04  9.784302189124912E-04  9.745415137496474E-04
  1.018888806593533E-03  1.014899452473768E-03  1.010917434318632E-03
  1.055687407958721E-03  1.051602891265333E-03  1.047525776021626E-03
  9.818080202050393E-04  9.779140269111418E-04  9.740273031093848E-04
  1.018351504823247E-03  1.014364189944703E-03  1.010384207509663E-03
  1.055130947269161E-03  1.051048524861102E-03  1.046973500316343E-03
  9.812035902621184E-04  9.773119127162845E-04  9.734275006224732E-04
  1.017724763050651E-03  1.013739827391084E-03  1.009762220062338E-03
  1.054481858953747E-03  1.050401879892108E-03  1.046329294506016E-03
  9.805129891244100E-04  9.766239579274776E-04  9.727421875624872E-04
  1.017008661246062E-03  1.013026444482557E-03  1.009051551346918E-03
  1.053740218435539E-03  1.049663031532921E-03  1.045593233517553E-03
  9.797363045846192E-04  9.758502500444593E-04  9.719714511372281E-04
  1.016203286804280E-03  1.012224128327014E-03  1.008252288185327E-03
  1.052906110966788E-03  1.048832064770236E-03  1.044765402072830E-03
  9.788736330083763E-04  9.749908851444524E-04  9.711153871361420E-04
  1.015308736260336E-03  1.011332975169131E-03  1.007364526532574E-03
  1.051979632035277E-03  1.047909074807930E-03  1.043845895092453E-03
  9.779250814542233E-04  9.740459699759585E-04  9.701741019981963E-04
  1.014325116983944E-03  1.010353092066024E-03  1.006388373133742E-03
  1.050960888291381E-03  1.046894167986468E-03  1.042834818607583E-03
  9.768907691717226E-04  9.730156234435226E-04  9.691477142834980E-04
  1.013252548512878E-03  1.009284598209053E-03  1.005323946834364E-03
  1.049849998522401E-03  1.045787462750072E-03  1.041732290719975E-03
  9.757708280895436E-04  9.718999770924166E-04  9.680363551544810E-04
  1.012091163170480E-03  1.008127625537109E-03  1.004171379189489E-03
  1.048647094348656E-03  1.044589090338253E-03  1.040538442288960E-03
  9.745654028872724E-04  9.706991751793036E-04  9.668401684454779E-04
  1.010841106353112E-03  1.006882319022026E-03  1.002930814747068E-03
  1.047352320752491E-03  1.043299195311942E-03  1.039253417454730E-03
  9.732746521989590E-04  9.694133758741679E-04  9.655593118631233E-04
  1.009502537548355E-03  1.005548837684666E-03  1.001602412061983E-03
  1.045965836865168E-03  1.041917936337867E-03  1.037877374420234E-03
  9.718987487414870E-04  9.680427513862478E-04  9.641939571097255E-04
  1.008075630613155E-03  1.004127354870536E-03  1.000186343969062E-03
  1.044487816459840E-03  1.040445486678658E-03  1.036410485938370E-03
  9.704378795318697E-04  9.665874881782974E-04  9.627442900945464E-04
  1.006560574165156E-03  1.002618058638169E-03  9.986827979685455E-04
  1.042918448515991E-03  1.038882034754519E-03  1.034852939870925E-03
  9.688922471384601E-04  9.650477882152431E-04  9.612105121799352E-04
  1.004957572659295E-03  1.001021152832983E-03  9.970919772972235E-04
  1.041257938074680E-03  1.037227784995612E-03  1.033204940038095E-03
  9.672620698869070E-04  9.634238691667182E-04  9.595928403803987E-04
  1.003266846765033E-03  9.993368574610811E-04  9.954141012988086E-04
  1.039506506840376E-03  1.035482958440459E-03  1.031466706813475E-03
  9.655475825609139E-04  9.617159651051597E-04  9.578915080581135E-04
  1.001488634116357E-03  9.975654094363216E-04  9.936494061680841E-04
  1.037664393947328E-03  1.033647793499259E-03  1.029638477884322E-03
  9.637490371988346E-04  9.599243272997743E-04  9.561067657142066E-04
  9.996231901002509E-04  9.957070633660322E-04  9.917981457338580E-04
  1.035731856741831E-03  1.031722546733105E-03  1.027720509027714E-03
  9.618667037182694E-04  9.580492248379257E-04  9.542388816069543E-04
  9.976707885338996E-04  9.937620922249881E-04  9.898605921296970E-04
  1.033709171520077E-03  1.029707493588536E-03  1.025713074841805E-03
  9.599008704247191E-04  9.560909451312376E-04  9.522881422553297E-04
  9.956317222558097E-04  9.917307879436239E-04  9.878370363792708E-04
  1.031596634224213E-03  1.027602929090406E-03  1.023616469435518E-03
  9.578518447331511E-04  9.540497946339323E-04  9.502548531541411E-04
  9.935063038714429E-04  9.896134621503413E-04  9.857277891353346E-04
  1.029394561208719E-03  1.025409168604882E-03  1.021431007188200E-03
  9.557199536018527E-04  9.519260992737362E-04  9.481393392020170E-04
  9.912948663077128E-04  9.874104467229351E-04  9.835331812281026E-04
  1.027103289937472E-03  1.023126548533284E-03  1.019157023440213E-03
  9.535055443492146E-04  9.497202052660767E-04  9.459419455129816E-04
  9.889977636390768E-04  9.851220946118476E-04  9.812535644856371E-04
  1.024723179791485E-03  1.020755427116646E-03  1.016794875294322E-03
  9.512089855193049E-04  9.474324799765293E-04  9.436630382757709E-04
  9.866153719255268E-04  9.827487806750071E-04  9.788893125655363E-04
  1.022254612878098E-03  1.018296185241658E-03  1.014344942418385E-03
  9.488306671939046E-04  9.450633122301226E-04  9.413030050604310E-04
  9.841480896613179E-04  9.802909021236264E-04  9.764408213978432E-04
  1.019697994662539E-03  1.015749227069135E-03  1.011807627670765E-03
  9.463710016416990E-04  9.426131129577594E-04  9.388622554620029E-04
  9.815963384648227E-04  9.777488792090659E-04  9.739085098689094E-04
  1.017053754684393E-03  1.013114980747364E-03  1.009183357810531E-03
  9.438304238955228E-04  9.400823157704667E-04  9.363412216717220E-04
  9.789605637101073E-04  9.751231558513904E-04  9.712928204469203E-04
  1.014322347250551E-03  1.010393899101865E-03  1.006472584184051E-03
  9.412093924831071E-04  9.374713776876101E-04  9.337403592027563E-04
  9.762412352609399E-04  9.724142003706551E-04  9.685942199104819E-04
  1.011504252158485E-03  1.007586460355770E-03  1.003675783442472E-03
  9.385083899022950E-04  9.347807796097188E-04  9.310601473606356E-04
  9.734388480021427E-04  9.696225060155852E-04  9.658131998746367E-04
  1.008599975311540E-03  1.004693168742189E-03  1.000793458151191E-03
  9.357279230382171E-04  9.320110267329871E-04  9.283010896550475E-04
  9.705539223355972E-04  9.667485914569014E-04  9.629502772814994E-04
  1.005610049304353E-03  1.001714555086858E-03  9.978261373696999E-04
  9.328685237738921E-04  9.291626491572978E-04  9.254637144053345E-04
  9.675870048066379E-04  9.637930014111026E-04  9.600059950214409E-04
  1.002535034047222E-03  9.986511774298594E-04  9.947743772706801E-04
  9.299307494011394E-04  9.262362022950605E-04  9.225485751472359E-04
  9.645386685710449E-04  9.607563071051387E-04  9.569809223954305E-04
  9.993755173038105E-04  9.955036215607454E-04  9.916387616725421E-04
  9.269151831889326E-04  9.232322674374278E-04  9.195562511969764E-04
  9.614095139583151E-04  9.576391068374360E-04  9.538756556738391E-04
  9.961321152413714E-04  9.922725015664101E-04  9.884199025849544E-04
  9.238224347092861E-04  9.201514520781165E-04  9.164873479730343E-04
  9.582001688384096E-04  9.544420263424913E-04  9.506908184588860E-04
  9.928054728670223E-04  9.889584602651353E-04  9.851184406406656E-04
  9.206531399991556E-04  9.169943900734334E-04  9.133424971542866E-04
  9.549112888835083E-04  9.511657190506586E-04  9.474270619424550E-04
  9.893962644035861E-04  9.855621695803102E-04  9.817350454671124E-04
  9.174079620436316E-04  9.137617421235781E-04  9.101223571594262E-04
  9.515435580570200E-04  9.478108665752459E-04  9.440850653912631E-04
  9.859051937428122E-04  9.820843309916820E-04  9.782704161356889E-04
  9.140875912626833E-04  9.104541962580550E-04  9.068276136310361E-04
  9.480976890475607E-04  9.443781791449936E-04  9.406655365778621E-04
  9.823329948363418E-04  9.785256759246650E-04  9.747252815494089E-04
  9.106927455299966E-04  9.070724678530755E-04  9.034589794515788E-04
  9.445744233660715E-04  9.408683956996799E-04  9.371692118747375E-04
  9.786804319136969E-04  9.748869659667715E-04  9.711004006577846E-04
  9.072241703093538E-04  9.036172997666231E-04  9.000171948771478E-04
  9.409745315365604E-04  9.372822840795174E-04  9.335968564423595E-04
  9.749482997079299E-04  9.711689930918656E-04  9.673965626796820E-04
  9.036826389578272E-04  9.000894626405875E-04  8.965030278385268E-04
  9.372988133611922E-04  9.336206412891954E-04  9.299492644921701E-04
  9.711374236791308E-04  9.673725798825529E-04  9.636145873246051E-04
  9.000689527064589E-04  8.964897548806279E-04  8.929172739202456E-04
  9.335480979530933E-04  9.298842935297999E-04  9.262272593176216E-04
  9.672486601175913E-04  9.634985796324144E-04  9.597553248939900E-04
  8.963839407689942E-04  8.928190027643901E-04  8.892607564682905E-04
  9.297232438466286E-04  9.260740963084657E-04  9.224316934032183E-04
  9.632828962417969E-04  9.595478764432807E-04  9.558196563777688E-04
  8.926284604067739E-04  8.890780605057842E-04  8.855343266537682E-04
  9.258251390437365E-04  9.221909344841463E-04  9.185634484697205E-04
  9.592410502353546E-04  9.555213852616367E-04  9.518084934902559E-04
  8.888033967772923E-04  8.852678101032709E-04  8.817388633209104E-04
  9.218547009054211E-04  9.182357221588452E-04  9.146234353651009E-04
  9.551240711891628E-04  9.514200518205021E-04  9.477227786117312E-04
  8.849096629083775E-04  8.813891613139762E-04  8.778752729611427E-04
  9.178128761122571E-04  9.142094026380345E-04  9.106125940248973E-04
  9.509329390327414E-04  9.472448525706954E-04  9.435634847196481E-04
  8.809481995892226E-04  8.774430515449549E-04  8.739444896045666E-04
  9.137006405348415E-04  9.101129483013160E-04  9.065318933430769E-04
  9.466686643913467E-04  9.429967945381330E-04  9.393316152461197E-04
  8.769199751404893E-04  8.734304456236404E-04  8.699474745907465E-04
  9.095189990017314E-04  9.059473603707780E-04  9.023823309407987E-04
  9.423322883632919E-04  9.386769151015509E-04  9.350282038560314E-04
  8.728259850889218E-04  8.693523354729017E-04  8.658852162442318E-04
  9.052689849881978E-04  9.017136686002432E-04  8.981649328561731E-04
  9.379248822286464E-04  9.342862817018009E-04  9.306543141569375E-04
  8.686672518962798E-04  8.652097398407937E-04  8.617587296051310E-04
  9.009516603330246E-04  8.974129309928630E-04  8.938807532626548E-04
  9.334475471407266E-04  9.298259915342075E-04  9.262110393922831E-04
  8.644448246662544E-04  8.610037040084722E-04  8.575690561379993E-04
  8.965681149186570E-04  8.930462334823923E-04  8.895308741514251E-04
  9.289014137693761E-04  9.252971711929598E-04  9.216995020869147E-04
  8.601597787942788E-04  8.567352994411850E-04  8.533172633840008E-04
  8.921194662742906E-04  8.886146895375205E-04  8.851164049369684E-04
  9.242876418720144E-04  9.207009762434478E-04  9.171208536206927E-04
  8.558132153959587E-04  8.524056232180091E-04  8.490044443919930E-04
  8.876068590193588E-04  8.841194396066628E-04  8.806384819031800E-04
  9.196074197682163E-04  9.160385906983237E-04  9.124762737060348E-04
  8.514062608027381E-04  8.480157975290754E-04  8.446317172172839E-04
  8.830314643622272E-04  8.795616506183734E-04  8.760982677054850E-04
  9.148619638062787E-04  9.113112264858332E-04  9.077669698580235E-04
  8.469400662616793E-04  8.435669693772238E-04  8.402002246251535E-04
  8.783944796806371E-04  8.749425155637723E-04  8.714969509552458E-04
  9.100525178239147E-04  9.065201229125400E-04  9.029941768591414E-04
  8.424158071091118E-04  8.390603097535779E-04  8.357111332683683E-04
  8.736971277231938E-04  8.702632527000006E-04  8.668357454251865E-04
  9.051803524234081E-04  9.016665459406123E-04  8.981591560386918E-04
  8.378346821341242E-04  8.344970130030990E-04  8.311656330547881E-04
  8.689406559660753E-04  8.655251049091522E-04  8.621158894105415E-04
  9.002467642831269E-04  8.967517875016949E-04  8.932631945890315E-04
  8.331979130267019E-04  8.298782962751352E-04  8.265649366003218E-04
  8.641263359903296E-04  8.607293390780860E-04  8.573386451113821E-04
  8.952530754485301E-04  8.917771647905080E-04  8.883076048617545E-04
  8.285067437096995E-04  8.252053988578931E-04  8.219102785658993E-04
  8.592554627456547E-04  8.558772453648364E-04  8.525052979016573E-04
  8.902006325436886E-04  8.867440194791453E-04  8.832937235847687E-04
  8.237624394626792E-04  8.204795813049891E-04  8.172029147867310E-04
  8.543293536585027E-04  8.509701363095623E-04  8.476171554429784E-04
  8.850908058865782E-04  8.816537168353488E-04  8.782229109835464E-04
  8.189662860565846E-04  8.157021245729136E-04  8.124441214125491E-04
  8.493493477655232E-04  8.460093459709199E-04  8.426755468239158E-04
  8.799249885941152E-04  8.765076448306523E-04  8.730965498923663E-04
  8.141195890933570E-04  8.108743293635879E-04  8.076351942531170E-04
  8.443168049547494E-04  8.409962291703873E-04  8.376818218074645E-04
  8.747045957082044E-04  8.713072132697429E-04  8.679160448869879E-04
  8.092236730740804E-04  8.059975151957293E-04  8.027774478528153E-04
  8.392331049924078E-04  8.359321605224027E-04  8.326373498645086E-04
  8.694310632099786E-04  8.660538528081763E-04  8.626828213058434E-04
  8.042798804618678E-04  8.010730194710880E-04  7.978722145602021E-04
  8.340996465618952E-04  8.308185334768324E-04  8.275435192197689E-04
  8.641058470181169E-04  8.607490139543230E-04  8.573983242556019E-04
  7.992895708137001E-04  7.961021966096391E-04  7.929208436665550E-04
  8.289178463324572E-04  8.256567593912347E-04  8.224017359276421E-04
  8.587304219778571E-04  8.553941660621458E-04  8.520640176077042E-04
  7.942541198728039E-04  7.910864171454815E-04  7.879247005053091E-04
  8.236891379713852E-04  8.204482665467181E-04  8.172134228917286E-04
  8.533062808048010E-04  8.499907962789206E-04  8.466813829500003E-04
  7.891749184839652E-04  7.860270666459310E-04  7.828851653749134E-04
  8.184149710325216E-04  8.151944990403769E-04  8.119800187611875E-04
  8.478349329601717E-04  8.445404084245612E-04  8.412519184701298E-04
  7.840533715818204E-04  7.809255447035503E-04  7.778036325345786E-04
  8.130968099143020E-04  8.098969157473131E-04  8.067029768967257E-04
  8.423179035415432E-04  8.390445218864914E-04  8.357771378545327E-04
  7.788908973359551E-04  7.757832640850569E-04  7.726815093570112E-04
  8.077361328790269E-04  8.045569893438645E-04  8.013837643977906E-04
  8.367567321788953E-04  8.335046705199246E-04  8.302585691929506E-04
  7.736889259240932E-04  7.706016495085573E-04  7.675202151096815E-04
  8.023344308075002E-04  7.991762050664437E-04  7.960238608655932E-04
  8.311529718099196E-04  8.279224014275248E-04  8.246977537624390E-04
  7.684488984539020E-04  7.653821365694166E-04  7.623211798847377E-04
  7.968932060965780E-04  7.937560596133734E-04  7.906247573092248E-04
  8.255081875080078E-04  8.222992737918648E-04  8.190962448642804E-04
  7.631722660330361E-04  7.601261708144149E-04  7.570858436772848E-04
  7.914139716199987E-04  7.882980601100350E-04  7.851879551151203E-04
  8.198239553257291E-04  8.166368577234421E-04  8.134556066765352E-04
  7.578604886180403E-04  7.548352065948665E-04  7.518156552427106E-04
  7.858982495239558E-04  7.828037229088071E-04  7.797149648513576E-04
  8.141018610618526E-04  8.109367330322626E-04  8.077774130301874E-04
  7.525150338804787E-04  7.495107059369441E-04  7.465120709711918E-04
  7.803475700527731E-04  7.772745724191543E-04  7.742073051021504E-04
  8.083434990337286E-04  8.052004880048776E-04  8.020632461908188E-04
  7.471373761217703E-04  7.441541374608318E-04  7.411765538111612E-04
  7.747634704051774E-04  7.717121399684269E-04  7.686665013331629E-04
  8.025504708586472E-04  7.994297181904418E-04  7.963146956493652E-04
  7.417289952230913E-04  7.387669753350336E-04  7.358105722280204E-04
  7.691474935967067E-04  7.661179626687981E-04  7.630940847629821E-04
  7.967243842313847E-04  7.936260251829653E-04  7.905333569090679E-04
  7.362913754731767E-04  7.333506981084274E-04  7.304155990404390E-04
  7.635011872379021E-04  7.604935821999492E-04  7.574915911502832E-04
  7.908668516648513E-04  7.877910153667133E-04  7.847208302356188E-04
  7.308260044226739E-04  7.279067875690258E-04  7.249931102835027E-04
  7.578261023453558E-04  7.548405436247369E-04  7.518605596140989E-04
  7.849794892467171E-04  7.819262986776217E-04  7.788787194233544E-04
  7.253343717923544E-04  7.224367276566501E-04  7.195445841258532E-04
  7.521237921895212E-04  7.491603942416058E-04  7.462025314908412E-04
  7.790639154133780E-04  7.760334873820609E-04  7.730086305788147E-04
  7.198179684188470E-04  7.169420034130092E-04  7.140714998241157E-04
  7.463958111618826E-04  7.434546824562822E-04  7.405190492105177E-04
  7.731217497351572E-04  7.701141948667847E-04  7.671121709154333E-04
  7.142782851022512E-04  7.114240998336625E-04  7.085753365791883E-04
  7.406437135716940E-04  7.377249565831010E-04  7.348116551026167E-04
  7.671546116753421E-04  7.641700344027221E-04  7.611909475220670E-04
  7.087168115001062E-04  7.058845007664068E-04  7.030575724390444E-04
  7.348690524938955E-04  7.319727636974693E-04  7.290818902531242E-04
  7.611641193751314E-04  7.582026179346757E-04  7.552465661574453E-04
  7.031350350874422E-04  7.003246878756495E-04  6.975196832674232E-04
  7.290733786528644E-04  7.261996485241342E-04  7.233312933973054E-04
  7.551518884596547E-04  7.522135548920617E-04  7.492806300656239E-04
  6.975344400228933E-04  6.947461395128296E-04  6.919631416185412E-04
  7.232582392446361E-04  7.204071522639133E-04  7.175613997509286E-04
  7.491195308281589E-04  7.462044509837688E-04  7.432947387755095E-04
  6.919165060883285E-04  6.891503296603921E-04  6.863894156854222E-04
  7.174251768345115E-04  7.145968114957508E-04  7.117737399167709E-04
  7.430686534874274E-04  7.401769070362072E-04  7.372904869435295E-04
  6.862827077011787E-04  6.835387269482193E-04  6.807999683204147E-04
  7.115757282929706E-04  7.087701571169590E-04  7.059698388291734E-04
  7.370008574100658E-04  7.341325178561444E-04  7.312694632210084E-04
  6.806345128383898E-04  6.779127935818615E-04  6.751962559676881E-04
  7.057114236768216E-04  7.029287132287994E-04  7.001512146440463E-04
  7.309177363822408E-04  7.280728710829821E-04  7.252332491109742E-04
  6.749733820350204E-04  6.722739843452919E-04  6.695797276701468E-04
  6.998337851798125E-04  6.970739960913638E-04  6.943193776980226E-04
  7.248208758925803E-04  7.219995460821097E-04  7.191834178659658E-04
  6.693007674012398E-04  6.666237456218426E-04  6.639518240942954E-04
  6.939443260938415E-04  6.912075130889214E-04  6.884758294779272E-04
  7.187118520377804E-04  7.159141128548459E-04  7.131215334022984E-04
  6.636181116433128E-04  6.609635144191777E-04  6.583139765591880E-04
  6.880445497807821E-04  6.853307617058788E-04  6.826220616008628E-04
  7.125922304470995E-04  7.098181309672045E-04  7.070491492330894E-04
  6.579268471015279E-04  6.552947174111805E-04  6.526676060822767E-04
  6.821359486658984E-04  6.794452285242662E-04  6.767595548157624E-04
  7.064635652325363E-04  7.037131485042970E-04  7.009678074268784E-04
  6.522283948009294E-04  6.496187699925002E-04  6.470141224377564E-04
  6.762200032613856E-04  6.735523882512670E-04  6.708897780349014E-04
  7.003273979703038E-04  6.976007010559336E-04  6.948790375973530E-04
  6.465241636382846E-04  6.439370754692412E-04  6.413549233509718E-04
  6.702981812766466E-04  6.676537028333041E-04  6.650141874517930E-04
  6.941852567330285E-04  6.914823107527732E-04  6.887843559434490E-04
  6.408155494197521E-04  6.382510241002492E-04  6.356913935433245E-04
  6.643719366334639E-04  6.617506204749427E-04  6.591342255638132E-04
  6.880386551019502E-04  6.853594852823720E-04  6.826852642692408E-04
  6.351039340252360E-04  6.325619922649687E-04  6.300249039036176E-04
  6.584427086046593E-04  6.558445747811986E-04  6.532513203181430E-04
  6.818890912510454E-04  6.792337169770515E-04  6.765832490755407E-04
  6.293906846520982E-04  6.268713417106444E-04  6.243568107387404E-04
  6.525119209940120E-04  6.499369839410653E-04  6.473668842988954E-04
  6.757380470654384E-04  6.731064819360650E-04  6.704797806857894E-04
  6.236771529821774E-04  6.211804187226604E-04  6.186884549473198E-04
  6.465809812737035E-04  6.440292498685181E-04  6.414823138716550E-04
  6.695869872600417E-04  6.669792391480546E-04  6.643763123723023E-04
  6.179646744336235E-04  6.154905533796345E-04  6.130211612780653E-04
  6.406512797948152E-04  6.381227574164156E-04  6.355989884007992E-04
  6.634373585458867E-04  6.608534296609934E-04  6.582742795298583E-04
  6.122545673730030E-04  6.098030587687192E-04  6.073562375482678E-04
  6.347241889864395E-04  6.322188735786575E-04  6.297182694547571E-04
  6.572905888151889E-04  6.547304757701938E-04  6.521750988667502E-04
  6.065481324681901E-04  6.041192303412823E-04  6.016949740022928E-04
  6.288010626724306E-04  6.263189468093870E-04  6.238415001276993E-04
  6.511480864024045E-04  6.486117802814805E-04  6.460801676701396E-04
  6.008466520362928E-04  5.984403452633982E-04  5.960386426646435E-04
  6.228832353818357E-04  6.204243063359083E-04  6.179700043548528E-04
  6.450112393676046E-04  6.424987257968813E-04  6.399908630939080E-04
  5.951513893809355E-04  5.927676617558773E-04  5.903884966826649E-04
  6.169720216642220E-04  6.145362614776604E-04  6.121050862348864E-04
  6.388814147992362E-04  6.363926740217123E-04  6.339085414696846E-04
  5.894635881659819E-04  5.871024184713598E-04  5.847457697068702E-04
  6.110687154445326E-04  6.086561010061599E-04  6.062480293947776E-04
  6.327599581407456E-04  6.302949650977205E-04  6.278345376462997E-04
  5.837844718759654E-04  5.814458339585457E-04  5.791116753589350E-04
  6.051745894312250E-04  6.027850925574756E-04  6.004000964068645E-04
  6.266481925439993E-04  6.242069169612793E-04  6.217701643532472E-04
  5.781152432390986E-04  5.757991060880799E-04  5.734874066606585E-04
  5.992908945100587E-04  5.969244820263083E-04  5.945625281838079E-04
  6.205474182528290E-04  6.181298247248123E-04  6.157167115809414E-04
  5.724570836876238E-04  5.701634115135108E-04  5.678741354957928E-04
  5.934188592326012E-04  5.910754930515985E-04  5.887365434613818E-04
  6.144589120994030E-04  6.120649601670205E-04  6.096754460646581E-04
  5.668111529919622E-04  5.645399053052246E-04  5.622730122435959E-04
  5.875596894207365E-04  5.852393266237920E-04  5.829233384070963E-04
  6.083839270816640E-04  6.060135713163721E-04  6.036476108714480E-04
  5.611785887330646E-04  5.589297204274835E-04  5.566851652595891E-04
  5.817145675894995E-04  5.794171605260485E-04  5.771240860777259E-04
  6.023236917720075E-04  5.999768818920981E-04  5.976344248703114E-04
  5.555605058042686E-04  5.533339672534972E-04  5.511117004029151E-04
  5.758846523129333E-04  5.736101487250574E-04  5.713399358358242E-04
  5.962794095078702E-04  5.939560905319958E-04  5.916370819995939E-04
  5.499579959980085E-04  5.477537331646518E-04  5.455537006492593E-04
  5.700710776265927E-04  5.678194207678992E-04  5.655720127472527E-04
  5.902522575874804E-04  5.879523699652976E-04  5.856567504284128E-04
  5.443721274944409E-04  5.421900820288901E-04  5.400122255630318E-04
  5.642749526836984E-04  5.620460813705985E-04  5.598214171096661E-04
  5.842433871089959E-04  5.819668667270157E-04  5.796945721574059E-04
  5.388039446051481E-04  5.366440539007693E-04  5.344883109571225E-04
  5.584973621524287E-04  5.562912107285195E-04  5.540892246722401E-04
  5.782539240039920E-04  5.760007020593607E-04  5.737516637775181E-04
  5.332544680216679E-04  5.311166652302784E-04  5.289829690574949E-04
  5.527393669783590E-04  5.505558653100709E-04  5.483764874373314E-04
  5.722849703228337E-04  5.700549732954002E-04  5.678291179099581E-04
  5.277246950123783E-04  5.256089091044066E-04  5.234971887747774E-04
  5.470020038775868E-04  5.448410776044505E-04  5.426842336363334E-04
  5.663376030782771E-04  5.641307531649432E-04  5.619280029354522E-04
  5.222155987863399E-04  5.201217547751245E-04  5.180319353843778E-04
  5.412862823315603E-04  5.391478534390061E-04  5.370134653821983E-04
  5.604128689007715E-04  5.582290849358984E-04  5.560493586577810E-04
  5.167281264317066E-04  5.146561457527984E-04  5.125881487895792E-04
  5.355931804666241E-04  5.334771677795638E-04  5.313651544691402E-04
  5.545117778089725E-04  5.523509758841640E-04  5.501941896149892E-04
  5.112631968259698E-04  5.092129975867145E-04  5.071667412219525E-04
  5.299236451285982E-04  5.278299639515211E-04  5.257402408339230E-04
  5.486353052929478E-04  5.464973978084803E-04  5.443634641651810E-04
  5.058217015922040E-04  5.037931982641177E-04  5.017685971287350E-04
  5.242786010559117E-04  5.222071616313881E-04  5.201396393417146E-04
  5.427844096033989E-04  5.406693025000280E-04  5.385581280463039E-04
  5.004045112129055E-04  4.983976137130666E-04  4.963945780294633E-04
  5.186589655669685E-04  5.166096715078586E-04  5.145642541833203E-04
  5.369600551254726E-04  5.348676456342605E-04  5.327791283485007E-04
  4.950124830770128E-04  4.930270960759180E-04  4.910455308624362E-04
  5.130656524008848E-04  5.110384016354865E-04  5.090149874141662E-04
  5.311632124459773E-04  5.290933916016774E-04  5.270274226031148E-04
  4.896464609653524E-04  4.876824848937622E-04  4.857222906933491E-04
  5.074995455098463E-04  5.054942354227685E-04  5.034927210985710E-04
  5.253948069770168E-04  5.233474688488332E-04  5.213039409266472E-04
  4.843072563894260E-04  4.823645908125745E-04  4.804256668175546E-04
  5.019614460335234E-04  4.999779803592834E-04  4.979982683821591E-04
  5.196556314769873E-04  5.176306836494911E-04  5.156095021892554E-04
  4.789956172138270E-04  4.770741646755665E-04  4.751564127201270E-04
  4.964520362966802E-04  4.944903264116652E-04  4.925323273309135E-04
  5.139463042287622E-04  5.119436667440541E-04  5.099447508116381E-04
  4.737122121972227E-04  4.718118780369242E-04  4.699152031675557E-04
  4.909719271614225E-04  4.890318803886478E-04  4.870955028957743E-04
  5.082673773418011E-04  5.062869597023551E-04  5.043102217808614E-04
  4.684576689468623E-04  4.665783532232118E-04  4.647026566296867E-04
  4.855218145813546E-04  4.836033111836538E-04  4.816884398697640E-04
  5.026196110715206E-04  5.006612742757558E-04  4.987065828642965E-04
  4.632326733812981E-04  4.613742569103194E-04  4.595194222670396E-04
  4.801026635314382E-04  4.782055389181288E-04  4.763120145384907E-04
  4.970042443034993E-04  4.950677787802973E-04  4.931349321912992E-04
  4.580380737969536E-04  4.562004089943023E-04  4.543662919244347E-04
  4.747157317986592E-04  4.728397892109532E-04  4.709674165134768E-04
  4.914229432859354E-04  4.895081026896040E-04  4.875968545226924E-04
  4.528748739043393E-04  4.510577956233656E-04  4.492442314405886E-04
  4.693622523897580E-04  4.675073214318092E-04  4.656559222984371E-04
  4.858771791705795E-04  4.839837860454263E-04  4.820939431152814E-04
  4.477440091209244E-04  4.459473741975879E-04  4.441542140903030E-04
  4.640427702655595E-04  4.622087976115491E-04  4.603782998721056E-04
  4.803671269330863E-04  4.784952147433315E-04  4.766267785769068E-04
  4.426459083176789E-04  4.408696553010991E-04  4.390968248008875E-04
  4.587563991074376E-04  4.569435268693004E-04  4.551340471027027E-04
  4.748906116684752E-04  4.730405228600411E-04  4.711937977939097E-04
  4.375800008717765E-04  4.358242034046357E-04  4.340717582763036E-04
  4.535004317485526E-04  4.517090116692359E-04  4.499208790648377E-04
  4.694428110557302E-04  4.676151735522510E-04  4.657907600499587E-04
  4.325444282377994E-04  4.308093107997076E-04  4.290774585446640E-04
  4.482706339193044E-04  4.465011543354730E-04  4.447348474455004E-04
  4.640171201838213E-04  4.622126865981177E-04  4.604113343856260E-04
  4.275361654704469E-04  4.258220657002688E-04  4.241111340856809E-04
  4.430621878385627E-04  4.413151406728151E-04  4.395711583703402E-04
  4.586069135801818E-04  4.568263327333518E-04  4.550487141977517E-04
  4.225515575299714E-04  4.208588475537103E-04  4.191692091801899E-04
  4.378708576969947E-04  4.361466102192329E-04  4.344253391087053E-04
  4.532073466203430E-04  4.514509844471603E-04  4.496975037038748E-04
  4.175870477381271E-04  4.159160495789628E-04  4.142480358464730E-04
  4.326938071897094E-04  4.309925398952107E-04  4.292941824157790E-04
  4.478162753809634E-04  4.460841736296601E-04  4.443549071008273E-04
  4.126397746653410E-04  4.109907063474634E-04  4.093445485773114E-04
  4.275297224524488E-04  4.258514519675482E-04  4.241760402548665E-04
  4.424339172386605E-04  4.407258921657175E-04  4.390206740526617E-04
  4.077078080114714E-04  4.060807768065591E-04  4.044565940754889E-04
  4.223783218060157E-04  4.207229773870776E-04  4.190704463842484E-04
  4.370616379527515E-04  4.353774401801148E-04  4.336960208276428E-04
  4.027900126131631E-04  4.011850448237804E-04  3.995828707494798E-04
  4.172396587138995E-04  4.156071578695926E-04  4.139774237067154E-04
  4.317006884094187E-04  4.300401253071293E-04  4.283823020410832E-04
  3.978857194190165E-04  3.963028003941719E-04  3.947226233776142E-04
  4.121136388360775E-04  4.105039233284036E-04  4.088969247481353E-04
  4.263515590319113E-04  4.247145276843751E-04  4.230801884339604E-04
  3.929944270533638E-04  3.914335285662013E-04  3.898753213312412E-04
  4.069999208491635E-04  4.054129502730679E-04  4.038286461328870E-04
  4.210140737397617E-04  4.194005211676175E-04  4.177896104479289E-04
  3.881156610582887E-04  3.865767488720044E-04  3.850404781332097E-04
  4.018980839942895E-04  4.003338107684348E-04  3.987721556371517E-04
  4.156878650320901E-04  4.140977304419498E-04  4.125101907694458E-04
  3.832489787636695E-04  3.817320075264237E-04  3.802176297354283E-04
  3.968078279097470E-04  3.952661792728582E-04  3.937271037645695E-04
  4.103727717597253E-04  4.088059552230548E-04  4.072416916241329E-04
  3.783940291061079E-04  3.768989358500532E-04  3.754063903945593E-04
  3.917290506189165E-04  3.902099272193929E-04  3.886933348066830E-04
  4.050689385167880E-04  4.035253043623934E-04  4.019841844855025E-04
  3.735505877722795E-04  3.720772904153430E-04  3.706064974693743E-04
  3.866618025249647E-04  3.851650873689452E-04  3.836708627264196E-04
  3.997766897409107E-04  3.982560859237805E-04  3.967379588235716E-04
  3.687185459500828E-04  3.672669463986370E-04  3.658178096671515E-04
  3.816062019026308E-04  3.801317691173579E-04  3.786597873070308E-04
  3.944963712932939E-04  3.929986439438027E-04  3.915033558244459E-04
  3.638978754565544E-04  3.624678637668320E-04  3.610402746947946E-04
  3.765623837101713E-04  3.751101018793197E-04  3.736602323231112E-04
  3.892282818157070E-04  3.877532778611998E-04  3.862806759316474E-04
  3.590885990850010E-04  3.576800561154494E-04  3.562738967599321E-04
  3.715304944848064E-04  3.701002257600663E-04  3.686723316556675E-04
  3.839726915826751E-04  3.825202543480013E-04  3.810701828204076E-04
  3.542907774865401E-04  3.529035757669800E-04  3.515187198276608E-04
  3.665107077098708E-04  3.651023061180902E-04  3.636962426985012E-04
  3.787298864369877E-04  3.772998513625164E-04  3.758721469177606E-04
  3.495045072048312E-04  3.481385110121292E-04  3.467748239430838E-04
  3.615032341707234E-04  3.601165451609023E-04  3.587321590680023E-04
  3.735001908093810E-04  3.720923844332202E-04  3.706868748199361E-04
  3.447299207915550E-04  3.433849863455330E-04  3.420423255103586E-04
  3.565083196376832E-04  3.551431809846468E-04  3.537803110467990E-04
  3.682839631762980E-04  3.668982047243487E-04  3.655147101357681E-04
  3.399671838631297E-04  3.386431599613394E-04  3.373213752180792E-04
  3.515262344442457E-04  3.501824777252017E-04  3.488409564116232E-04
  3.630815782401781E-04  3.617176819413256E-04  3.603560173335338E-04
  3.352164888201360E-04  3.339132177557216E-04  3.326121523583831E-04
  3.465572624350568E-04  3.452347142363711E-04  3.439143689315364E-04
  3.578934110634050E-04  3.565511876577813E-04  3.552111644073657E-04
  3.304780478121388E-04  3.291953662284761E-04  3.279148577069345E-04
  3.416016948647636E-04  3.403001772413677E-04  3.390008307979868E-04
  3.527198317603794E-04  3.513990885833051E-04  3.500805147327277E-04
  3.257520876004058E-04  3.244898270279549E-04  3.232297077656134E-04
  3.366598303462828E-04  3.353791606961918E-04  3.341006313447263E-04
  3.475612104239322E-04  3.462617506300096E-04  3.449644301428870E-04
  3.210388472053622E-04  3.197968343204928E-04  3.185569318305899E-04
  3.317319769775407E-04  3.304719680018418E-04  3.292140692591418E-04
  3.424179237289868E-04  3.411395459477136E-04  3.398632782470762E-04
  3.163385768443989E-04  3.151166337276815E-04  3.138967708937894E-04
  3.268184512697919E-04  3.255789115050803E-04  3.243414526380308E-04
  3.372903539508055E-04  3.360328530769161E-04  3.347774337169695E-04
  3.116515358380847E-04  3.104494804325607E-04  3.092494759431976E-04
  3.219195727651731E-04  3.207003074332864E-04  3.194830943102405E-04
  3.321788803943213E-04  3.309420488172997E-04  3.297072707389089E-04
  3.069779890483909E-04  3.057956357126598E-04  3.046153046196308E-04
  3.170356588271498E-04  3.158364703399649E-04  3.146393060033901E-04
  3.270838725192643E-04  3.258675005795365E-04  3.246531546948276E-04
  3.023182036707756E-04  3.011553635682362E-04  2.999945177058961E-04
  3.121670238532977E-04  3.109877117659666E-04  3.098103964298217E-04
  3.220056915239490E-04  3.208095670360460E-04  3.196154418081993E-04
  2.976724477959622E-04  2.965289290530223E-04  2.953873772145011E-04
  3.073139813415988E-04  3.061543422548872E-04  3.049966731738109E-04
  3.169446959237124E-04  3.157686038294226E-04  3.145944848405516E-04
  2.930409902000804E-04  2.919165980400404E-04  2.907941460972083E-04
  3.024768439366369E-04  3.013366718538176E-04  3.001984436230138E-04
  3.119012418411199E-04  3.107449647982848E-04  3.095906352380119E-04
  2.884240994597754E-04  2.873186365088460E-04  2.862150876950731E-04
  2.976559197718323E-04  2.965350067367546E-04  2.954160119318433E-04
  3.068756765354567E-04  3.057389958995133E-04  3.046042375747995E-04
  2.838220417080991E-04  2.827353084026057E-04  2.816504637202507E-04
  2.928515088031239E-04  2.917496452419920E-04  2.906496748175976E-04
  3.018683332436983E-04  3.007510293487408E-04  2.996356230814515E-04
  2.792350785269144E-04  2.781668733989148E-04  2.771005319276229E-04
  2.880639029109629E-04  2.869808775196653E-04  2.858997207271561E-04
  2.968795334738982E-04  2.957813851093406E-04  2.946851102539424E-04
  2.746634662740531E-04  2.736135860535722E-04  2.725655450667667E-04
  2.832933882179134E-04  2.822289878641262E-04  2.811664321159458E-04
  2.919095924325376E-04  2.908303765202905E-04  2.897530105511251E-04
  2.701074563065028E-04  2.690756960119891E-04  2.680457510569273E-04
  2.785402452183633E-04  2.774942552763356E-04  2.764500864307620E-04
  2.869588191917010E-04  2.858983113482182E-04  2.848396303283385E-04
  2.655672945504262E-04  2.645534477191835E-04  2.635413928318081E-04
  2.738047456502168E-04  2.727769505484697E-04  2.717509534675199E-04
  2.820275108922567E-04  2.809854862995067E-04  2.799452657834325E-04
  2.610432199752991E-04  2.600470789562060E-04  2.590527069583952E-04
  2.690871497525112E-04  2.680773332029173E-04  2.670692920385372E-04
  2.771159486815874E-04  2.760921822750044E-04  2.750701976048311E-04
  2.565354633672509E-04  2.555568194920042E-04  2.545799221822627E-04
  2.643877071563500E-04  2.633956519740608E-04  2.624053500137469E-04
  2.722244005411650E-04  2.712186664966813E-04  2.702146923226890E-04
  2.520442475288125E-04  2.510828911395549E-04  2.501232593277948E-04
  2.597066596318960E-04  2.587321476092840E-04  2.577593671119981E-04
  2.673531265208268E-04  2.663651979774845E-04  2.653790079000096E-04
  2.475697879802710E-04  2.466255084831435E-04  2.456829320292854E-04
  2.550442414152046E-04  2.540870536043078E-04  2.531315760378645E-04
  2.625023788310288E-04  2.615320283951122E-04  2.605633953946859E-04
  2.431122925745713E-04  2.421848786390418E-04  2.412591466365297E-04
  2.504006763663192E-04  2.494605935308892E-04  2.485222000350395E-04
  2.576723967420714E-04  2.567193971875566E-04  2.557680943633426E-04
  2.386719598806777E-04  2.377611996893265E-04  2.368521007201775E-04
  2.457761754941686E-04  2.448529782594730E-04  2.439314498445142E-04
  2.528634033572254E-04  2.519275276765046E-04  2.509933283898225E-04
  2.342489779072758E-04  2.333546592831173E-04  2.324619815639155E-04
  2.411709378000363E-04  2.402644064618285E-04  2.393595238339135E-04
  2.480756084094927E-04  2.471566293034439E-04  2.462393066828068E-04
  2.298435248076169E-04  2.289654352066287E-04  2.280889665877652E-04
  2.365851532690527E-04  2.356950676875838E-04  2.348066111050546E-04
  2.433092130586594E-04  2.424069027268112E-04  2.415062293762515E-04
  2.254557711480668E-04  2.245936976727512E-04  2.237332256394146E-04
  2.320190046946660E-04  2.311451445479048E-04  2.302728940380780E-04
  2.385644107749588E-04  2.376785414027126E-04  2.367942898274966E-04
  2.210858818169351E-04  2.202396113559000E-04  2.193949231555106E-04
  2.274726673234325E-04  2.266148124705218E-04  2.257585482094753E-04
  2.338413847702056E-04  2.329717291135997E-04  2.321036723481916E-04
  2.167340155934874E-04  2.159033350095362E-04  2.150742178460054E-04
  2.229463074947880E-04  2.221042380576874E-04  2.212637404968640E-04
  2.291403068566213E-04  2.282866382140719E-04  2.274345498771093E-04
  2.124003215828787E-04  2.115850178156304E-04  2.107712589678194E-04
  2.184400804571087E-04  2.176135766454702E-04  2.167886263471934E-04
  2.244613385833199E-04  2.236234303349685E-04  2.227870841746582E-04
  2.080849337222294E-04  2.072847937999146E-04  2.064861806371738E-04
  2.139541263358281E-04  2.131429683974847E-04  2.123333459494327E-04
  2.198046298363298E-04  2.189822553296253E-04  2.181614250339748E-04
  2.037879669968466E-04  2.030027780607041E-04  2.022190980549535E-04
  2.094885662437052E-04  2.086925347088656E-04  2.078980209387497E-04
  2.151703131007729E-04  2.143632461306520E-04  2.135577057603915E-04
  1.995095212600183E-04  1.987390706370745E-04  1.979701114255615E-04
  2.050435058735661E-04  2.042623817955135E-04  2.034827580302737E-04
  2.105585013787275E-04  2.097665166334847E-04  2.089760411142002E-04
  1.952496966094860E-04  1.944937718447744E-04  1.937393212685870E-04
  2.006190525572633E-04  1.998526174156247E-04  1.990876654237090E-04
  2.059693004509573E-04  2.051921733190403E-04  2.044165383198778E-04
  1.910086155117274E-04  1.902670043028557E-04  1.895268503545377E-04
  1.962153395241649E-04  1.954633749195975E-04  1.947128766100666E-04
  2.014028338403721E-04  2.006403398554171E-04  1.998793212309870E-04
  1.867864345100551E-04  1.860589246595894E-04  1.853328554366708E-04
  1.918325359590554E-04  1.910948235569009E-04  1.903585608881944E-04
  1.968592608032299E-04  1.961111755125563E-04  1.953645491012835E-04
  1.825833235278948E-04  1.818697030979246E-04  1.811575069455112E-04
  1.874708193990669E-04  1.867471413180375E-04  1.860248966625323E-04
  1.923387622211010E-04  1.916048617170654E-04  1.908724038359246E-04
  1.783994046549471E-04  1.776994623320509E-04  1.770009281999345E-04
  1.831303071645875E-04  1.824204464875789E-04  1.817120031620035E-04
  1.878414854598793E-04  1.871215469847405E-04  1.864030350802163E-04
  1.742346740957538E-04  1.735481995231728E-04  1.728631173053493E-04
  1.788109788177340E-04  1.781147197698932E-04  1.774198622478783E-04
  1.833674699302664E-04  1.826612719425215E-04  1.819564847181079E-04
  1.700889644736808E-04  1.694157482643789E-04  1.687439088245003E-04
  1.745126511999231E-04  1.738297788984167E-04  1.731482925618920E-04
  1.789166035318559E-04  1.782239253297488E-04  1.775326423608489E-04
  1.659620104162186E-04  1.653018437852163E-04  1.646430385896986E-04
  1.702350661034311E-04  1.695653661379299E-04  1.688970368263287E-04
  1.744886682536963E-04  1.738092896693590E-04  1.731312910350613E-04
  1.618536419190071E-04  1.612063161488968E-04  1.605603367212347E-04
  1.659781030885974E-04  1.653213611721643E-04  1.646659748138154E-04
  1.700835058037418E-04  1.694172071316160E-04  1.687522733159191E-04
  1.577640383431434E-04  1.571293443981852E-04  1.564959819253041E-04
  1.617420407108670E-04  1.610980424489147E-04  1.604553848476545E-04
  1.657012653590692E-04  1.650478272251068E-04  1.643957390289800E-04
  1.536938930891996E-04  1.530716215899572E-04  1.524506669020983E-04
  1.575276949892053E-04  1.568962258076653E-04  1.562660825985710E-04
  1.613426014150106E-04  1.607018044645707E-04  1.600623427429944E-04
  1.496442476104637E-04  1.490341891991036E-04  1.484254331448000E-04
  1.533362111328564E-04  1.527170565203915E-04  1.520992134106526E-04
  1.570086094272235E-04  1.563802342185270E-04  1.557531797610184E-04
  1.456159060217849E-04  1.450178519178949E-04  1.444210859201474E-04
  1.491683430233628E-04  1.485612890974532E-04  1.479555324055113E-04
  1.527002559344371E-04  1.520840833912086E-04  1.514692173199767E-04
  1.416083434646669E-04  1.410220858556474E-04  1.404371022945923E-04
  1.450231914149069E-04  1.444280253756746E-04  1.438341424717425E-04
  1.484170418084515E-04  1.478128538571493E-04  1.472099582454263E-04
  1.376191607528147E-04  1.370444924607402E-04  1.364710843392949E-04
  1.408966321671668E-04  1.403131419180802E-04  1.397309208740152E-04
  1.441545290285356E-04  1.435621085635830E-04  1.429709664628965E-04
