  3.444391703679589E+00  3.438210743905664E+00  3.432027062639965E+00

  1.509272717103884E+00  1.509534256214624E+00  1.509796499440885E+00
  1.515225387253648E+00  1.515472902269386E+00  1.515721288895845E+00
  1.518286026166581E+00  1.518525846921464E+00  1.518766598430196E+00
  1.535082135195500E+00  1.535348408906055E+00  1.535615402808640E+00
  1.541354610370779E+00  1.541606619819030E+00  1.541859520909606E+00
  1.544578054317874E+00  1.544822236385101E+00  1.545067370711364E+00
  1.548323673002945E+00  1.548592370954742E+00  1.548861797252604E+00
  1.554762050444280E+00  1.555016361689546E+00  1.555271574747325E+00
  1.558069955126238E+00  1.558316371058726E+00  1.558563750173737E+00
  1.548323673002945E+00  1.548592370954742E+00  1.548861797252604E+00
  1.554762050444280E+00  1.555016361689546E+00  1.555271574747325E+00
  1.558069955126238E+00  1.558316371058726E+00  1.558563750173737E+00
  1.535082135195500E+00  1.535348408906055E+00  1.535615402808640E+00
  1.541354610370779E+00  1.541606619819030E+00  1.541859520909606E+00
  1.544578054317874E+00  1.544822236385101E+00  1.545067370711364E+00
  1.509272717103884E+00  1.509534256214624E+00  1.509796499440885E+00
  1.515225387253648E+00  1.515472902269386E+00  1.515721288895845E+00
  1.518286026166581E+00  1.518525846921464E+00  1.518766598430196E+00
  1.472170254491846E+00  1.472424963415906E+00  1.472680352865305E+00
  1.477671528900315E+00  1.477912562631361E+00  1.478154438637549E+00
  1.480502388890872E+00  1.480735921447739E+00  1.480970353290653E+00
  1.425518852672466E+00  1.425764927754040E+00  1.426011652765918E+00
  1.430466758445355E+00  1.430699603558759E+00  1.430933253030625E+00
  1.433015953375331E+00  1.433241543167355E+00  1.433467991628106E+00
  1.371363239966728E+00  1.371599216357108E+00  1.371835805616524E+00
  1.375689023912884E+00  1.375912297089527E+00  1.376136328930723E+00
  1.377921580891762E+00  1.378137888770305E+00  1.378355006464217E+00
  1.311870095702720E+00  1.312094862324280E+00  1.312320198798020E+00
  1.315538124795770E+00  1.315750780415178E+00  1.315964142040113E+00
  1.317435920105000E+00  1.317641935216989E+00  1.317848703993303E+00
  1.249164105485494E+00  1.249376891251270E+00  1.249590198337008E+00
  1.252168667485144E+00  1.252369983556715E+00  1.252571946754160E+00
  1.253728780881916E+00  1.253923806360516E+00  1.254119522933320E+00
  1.185196940308454E+00  1.185397278277727E+00  1.185598083809921E+00
  1.187556921519072E+00  1.187746464063234E+00  1.187936589185331E+00
  1.188788908725955E+00  1.188972526212002E+00  1.189156766472883E+00
  1.121658580040157E+00  1.121846257104839E+00  1.122034342761650E+00
  1.123411101987050E+00  1.123588674519674E+00  1.123766759627495E+00
  1.124333737604115E+00  1.124505756618787E+00  1.124678324635369E+00
  1.059931830351040E+00  1.060106828828495E+00  1.060282171420361E+00
  1.061125792045212E+00  1.061291376012486E+00  1.061457397058140E+00
  1.061763762846968E+00  1.061924160446447E+00  1.062085027909976E+00
  1.001084280449809E+00  1.001246717865228E+00  1.001409429142150E+00
  1.001774484814732E+00  1.001928179122174E+00  1.002082229813738E+00
  1.002155381695226E+00  1.002304241950702E+00  1.002453488222649E+00
  9.458881257379554E-01  9.460382029356376E-01  9.461884784501609E-01
  9.461304196870822E-01  9.462723941272673E-01  9.464146406055364E-01
  9.462822742636171E-01  9.464197457186659E-01  9.465575168554550E-01
  8.948572211210294E-01  8.949951950937655E-01  8.951332885627806E-01
  8.947049852676788E-01  8.948354679844458E-01  8.949661380181149E-01
  8.946545794287578E-01  8.947808728592814E-01  8.949073811087207E-01
  8.482920297212331E-01  8.484182292636260E-01  8.485444699459274E-01
  8.477944253233255E-01  8.479137394765645E-01  8.480331601629092E-01
  8.475666200871020E-01  8.476820586677661E-01  8.477976330150938E-01
  8.063260754536360E-01  8.064409647607531E-01  8.065558216004449E-01
  8.055284418561393E-01  8.056370859937301E-01  8.057457629306830E-01
  8.051466633934954E-01  8.052517709206420E-01  8.053569428681402E-01
  7.689703293918626E-01  7.690745895843767E-01  7.691787502361297E-01
  7.679165170001782E-01  7.680152377684546E-01  7.681139229607444E-01
  7.674040663745857E-01  7.674996244727950E-01  7.675951792533766E-01
  7.361517514532567E-01  7.362462951416735E-01  7.363406749936346E-01
  7.348864401638865E-01  7.349761787403910E-01  7.350658109944295E-01
  7.342672212831319E-01  7.343541602886373E-01  7.344410225699777E-01
  7.077387741254934E-01  7.078246047980090E-01  7.079102042022802E-01
  7.063059872363251E-01  7.063876461426337E-01  7.064691205763195E-01
  7.056026086606069E-01  7.056817336128585E-01  7.057607003101030E-01
  6.835495506279234E-01  6.836275822633723E-01  6.837053140786238E-01
  6.819867997658854E-01  6.820611137648116E-01  6.821351659290755E-01
  6.812170449714910E-01  6.812889882539094E-01  6.813606957680228E-01
  6.633556488038960E-01  6.634267421952594E-01  6.634974757991153E-01
  6.616906847469868E-01  6.617584520896729E-01  6.618258924751705E-01
  6.608671029330198E-01  6.609326780418717E-01  6.609979537337671E-01
  6.468982304763872E-01  6.469633235034229E-01  6.470280108219191E-01
  6.451525470851349E-01  6.452148280202602E-01  6.452767289702931E-01
  6.442856860027532E-01  6.443460737662839E-01  6.444061070622067E-01
  6.339111215388132E-01  6.339711093105004E-01  6.340306597838502E-01
  6.321043109768389E-01  6.321621934816785E-01  6.322196506138693E-01
  6.312049271392857E-01  6.312613456551566E-01  6.313173563830652E-01
  6.241360730795161E-01  6.241914890521658E-01  6.242464534455194E-01
  6.222861643195127E-01  6.223403114274368E-01  6.223939999850376E-01
  6.213645085006327E-01  6.214176970718749E-01  6.214704324270739E-01
  6.173280302110369E-01  6.173788376553031E-01  6.174291993318317E-01
  6.154505024057587E-01  6.155008575391514E-01  6.155507427073020E-01
  6.145149576034915E-01  6.145648533564338E-01  6.146142720955311E-01
  6.132517424502435E-01  6.132974076715754E-01  6.133426469915356E-01
  6.113612472549518E-01  6.114070736186017E-01  6.114524400754006E-01
  6.104188925508609E-01  6.104646527359799E-01  6.105099375731230E-01
  6.116706448411595E-01  6.117104776695664E-01  6.117499138271363E-01
  6.097835968733746E-01  6.098238709406290E-01  6.098637100244205E-01
  6.088420797273911E-01  6.088824963201005E-01  6.089224584414764E-01
  6.123405233907265E-01  6.123742338902737E-01  6.124076078133970E-01
  6.104734277377408E-01  6.105074926938546E-01  6.105411769449351E-01
  6.095408885660718E-01  6.095750997979452E-01  6.096089077964009E-01
  6.150207179527143E-01  6.150491324129458E-01  6.150773438526839E-01
  6.131852881997213E-01  6.132136348994484E-01  6.132417256381366E-01
  6.122679476126094E-01  6.122962603495510E-01  6.123242907498391E-01
  6.194919536113781E-01  6.195174455531389E-01  6.195429516948427E-01
  6.176931363285776E-01  6.177179327463135E-01  6.177426875846520E-01
  6.167938222353297E-01  6.168182844947104E-01  6.168426774606989E-01
  6.255575651917853E-01  6.255834407681476E-01  6.256095665772522E-01
  6.237969810354308E-01  6.238215968219675E-01  6.238464200574410E-01
  6.229165166670894E-01  6.229405101509035E-01  6.229646893812305E-01
  6.330228976218850E-01  6.330519101966824E-01  6.330813414273591E-01
  6.313042800135236E-01  6.313317800332479E-01  6.313596792453584E-01
  6.304442948997988E-01  6.304710307141352E-01  6.304981555667398E-01
  6.416764709033661E-01  6.417102101700080E-01  6.417444942564604E-01
  6.400075444954756E-01  6.400397862448032E-01  6.400725640657486E-01
  6.391717615133706E-01  6.392032414196237E-01  6.392352535286128E-01
  6.513037080569313E-01  6.513444760327088E-01  6.513860721615706E-01
  6.496923045070992E-01  6.497314764148143E-01  6.497714456059183E-01
  6.488848360767848E-01  6.489232134056926E-01  6.489623744411878E-01
  6.617343643399966E-01  6.617886614920305E-01  6.618444636520107E-01
  6.601823063690043E-01  6.602343868036532E-01  6.602878939654181E-01
  6.594045042525407E-01  6.594555076447531E-01  6.595079006482583E-01
  6.728837450631601E-01  6.729639007218670E-01  6.730466176454796E-01
  6.713847243726555E-01  6.714615356327999E-01  6.715407996245754E-01
  6.706337694053116E-01  6.707089507337392E-01  6.707865302170627E-01
  6.847368580517706E-01  6.848573697203023E-01  6.849814061942568E-01
  6.832820026245391E-01  6.833981912260457E-01  6.835178361442539E-01
  6.825533523067741E-01  6.826673900960961E-01  6.827848453490498E-01
  6.972606793035500E-01  6.974294179716213E-01  6.976017689810813E-01
  6.958494422798720E-01  6.960140229780782E-01  6.961822745428677E-01
  6.951422353769152E-01  6.953046753402768E-01  6.954708072479266E-01
  7.102916875010028E-01  7.105011344501914E-01  7.107128329428826E-01
  7.089403717357183E-01  7.091475945219324E-01  7.093572941174984E-01
  7.082620220985703E-01  7.084679912766156E-01  7.086765415756369E-01
  7.234804614113335E-01  7.237056077927138E-01  7.239303082145609E-01
  7.222214065366247E-01  7.224477740545623E-01  7.226740484393452E-01
  7.215876524289818E-01  7.218144423244058E-01  7.220413105417504E-01
  7.363387218336774E-01  7.365434572302215E-01  7.367444396729337E-01
  7.352105182608024E-01  7.354204918588466E-01  7.356271083583017E-01
  7.346407487727077E-01  7.348531556482039E-01  7.350624027766232E-01
  7.483539743109624E-01  7.485011274907036E-01  7.486414146177057E-01
  7.473899057827864E-01  7.475459393999917E-01  7.476954739890438E-01
  7.469012560112467E-01  7.470615829076144E-01  7.472155970045428E-01
  7.590948890893495E-01  7.591537179903658E-01  7.592032237703825E-01
  7.583160851094009E-01  7.583865300600441E-01  7.584479492978725E-01
  7.579197586677652E-01  7.579959221949513E-01  7.580632138181326E-01
  7.682646588199181E-01  7.682142169033773E-01  7.681528448752549E-01
  7.676781574757614E-01  7.676408957796708E-01  7.675928956201891E-01
  7.673783255488432E-01  7.673476352092081E-01  7.673063099183836E-01
  7.757181243585003E-01  7.755491367904699E-01  7.753686670508498E-01
  7.753161963119182E-01  7.751604835625415E-01  7.749933248368784E-01
  7.751096546151842E-01  7.749606441055210E-01  7.748002158034674E-01
  7.814722321504753E-01  7.811891377582092E-01  7.808952868124349E-01
  7.812314661530030E-01  7.809599916987003E-01  7.806776018797209E-01
  7.811071312213770E-01  7.808416158218601E-01  7.805651160979357E-01
  7.857074877097416E-01  7.853288195935187E-01  7.849413676687781E-01
  7.855899034831504E-01  7.852195216037567E-01  7.848400097435897E-01
  7.855292038693185E-01  7.851631743719707E-01  7.847878494300849E-01
  7.887363377401146E-01  7.882911532778967E-01  7.878399844966170E-01
  7.886947086955163E-01  7.882533705642388E-01  7.878055750559714E-01
  7.886740750229213E-01  7.882348848099899E-01  7.877890031722042E-01
  7.909345907601196E-01  7.904558724980221E-01  7.899742004841612E-01
  7.909207101201303E-01  7.904411423866253E-01  7.899581064696165E-01
  7.909156762554750E-01  7.904358763339980E-01  7.899523480082650E-01
  7.926651395054520E-01  7.921836211249903E-01  7.917019626426252E-01
  7.926375494133245E-01  7.921510135675084E-01  7.916638632353894E-01
  7.926267404276162E-01  7.921378214731511E-01  7.916480436066289E-01
  7.942275920566767E-01  7.937684488894735E-01  7.933115696794200E-01
  7.941564116236938E-01  7.936891550173497E-01  7.932237938847345E-01
  7.941241449804420E-01  7.936528750167710E-01  7.931833068309986E-01
  7.958425299472833E-01  7.954246053093650E-01  7.950108722837014E-01
  7.957113179480966E-01  7.952835677755229E-01  7.948597948976317E-01
  7.956487003563282E-01  7.952160017756977E-01  7.947871638289166E-01
  7.976557785237922E-01  7.972915887460844E-01  7.969329430102333E-01
  7.974613708785616E-01  7.970871418730733E-01  7.967184220907113E-01
  7.973663293669415E-01  7.969869841501300E-01  7.966131231544176E-01
  7.997454046383021E-01  7.994408061629622E-01  7.991423741943934E-01
  7.994963081083315E-01  7.991828580300004E-01  7.988757126833566E-01
  7.993728443567407E-01  7.990548383977890E-01  7.987432019844458E-01
  8.021256341570165E-01  8.018793974911598E-01  8.016391147941901E-01
  8.018390665378712E-01  8.015862354801935E-01  8.013396275708822E-01
  8.016957833240675E-01  8.014395219451454E-01  8.011896178280423E-01
  8.047525141483155E-01  8.045567673976510E-01  8.043659976820708E-01
  8.044502447870855E-01  8.042506994179638E-01  8.040564614093449E-01
  8.042982276791742E-01  8.040966735735001E-01  8.039005949110009E-01
  8.075381638634556E-01  8.073803575640320E-01  8.072260713500897E-01
  8.072417772781114E-01  8.070828935650972E-01  8.069278431340160E-01
  8.070921532438076E-01  8.069326625620898E-01  8.067771668443950E-01
  8.103749945409718E-01  8.102411132897671E-01  8.101092272773115E-01
  8.101016324732359E-01  8.099687904695233E-01  8.098381762310459E-01
  8.099633480622852E-01  8.098310036353552E-01  8.097010088418335E-01
  8.131638835487568E-01  8.130418171143698E-01  8.129205339354387E-01
  8.129235502286947E-01  8.128037315891000E-01  8.126848162631352E-01
  8.128019330019695E-01  8.126832554838603E-01  8.125655459138079E-01
  8.158366147353096E-01  8.157184606169974E-01  8.156004034339367E-01
  8.156316454073950E-01  8.155160197873498E-01  8.154005026973665E-01
  8.155280726912733E-01  8.154137527857064E-01  8.152995498655773E-01
  8.183652813747373E-01  8.182479179912104E-01  8.181304916992505E-01
  8.181918060782100E-01  8.180765420808106E-01  8.179611494436938E-01
  8.181044133926412E-01  8.179902474468607E-01  8.178759205188633E-01
  8.207576545695161E-01  8.206417569688480E-01  8.205260045158184E-01
  8.206082503715093E-01  8.204936532971210E-01  8.203791009789489E-01
  8.205332765218170E-01  8.204193706485152E-01  8.203054581905441E-01
  8.230433768525377E-01  8.229316245385481E-01  8.228203759050493E-01
  8.229098791438131E-01  8.227985929497919E-01  8.226877142465664E-01
  8.228431189414129E-01  8.227320912632389E-01  8.226214209889203E-01
  8.252581365320750E-01  8.251534512093621E-01  8.250495926343383E-01
  8.251337810537585E-01  8.250289277840017E-01  8.249248343525124E-01
  8.250717107828042E-01  8.249667822310482E-01  8.248625780577628E-01
  8.274315367922590E-01  8.273358984082216E-01  8.272412672386399E-01
  8.273120354102041E-01  8.272158964678392E-01  8.271207354382588E-01
  8.272523944850336E-01  8.271560010336595E-01  8.270605694131501E-01
  8.295811212705675E-01  8.294951155515269E-01  8.294101304283757E-01
  8.294647079015133E-01  8.293781510677086E-01  8.292926175927687E-01
  8.294065449786512E-01  8.293197016720715E-01  8.292338824772547E-01
  8.317120890991356E-01  8.316350508980213E-01  8.315589153260881E-01
  8.315988600798582E-01  8.315214074695075E-01  8.314448790388953E-01
  8.315422049807402E-01  8.314645335420571E-01  8.313877971370744E-01
  8.338206781265016E-01  8.337511731269944E-01  8.336823865018650E-01
  8.337116522982781E-01  8.336419399507611E-01  8.335729719219150E-01
  8.336570324477314E-01  8.335872080620594E-01  8.335181414651113E-01
  8.358989273312043E-01  8.358353164984844E-01  8.357722395873720E-01
  8.357951968381635E-01  8.357315603042940E-01  8.356684774627035E-01
  8.357431927995408E-01  8.356795397192224E-01  8.356164508094167E-01
  8.379389922651457E-01  8.378798873392613E-01  8.378211786934617E-01
  8.378411887129862E-01  8.377821627268358E-01  8.377235420519511E-01
  8.377921494599022E-01  8.377331632319116E-01  8.376745872794051E-01
  8.399359208333094E-01  8.398804270948688E-01  8.398252574998034E-01
  8.398440514231058E-01  8.397886583057244E-01  8.397335885352033E-01
  8.397980016904970E-01  8.397426613845230E-01  8.396876442306275E-01
  8.418885576778696E-01  8.418362909215263E-01  8.417843339028036E-01
  8.418021298723544E-01  8.417499279117286E-01  8.416980292004157E-01
  8.417588299081969E-01  8.417066632233822E-01  8.416547965265210E-01
  8.437988870928247E-01  8.437498252529319E-01  8.437010923050555E-01
  8.437171724041179E-01  8.436681185813195E-01  8.436193861733637E-01
  8.436762533449198E-01  8.436272055624088E-01  8.435784753139993E-01
  8.456705191074007E-01  8.456247867513867E-01  8.455794084782426E-01
  8.455928105659551E-01  8.455470388524307E-01  8.455016160677143E-01
  8.455539092478745E-01  8.455081186352728E-01  8.454626742124406E-01
  8.475070981062963E-01  8.474647772924597E-01  8.474228215077160E-01
  8.474328696796901E-01  8.473904867429186E-01  8.473484671772822E-01
  8.473957138513155E-01  8.473532996174881E-01  8.473112478148941E-01
  8.493112055519296E-01  8.492722297314916E-01  8.492336074598873E-01
  8.492401507146375E-01  8.492011146089949E-01  8.491624332674993E-01
  8.492045814434380E-01  8.491655144731172E-01  8.491268028371516E-01
  8.510839772387264E-01  8.510481176429362E-01  8.510125805243448E-01
  8.510159574975614E-01  8.509800546231210E-01  8.509444768169481E-01
  8.509819039319694E-01  8.509459787049631E-01  8.509103798618562E-01
  8.528253292146154E-01  8.527922465655629E-01  8.527594447673152E-01
  8.527602862292454E-01  8.527271809059187E-01  8.526943589539484E-01
  8.527277203950946E-01  8.526946033104261E-01  8.526617709025439E-01
  8.545345018241528E-01  8.545038213602296E-01  8.544733792808136E-01
  8.544723804882437E-01  8.544416932081679E-01  8.544112459224660E-01
  8.544412770162829E-01  8.544105862366476E-01  8.543801362974939E-01
  8.562106155396738E-01  8.561819892949633E-01  8.561535646530321E-01
  8.561513228229589E-01  8.561226977596362E-01  8.560942748591576E-01
  8.561216369556944E-01  8.560930126150150E-01  8.560645907394115E-01
  8.578530370719922E-01  8.578261750726959E-01  8.577994856484505E-01
  8.577964375593939E-01  8.577695780995362E-01  8.577428910568731E-01
  8.577681023063157E-01  8.577412443206180E-01  8.577145586758417E-01
  8.594614991103680E-01  8.594361698134704E-01  8.594109903738596E-01
  8.594074331725685E-01  8.593821043860381E-01  8.593569250503256E-01
  8.593803684882172E-01  8.593550401222804E-01  8.593298609949723E-01
  8.610360320541940E-01  8.610120442742815E-01  8.609881869835012E-01
  8.609843392265968E-01  8.609603496227116E-01  8.609364902043438E-01
  8.609584641524741E-01  8.609344737200626E-01  8.609106133101282E-01
  8.625768165437199E-01  8.625539978524340E-01  8.625312910187997E-01
  8.625273518682061E-01  8.625045304111024E-01  8.624818207457411E-01
  8.625025931654107E-01  8.624797703394997E-01  8.624570592649057E-01
  8.640840542274192E-01  8.640622364675606E-01  8.640405114132329E-01
  8.640366934947143E-01  8.640148736233048E-01  8.639931465844826E-01
  8.640129885340712E-01  8.639911675883973E-01  8.639694395366836E-01
  8.655579077802008E-01  8.655369232212701E-01  8.655160118385826E-01
  8.655125441152854E-01  8.654915589883444E-01  8.654706472336031E-01
  8.654898392168165E-01  8.654688537880300E-01  8.654479418309956E-01
  8.669985115424849E-01  8.669781973027876E-01  8.669579373023164E-01
  8.669550484757302E-01  8.669347352120474E-01  8.669144763410401E-01
  8.669332953503719E-01  8.669129825739216E-01  8.668927242696295E-01
  8.684060231959360E-01  8.683862289352562E-01  8.683664716561637E-01
  8.683643686492787E-01  8.683445763247750E-01  8.683248210395125E-01
  8.683435212648044E-01  8.683237299248884E-01  8.683039756551079E-01
  8.697806806881905E-01  8.697612751344508E-01  8.697418917099645E-01
  8.697407439318851E-01  8.697213405403310E-01  8.697019592429374E-01
  8.697207569037858E-01  8.697013546189212E-01  8.696819744114096E-01
  8.711228402917304E-01  8.711037144367033E-01  8.710845985001083E-01
  8.710845316747302E-01  8.710654076287172E-01  8.710462934053770E-01
  8.710653601042775E-01  8.710462369888989E-01  8.710271236480346E-01
  8.724329890784196E-01  8.724140561742516E-01  8.723951235013289E-01
  8.723962211839843E-01  8.723772894057742E-01  8.723583577351013E-01
  8.723778212519617E-01  8.723588900587197E-01  8.723399589105110E-01
  8.737117381633668E-01  8.736929319203093E-01  8.736741184986984E-01
  8.736764270410703E-01  8.736576210990932E-01  8.736388078449834E-01
  8.736587566534838E-01  8.736399508794106E-01  8.736211377258944E-01
  8.749598076778458E-01  8.749410801397008E-01  8.749223400863834E-01
  8.749258734390239E-01  8.749071453112912E-01  8.748884045276621E-01
  8.749088925466046E-01  8.748901641385953E-01  8.748714230041131E-01
  8.761780120094023E-01  8.761593319314107E-01  8.761406359696607E-01
  8.761453787508493E-01  8.761266971205794E-01  8.761079994534713E-01
  8.761290493176366E-01  8.761103669248573E-01  8.760916684187173E-01
  8.773672485695371E-01  8.773486003702345E-01  8.773299348466052E-01
  8.773358439602049E-01  8.773171931426856E-01  8.772985248302047E-01
  8.773201297525475E-01  8.773014776396785E-01  8.772828079466205E-01
  8.785284890342645E-01  8.785098719559510E-01  8.784912379996488E-01
  8.784982439215191E-01  8.784796230420522E-01  8.784609850953671E-01
  8.784831103033202E-01  8.784644875371719E-01  8.784458476092343E-01
  8.796627703877565E-01  8.796441974643262E-01  8.796256099054460E-01
  8.796336186062468E-01  8.796150405982294E-01  8.795964477500603E-01
  8.796190324375908E-01  8.796004519008001E-01  8.795818564214670E-01
  8.807711838258796E-01  8.807526804663356E-01  8.807341663582022E-01
  8.807430622046081E-01  8.807245524138975E-01  8.807060316595622E-01
  8.807289918432861E-01  8.807104788496132E-01  8.806919547846963E-01
  8.818548612387694E-01  8.818364634734271E-01  8.818180602944462E-01
  8.818277097043405E-01  8.818093041402481E-01  8.817908929421806E-01
  8.818141250581090E-01  8.817957156060749E-01  8.817773004097719E-01
  8.829149602997731E-01  8.828967128651447E-01  8.828784665847660E-01
  8.828887219738210E-01  8.828704653875877E-01  8.828522097338957E-01
  8.828755945505754E-01  8.828573333987277E-01  8.828390730684413E-01
  8.839526495903852E-01  8.839346040270694E-01  8.839165672032049E-01
  8.839272708297529E-01  8.839092148029813E-01  8.838911672954826E-01
  8.839145737585298E-01  8.838965125090238E-01  8.838784596685816E-01
  8.849690948472240E-01  8.849513077098465E-01  8.849335377048749E-01
  8.849445252251159E-01  8.849267263726620E-01  8.849089444363809E-01
  8.849322332468111E-01  8.849144285446710E-01  8.848966406504674E-01
  8.859654468026354E-01  8.859479780019950E-01  8.859305353290778E-01
  8.859416390527264E-01  8.859241573614414E-01  8.859067015879754E-01
  8.859297284917829E-01  8.859122403619003E-01  8.858947780447580E-01
  8.869428306029399E-01  8.869257418572527E-01  8.869086886314947E-01
  8.869197405476099E-01  8.869026378264268E-01  8.868855704241050E-01
  8.869081892757213E-01  8.868910795723739E-01  8.868740050872176E-01
  8.879023365718602E-01  8.878856899379242E-01  8.878690884049423E-01
  8.878799230447196E-01  8.878632614551158E-01  8.878466447768035E-01
  8.878687104418138E-01  8.878520413788036E-01  8.878354171321079E-01
  8.888450120775453E-01  8.888288685451314E-01  8.888127796730441E-01
  8.888232368414350E-01  8.888070774906777E-01  8.887909726244956E-01
  8.888123437545454E-01  8.887961764978870E-01  8.887800636377756E-01
  8.897718543285513E-01  8.897562724744361E-01  8.897407546074371E-01
  8.897506819876507E-01  8.897350835812651E-01  8.897195490025265E-01
  8.897400906869061E-01  8.897244840065132E-01  8.897089410738748E-01
  8.906838039792240E-01  8.906688386840423E-01  8.906539462614186E-01
  8.906632018855960E-01  8.906482194426233E-01  8.906333097312379E-01
  8.906528960173882E-01  8.906379050015273E-01  8.906229866466057E-01
  8.915817394533337E-01  8.915674406873848E-01  8.915532230345093E-01
  8.915616776102397E-01  8.915473612476423E-01  8.915331258777032E-01
  8.915516421487413E-01  8.915373169877298E-01  8.915230727590017E-01
  8.924664719226110E-01  8.924528836110227E-01  8.924393838135372E-01
  8.924469228871121E-01  8.924333166836365E-01  8.924197988962645E-01
  8.924371440854001E-01  8.924235289348171E-01  8.924100021511676E-01
  8.933387409293870E-01  8.933258999150402E-01  8.933131537959245E-01
  8.933196797149990E-01  8.933068206726060E-01  8.932940564514479E-01
  8.933101450562395E-01  8.932972769976134E-01  8.932845037230508E-01
  8.941992107204565E-01  8.941871458533233E-01  8.941751810828866E-01
  8.941806146983169E-01  8.941685318295508E-01  8.941565490086893E-01
  8.941713128462271E-01  8.941592209734238E-01  8.941472291239559E-01
  8.950484674429010E-01  8.950371988335244E-01  8.950260342109800E-01
  8.950303162380517E-01  8.950190298169146E-01  8.950078473597209E-01
  8.950212369849595E-01  8.950099416537596E-01  8.949987502748887E-01
  8.958870174171590E-01  8.958765558967736E-01  8.958662008460269E-01
  8.958692927957681E-01  8.958588138145958E-01  8.958484413061669E-01
  8.958604270061924E-01  8.958499392895483E-01  8.958395580470365E-01
  8.967152867301582E-01  8.967056335588190E-01  8.966960878790282E-01
  8.966979724737058E-01  8.966883023475254E-01  8.966787397413944E-01
  8.966893120214373E-01  8.966796334119473E-01  8.966700623366044E-01
  8.975336223751653E-01  8.975247692319960E-01  8.975160231353163E-01
  8.975167041385306E-01  8.975078346912089E-01  8.974990723429479E-01
  8.975082418356841E-01  8.974993642296919E-01  8.974905937489075E-01
  8.983422951070421E-01  8.983342243839884E-01  8.983262588394360E-01
  8.983257602588588E-01  8.983176740126863E-01  8.983096930196035E-01
  8.983174897760615E-01  8.983093957611543E-01  8.983014070365111E-01
  8.991415040892217E-01  8.991341894926286E-01  8.991269768773850E-01
  8.991253415346029E-01  8.991180123079315E-01  8.991107851564911E-01
  8.991172573123858E-01  8.991099207630606E-01  8.991026863358084E-01
  8.999313832918296E-01  8.999247907362841E-01  8.999182957756192E-01
  8.999155832796588E-01  8.999089770773546E-01  8.999024685798140E-01
  8.999076804320908E-01  8.999010673985068E-01  8.998945521245527E-01
  9.007120094722003E-01  9.007060982304238E-01  9.007002791868134E-01
  9.006965633910415E-01  9.006906395518354E-01  9.006848080329705E-01
  9.006888376036629E-01  9.006829074577153E-01  9.006770696931464E-01
  9.014834114434154E-01  9.014781354969277E-01  9.014729455502882E-01
  9.014683116118775E-01  9.014630241575750E-01  9.014578228336468E-01
  9.014607590368160E-01  9.014554658206123E-01  9.014502588000211E-01
  9.022455802289148E-01  9.022408897491301E-01  9.022362784957907E-01
  9.022308196874881E-01  9.022261188038486E-01  9.022214972815596E-01
  9.022234368392792E-01  9.022187307459022E-01  9.022141040813271E-01
  9.029984796252279E-01  9.029943225055669E-01  9.029902374955225E-01
  9.029840519371314E-01  9.029798855070319E-01  9.029757913220319E-01
  9.029768355930065E-01  9.029726645001969E-01  9.029685657202485E-01
  9.037420566610030E-01  9.037383800186286E-01  9.037347682497998E-01
  9.037279557293504E-01  9.037242708367552E-01  9.037206509503170E-01
  9.037209028376350E-01  9.037172138128723E-01  9.037135898606112E-01
  9.044762514544143E-01  9.044730030254587E-01  9.044698123200791E-01
  9.044624713619910E-01  9.044592156903997E-01  9.044560178691741E-01
  9.044555789618073E-01  9.044523196623643E-01  9.044491182767357E-01
  9.052010060312587E-01  9.051981353951257E-01  9.051953155960526E-01
  9.051875409076710E-01  9.051846639683513E-01  9.051818379847100E-01
  9.051808060622948E-01  9.051779259654334E-01  9.051750968836244E-01
  9.059162717641607E-01  9.059137313492446E-01  9.059112352913852E-01
  9.059031156831004E-01  9.059005698251247E-01  9.058980684329517E-01
  9.058965354284019E-01  9.058939868435680E-01  9.058914827789813E-01
  9.066220152142523E-01  9.066197610573391E-01  9.066175452895456E-01
  9.066091621215814E-01  9.066069032955957E-01  9.066046829565502E-01
  9.066027334298489E-01  9.066004722646278E-01  9.065982496353311E-01
  9.073182222841278E-01  9.073162145365289E-01  9.073142397899929E-01
  9.073056659553503E-01  9.073036542238280E-01  9.073016755798121E-01
  9.072993857138674E-01  9.072973719862995E-01  9.072953913895333E-01
  9.080049007106793E-01  9.080031039032104E-01  9.080013353210786E-01
  9.079926347348302E-01  9.079908345406756E-01  9.079890626469959E-01
  9.079864997376598E-01  9.079846978466618E-01  9.079829242937776E-01
  9.086820810314798E-01  9.086804641252612E-01  9.086788712825464E-01
  9.086700988170714E-01  9.086684790373861E-01  9.086668833855280E-01
  9.086641057679381E-01  9.086624845485564E-01  9.086608874892286E-01
  9.093498162443709E-01  9.093483525036032E-01  9.093469092550304E-01
  9.093381110424368E-01  9.093366448635197E-01  9.093351992311075E-01
  9.093322565661570E-01  9.093307891656852E-01  9.093293423389319E-01
  9.100081804420042E-01  9.100068471685531E-01  9.100055313649232E-01
  9.099967453810368E-01  9.099954100344444E-01  9.099940922029718E-01
  9.099910260409478E-01  9.099896896557289E-01  9.099883708083306E-01
  9.106572667319837E-01  9.106560449015106E-01  9.106548380142533E-01
  9.106460948599076E-01  9.106448712593675E-01  9.106436626394345E-01
  9.106405071788336E-01  9.106392826915694E-01  9.106380732036520E-01
  9.112971847406609E-01  9.112960585782982E-01  9.112949452693608E-01
  9.112862690695948E-01  9.112851413868702E-01  9.112840265881809E-01
  9.112808095522318E-01  9.112796811079434E-01  9.112785655630322E-01
  9.119280579464334E-01  9.119270144776086E-01  9.119259821489475E-01
  9.119173914968137E-01  9.119163467122472E-01  9.119153130927571E-01
  9.119120566518214E-01  9.119110112082567E-01  9.119099769422553E-01
  9.125500210143329E-01  9.125490496226285E-01  9.125480879757820E-01
  9.125395968559469E-01  9.125386243157052E-01  9.125376615405371E-01
  9.125343832164857E-01  9.125334101010567E-01  9.125324467608339E-01
  9.131632172362024E-01  9.131623092536774E-01  9.131614098837904E-01
  9.131530285244203E-01  9.131521195299948E-01  9.131512191646149E-01
  9.131479326663138E-01  9.131470231651876E-01  9.131461223013307E-01
  9.137677961416408E-01  9.137669444875789E-01  9.137661005272424E-01
  9.137578361479606E-01  9.137569835939992E-01  9.137561387471286E-01
  9.137528547049922E-01  9.137520017004647E-01  9.137511564097262E-01
  9.143639113358351E-01  9.143631102093381E-01  9.143623160273303E-01
  9.143541734723737E-01  9.143533715383482E-01  9.143525765597761E-01
  9.143493031485819E-01  9.143485008102815E-01  9.143477054329290E-01
  9.149517186216028E-01  9.149509632450673E-01  9.149502141966614E-01
  9.149421964597115E-01  9.149414403525176E-01  9.149406905825401E-01
  9.149374340387316E-01  9.149366775657811E-01  9.149359274346003E-01
  9.155313744511190E-01  9.155306608577380E-01  9.155299530791490E-01
  9.155220617346052E-01  9.155213474752720E-01  9.155206390383585E-01
  9.155174040862878E-01  9.155166894936166E-01  9.155159807271863E-01
  9.161030347195710E-01  9.161023595783052E-01  9.161016898180709E-01
  9.160939253732129E-01  9.160932496211825E-01  9.160925792566799E-01
  9.160893694579302E-01  9.160886934002069E-01  9.160880227332652E-01
  9.166668538711849E-01  9.166662143447346E-01  9.166655798270974E-01
  9.166579420053714E-01  9.166573019158860E-01  9.166566668408307E-01
  9.166534848763380E-01  9.166528445050649E-01  9.166522091510350E-01
  9.172229842586901E-01  9.172223778913771E-01  9.172217762084360E-01
  9.172142641709377E-01  9.172136572824400E-01  9.172130550832442E-01
  9.172099029749877E-01  9.172092958256600E-01  9.172086933681027E-01
  9.177715756917058E-01  9.177710003239100E-01  9.177704293533417E-01
  9.177630418657768E-01  9.177624660139644E-01  9.177618945637662E-01
  9.177587738429290E-01  9.177581977488967E-01  9.177576260586748E-01
  9.183127751231115E-01  9.183122288278116E-01  9.183116866719626E-01
  9.183044222263441E-01  9.183038754804106E-01  9.183033328778786E-01
  9.183002447084739E-01  9.182996977370336E-01  9.182991549109724E-01
  9.188467264408736E-01  9.188462074771949E-01  9.188456924186479E-01
  9.188385493202027E-01  9.188380299361596E-01  9.188375144608419E-01
  9.188344597290614E-01  9.188339401346641E-01  9.188334244507911E-01
  9.193735703445778E-01  9.193730771236757E-01  9.193725875927170E-01
  9.193655640216833E-01  9.193650704080745E-01  9.193645804877042E-01
  9.193615598664643E-01  9.193610660563453E-01  9.193605759411140E-01
  9.198934442894875E-01  9.198929753492300E-01  9.198925098997262E-01
  9.198856039553746E-01  9.198851346478336E-01  9.198846688340860E-01
  9.198816828300103E-01  9.198812133386842E-01  9.198807473426728E-01
  9.204064824808241E-01  9.204060364668747E-01  9.204055937582123E-01
  9.203988034900935E-01  9.203983571323369E-01  9.203979140826841E-01
  9.203949630703783E-01  9.203945165405862E-01  9.203940733203078E-01
  9.209128159022064E-01  9.209123915538558E-01  9.209119703373670E-01
  9.209052937671831E-01  9.209048690967763E-01  9.209044475608502E-01
  9.209015318078487E-01  9.209011069762925E-01  9.209006852805275E-01
  9.214125723657055E-01  9.214121685051965E-01  9.214117676138891E-01
  9.214052027505795E-01  9.214047985882158E-01  9.214043973974944E-01
  9.214015170823547E-01  9.214011127689518E-01  9.214007114284123E-01
  9.219058765750312E-01  9.219054920993726E-01  9.219051104400225E-01
  9.218986552900738E-01  9.218982705313555E-01  9.218978885912241E-01
  9.218950438167971E-01  9.218946589164457E-01  9.218942768358210E-01
  9.223928501965126E-01  9.223924840710039E-01  9.223921206178751E-01
  9.223857731924386E-01  9.223854068013785E-01  9.223850430848270E-01
  9.223822338882280E-01  9.223818673642966E-01  9.223815035159391E-01
  9.228736119345470E-01  9.228732631874438E-01  9.228729169770916E-01
  9.228666752970547E-01  9.228663263007241E-01  9.228659798431352E-01
  9.228632062035749E-01  9.228628570825420E-01  9.228625105012470E-01
  9.233482776092512E-01  9.233479453271868E-01  9.233476154539790E-01
  9.233414775537589E-01  9.233411450376969E-01  9.233408149323544E-01
  9.233380767775957E-01  9.233377441444530E-01  9.233374139229620E-01
  9.238169602347664E-01  9.238166435587050E-01  9.238163291708430E-01
  9.238102931013561E-01  9.238099762055139E-01  9.238096615996151E-01
  9.238069588114782E-01  9.238066418056697E-01  9.238063270906772E-01
  9.242797700967744E-01  9.242794682183856E-01  9.242791685143239E-01
  9.242732323453478E-01  9.242729302604551E-01  9.242726303515226E-01
  9.242699627706765E-01  9.242696605824616E-01  9.242693605710240E-01
  9.247368148283379E-01  9.247365269867240E-01  9.247362412119290E-01
  9.247304030339619E-01  9.247301149982482E-01  9.247298290308832E-01
  9.247271964610643E-01  9.247269083282355E-01  9.247266222645208E-01
  9.251881994835470E-01  9.251879249622451E-01  9.251876524062265E-01
  9.251819103320227E-01  9.251816356282139E-01  9.251813628911220E-01
  9.251787651028617E-01  9.251784903077390E-01  9.251782174800506E-01
  9.256340266091395E-01  9.256337647333202E-01  9.256335047268583E-01
  9.256278568927447E-01  9.256275948452575E-01  9.256273346684717E-01
  9.256247714025712E-01  9.256245092691938E-01  9.256242490071904E-01
  9.260743963142417E-01  9.260741464480652E-01  9.260738983605926E-01
  9.260683429276539E-01  9.260680928999476E-01  9.260678446522054E-01
  9.260653156229581E-01  9.260650655144348E-01  9.260648171865061E-01
  9.265094063381526E-01  9.265091678822907E-01  9.265089311194324E-01
  9.265034662745700E-01  9.265032276666644E-01  9.265029907529446E-01
  9.265004956511389E-01  9.265002569671631E-01  9.265000199779646E-01
  9.269391521159881E-01  9.269389245053247E-01  9.269386985066165E-01
  9.269333224633916E-01  9.269330947095642E-01  9.269328685688014E-01
  9.269304070644409E-01  9.269301792389866E-01  9.269299530271520E-01
  9.273637268420850E-01  9.273635095435812E-01  9.273632937803518E-01
  9.273580047796732E-01  9.273577873463211E-01  9.273575714492849E-01
  9.273551431940653E-01  9.273549256932473E-01  9.273547097292663E-01
  9.277832215314844E-01  9.277830140421701E-01  9.277828080155534E-01
  9.277776043262544E-01  9.277773967098826E-01  9.277771905571862E-01
  9.277747951867833E-01  9.277745875068438E-01  9.277743812910693E-01
  9.281977250796887E-01  9.281975269247655E-01  9.281973301638207E-01
  9.281922100831752E-01  9.281920118084965E-01  9.281918149287149E-01
  9.281894520649290E-01  9.281892537303364E-01  9.281890567911009E-01
  9.286073243207523E-01  9.286071350518206E-01  9.286069471117736E-01
  9.286019089658808E-01  9.286017195840406E-01  9.286015315319488E-01
  9.285992007846711E-01  9.285990113463430E-01  9.285988232381956E-01
  9.290121040834924E-01  9.290119232769144E-01  9.290117437375341E-01
  9.290067858815727E-01  9.290066049685095E-01  9.290064253234562E-01
  9.290041262924451E-01  9.290039453261081E-01  9.290037656281873E-01
  9.294121472458676E-01  9.294119745012508E-01  9.294118029653466E-01
  9.294069237837261E-01  9.294067509386525E-01  9.294065793030556E-01
  9.294043115794953E-01  9.294041386841643E-01  9.294039669986921E-01
  9.298075347877404E-01  9.298073697265098E-01  9.298072058185195E-01
  9.298024037249414E-01  9.298022385689144E-01  9.298020745668465E-01
  9.297998377348292E-01  9.297996725313770E-01  9.297995084822435E-01
  9.301983458422017E-01  9.301981881062490E-01  9.301980314709010E-01
  9.301933049084206E-01  9.301931470829884E-01  9.301929903588377E-01
  9.301907839967182E-01  9.301906261265210E-01  9.301904693579441E-01
  9.305846577454736E-01  9.305845069958977E-01  9.305843572969624E-01
  9.305797047379399E-01  9.305795539038815E-01  9.305794041211011E-01
  9.305772278027473E-01  9.305770769264240E-01  9.305769271016976E-01
  9.309665460851952E-01  9.309664020011473E-01  9.309662589202899E-01
  9.309616788662659E-01  9.309615347024333E-01  9.309613915423918E-01
  9.309592448382606E-01  9.309591006345137E-01  9.309589574348583E-01
  9.313440847471118E-01  9.313439470247271E-01  9.313438102604501E-01
  9.313393012419262E-01  9.313391634441756E-01  9.313390266050985E-01
  9.313369090832035E-01  9.313367712477494E-01  9.313366343712520E-01
  9.317173459603866E-01  9.317172143117770E-01  9.317170835784239E-01
  9.317126441546234E-01  9.317125124348059E-01  9.317123816307784E-01
  9.317102928575633E-01  9.317101611021227E-01  9.317100302627390E-01
  9.320864003416706E-01  9.320862744939670E-01  9.320861495207750E-01
  9.320817782793954E-01  9.320816523643980E-01  9.320815273244155E-01
  9.320794668655920E-01  9.320793409169298E-01  9.320792158435344E-01
  9.324513169379652E-01  9.324511966324220E-01  9.324510771626338E-01
  9.324467727195555E-01  9.324466523504048E-01  9.324465328174839E-01
  9.324445002387816E-01  9.324443798378105E-01  9.324442602733067E-01
  9.328121632680628E-01  9.328120482592370E-01  9.328119340492848E-01
  9.328076950482335E-01  9.328075799792732E-01  9.328074657096347E-01
  9.328054605774415E-01  9.328053454783984E-01  9.328052311789015E-01
  9.331690053626756E-01  9.331688954176677E-01  9.331687862364217E-01
  9.331646113485562E-01  9.331645013466874E-01  9.331643921090037E-01
  9.331624139909269E-01  9.331623039606131E-01  9.331621946946962E-01
  9.335219078033099E-01  9.335218027010465E-01  9.335216983291057E-01
  9.335175862526192E-01  9.335174810965813E-01  9.335173766712659E-01
  9.335154251366411E-01  9.335153199537024E-01  9.335152155016863E-01
  9.338709337601150E-01  9.338708332906637E-01  9.338707335196779E-01
  9.338666829793939E-01  9.338665824590797E-01  9.338664826376089E-01
  9.338645572579801E-01  9.338644567122217E-01  9.338643568654956E-01
  9.342161450286326E-01  9.342160489925623E-01  9.342159536245966E-01
  9.342119633715495E-01  9.342118672873638E-01  9.342117718716398E-01
  9.342098722211898E-01  9.342097761129344E-01  9.342096806733194E-01
  9.345576020653766E-01  9.345575102731694E-01  9.345574191201205E-01
  9.345534879311023E-01  9.345533960933731E-01  9.345533048951399E-01
  9.345514305510547E-01  9.345513386905534E-01  9.345512474697170E-01
  9.348953640222586E-01  9.348952762937642E-01  9.348951891768200E-01
  9.348913158538915E-01  9.348912280823244E-01  9.348911409226267E-01
  9.348892914653907E-01  9.348892036722768E-01  9.348891164911921E-01
  9.352294887799566E-01  9.352294049438740E-01  9.352293216930009E-01
  9.352255050630208E-01  9.352254211861791E-01  9.352253378948491E-01
  9.352235129085270E-01  9.352234290112961E-01  9.352233456997279E-01
  9.355600329804072E-01  9.355599528737870E-01  9.355598733272378E-01
  9.355561122414041E-01  9.355560320962114E-01  9.355559525113755E-01
  9.355541515838756E-01  9.355540714193875E-01  9.355539918153992E-01
  9.358870520583401E-01  9.358869755261200E-01  9.358868995299717E-01
  9.358831928633460E-01  9.358831162946205E-01  9.358830402622373E-01
  9.358812629855402E-01  9.358811863985534E-01  9.358811103480443E-01
  9.362106002718121E-01  9.362105271663909E-01  9.362104545741214E-01
  9.362068012251372E-01  9.362067280851653E-01  9.362066554586014E-01
  9.362049014289373E-01  9.362048282716819E-01  9.362047556279628E-01
  9.365307307317362E-01  9.365306609125782E-01  9.365305915846752E-01
  9.365269904746356E-01  9.365269206227760E-01  9.365268512624141E-01
  9.365251200804097E-01  9.365250502121918E-01  9.365249808355930E-01
  9.368474954305738E-01  9.368474287638304E-01  9.368473625674169E-01
  9.368438126399946E-01  9.368437459422995E-01  9.368436797151639E-01
  9.368419709859621E-01  9.368419042727841E-01  9.368418380302808E-01
  9.371609452702162E-01  9.371608816283605E-01  9.371608184368325E-01
  9.371573186575884E-01  9.371572549864373E-01  9.371571917658317E-01
  9.371555050992333E-01  9.371554414134279E-01  9.371553781782770E-01
  9.374711300890797E-01  9.374710693505626E-01  9.374710090432485E-01
  9.374675583991878E-01  9.374674976329436E-01  9.374674372981090E-01
  9.374657723086601E-01  9.374657115285462E-01  9.374656511799452E-01
  9.377780986883482E-01  9.377780407372844E-01  9.377779831991324E-01
  9.377745806981816E-01  9.377745227208762E-01  9.377744651566783E-01
  9.377728214637577E-01  9.377727634733256E-01  9.377727058960990E-01
  9.380818988573024E-01  9.380818435831797E-01  9.380817887044686E-01
  9.380784333750001E-01  9.380783780760429E-01  9.380783231726830E-01
  9.380767004005340E-01  9.380766450891541E-01  9.380765901734646E-01
  9.383825773979368E-01  9.383825246953357E-01  9.383824723713992E-01
  9.383791632617431E-01  9.383791105356410E-01  9.383790581883799E-01
  9.383774559661506E-01  9.383774032282930E-01  9.383773508693645E-01
  9.386801801489062E-01  9.386801299172289E-01  9.386800800481869E-01
  9.386768162261686E-01  9.386767659722545E-01  9.386767160811429E-01
  9.386751340429265E-01  9.386750837778891E-01  9.386750338757379E-01
  9.389747520088260E-01  9.389747041520404E-01  9.389746566425443E-01
  9.389714371950121E-01  9.389713893171880E-01  9.389713417868122E-01
  9.389697795716900E-01  9.389697316833423E-01  9.389696841425221E-01
  9.392663369589436E-01  9.392662913853496E-01  9.392662461443494E-01
  9.392630701766541E-01  9.392630245831579E-01  9.392629793224064E-01
  9.392614365745193E-01  9.392613909710680E-01  9.392613457004367E-01
