  3.444391703679589E+00  3.438210743905664E+00  3.432027062639965E+00

  9.424132121588149E-01  9.424131881168465E-01  9.424131642381154E-01
  9.421362064101889E-01  9.421361812422705E-01  9.421361562439255E-01
  9.418569510609761E-01  9.418569247365434E-01  9.418568985881949E-01
  9.424108696068801E-01  9.424108455600417E-01  9.424108216764725E-01
  9.421338294495820E-01  9.421338042765749E-01  9.421337792731742E-01
  9.418545392131380E-01  9.418545128833935E-01  9.418544867297672E-01
  9.424096982390835E-01  9.424096741898099E-01  9.424096503038214E-01
  9.421326408752557E-01  9.421326156997042E-01  9.421325906937756E-01
  9.418533331929227E-01  9.418533068605223E-01  9.418532807042571E-01
  9.424096982390835E-01  9.424096741898099E-01  9.424096503038214E-01
  9.421326408752557E-01  9.421326156997042E-01  9.421325906937756E-01
  9.418533331929227E-01  9.418533068605223E-01  9.418532807042571E-01
  9.424108696068801E-01  9.424108455600417E-01  9.424108216764725E-01
  9.421338294495820E-01  9.421338042765749E-01  9.421337792731742E-01
  9.418545392131380E-01  9.418545128833935E-01  9.418544867297672E-01
  9.424132121588149E-01  9.424131881168465E-01  9.424131642381154E-01
  9.421362064101889E-01  9.421361812422705E-01  9.421361562439255E-01
  9.418569510609761E-01  9.418569247365434E-01  9.418568985881949E-01
  9.424167255278908E-01  9.424167014932272E-01  9.424166776217532E-01
  9.421397713810988E-01  9.421397462208132E-01  9.421397212300515E-01
  9.418605683513163E-01  9.418605420348511E-01  9.418605158944190E-01
  9.424214091642238E-01  9.424213851392995E-01  9.424213612775011E-01
  9.421445237985265E-01  9.421444986484174E-01  9.421444736677664E-01
  9.418653905066018E-01  9.418653642007598E-01  9.418653380708827E-01
  9.424272623338336E-01  9.424272383210824E-01  9.424272144713777E-01
  9.421504629108357E-01  9.421504377734468E-01  9.421504128054334E-01
  9.418714167569827E-01  9.418713904644191E-01  9.418713643477351E-01
  9.424342841203639E-01  9.424342601222193E-01  9.424342362870256E-01
  9.421575877789526E-01  9.421575626568267E-01  9.421575377039775E-01
  9.418786461405499E-01  9.418786198639197E-01  9.418785937630667E-01
  9.424424734244905E-01  9.424424494433851E-01  9.424424256251190E-01
  9.421658972765388E-01  9.421658721722183E-01  9.421658472370590E-01
  9.418870775035797E-01  9.418870512455374E-01  9.418870251631528E-01
  9.424518289643912E-01  9.424518050027567E-01  9.424517812038342E-01
  9.421753900902993E-01  9.421753650063258E-01  9.421753400913816E-01
  9.418967095008590E-01  9.418966832640585E-01  9.418966572027792E-01
  9.424623492763969E-01  9.424623253366641E-01  9.424623015594998E-01
  9.421860647203609E-01  9.421860396592753E-01  9.421860147670704E-01
  9.419075405960389E-01  9.419075143831335E-01  9.419074883455955E-01
  9.424740327145603E-01  9.424740087991584E-01  9.424739850461659E-01
  9.421979194805588E-01  9.421978944449004E-01  9.421978695779579E-01
  9.419195690620358E-01  9.419195428756777E-01  9.419195168645162E-01
  9.424868774519466E-01  9.424868535633038E-01  9.424868298368949E-01
  9.422109524990171E-01  9.422109274913246E-01  9.422109026521663E-01
  9.419327929815300E-01  9.419327668243705E-01  9.419327408422199E-01
  9.425008814807172E-01  9.425008576212596E-01  9.425008339238448E-01
  9.422251617186247E-01  9.422251367414348E-01  9.422251119325811E-01
  9.419472102474874E-01  9.419471841221767E-01  9.419471581716696E-01
  9.425160426128750E-01  9.425160187850270E-01  9.425159951190145E-01
  9.422405448976261E-01  9.422405199534740E-01  9.422404951774433E-01
  9.419628185637445E-01  9.419627924729311E-01  9.419627665566991E-01
  9.425323584803855E-01  9.425323346865692E-01  9.425323110543651E-01
  9.422570996101937E-01  9.422570747016125E-01  9.422570499609214E-01
  9.419796154456597E-01  9.419795893919903E-01  9.419795635126630E-01
  9.425498265373783E-01  9.425498027800131E-01  9.425497791840211E-01
  9.422748232472713E-01  9.422747983767918E-01  9.422747736739546E-01
  9.419975982207887E-01  9.419975722069083E-01  9.419975463671132E-01
  9.425684440579939E-01  9.425684203394967E-01  9.425683967821175E-01
  9.422937130168915E-01  9.422936881870420E-01  9.422936635245702E-01
  9.420167640295970E-01  9.420167380581479E-01  9.420167122605102E-01
  9.425882081399519E-01  9.425881844627362E-01  9.425881609463671E-01
  9.423137659453452E-01  9.423137411586507E-01  9.423137165390529E-01
  9.420371098262951E-01  9.420370838999169E-01  9.420370581470592E-01
  9.426091157038369E-01  9.426090920703124E-01  9.426090685973475E-01
  9.423349788778269E-01  9.423349541368093E-01  9.423349295625908E-01
  9.420586323796929E-01  9.420586065010224E-01  9.420585807955639E-01
  9.426311634941315E-01  9.426311399067042E-01  9.426311164795332E-01
  9.423573484793392E-01  9.423573237865165E-01  9.423572992601784E-01
  9.420813282741080E-01  9.420813024457780E-01  9.420812767903347E-01
  9.426543480806411E-01  9.426543245417125E-01  9.426543011627210E-01
  9.423808712357122E-01  9.423808465935981E-01  9.423808221176376E-01
  9.421051939103590E-01  9.421051681349987E-01  9.421051425321821E-01
  9.426786658590912E-01  9.426786423710577E-01  9.426786190426260E-01
  9.424055434545691E-01  9.424055188656724E-01  9.424054944425818E-01
  9.421302255067876E-01  9.421301997870214E-01  9.421301742394388E-01
  9.427041130522551E-01  9.427040896175076E-01  9.427040663420108E-01
  9.424313612663469E-01  9.424313367331711E-01  9.424313123654374E-01
  9.421564191003375E-01  9.421563934387848E-01  9.421563679490382E-01
  9.427306857105807E-01  9.427306623315043E-01  9.427306391113112E-01
  9.424583206253541E-01  9.424582961503971E-01  9.424582718405013E-01
  9.421837705476911E-01  9.421837449469654E-01  9.421837195176515E-01
  9.427583797142601E-01  9.427583563932330E-01  9.427583332307060E-01
  9.424864173110659E-01  9.424863928968189E-01  9.424863686472357E-01
  9.422122755264918E-01  9.422122499892006E-01  9.422122246229093E-01
  9.427871907728667E-01  9.427871675122600E-01  9.427871444097544E-01
  9.425156469291660E-01  9.425156225781132E-01  9.425155983913100E-01
  9.422419295366048E-01  9.422419040653486E-01  9.422418787646631E-01
  9.428171144289414E-01  9.428170912311187E-01  9.428170681909819E-01
  9.425460049131777E-01  9.425459806277954E-01  9.425459565062321E-01
  9.422727279014870E-01  9.422727024988585E-01  9.422726772663546E-01
  9.428481460571131E-01  9.428481229244289E-01  9.428480999489997E-01
  9.425774865254831E-01  9.425774623082390E-01  9.425774382543669E-01
  9.423046657695348E-01  9.423046404381183E-01  9.423046152763629E-01
  9.428802808664182E-01  9.428802578012180E-01  9.428802348928259E-01
  9.426100868588093E-01  9.426100627121620E-01  9.426100387284231E-01
  9.423377381155221E-01  9.423377128578930E-01  9.423376877694440E-01
  9.429135139015570E-01  9.429134909061765E-01  9.429134680671414E-01
  9.426438008377132E-01  9.426437767641113E-01  9.426437528529376E-01
  9.423719397421363E-01  9.423719145608596E-01  9.423718895482651E-01
  9.429478400443062E-01  9.429478171210701E-01  9.429477943537009E-01
  9.426786232201110E-01  9.426785992219922E-01  9.426785753858049E-01
  9.424072652815468E-01  9.424072401791768E-01  9.424072152449740E-01
  9.429832540156703E-01  9.429832311668919E-01  9.429832084734860E-01
  9.427145485989378E-01  9.427145246787281E-01  9.427145009199369E-01
  9.424437091970487E-01  9.424436841761278E-01  9.424436593228419E-01
  9.430197503761426E-01  9.430197276041227E-01  9.430197049869654E-01
  9.427515714035696E-01  9.427515475636824E-01  9.427515238846844E-01
  9.424812657847234E-01  9.424812408477814E-01  9.424812160779253E-01
  9.430573235285998E-01  9.430573008356261E-01  9.430572782969894E-01
  9.427896859017167E-01  9.427896621445521E-01  9.427896385477309E-01
  9.425199291752284E-01  9.425199043247815E-01  9.425198796408544E-01
  9.430959677194285E-01  9.430959451077744E-01  9.430959226499162E-01
  9.428288862011267E-01  9.428288625290702E-01  9.428288390167952E-01
  9.425596933356054E-01  9.425596685741551E-01  9.425596439786414E-01
  9.431356770402787E-01  9.431356545122027E-01  9.431356321373658E-01
  9.428691662513984E-01  9.428691426668202E-01  9.428691192414455E-01
  9.426005520711707E-01  9.426005274012027E-01  9.426005028965715E-01
  9.431764454305128E-01  9.431764229882575E-01  9.431764006986693E-01
  9.429105198459240E-01  9.429104963511780E-01  9.429104730150412E-01
  9.426424990274545E-01  9.426424744514380E-01  9.426424500401415E-01
  9.432182666777618E-01  9.432182443235528E-01  9.432182221214234E-01
  9.429529406236261E-01  9.429529172210488E-01  9.429528939764704E-01
  9.426855276921701E-01  9.426855032125564E-01  9.426854788970292E-01
  9.432611344208366E-01  9.432611121568818E-01  9.432610900444036E-01
  9.429964220711227E-01  9.429963987630321E-01  9.429963756123142E-01
  9.427296313973207E-01  9.427296070165422E-01  9.427295827992002E-01
  9.433050421519135E-01  9.433050199804016E-01  9.433049979597485E-01
  9.430409575248816E-01  9.430409343135764E-01  9.430409112590019E-01
  9.427748033213471E-01  9.427747790418162E-01  9.427747549250551E-01
  9.433499832184361E-01  9.433499611415362E-01  9.433499392148622E-01
  9.430865401732342E-01  9.430865170609924E-01  9.430864941048238E-01
  9.428210364912918E-01  9.428210123153997E-01  9.428209883015946E-01
  9.433959508239771E-01  9.433959288438375E-01  9.433959070132758E-01
  9.431331630583674E-01  9.431331400474456E-01  9.431331171919237E-01
  9.428683237850106E-01  9.428682997151263E-01  9.428682758066297E-01
  9.434429380322539E-01  9.434429161510007E-01  9.434428944186628E-01
  9.431808190788283E-01  9.431807961714604E-01  9.431807734188037E-01
  9.429166579335201E-01  9.429166339719891E-01  9.429166101711303E-01
  9.434909377681184E-01  9.434909159878551E-01  9.434908943558296E-01
  9.432295009916707E-01  9.432294781900668E-01  9.432294555424697E-01
  9.429660315233552E-01  9.429660076724983E-01  9.429659839815820E-01
  9.435399428201081E-01  9.435399211429140E-01  9.435398996132657E-01
  9.432792014148329E-01  9.432791787211779E-01  9.432791561808106E-01
  9.430164369990008E-01  9.430164132611129E-01  9.430163896824183E-01
  9.435899458432202E-01  9.435899242711496E-01  9.435899028459185E-01
  9.433299128296043E-01  9.433298902460575E-01  9.433298678150640E-01
  9.430678666653879E-01  9.430678430427368E-01  9.430678195785163E-01
  9.436409393607584E-01  9.436409178958396E-01  9.436408965770396E-01
  9.433816275830190E-01  9.433816051117122E-01  9.433815827922094E-01
  9.431203126904176E-01  9.431202891852432E-01  9.431202658377206E-01
  9.436929157667010E-01  9.436928944109351E-01  9.436928732005534E-01
  9.434343378903322E-01  9.434343155333690E-01  9.434342933274460E-01
  9.431737671075469E-01  9.431737437220592E-01  9.431737204934294E-01
  9.437458673289221E-01  9.437458460842819E-01  9.437458249842775E-01
  9.434880358377138E-01  9.434880135971685E-01  9.434879915068849E-01
  9.432282218184642E-01  9.432281985548430E-01  9.432281754472704E-01
  9.437997861907610E-01  9.437997650591905E-01  9.437997440714934E-01
  9.435427133846989E-01  9.435426912626153E-01  9.435426692900005E-01
  9.432836685957477E-01  9.432836454561406E-01  9.432836224717580E-01
  9.438546643743050E-01  9.438546433577175E-01  9.438546224842277E-01
  9.435983623669226E-01  9.435983403653128E-01  9.435983185123648E-01
  9.433400990856342E-01  9.433400760721559E-01  9.433400532130631E-01
  9.439104937821079E-01  9.439104728823856E-01  9.439104521249719E-01
  9.436549744987395E-01  9.436549526195827E-01  9.436549308882668E-01
  9.433975048108193E-01  9.433974819255503E-01  9.433974591938133E-01
  9.439672662012925E-01  9.439672454202854E-01  9.439672247807847E-01
  9.437125413762057E-01  9.437125196214476E-01  9.437124980136958E-01
  9.434558771733249E-01  9.434558544183103E-01  9.434558318159598E-01
  9.440249733049134E-01  9.440249526444382E-01  9.440249321246541E-01
  9.437710544796993E-01  9.437710328512505E-01  9.437710113689599E-01
  9.435152074573993E-01  9.435151848346477E-01  9.435151623636783E-01
  9.440836066559476E-01  9.440835861177864E-01  9.440835657194886E-01
  9.438305051768991E-01  9.438304836766345E-01  9.438304623216666E-01
  9.435754868324642E-01  9.435754643439467E-01  9.435754420063154E-01
  9.441431577081636E-01  9.441431372940636E-01  9.441431170189867E-01
  9.438908847254376E-01  9.438908633551948E-01  9.438908421293744E-01
  9.436367063560774E-01  9.436366840037262E-01  9.436366618013516E-01
  9.442036178115737E-01  9.442035975232458E-01  9.442035773730884E-01
  9.439521842762231E-01  9.439521630378019E-01  9.439521419429159E-01
  9.436988569770163E-01  9.436988347627236E-01  9.436988126974847E-01
  9.442649782136210E-01  9.442649580527389E-01  9.442649380291629E-01
  9.440143948761492E-01  9.440143737713105E-01  9.440143528091071E-01
  9.437619295383068E-01  9.437619074639243E-01  9.437618855376593E-01
  9.443272300614699E-01  9.443272100296695E-01  9.443271901342988E-01
  9.440775074709871E-01  9.440774865014516E-01  9.440774656736395E-01
  9.438259147803296E-01  9.438258928476666E-01  9.438258710621723E-01
  9.443903644070748E-01  9.443903445059528E-01  9.443903247403730E-01
  9.441415129087850E-01  9.441414920762328E-01  9.441414713844799E-01
  9.438908033440050E-01  9.438907815548282E-01  9.438907599118587E-01
  9.444543722084403E-01  9.444543524395539E-01  9.444543328053108E-01
  9.442064019427341E-01  9.442063812488033E-01  9.442063606947362E-01
  9.439565857739586E-01  9.439565641299906E-01  9.439565426312562E-01
  9.445192443338258E-01  9.445192246986915E-01  9.445192051972908E-01
  9.442721652343620E-01  9.442721446806482E-01  9.442721242658509E-01
  9.440232525217287E-01  9.440232310246474E-01  9.440232096718139E-01
  9.445849715628628E-01  9.445849520629558E-01  9.445849326958620E-01
  9.443387933564160E-01  9.443387729444712E-01  9.443387526704846E-01
  9.440907939489841E-01  9.440907726004215E-01  9.440907513951095E-01
  9.446515445920375E-01  9.446515252287909E-01  9.446515059974269E-01
  9.444062767964221E-01  9.444062565277540E-01  9.444062363960750E-01
  9.441592003308434E-01  9.441591791323850E-01  9.441591580761685E-01
  9.447189540364163E-01  9.447189348112205E-01  9.447189157169665E-01
  9.444746059596979E-01  9.444745858357693E-01  9.444745658478501E-01
  9.442284618591708E-01  9.442284408123546E-01  9.442284199067605E-01
  9.447871904328463E-01  9.447871713470481E-01  9.447871523912412E-01
  9.445437711725581E-01  9.445437511947856E-01  9.445437313520328E-01
  9.442985686458890E-01  9.442985477522049E-01  9.442985269987125E-01
  9.448562442433697E-01  9.448562252982718E-01  9.448562064822054E-01
  9.446137626856084E-01  9.446137428553626E-01  9.446137231591367E-01
  9.443695107263375E-01  9.443694899872261E-01  9.443694693872660E-01
  9.449261058585813E-01  9.449260870554418E-01  9.449260683803645E-01
  9.446845706770540E-01  9.446845509956581E-01  9.446845314472728E-01
  9.444412780626344E-01  9.444412574794873E-01  9.444412370344405E-01
  9.449967656004373E-01  9.449967469404688E-01  9.449967284075845E-01
  9.447561852558776E-01  9.447561657246069E-01  9.447561463253283E-01
  9.445138605470462E-01  9.445138401212041E-01  9.445138198324020E-01
  9.450682137249509E-01  9.450681952093202E-01  9.450681768197875E-01
  9.448285964650603E-01  9.448285770851421E-01  9.448285578361888E-01
  9.445872480053580E-01  9.445872277381109E-01  9.445872076068341E-01
  9.451404404267357E-01  9.451404220565635E-01  9.451404038114946E-01
  9.449017942851274E-01  9.449017750577401E-01  9.449017559602817E-01
  9.446614302003146E-01  9.446614100929011E-01  9.446613901203793E-01
  9.452134358415507E-01  9.452134176179106E-01  9.452133995183715E-01
  9.449757686372997E-01  9.449757495635723E-01  9.449757306187297E-01
  9.447363968350224E-01  9.447363768886291E-01  9.447363570760404E-01
  9.452871900480592E-01  9.452871719719779E-01  9.452871540189878E-01
  9.450505093866177E-01  9.450504904676297E-01  9.450504716764745E-01
  9.448121375563352E-01  9.448121177720964E-01  9.448120981205668E-01
  9.453616930740384E-01  9.453616751464952E-01  9.453616573410261E-01
  9.451260063457387E-01  9.451259875825193E-01  9.451259689460733E-01
  9.448886419583510E-01  9.448886223373482E-01  9.448886028479512E-01
  9.454369348972672E-01  9.454369171191934E-01  9.454368994621698E-01
  9.452022492779451E-01  9.452022306714731E-01  9.452022121907080E-01
  9.449658995858139E-01  9.449658801290752E-01  9.449658608028316E-01
  9.455129054497268E-01  9.455128878220057E-01  9.455128703143044E-01
  9.452792279005520E-01  9.452792094517557E-01  9.452791911275927E-01
  9.450438999375383E-01  9.450438806460386E-01  9.450438614839162E-01
  9.455895946202302E-01  9.455895771436968E-01  9.455895597861468E-01
  9.453569318881733E-01  9.453569135979298E-01  9.453568954312399E-01
  9.451226324698186E-01  9.451226133444789E-01  9.451225943473919E-01
  9.456669922586277E-01  9.456669749340688E-01  9.456669577274508E-01
  9.454353508762054E-01  9.454353327453410E-01  9.454353147369441E-01
  9.452020865998804E-01  9.452020676415678E-01  9.452020488103771E-01
  9.457450881781314E-01  9.457450710062848E-01  9.457450539513312E-01
  9.455144744639669E-01  9.455144564932561E-01  9.455144386439213E-01
  9.452822517092618E-01  9.452822329187895E-01  9.452822142543021E-01
  9.458238721586257E-01  9.458238551401806E-01  9.458238382375758E-01
  9.455942922180244E-01  9.455942744081908E-01  9.455942567186363E-01
  9.453631171472010E-01  9.453630985253278E-01  9.453630800282972E-01
  9.459033339501414E-01  9.459033170857384E-01  9.459033003361180E-01
  9.456747936755391E-01  9.456747760272547E-01  9.456747584981475E-01
  9.454446722340583E-01  9.454446537814889E-01  9.454446354526144E-01
  9.459834632761320E-01  9.459834465663630E-01  9.459834299703145E-01
  9.457559683475965E-01  9.457559508614819E-01  9.457559334934381E-01
  9.455269062646874E-01  9.455268879820723E-01  9.455268698219996E-01
  9.460642498367022E-01  9.460642332821103E-01  9.460642168401728E-01
  9.458378057224441E-01  9.458377883990687E-01  9.458377711926533E-01
  9.456098085117882E-01  9.456097903997236E-01  9.456097724090446E-01
  9.461456833109255E-01  9.461456669120053E-01  9.461456506246697E-01
  9.459202952686118E-01  9.459202781084936E-01  9.459202610642207E-01
  9.456933682292300E-01  9.456933502882582E-01  9.456933324675111E-01
  9.462277533612886E-01  9.462277371184863E-01  9.462277209861952E-01
  9.460034264383265E-01  9.460034094419323E-01  9.460033925602653E-01
  9.457775746553713E-01  9.457775568859805E-01  9.457775392356500E-01
  9.463104496357284E-01  9.463104335494417E-01  9.463104175725900E-01
  9.460871886705656E-01  9.460871718383114E-01  9.460871551196631E-01
  9.458624170163462E-01  9.458623994189711E-01  9.458623819394884E-01
  9.463937617710916E-01  9.463937458416701E-01  9.463937300206049E-01
  9.461715713942830E-01  9.461715547265339E-01  9.461715381712668E-01
  9.459478845293383E-01  9.459478671043600E-01  9.459478497961034E-01
  9.464776793965133E-01  9.464776636242591E-01  9.464776479592800E-01
  9.462565640316449E-01  9.462565475287158E-01  9.462565311371423E-01
  9.460339664058280E-01  9.460339491535744E-01  9.460339320168693E-01
  9.465621921363291E-01  9.465621765214967E-01  9.465621610128560E-01
  9.463421560011041E-01  9.463421396632596E-01  9.463421234356422E-01
  9.461206518547836E-01  9.461206347755297E-01  9.461206178106489E-01
  9.466472896125122E-01  9.466472741553086E-01  9.466472588032120E-01
  9.464283367204198E-01  9.464283205478748E-01  9.464283044844267E-01
  9.462079300858393E-01  9.462079131798077E-01  9.462078963869721E-01
  9.467329614487288E-01  9.467329461493145E-01  9.467329309539210E-01
  9.465150956098517E-01  9.465150796027717E-01  9.465150637036570E-01
  9.462957903124239E-01  9.462957735797851E-01  9.462957569591639E-01
  9.468191972720578E-01  9.468191821305466E-01  9.468191670919691E-01
  9.466024220950251E-01  9.466024062535267E-01  9.466023905188610E-01
  9.463842217548608E-01  9.463842051957337E-01  9.463841887474449E-01
  9.469059867170979E-01  9.469059717335579E-01  9.469059568518640E-01
  9.466903056100617E-01  9.466902899342129E-01  9.466902743640636E-01
  9.464732136434360E-01  9.464731972578885E-01  9.464731809819991E-01
  9.469933194275850E-01  9.469933046020388E-01  9.469932898772504E-01
  9.467787356003816E-01  9.467787200902026E-01  9.467787046845896E-01
  9.465627552214095E-01  9.465627390094591E-01  9.465627229059862E-01
  9.470811850605815E-01  9.470811703930065E-01  9.470811558251013E-01
  9.468677015258256E-01  9.468676861812890E-01  9.468676709401851E-01
  9.466528357480406E-01  9.466528197096544E-01  9.466528037785656E-01
  9.471695732886530E-01  9.471695587789823E-01  9.471695443678937E-01
  9.469571928634136E-01  9.469571776844454E-01  9.469571626077768E-01
  9.467434445014942E-01  9.467434286365904E-01  9.467434128778041E-01
  9.472584738018148E-01  9.472584594499377E-01  9.472584451955555E-01
  9.470471991100585E-01  9.470471840965383E-01  9.470471691841854E-01
  9.468345707817342E-01  9.468345550901820E-01  9.468345395035681E-01
  9.473478763122334E-01  9.473478621179956E-01  9.473478480201667E-01
  9.471377097856656E-01  9.471376949374273E-01  9.471376801892250E-01
  9.469262039134078E-01  9.469261883950284E-01  9.469261729804094E-01
  9.474377705550144E-01  9.474377565182193E-01  9.474377425767481E-01
  9.472287144355758E-01  9.472286997524084E-01  9.472286851681472E-01
  9.470183332486163E-01  9.470183179031836E-01  9.470183026603346E-01
  9.475281462918071E-01  9.475281324122159E-01  9.475281186268654E-01
  9.473202026333815E-01  9.473201881150300E-01  9.473201736944564E-01
  9.471109481696611E-01  9.471109329969026E-01  9.471109179255531E-01
  9.476189933130560E-01  9.476189795903888E-01  9.476189659608808E-01
  9.474121639835114E-01  9.474121496296777E-01  9.474121353724955E-01
  9.472040380917410E-01  9.472040230913391E-01  9.472040081911733E-01
  9.477103014403220E-01  9.477102878742585E-01  9.477102744002750E-01
  9.475045881238481E-01  9.475045739341915E-01  9.475045598400623E-01
  9.472975924656146E-01  9.472975776372071E-01  9.472975629078654E-01
  9.478020605300302E-01  9.478020471202107E-01  9.478020338013942E-01
  9.475974647284423E-01  9.475974507025802E-01  9.475974367711241E-01
  9.473916007802324E-01  9.473915861234125E-01  9.473915715644908E-01
  9.478942604740854E-01  9.478942472201104E-01  9.478942340560644E-01
  9.476907835097450E-01  9.476907696472526E-01  9.476907558780479E-01
  9.474860525652432E-01  9.474860380795591E-01  9.474860236906093E-01
  9.479868912037525E-01  9.479868781051838E-01  9.479868650954733E-01
  9.477845342212317E-01  9.477845205216424E-01  9.477845069142259E-01
  9.475809373935105E-01  9.475809230784660E-01  9.475809088589954E-01
  9.480799426908201E-01  9.480799297471811E-01  9.480799168913328E-01
  9.478787066596877E-01  9.478786931224947E-01  9.478786796763632E-01
  9.476762448835367E-01  9.476762307385933E-01  9.476762166880670E-01
  9.481734049515467E-01  9.481733921623239E-01  9.481733794598276E-01
  9.479732906677185E-01  9.479732772923786E-01  9.479732640069917E-01
  9.477719647018429E-01  9.477719507264256E-01  9.477719368442714E-01
  9.482672680465408E-01  9.482672554111867E-01  9.482672428614984E-01
  9.480682761357129E-01  9.480682629216521E-01  9.480682497964384E-01
  9.478680865652307E-01  9.478680727587374E-01  9.478680590443547E-01
  9.483615220855621E-01  9.483615096035005E-01  9.483614972060466E-01
  9.481636530043841E-01  9.481636399510068E-01  9.481636269853718E-01
  9.479646002429979E-01  9.479645866048114E-01  9.479645730575826E-01
  9.484561572277089E-01  9.484561448983417E-01  9.484561326525258E-01
  9.482594112665870E-01  9.482593983732847E-01  9.482593855666200E-01
  9.480614955590585E-01  9.480614820885578E-01  9.480614687078606E-01
  9.485511636834560E-01  9.485511515061710E-01  9.485511394113816E-01
  9.483555409693868E-01  9.483555282355468E-01  9.483555155872391E-01
  9.481587623940250E-01  9.481587490905949E-01  9.481587358758117E-01
  9.486465317180168E-01  9.486465196921947E-01  9.486465077478129E-01
  9.484520322163442E-01  9.484520196413563E-01  9.484520071507939E-01
  9.482563906873155E-01  9.482563775503525E-01  9.482563645008769E-01
  9.487422516528993E-01  9.487422397779205E-01  9.487422279833261E-01
  9.485488751694368E-01  9.485488627526973E-01  9.485488504192753E-01
  9.483543704391603E-01  9.483543574680748E-01  9.483543445833148E-01
  9.488383138664642E-01  9.488383021417136E-01  9.488382904962906E-01
  9.486460600507391E-01  9.486460477916547E-01  9.486460356147778E-01
  9.484526917125196E-01  9.484526789067375E-01  9.484526661861165E-01
  9.489347087973887E-01  9.489346972222598E-01  9.489346857254004E-01
  9.487435771445183E-01  9.487435650425081E-01  9.487435530215939E-01
  9.485513446350280E-01  9.485513319939923E-01  9.485513194369510E-01
  9.490314269456047E-01  9.490314155195028E-01  9.490314041706113E-01
  9.488414167989685E-01  9.488414048534681E-01  9.488413929879499E-01
  9.486503194008080E-01  9.486503069239820E-01  9.486502945299810E-01
  9.491284588739282E-01  9.491284475962742E-01  9.491284363947697E-01
  9.489395694279216E-01  9.489395576383864E-01  9.489395459277175E-01
  9.487496062722582E-01  9.487495939591298E-01  9.487495817276541E-01
  9.492257952105325E-01  9.492257840807667E-01  9.492257730260875E-01
  9.490380255126611E-01  9.490380138785708E-01  9.490380023222280E-01
  9.488491955817617E-01  9.488491834318477E-01  9.488491713624106E-01
  9.493234266493962E-01  9.493234156669812E-01  9.493234047585877E-01
  9.491367756034343E-01  9.491367641242956E-01  9.491367527217831E-01
  9.489490777333458E-01  9.489490657461950E-01  9.489490538383420E-01
  9.494213439536751E-01  9.494213331180996E-01  9.494213223554782E-01
  9.492358103212447E-01  9.492357989965946E-01  9.492357877474464E-01
  9.490492432042926E-01  9.490492313794882E-01  9.490492196327991E-01
  9.495195379547400E-01  9.495195272655215E-01  9.495195166481870E-01
  9.493351203590079E-01  9.493351091884159E-01  9.493350980921984E-01
  9.491496825466306E-01  9.491496708837915E-01  9.491496592978820E-01
  9.496179995555687E-01  9.496179890122560E-01  9.496179785397546E-01
  9.494346964833301E-01  9.494346854664009E-01  9.494346745227157E-01
  9.492503863886562E-01  9.492503748874414E-01  9.492503634619662E-01
  9.497167197317309E-01  9.497167093339071E-01  9.497166990058189E-01
  9.495345295358735E-01  9.495345186722504E-01  9.495345078807373E-01
  9.493513454363515E-01  9.493513340964621E-01  9.493513228311190E-01
  9.498156895322811E-01  9.498156792795663E-01  9.498156690955086E-01
  9.496346104346257E-01  9.496345997239929E-01  9.496345890843328E-01
  9.494525504747351E-01  9.494525392959176E-01  9.494525281904489E-01
  9.499149000815081E-01  9.499148899735615E-01  9.499148799331902E-01
  9.497349301752570E-01  9.497349196173396E-01  9.497349091292545E-01
  9.495539923691747E-01  9.495539813512185E-01  9.495539704054106E-01
  9.500143425795892E-01  9.500143326161089E-01  9.500143227191193E-01
  9.498354798323254E-01  9.498354694268875E-01  9.498354590901388E-01
  9.496556620666786E-01  9.496556512094120E-01  9.496556404230906E-01
  9.501140083047379E-01  9.501139984854607E-01  9.501139887315871E-01
  9.499362505606428E-01  9.499362403074861E-01  9.499362301218731E-01
  9.497575505971592E-01  9.497575399004472E-01  9.497575292734750E-01
  9.502138886137552E-01  9.502138789384567E-01  9.502138693274720E-01
  9.500372335963055E-01  9.500372234952740E-01  9.500372134606371E-01
  9.498596490745197E-01  9.498596385382723E-01  9.498596280705555E-01
  9.503139749426736E-01  9.503139654111724E-01  9.503139559428921E-01
  9.501384202576364E-01  9.501384103086267E-01  9.501384004248581E-01
  9.499619486976270E-01  9.499619383218169E-01  9.499619280133220E-01
  9.504142588087870E-01  9.504142494209534E-01  9.504142400952433E-01
  9.502398019462827E-01  9.502397921492570E-01  9.502397824163133E-01
  9.500644407511796E-01  9.500644305358602E-01  9.500644203866333E-01
  9.505147318107473E-01  9.505147225665098E-01  9.505147133832941E-01
  9.503413701480274E-01  9.503413605030142E-01  9.503413509209191E-01
  9.501671166066390E-01  9.501671065519390E-01  9.501670965621042E-01
  9.506153856296374E-01  9.506153765289802E-01  9.506153674882397E-01
  9.504431164338299E-01  9.504431069408980E-01  9.504430975097207E-01
  9.502699677233702E-01  9.502699578294462E-01  9.502699479991638E-01
  9.507162120306353E-01  9.507162030735755E-01  9.507161941753282E-01
  9.505450324611444E-01  9.505450231203459E-01  9.505450138401477E-01
  9.503729856501133E-01  9.503729759170579E-01  9.503729662464370E-01
  9.508172028623927E-01  9.508171940489355E-01  9.508171852931939E-01
  9.506471099750761E-01  9.506471007863704E-01  9.506470916571289E-01
  9.504761620266489E-01  9.504761524543800E-01  9.504761429433685E-01
  9.509183500607014E-01  9.509183413907819E-01  9.509183327774960E-01
  9.507493408100963E-01  9.507493317732786E-01  9.507493227948153E-01
  9.505794885853989E-01  9.505794791735747E-01  9.505794698218686E-01
  9.510196456472289E-01  9.510196371206570E-01  9.510196286496576E-01
  9.508517168908975E-01  9.508517080055607E-01  9.508516991774976E-01
  9.506829571525048E-01  9.506829479005003E-01  9.506829387075122E-01
  9.511210817329112E-01  9.511210733493387E-01  9.511210650203017E-01
  9.509542302334161E-01  9.509542214989575E-01  9.509542128207183E-01
  9.507865596483221E-01  9.507865505552755E-01  9.507865415201734E-01
  9.512226505163301E-01  9.512226422752477E-01  9.512226340876869E-01
  9.510568729448546E-01  9.510568643605173E-01  9.510568558313667E-01
  9.508902880873111E-01  9.508902791522111E-01  9.508902702740033E-01
  9.513243442863472E-01  9.513243361871063E-01  9.513243281403938E-01
  9.511596372240763E-01  9.511596287890017E-01  9.511596204080971E-01
  9.509941345778191E-01  9.509941257995900E-01  9.509941170772120E-01
  9.514261554204058E-01  9.514261474622521E-01  9.514261395556503E-01
  9.512625153614471E-01  9.512625070747148E-01  9.512624988411484E-01
  9.510980913219671E-01  9.510980826995159E-01  9.510980741318836E-01
  9.515280763864964E-01  9.515280685685983E-01  9.515280608012902E-01
  9.513654997392759E-01  9.513654915999199E-01  9.513654835127381E-01
  9.512021506159112E-01  9.512021421481328E-01  9.512021337341511E-01
  9.516300997419068E-01  9.516300920633730E-01  9.516300844344806E-01
  9.514685828319558E-01  9.514685748389637E-01  9.514685668971673E-01
  9.513063048502942E-01  9.513062965360515E-01  9.513062882745961E-01
  9.517322181340923E-01  9.517322105939775E-01  9.517322031025689E-01
  9.515717572064232E-01  9.515717493587293E-01  9.515717415612669E-01
  9.514105465107916E-01  9.514105383488952E-01  9.514105302387919E-01
  9.518344243010499E-01  9.518344168983564E-01  9.518344095434473E-01
  9.516750155225853E-01  9.516750078190688E-01  9.516750001648336E-01
  9.515148681785265E-01  9.515148601677291E-01  9.515148522077456E-01
  9.519367110715830E-01  9.519367038052614E-01  9.519366965858163E-01
  9.517783505335922E-01  9.517783429730809E-01  9.517783354609149E-01
  9.516192625303340E-01  9.516192546693374E-01  9.516192468581894E-01
  9.520390713660433E-01  9.520390642349970E-01  9.520390571499321E-01
  9.518817550860549E-01  9.518817476673334E-01  9.518817402960339E-01
  9.517237223388627E-01  9.517237146263287E-01  9.517237069626915E-01
  9.521414981950118E-01  9.521414911981013E-01  9.521414842462902E-01
  9.519852221199588E-01  9.519852148417740E-01  9.519852076101011E-01
  9.518282404726329E-01  9.518282329071914E-01  9.518282253897077E-01
  9.522439846612175E-01  9.522439777972659E-01  9.522439709775441E-01
  9.520887446690033E-01  9.520887375300687E-01  9.520887304367487E-01
  9.519328098961453E-01  9.519328024763972E-01  9.519327951036807E-01
  9.523465239581234E-01  9.523465172259199E-01  9.523465105370890E-01
  9.521923158605230E-01  9.521923088595213E-01  9.521923019032492E-01
  9.520374236699477E-01  9.520374163944657E-01  9.520374091651019E-01
  9.524491093712838E-01  9.524491027695869E-01  9.524490962104175E-01
  9.522959289157007E-01  9.522959220512852E-01  9.522959152307269E-01
  9.521420749506760E-01  9.521420678180051E-01  9.521420607305521E-01
  9.525517342775950E-01  9.525517278051346E-01  9.525517213743687E-01
  9.523995771494401E-01  9.523995704202372E-01  9.523995637340315E-01
  9.522467569910448E-01  9.522467499997048E-01  9.522467430526950E-01
  9.526543921446654E-01  9.526543858001454E-01  9.526543794964988E-01
  9.525032539702931E-01  9.525032473749049E-01  9.525032408216662E-01
  9.523514631397866E-01  9.523514562882749E-01  9.523514494802183E-01
  9.527570765329609E-01  9.527570703150616E-01  9.527570641372265E-01
  9.526069528807136E-01  9.526069464177207E-01  9.526069399960417E-01
  9.524561868416078E-01  9.524561801284023E-01  9.524561734577891E-01
  9.528597810934333E-01  9.528597750008138E-01  9.528597689474608E-01
  9.527106674766396E-01  9.527106611446032E-01  9.527106548530572E-01
  9.525609216370272E-01  9.525609150605883E-01  9.525609085258914E-01
  9.529624995686697E-01  9.529624935999702E-01  9.529624876697511E-01
  9.528143914474912E-01  9.528143852449553E-01  9.528143790820980E-01
  9.526656611622121E-01  9.526656547209846E-01  9.526656483206610E-01
  9.530652257922565E-01  9.530652199461002E-01  9.530652141376497E-01
  9.529181185759885E-01  9.529181125014815E-01  9.529181064658530E-01
  9.527703991488274E-01  9.527703928412421E-01  9.527703865737347E-01
  9.531679536890719E-01  9.531679479640667E-01  9.531679422760039E-01
  9.530218427380168E-01  9.530218367900530E-01  9.530218308801794E-01
  9.528751294237991E-01  9.528751232482742E-01  9.528751171120131E-01
  9.532706772745723E-01  9.532706716693126E-01  9.532706661002431E-01
  9.531255579023440E-01  9.531255520794260E-01  9.531255462938214E-01
  9.529798459090727E-01  9.529798398640158E-01  9.529798338574208E-01
  9.533733906551827E-01  9.533733851682512E-01  9.533733797167689E-01
  9.532292581304177E-01  9.532292524310376E-01  9.532292467682056E-01
  9.530845426213269E-01  9.530845367051370E-01  9.530845308266189E-01
  9.534760880269690E-01  9.534760826569384E-01  9.534760773216268E-01
  9.533329375759816E-01  9.533329319986228E-01  9.533329264570581E-01
  9.531892136716628E-01  9.531892078827316E-01  9.531892021306937E-01
  9.535787636769834E-01  9.535787584224175E-01  9.535787532018514E-01
  9.534365904849926E-01  9.534365850281313E-01  9.534365796063213E-01
  9.532938532652945E-01  9.532938476020079E-01  9.532938419748475E-01
  9.536814119818744E-01  9.536814068413300E-01  9.536814017340769E-01
  9.535402111951085E-01  9.535402058572147E-01  9.535402005536405E-01
  9.533984557011463E-01  9.533984501618850E-01  9.533984446579944E-01
  9.537840274069334E-01  9.537840223789612E-01  9.537840173835825E-01
  9.536437941352102E-01  9.536437889147492E-01  9.536437837278873E-01
  9.535030153714610E-01  9.535030099546022E-01  9.535030045723702E-01
  9.538866045073445E-01  9.538865995904907E-01  9.538865947055432E-01
  9.537473338252873E-01  9.537473287207211E-01  9.537473236490442E-01
  9.536075267614058E-01  9.536075214653251E-01  9.536075162031385E-01
  9.539891379266885E-01  9.539891331194956E-01  9.539891283435322E-01
  9.538508248759111E-01  9.538508198856995E-01  9.538508149276783E-01
  9.537119844486528E-01  9.537119792717248E-01  9.537119741279693E-01
  9.540916223971659E-01  9.540916176981744E-01  9.540916130297460E-01
  9.539542619878585E-01  9.539542571104602E-01  9.539542522645642E-01
  9.538163831028915E-01  9.538163780434910E-01  9.538163730165523E-01
  9.541940527388186E-01  9.541940481465677E-01  9.541940435842237E-01
  9.540576399515668E-01  9.540576351854405E-01  9.540576304501389E-01
  9.539207174853389E-01  9.539207125418415E-01  9.539207076301065E-01
  9.542964238584847E-01  9.542964193715134E-01  9.542964149138030E-01
  9.541609536465815E-01  9.541609489901869E-01  9.541609443639498E-01
  9.540249824482149E-01  9.540249776189987E-01  9.540249728208562E-01
  9.543987307506872E-01  9.543987263675353E-01  9.543987220130083E-01
  9.542641980413140E-01  9.542641934931126E-01  9.542641889744121E-01
  9.541291729342684E-01  9.541291682177147E-01  9.541291635315566E-01
  9.545009684965196E-01  9.545009642157288E-01  9.545009599629368E-01
  9.543673681924066E-01  9.543673637508632E-01  9.543673593381741E-01
  9.542332839761980E-01  9.542332793706922E-01  9.542332747949148E-01
  9.546031322626333E-01  9.546031280827478E-01  9.546031239302448E-01
  9.544704592441077E-01  9.544704549076904E-01  9.544704505994913E-01
  9.543373106960734E-01  9.543373062000058E-01  9.543373017330098E-01
  9.547052173013157E-01  9.547052132208831E-01  9.547052091672265E-01
  9.545734664277931E-01  9.545734621949749E-01  9.545734579897486E-01
  9.544412483047580E-01  9.544412439165244E-01  9.544412395567161E-01
  9.548072189499156E-01  9.548072149674878E-01  9.548072110112391E-01
  9.546763850613952E-01  9.546763809306541E-01  9.546763768268888E-01
  9.545450921013029E-01  9.545450878193059E-01  9.545450835650980E-01
  9.549091326296858E-01  9.549091287438195E-01  9.549091248835451E-01
  9.547792105487416E-01  9.547792065185620E-01  9.547792025147517E-01
  9.546488374723210E-01  9.546488332949703E-01  9.546488291447829E-01
  9.550109538463316E-01  9.550109500555893E-01  9.550109462898611E-01
  9.548819383791315E-01  9.548819344480045E-01  9.548819305426501E-01
  9.547524798913737E-01  9.547524758170871E-01  9.547524717693479E-01
  9.551126781884641E-01  9.551126744914149E-01  9.551126708188110E-01
  9.549845641265348E-01  9.549845602929589E-01  9.549845564845686E-01
  9.548560149182921E-01  9.548560109454958E-01  9.548560069986410E-01
  9.552143013270276E-01  9.552142977222472E-01  9.552142941413528E-01
  9.550870834489582E-01  9.550870797114399E-01  9.550870759985298E-01
  9.549594381985066E-01  9.549594343256359E-01  9.549594304781108E-01
  9.553158190153698E-01  9.553158155014417E-01  9.553158120108495E-01
  9.551894920879072E-01  9.551894884449617E-01  9.551894848260564E-01
  9.550627454623755E-01  9.550627416878754E-01  9.550627379381348E-01
  9.554172270875328E-01  9.554172236630487E-01  9.554172202613591E-01
  9.552917858675875E-01  9.552917823177393E-01  9.552917787913725E-01
  9.551659325244972E-01  9.551659288468234E-01  9.551659251933323E-01
  9.555185214592536E-01  9.555185181228137E-01  9.555185148086360E-01
  9.553939606944655E-01  9.553939572362488E-01  9.553939538009639E-01
  9.552689952830231E-01  9.552689917006418E-01  9.552689881418761E-01
  9.556196981254025E-01  9.556196948756163E-01  9.556196916475685E-01
  9.554960125563049E-01  9.554960091882641E-01  9.554960058426146E-01
  9.553719297189019E-01  9.553719262302908E-01  9.553719227647376E-01
  9.557207531607477E-01  9.557207499962341E-01  9.557207468529443E-01
  9.555979375216518E-01  9.555979342423417E-01  9.555979309848918E-01
  9.554747318951935E-01  9.554747284988417E-01  9.554747251249995E-01
  9.558216827185735E-01  9.558216796379618E-01  9.558216765780675E-01
  9.556997317390515E-01  9.556997285470384E-01  9.556997253763628E-01
  9.555773979562868E-01  9.555773946506958E-01  9.555773913670751E-01
  9.559224830301281E-01  9.559224800320578E-01  9.559224770542071E-01
  9.558013914363380E-01  9.558013883301995E-01  9.558013852448844E-01
  9.556799241271740E-01  9.556799209108577E-01  9.556799177159817E-01
  9.560231504040977E-01  9.560231474872193E-01  9.560231445900710E-01
  9.559029129199211E-01  9.559029098982466E-01  9.559029068968904E-01
  9.557823067127086E-01  9.557823035841941E-01  9.557823004765985E-01
  9.561236812255366E-01  9.561236783885116E-01  9.561236755707356E-01
  9.560042925740387E-01  9.560042896354298E-01  9.560042867166426E-01
  9.558845420968138E-01  9.558845390546413E-01  9.558845360328752E-01
  9.562240719558865E-01  9.562240691973882E-01  9.562240664576658E-01
  9.561055268600872E-01  9.561055240031581E-01  9.561055211655625E-01
  9.559866267417401E-01  9.559866237844630E-01  9.559866208470886E-01
  9.563243191311283E-01  9.563243164498416E-01  9.563243137868658E-01
  9.562066123157119E-01  9.562066095390894E-01  9.562066067813205E-01
  9.560885571872548E-01  9.560885543134406E-01  9.560885514590340E-01
  9.564244193621149E-01  9.564244167567368E-01  9.564244141692125E-01
  9.563075455542031E-01  9.563075428565272E-01  9.563075401772333E-01
  9.561903300498795E-01  9.561903272581098E-01  9.561903244852610E-01
  9.565243693332720E-01  9.565243668025121E-01  9.565243642891567E-01
  9.564083232636542E-01  9.564083206435783E-01  9.564083180414207E-01
  9.562919420220816E-01  9.562919393109521E-01  9.562919366182652E-01
  9.566241658018666E-01  9.566241633444467E-01  9.566241609039897E-01
  9.565089422061953E-01  9.565089396623860E-01  9.565089371360395E-01
  9.563933898714900E-01  9.563933872396110E-01  9.563933846257044E-01
  9.567238055975369E-01  9.567238032121916E-01  9.567238008433755E-01
  9.566093992172602E-01  9.566093967483981E-01  9.566093942965509E-01
  9.564946704401067E-01  9.564946678861029E-01  9.564946653496098E-01
  9.568232856211848E-01  9.568232833066618E-01  9.568232810082415E-01
  9.567096912047922E-01  9.567096888095714E-01  9.567096864309256E-01
  9.565957806434985E-01  9.565957781660096E-01  9.565957757055775E-01
  9.569226028449637E-01  9.569226006000237E-01  9.569225983707674E-01
  9.568098151485397E-01  9.568098128256683E-01  9.568098105189397E-01
  9.566967174699912E-01  9.566967150676718E-01  9.566967126819631E-01
  9.570217543103675E-01  9.570217521337843E-01  9.570217499724731E-01
  9.569097680990982E-01  9.569097658472987E-01  9.569097636112170E-01
  9.567974779798499E-01  9.567974756513695E-01  9.567974733390616E-01
  9.571207371282570E-01  9.571207350188177E-01  9.571207329242460E-01
  9.570095471772532E-01  9.570095449952618E-01  9.570095428285709E-01
  9.568980593044827E-01  9.568980570485257E-01  9.568980548083107E-01
  9.572195484781091E-01  9.572195464346140E-01  9.572195444055893E-01
  9.571091495732229E-01  9.571091474597900E-01  9.571091453612476E-01
  9.569984586456460E-01  9.569984564609119E-01  9.569984542914968E-01
  9.573181856070747E-01  9.573181836283375E-01  9.573181816636803E-01
  9.572085725458429E-01  9.572085704997331E-01  9.572085684681108E-01
  9.570986732746285E-01  9.570986711598317E-01  9.570986690599383E-01
  9.574166458291453E-01  9.574166439139929E-01  9.574166420125371E-01
  9.573078134217805E-01  9.573078114417721E-01  9.573078094758556E-01
  9.571987005314516E-01  9.571986984853214E-01  9.571986964536864E-01
  9.575149265244023E-01  9.575149246716746E-01  9.575149228322668E-01
  9.574068695947890E-01  9.574068676796742E-01  9.574068657782626E-01
  9.572985378240821E-01  9.572985358453624E-01  9.572985338807369E-01
