  3.444391703679589E+00  3.438210743905664E+00  3.432027062639965E+00

  1.893580320710956E-04  1.884473763835783E-04  1.875395486886182E-04
  1.894332074889544E-04  1.885221755605649E-04  1.876139729323097E-04
  1.894708099269083E-04  1.885595897969764E-04  1.876511996227578E-04
  1.894708099269083E-04  1.885595897969764E-04  1.876511996227578E-04
  1.894332074889544E-04  1.885221755605649E-04  1.876139729323097E-04
  1.893580320710956E-04  1.884473763835783E-04  1.875395486886182E-04
  1.892453425306926E-04  1.883352508289056E-04  1.874279851587734E-04
  1.890952271084824E-04  1.881858866767302E-04  1.872793696653564E-04
  1.889078032771173E-04  1.879994007892287E-04  1.870938184623126E-04
  1.886832175687277E-04  1.877759389512697E-04  1.868714765876176E-04
  1.884216453230976E-04  1.875156755900377E-04  1.866125175632459E-04
  1.881232903455104E-04  1.872188134563173E-04  1.863171430885649E-04
  1.877883845775298E-04  1.868855832997158E-04  1.859855827214744E-04
  1.874171877457808E-04  1.865162434956490E-04  1.856180934987077E-04
  1.870099869749292E-04  1.861110796940873E-04  1.852149595963022E-04
  1.865670963415570E-04  1.856704043461615E-04  1.847764918442294E-04
  1.860888563879528E-04  1.851945562347914E-04  1.843030272782843E-04
  1.855756336004160E-04  1.846838999571511E-04  1.837949286102686E-04
  1.850278198476769E-04  1.841388253568695E-04  1.832525836686444E-04
  1.844458317493080E-04  1.835597469076580E-04  1.826764047874937E-04
  1.838301100225235E-04  1.829471030484680E-04  1.820668281363342E-04
  1.831811187323122E-04  1.823013554543456E-04  1.814243130098571E-04
  1.824993446406927E-04  1.816229883808157E-04  1.807493411672924E-04
  1.817852965365812E-04  1.809125079882107E-04  1.800424161479993E-04
  1.810395043976659E-04  1.801704415258788E-04  1.793040624863032E-04
  1.802625186034357E-04  1.793973365424994E-04  1.785348249087104E-04
  1.794549091942921E-04  1.785937601423549E-04  1.777352675956614E-04
  1.786172650182910E-04  1.777602981370781E-04  1.769059733335309E-04
  1.777501927947270E-04  1.768975541293179E-04  1.760475426213457E-04
  1.768543162404758E-04  1.760061486312310E-04  1.751605927740539E-04
  1.759302752115749E-04  1.750867182047129E-04  1.742457570767071E-04
  1.749787247469719E-04  1.741399145285625E-04  1.733036838580800E-04
  1.740003342478654E-04  1.731664035583399E-04  1.723350356466496E-04
  1.729957865364003E-04  1.721668646172877E-04  1.713404882694680E-04
  1.719657768556652E-04  1.711419893805023E-04  1.703207298547497E-04
  1.709110118972923E-04  1.700924809215275E-04  1.692764598680608E-04
  1.698322089085045E-04  1.690190528033080E-04  1.682083882040400E-04
  1.687300946913948E-04  1.679224281070931E-04  1.671172342367649E-04
  1.676054046839750E-04  1.668033385037103E-04  1.660037258821832E-04
  1.664588820371890E-04  1.656625233451833E-04  1.648685987097733E-04
  1.652912766905063E-04  1.645007287408285E-04  1.637125950095025E-04
  1.641033444384484E-04  1.633187066162880E-04  1.625364628553649E-04
  1.628958459109263E-04  1.621172137151354E-04  1.613409551194178E-04
  1.616695456435670E-04  1.608970106780601E-04  1.601268285596462E-04
  1.604252111861415E-04  1.596588611368510E-04  1.588948429028404E-04
  1.591636122020357E-04  1.584035308308942E-04  1.576457599830296E-04
  1.578855196136411E-04  1.571317867601560E-04  1.563803428881295E-04
  1.565917047641216E-04  1.558443963372082E-04  1.550993551191266E-04
  1.552829385559683E-04  1.545421265488540E-04  1.538035597556560E-04
  1.539599905781532E-04  1.532257430704966E-04  1.524937185761945E-04
  1.526236282647755E-04  1.518960094424906E-04  1.511705912449538E-04
  1.512746161230190E-04  1.505536862916862E-04  1.498349345167391E-04
  1.499137149238001E-04  1.491995305300039E-04  1.484875014634294E-04
  1.485416809766098E-04  1.478342946434530E-04  1.471290407539001E-04
  1.471592653825471E-04  1.464587259268839E-04  1.457602958986278E-04
  1.457672133819461E-04  1.450735658521754E-04  1.443820046117491E-04
  1.443662636536718E-04  1.436795493682247E-04  1.429948981229507E-04
  1.429571476204790E-04  1.422774042103725E-04  1.415997004973611E-04
  1.415405888927085E-04  1.408678503360311E-04  1.401971280476564E-04
  1.401173025979193E-04  1.394515992754573E-04  1.387878887221627E-04
  1.386879948267051E-04  1.380293535611595E-04  1.373726815095251E-04
  1.372533620990308E-04  1.366018062168589E-04  1.359521959456430E-04
  1.358140908290368E-04  1.351696402111757E-04  1.345271115685496E-04
  1.343708568411913E-04  1.337335279777898E-04  1.330980974284812E-04
  1.329243249191923E-04  1.322941309655463E-04  1.316658116588457E-04
  1.314751483914522E-04  1.308520992373194E-04  1.302309010602760E-04
  1.300239686711420E-04  1.294080710055942E-04  1.287940006598038E-04
  1.285714148913931E-04  1.279626722587481E-04  1.273557333118419E-04
  1.271181035606280E-04  1.265165164306803E-04  1.259167093845746E-04
  1.256646382621154E-04  1.250702041004567E-04  1.244775264633060E-04
  1.242116093585422E-04  1.236243226931714E-04  1.230387690464488E-04
  1.227595936899780E-04  1.221794461921118E-04  1.216010082673956E-04
  1.213091543573970E-04  1.207361348996559E-04  1.201648016448767E-04
  1.198608405312295E-04  1.192949352705584E-04  1.187306929215131E-04
  1.184151872186088E-04  1.178563796624706E-04  1.172992118167979E-04
  1.169727151002601E-04  1.164209861926227E-04  1.158708738919756E-04
  1.155339304563448E-04  1.149892586447278E-04  1.144461804431680E-04
  1.140993249979735E-04  1.135616863077282E-04  1.130256183443920E-04
  1.126693757627760E-04  1.121387438763273E-04  1.116096599563462E-04
  1.112445450748632E-04  1.107208914163047E-04  1.101987630908874E-04
  1.098252805215223E-04  1.093085743170659E-04  1.087933709479515E-04
  1.084120149275215E-04  1.079022232914679E-04  1.073939121375838E-04
  1.070051663267464E-04  1.065022543414535E-04  1.060008006318401E-04
  1.056051379847113E-04  1.051090687622111E-04  1.046144357649572E-04
  1.042123184340371E-04  1.037230532075205E-04  1.032352023169965E-04
  1.028270814884997E-04  1.023445796818135E-04  1.018634704901577E-04
  1.014497863425547E-04  1.009740056431186E-04  1.004995960067438E-04
  1.000807777069815E-04  9.961167414524185E-05  9.914392027064834E-05
  9.872038594060619E-05  9.825791395698533E-05  9.779677046820652E-05
  9.736892715355817E-05  9.691303967581939E-05  9.645845968526701E-05
  9.602670331146867E-05  9.557735182310671E-05  9.512928700568333E-05
  9.469400235789915E-05  9.425113697658715E-05  9.380953764337352E-05
  9.337109843094761E-05  9.293466797128530E-05  9.249948313453366E-05
  9.205825196054751E-05  9.162820400949503E-05  9.119938145674331E-05
  9.075570991750095E-05  9.033199089877747E-05  8.990947725788073E-05
  8.946370599649944E-05  8.904626123770898E-05  8.863000204600713E-05
  8.818246086281382E-05  8.777123466407552E-05  8.736117442925287E-05
  8.691218235361058E-05  8.650711805243170E-05  8.610320032386208E-05
  8.565306570687815E-05  8.525410573736730E-05  8.485627316603622E-05
  8.440529378408488E-05  8.401237973699823E-05  8.362057413199253E-05
  8.316903733944981E-05  8.278211002890543E-05  8.239627242119682E-05
  8.194445519007240E-05  8.156345471757332E-05  8.118352542805530E-05
  8.073169447985994E-05  8.035656028920839E-05  7.998247898441053E-05
  7.953089093270370E-05  7.916156187833928E-05  7.879326763181900E-05
  7.834216906643757E-05  7.797858346914800E-05  7.761601482459547E-05
  7.716564263171337E-05  7.680773829339891E-05  7.645083328460386E-05
  7.600141495042751E-05  7.564912919183744E-05  7.529782537483202E-05
  7.484957934811712E-05  7.450284905395327E-05  7.415708354412286E-05
  7.371021921356607E-05  7.336898093469428E-05  7.302869050314154E-05
  7.258340772786462E-05  7.224759784895962E-05  7.191271907343384E-05
  7.146920724739545E-05  7.113876221433871E-05  7.080923170465867E-05
  7.036766829156096E-05  7.004252486666782E-05  6.971827951413444E-05
  6.927882882306950E-05  6.895892427437554E-05  6.863990146073868E-05
  6.820271386111071E-05  6.788798605684911E-05  6.757412376146031E-05
  6.713933575080957E-05  6.682972315189524E-05  6.652095996276091E-05
  6.608869503974304E-05  6.578413661835539E-05  6.548041165562391E-05
  6.505078145248158E-05  6.475121662133739E-05  6.445246946147501E-05
  6.402557472208233E-05  6.373094330009278E-05  6.343711393004176E-05
  6.301304506063147E-05  6.272328729579757E-05  6.243431613284674E-05
  6.201315335785280E-05  6.172820998640254E-05  6.144403792976212E-05
  6.102585129606088E-05  6.074566360023270E-05  6.046623208841975E-05
  6.005108148758100E-05  5.977559133629648E-05  5.950084239596000E-05
  5.908877781739026E-05  5.881792766062292E-05  5.854780390516545E-05
  5.813886591877998E-05  5.787259878685240E-05  5.760704341391139E-05
  5.720126363734251E-05  5.693952314034685E-05  5.667847992941830E-05
  5.627588152496335E-05  5.601861185030963E-05  5.576202515577386E-05
  5.536262300115165E-05  5.510976897545021E-05  5.485758378321565E-05
  5.446138428767452E-05  5.421289144723087E-05  5.396505344735499E-05
  5.357205430085765E-05  5.332786894008076E-05  5.308432457584245E-05
  5.269451491293730E-05  5.245458406539585E-05  5.221528053097505E-05
  5.182864188690864E-05  5.159291319958990E-05  5.135779832366887E-05
  5.097430671006437E-05  5.074272824748688E-05  5.051175029887107E-05
  5.013137840857075E-05  4.990389854128521E-05  4.967700609650527E-05
  4.929972388904437E-05  4.907629144465075E-05  4.885343349766057E-05
  4.847920567833239E-05  4.825977036057287E-05  4.804089672604115E-05
  4.766967768194614E-05  4.745419063721022E-05  4.723925251452787E-05
  4.687098112153482E-05  4.665939524439514E-05  4.644834558322215E-05
  4.608294390811606E-05  4.587521357668510E-05  4.566800689105360E-05
  4.530538530194253E-05  4.510146547509674E-05  4.489805700285978E-05
  4.453812496769321E-05  4.433796995226023E-05  4.413831442756933E-05
  4.378099286356039E-05  4.358455527187359E-05  4.338860582546229E-05
  4.303383567656699E-05  4.284106602061746E-05  4.264877368521383E-05
  4.229651745779833E-05  4.210736445856787E-05  4.191867839857419E-05
  4.156891516687454E-05  4.138332651006725E-05  4.119819475062925E-05
  4.085091238561723E-05  4.066883548869377E-05  4.048720570661227E-05
  4.014239440818243E-05  3.996377686548646E-05  3.978559688287400E-05
  3.944324620434799E-05  3.926803590685738E-05  3.909325383804752E-05
  3.875335269709010E-05  3.858149775700623E-05  3.841006194563153E-05
  3.807259962084755E-05  3.790404830995307E-05  3.773590726272664E-05
  3.740087395727752E-05  3.723557471719970E-05  3.707067710129294E-05
  3.673806362811172E-05  3.657596515501891E-05  3.641425987615054E-05
  3.608405685477081E-05  3.592510819243166E-05  3.576654449694795E-05
  3.543874169122608E-05  3.528289229242992E-05  3.512741982167404E-05
  3.480200589717265E-05  3.464920563755446E-05  3.449677445604225E-05
  3.417373696797299E-05  3.402393616095609E-05  3.387449676744399E-05
  3.355382210387163E-05  3.340697152094658E-05  3.326047486278005E-05
  3.294214821192963E-05  3.279819909787711E-05  3.265459659939667E-05
  3.233860190318496E-05  3.219750599182185E-05  3.205674955220640E-05
  3.174306936228565E-05  3.160477889958345E-05  3.146682093067648E-05
  3.115543635850685E-05  3.101990410867403E-05  3.088469753647914E-05
  3.057558827494759E-05  3.044276753944956E-05  3.031026582334461E-05
  3.000341015809612E-05  2.987325478162686E-05  2.974341191680410E-05
  2.943878666783878E-05  2.931125103833345E-05  2.918402156206238E-05
  2.888160203293579E-05  2.875664109318641E-05  2.863198009606129E-05
  2.833174015229009E-05  2.820930940876959E-05  2.808717253833441E-05
  2.778908476661677E-05  2.766914028101817E-05  2.754948373993047E-05
  2.725351954250292E-05  2.713601794318993E-05  2.701879849531462E-05
  2.672492793734958E-05  2.660982641385182E-05  2.649500138148382E-05
  2.620319275901008E-05  2.609044908608276E-05  2.597797637178935E-05
  2.568819593004461E-05  2.557776845311537E-05  2.546760653202671E-05
  2.517981911345095E-05  2.507166674617195E-05  2.496377465333251E-05
  2.467794529438504E-05  2.457202749099319E-05  2.446636480331550E-05
  2.418245992959931E-05  2.407873668404725E-05  2.397526351681895E-05
  2.369324947078342E-05  2.359168134244181E-05  2.349035836525101E-05
  2.321019652510116E-05  2.311074470155014E-05  2.301153321766187E-05
  2.273317538995384E-05  2.263580170354686E-05  2.253866365217997E-05
  2.226205479538720E-05  2.216672163935264E-05  2.207161952537824E-05
  2.179671200773732E-05  2.170338217110140E-05  2.161027888958927E-05
  2.133705034507338E-05  2.124568688538982E-05  2.115454560008144E-05
  2.088299933947652E-05  2.079356571546859E-05  2.070434998482222E-05
  2.043447933571043E-05  2.034693982694444E-05  2.025961402407393E-05
  1.999134165468050E-05  1.990566178053165E-05  1.982019151454226E-05
  1.955333788404556E-05  1.946948431970085E-05  1.938583635825087E-05
  1.912018637474744E-05  1.903812607565967E-05  1.895626747518412E-05
  1.869174734152585E-05  1.861144624931245E-05  1.853134305070790E-05
  1.826819746734681E-05  1.818961988810291E-05  1.811123649052689E-05
  1.784999727321975E-05  1.777310709625798E-05  1.769640746829337E-05
  1.743749964309298E-05  1.736226335669226E-05  1.728721404381781E-05
  1.703031567679853E-05  1.695670531583245E-05  1.688327841663191E-05
  1.662691178891894E-05  1.655490492924968E-05  1.648307809351239E-05
  1.622505741008630E-05  1.615463246781642E-05  1.608438421736244E-05
  1.582338365062113E-05  1.575451212252374E-05  1.568581407560062E-05
  1.542344960686175E-05  1.535609030210588E-05  1.528890136672108E-05
  1.503081340651314E-05  1.496491417510156E-05  1.489918225594217E-05
  1.465343695320261E-05  1.458894550253272E-05  1.452461831337802E-05
  1.429688648267138E-05  1.423376529286454E-05  1.417080531650863E-05
  1.395804955932034E-05  1.389628527328875E-05  1.383467919580489E-05
  1.362139900337138E-05  1.356099806006892E-05  1.350075242041276E-05
  1.326272109351489E-05  1.320369139037208E-05  1.314481422766526E-05
  1.286377266712750E-05  1.280610131313190E-05  1.274857984764117E-05
  1.243798579028071E-05  1.238162894636205E-05  1.232541938714746E-05
  1.206390339766950E-05  1.200880226349322E-05  1.195384580857155E-05
  1.192166971713913E-05  1.186779908804499E-05  1.181407056970721E-05
  2.053217246294108E-04  2.043775501428050E-04  2.034362971710086E-04
  2.054035733061150E-04  2.044590044438786E-04  2.035173584675370E-04
  2.054445137878311E-04  2.044997476583098E-04  2.035579050997097E-04
  2.054445137878311E-04  2.044997476583098E-04  2.035579050997097E-04
  2.054035733061150E-04  2.044590044438786E-04  2.035173584675370E-04
  2.053217246294108E-04  2.043775501428050E-04  2.034362971710086E-04
  2.051990322871453E-04  2.042554489568656E-04  2.033147850873815E-04
  2.050355929552741E-04  2.040927970813540E-04  2.031529179324446E-04
  2.048315353225017E-04  2.038897225610920E-04  2.029508231087813E-04
  2.045870199041784E-04  2.036463851037395E-04  2.027086595215240E-04
  2.043022387576051E-04  2.033629758077593E-04  2.024266173121044E-04
  2.039774151251153E-04  2.030397167994664E-04  2.021049174952121E-04
  2.036128030697074E-04  2.026768608689045E-04  2.017438115945644E-04
  2.032086870939211E-04  2.022746910967338E-04  2.013435812713647E-04
  2.027653817041119E-04  2.018335204157789E-04  2.009045378934360E-04
  2.022832309180524E-04  2.013536911249897E-04  2.004270220475957E-04
  2.017626077251699E-04  2.008355743474067E-04  1.999114029961961E-04
  2.012039134833282E-04  2.002795694331358E-04  1.993580780899617E-04
  2.006075772698651E-04  1.996861033163392E-04  1.987674721272461E-04
  1.999740552063642E-04  1.990556298396405E-04  1.981400366818339E-04
  1.993038297630994E-04  1.983886290671534E-04  1.974762494200134E-04
  1.985974090231888E-04  1.976856065421453E-04  1.967766133548080E-04
  1.978553259041724E-04  1.969470925189440E-04  1.960416560879122E-04
  1.970781373390673E-04  1.961736411573552E-04  1.952719290161728E-04
  1.962664234356446E-04  1.953658296716313E-04  1.944680064712335E-04
  1.954207865837388E-04  1.945242574442739E-04  1.936304848403564E-04
  1.945418505567803E-04  1.936495451411771E-04  1.927599816932760E-04
  1.936302595809575E-04  1.927423337833489E-04  1.918571348571442E-04
  1.926866774080778E-04  1.918032838167880E-04  1.909226014851804E-04
  1.917117863568793E-04  1.908330741628175E-04  1.899570571154675E-04
  1.907062862922948E-04  1.898324012066938E-04  1.889611946647636E-04
  1.896708936597986E-04  1.888019778278752E-04  1.879357234610809E-04
  1.886063404903038E-04  1.877425324241641E-04  1.868813682807538E-04
  1.875133733122540E-04  1.866548078181888E-04  1.857988682573629E-04
  1.863927521335310E-04  1.855395602443677E-04  1.846889758649114E-04
  1.852452494180466E-04  1.843975583301015E-04  1.835524559091279E-04
  1.840716490233694E-04  1.832295820518783E-04  1.823900844985569E-04
  1.828727451656521E-04  1.820364216914858E-04  1.812026479958066E-04
  1.816493414067946E-04  1.808188768328442E-04  1.799909420218077E-04
  1.804022495871576E-04  1.795777552973044E-04  1.787557703933404E-04
  1.791322888126334E-04  1.783138721400523E-04  1.774979441315592E-04
  1.778402844045820E-04  1.770280486098949E-04  1.762182804261680E-04
  1.765270668284291E-04  1.757211110709810E-04  1.749176015548196E-04
  1.751934706757763E-04  1.743938899965893E-04  1.735967338892042E-04
  1.738403337183822E-04  1.730472190312445E-04  1.722565069609108E-04
  1.724684958934545E-04  1.716819339742162E-04  1.708977524458319E-04
  1.710787983722688E-04  1.702988718569614E-04  1.695213032522202E-04
  1.696720826044799E-04  1.688988699919745E-04  1.681279925684122E-04
  1.682491893603249E-04  1.674827650197086E-04  1.667186529223668E-04
  1.668109578014515E-04  1.660513919859878E-04  1.652941152581179E-04
  1.653582245800077E-04  1.646055834374161E-04  1.638552080309360E-04
  1.638918229575466E-04  1.631461685554050E-04  1.624027563574379E-04
  1.624125820034711E-04  1.616739723519865E-04  1.609375812060213E-04
  1.609213257346950E-04  1.601898148147962E-04  1.594604985518573E-04
  1.594188723657597E-04  1.586945101620791E-04  1.579723186285272E-04
  1.579060334999182E-04  1.571888660389551E-04  1.564738451377309E-04
  1.563836133985451E-04  1.556736827876233E-04  1.549658745170493E-04
  1.548524082787679E-04  1.541497527466143E-04  1.534491952398795E-04
  1.533132056504158E-04  1.526178596002988E-04  1.519245871788820E-04
  1.517667836242849E-04  1.510787776777739E-04  1.503928208945702E-04
  1.502139102988649E-04  1.495332713527187E-04  1.488546570478250E-04
  1.486553431411438E-04  1.479820944226943E-04  1.473108457812494E-04
  1.470918284757177E-04  1.464259896006690E-04  1.457621262083715E-04
  1.455241009361883E-04  1.448656879714000E-04  1.442092258778161E-04
  1.439528829602205E-04  1.433019084873762E-04  1.426528602665784E-04
  1.423788843097601E-04  1.417353574901509E-04  1.410937323097619E-04
  1.408028016320198E-04  1.401667282709249E-04  1.395325319539343E-04
  1.392253180684296E-04  1.385967006903645E-04  1.379699357896038E-04
  1.376471029020473E-04  1.370259408221346E-04  1.364066066918931E-04
  1.360688112051546E-04  1.354551006010718E-04  1.348431934690722E-04
  1.344910834983587E-04  1.338848174850001E-04  1.332803305257558E-04
  1.329145454680498E-04  1.323157141702831E-04  1.317186375799421E-04
  1.313398077024833E-04  1.307483983350809E-04  1.301587194073300E-04
  1.297674654688000E-04  1.291834624160691E-04  1.286011656251216E-04
  1.281980985411247E-04  1.276214834343081E-04  1.270465505093062E-04
  1.266322710258752E-04  1.260630228181916E-04  1.254954328197185E-04
  1.250705312221626E-04  1.245086262768748E-04  1.239483556836520E-04
  1.235134114863698E-04  1.229588236543756E-04  1.224058464404243E-04
  1.219614281325994E-04  1.214141288303138E-04  1.208684165430936E-04
  1.204150813893763E-04  1.198750396811807E-04  1.193365615256509E-04
  1.188748553656946E-04  1.183420380467409E-04  1.178107609635147E-04
  1.173412180053873E-04  1.168155896806397E-04  1.162914784270395E-04
  1.158146210991098E-04  1.152961442647340E-04  1.147791614976866E-04
  1.142955003113435E-04  1.137841354371844E-04  1.132742417913848E-04
  1.127842752133709E-04  1.122799808201620E-04  1.117771349883107E-04
  1.112813493730121E-04  1.107840821136094E-04  1.102882409258512E-04
  1.097871104790820E-04  1.092968252180649E-04  1.088079437225629E-04
  1.083019304249075E-04  1.078185803148631E-04  1.073366118525949E-04
  1.068261654355788E-04  1.063497019967234E-04  1.058745982799766E-04
  1.053601561505917E-04  1.048905293472882E-04  1.044222405380352E-04
  1.039042277842601E-04  1.034413861012131E-04  1.029798608849239E-04
  1.024586903403555E-04  1.020025808553798E-04  1.015477665158970E-04
  1.010238387846284E-04  1.005744072481411E-04  1.001262497454501E-04
  9.959995324549933E-05  9.915714414684581E-05  9.871558818330766E-05
  9.818729921780427E-05  9.775105585965518E-05  9.731604495392725E-05
  9.678612777571770E-05  9.635639234477727E-05  9.592786890164328E-05
  9.539667582724187E-05  9.497338946515277E-05  9.455129484833600E-05
  9.401916634645086E-05  9.360226921623897E-05  9.318654381336557E-05
  9.265380863265768E-05  9.224323998492773E-05  9.183382327266965E-05
  9.130079855106179E-05  9.089649678509549E-05  9.049332739108313E-05
  8.996031879820584E-05  8.956222152917153E-05  8.916523729960366E-05
  8.863253920838371E-05  8.824058332993623E-05  8.784972138973490E-05
  8.731761695174944E-05  8.693173870626197E-05  8.654693552807845E-05
  8.601569680241522E-05  8.563583184722526E-05  8.525702332124256E-05
  8.472691147940115E-05  8.435299492942274E-05  8.398011640707950E-05
  8.345138196762204E-05  8.308334843838271E-05  8.271633477485326E-05
  8.218921798149479E-05  8.182700161181238E-05  8.146578719091107E-05
  8.094051836317021E-05  8.058405286759700E-05  8.022857164811912E-05
  7.970537125829854E-05  7.935459002405500E-05  7.900477562418912E-05
  7.848385387914948E-05  7.813869013835742E-05  7.779447599574580E-05
  7.727603177512207E-05  7.693641884810020E-05  7.659773845407290E-05
  7.608195796983626E-05  7.574782950556644E-05  7.541461665015495E-05
  7.490167214353712E-05  7.457296232026303E-05  7.424515130391234E-05
  7.373520031923680E-05  7.341184394052447E-05  7.308936968878268E-05
  7.258255519992670E-05  7.226448768628689E-05  7.194728575546186E-05
  7.144373701423847E-05  7.113089433661050E-05  7.081890085327944E-05
  7.031873452330059E-05  7.001105311927831E-05  6.970420469422806E-05
  6.920752589331365E-05  6.890494262900533E-05  6.860317630881356E-05
  6.811007926150128E-05  6.781253145443914E-05  6.751578473386953E-05
  6.702635293181117E-05  6.673377842354832E-05  6.644198931294974E-05
  6.595629533383145E-05  6.566863257394504E-05  6.538173968525619E-05
  6.489984505333902E-05  6.461703314045571E-05  6.433497573668165E-05
  6.385693133777801E-05  6.357890998904841E-05  6.330162796212914E-05
  6.282747506421747E-05  6.255418452580421E-05  6.228161831112338E-05
  6.181138980258623E-05  6.154277080452514E-05  6.127486132291658E-05
  6.080858202101519E-05  6.054457590807856E-05  6.028126466856859E-05
  5.981894968317881E-05  5.955949870704387E-05  5.930072808579123E-05
  5.884238020523119E-05  5.858742779963098E-05  5.833314133595833E-05
  5.787875014747572E-05  5.762824081209806E-05  5.737838315897969E-05
  5.692792921028628E-05  5.668180780551569E-05  5.643632409035691E-05
  5.598978823647995E-05  5.574799900315350E-05  5.550683383940028E-05
  5.506420565305246E-05  5.482669186932626E-05  5.458978887662308E-05
  5.415106410123930E-05  5.391776930246550E-05  5.368507211010235E-05
  5.325023254820852E-05  5.302110338429272E-05  5.279255834337146E-05
  5.236153969271694E-05  5.213652911744059E-05  5.191208856587940E-05
  5.148475419357910E-05  5.126382277217711E-05  5.104344668926954E-05
  5.061958886539352E-05  5.040270258696256E-05  5.018635684528859E-05
  4.976573411518881E-05  4.955285907583432E-05  4.934051039031207E-05
  4.892290778075540E-05  4.871400421227516E-05  4.850561406311103E-05
  4.809089622424829E-05  4.788591497829862E-05  4.768143566326377E-05
  4.726956542837814E-05  4.706844861557483E-05  4.686782339073162E-05
  4.645883902846602E-05  4.626152400410140E-05  4.606469079786625E-05
  4.565865927034481E-05  4.546508336278980E-05  4.527197957592448E-05
  4.486895405881800E-05  4.467905751530250E-05  4.448962326341224E-05
  4.408962467943139E-05  4.390335095707763E-05  4.371752965156366E-05
  4.332055289482061E-05  4.313784722058463E-05  4.295558424184273E-05
  4.256161537175549E-05  4.238242316705665E-05  4.220366423264800E-05
  4.181269355329161E-05  4.163695976693820E-05  4.146165014101480E-05
  4.107367501472473E-05  4.090134435855578E-05  4.072942901105049E-05
  4.034444959816156E-05  4.017546710258238E-05  4.000689126006268E-05
  3.962490549151820E-05  3.945921685118178E-05  3.929392637951459E-05
  3.891492794977818E-05  3.875247955243680E-05  3.859042101568708E-05
  3.821440020116445E-05  3.805513900287942E-05  3.789625954794710E-05
  3.752320467332222E-05  3.736707810038176E-05  3.721132534730589E-05
  3.684122358014846E-05  3.668817951832464E-05  3.653550154048749E-05
  3.616833882866643E-05  3.601832566819143E-05  3.586867103480025E-05
  3.550443164758776E-05  3.535739834377390E-05  3.521071617878392E-05
  3.484938228950987E-05  3.470527840314131E-05  3.456151843341408E-05
  3.420307005880320E-05  3.406184574614667E-05  3.392095829263332E-05
  3.356537353787140E-05  3.342697952775517E-05  3.328891548185547E-05
  3.293617080460379E-05  3.280055839088305E-05  3.266526920585615E-05
  3.231533953693036E-05  3.218246060579393E-05  3.204989832185366E-05
  3.170275696648256E-05  3.157256402206895E-05  3.144268129099584E-05
  3.109829978817939E-05  3.097074595280640E-05  3.084349604193643E-05
  3.050184397847135E-05  3.037688298261877E-05  3.025221976791279E-05
  2.991326456550969E-05  2.979085074532690E-05  2.966872870374659E-05
  2.933243577550316E-05  2.921252407531674E-05  2.909289828836238E-05
  2.875923213460529E-05  2.864177810732986E-05  2.852460426064882E-05
  2.819353001966948E-05  2.807848980334184E-05  2.796372416786126E-05
  2.763520769642037E-05  2.752253801558596E-05  2.741013744435508E-05
  2.708414169683413E-05  2.697379991094906E-05  2.686372188921877E-05
  2.654020120768454E-05  2.643214538296659E-05  2.632434809638780E-05
  2.600324702854628E-05  2.589743591416230E-05  2.579187822924916E-05
  2.547314238114066E-05  2.536953523574895E-05  2.526617653047905E-05
  2.494977265612568E-05  2.484832902326103E-05  2.474712895906986E-05
  2.443305460993104E-05  2.433373434023190E-05  2.423465288213202E-05
  2.392290973441066E-05  2.382567341998017E-05  2.372867126385270E-05
  2.341920070159666E-05  2.332401030834126E-05  2.322904951883775E-05
  2.292168078043925E-05  2.282849982229600E-05  2.273554401339765E-05
  2.243004040347069E-05  2.233883302321185E-05  2.224784644770377E-05
  2.194409051197958E-05  2.185481967911663E-05  2.176576542540633E-05
  2.146398162547742E-05  2.137660789195785E-05  2.128944662533523E-05
  2.099021045361135E-05  2.090469316976716E-05  2.081938432783543E-05
  2.052319092945070E-05  2.043949248160382E-05  2.035599850642564E-05
  2.006248891291652E-05  1.998057958060469E-05  1.989887079770035E-05
  1.960631710611655E-05  1.952617571389904E-05  1.944623102142847E-05
  1.915213351793743E-05  1.907374013196565E-05  1.899553972783080E-05
  1.869869565800064E-05  1.862201825425649E-05  1.854553029255278E-05
  1.824862939007848E-05  1.817361363196030E-05  1.809878393319241E-05
  1.780920898847440E-05  1.773578279642335E-05  1.766253934341725E-05
  1.738894715417024E-05  1.731704471282835E-05  1.724532163108792E-05
  1.698977690611138E-05  1.691937208740998E-05  1.684914314253474E-05
  1.659860939911880E-05  1.652973585682853E-05  1.646103468905604E-05
  1.618546643488729E-05  1.611820266932557E-05  1.605110795756384E-05
  1.571487255294470E-05  1.564928934024614E-05  1.558387220075631E-05
  1.517074427483089E-05  1.510683956539724E-05  1.504309828000275E-05
  1.458413091373054E-05  1.452179434696858E-05  1.445961868585763E-05
  1.404310340595330E-05  1.398214291827687E-05  1.392134068207574E-05
  1.366136818694900E-05  1.360159517793984E-05  1.354197749076096E-05
  1.349035252652436E-05  1.343167939034263E-05  1.337315848605605E-05
  1.337590101202026E-05  1.331838196222973E-05  1.326101218018234E-05
  1.277680455847987E-05  1.272056114913684E-05  1.266446435874836E-05
  1.056836485432862E-05  1.051337019198029E-05  1.045851954953544E-05
  2.155814754994728E-04  2.146024298771993E-04  2.136264037629638E-04
  2.156681269932148E-04  2.146886679061968E-04  2.137122297637662E-04
  2.157114700136516E-04  2.147318041079165E-04  2.137551598654274E-04
  2.157114700136516E-04  2.147318041079165E-04  2.137551598654274E-04
  2.156681269932148E-04  2.146886679061968E-04  2.137122297637662E-04
  2.155814754994728E-04  2.146024298771993E-04  2.136264037629638E-04
  2.154515845638523E-04  2.144731587107398E-04  2.134977502126322E-04
  2.152785576084657E-04  2.143009573143256E-04  2.133263715075375E-04
  2.150625322750673E-04  2.140859626454880E-04  2.131124039234142E-04
  2.148036801915386E-04  2.138283454804793E-04  2.128560173881926E-04
  2.145022067006062E-04  2.135283101422312E-04  2.125574152095408E-04
  2.141583505192063E-04  2.131860941609408E-04  2.122168337351731E-04
  2.137723833364492E-04  2.128019678761847E-04  2.118345419598580E-04
  2.133446093736613E-04  2.123762340001347E-04  2.114108410928949E-04
  2.128753649111039E-04  2.119092271442099E-04  2.109460640830836E-04
  2.123650177555646E-04  2.114013132902026E-04  2.104405750939296E-04
  2.118139666322011E-04  2.108528891846063E-04  2.098947689013559E-04
  2.112226405552179E-04  2.102643817129856E-04  2.093090702704618E-04
  2.105914981473023E-04  2.096362472234599E-04  2.086839332831329E-04
  2.099210269062568E-04  2.089689707982914E-04  2.080198406153211E-04
  2.092117424363029E-04  2.082630654870826E-04  2.073173027721777E-04
  2.084641876520747E-04  2.075190715138273E-04  2.065768572970306E-04
  2.076789319309268E-04  2.067375554354444E-04  2.057990679371195E-04
  2.068565702388025E-04  2.059191092734392E-04  2.049845237808325E-04
  2.059977222158699E-04  2.050643496024756E-04  2.041338383491450E-04
  2.051030312248256E-04  2.041739166024901E-04  2.032476486511076E-04
  2.041731633833879E-04  2.032484730973459E-04  2.023266142293443E-04
  2.032088065730145E-04  2.022887035692286E-04  2.013714161794031E-04
  2.022106694035816E-04  2.012953131277691E-04  2.003827561240778E-04
  2.011794801739995E-04  2.002690264774568E-04  1.993613551869755E-04
  2.001159858210997E-04  1.992105868685219E-04  1.983079529459078E-04
  1.990209508302703E-04  1.981207550164502E-04  1.972233063606387E-04
  1.978951561561876E-04  1.970003080262114E-04  1.961081887008017E-04
  1.967393981087175E-04  1.958500382853405E-04  1.949633884458980E-04
  1.955544872327207E-04  1.946707523493283E-04  1.937897081774446E-04
  1.943412471907338E-04  1.934632698282811E-04  1.925879634685718E-04
  1.931005136516110E-04  1.922284222814119E-04  1.913589817841740E-04
  1.918331331580011E-04  1.909670520930904E-04  1.901036013653817E-04
  1.905399620076125E-04  1.896800113567758E-04  1.888226701169873E-04
  1.892218651295041E-04  1.883681607571834E-04  1.875170444955809E-04
  1.878797149797852E-04  1.870323684739310E-04  1.861875884202126E-04
  1.865143904295759E-04  1.856735090731100E-04  1.848351721675171E-04
  1.851267756481079E-04  1.842924623960905E-04  1.834606712672618E-04
  1.837177590186140E-04  1.828901124811373E-04  1.820649654284838E-04
  1.822882320670996E-04  1.814673464968859E-04  1.806489374784426E-04
  1.808390884113182E-04  1.800250536982838E-04  1.792134723253805E-04
  1.793712227296394E-04  1.785641243992108E-04  1.777594559347114E-04
  1.778855297334855E-04  1.770854489504238E-04  1.762877743126941E-04
  1.763829031743439E-04  1.755899167527617E-04  1.747993125249696E-04
  1.748642348527345E-04  1.740784152682919E-04  1.732949537105884E-04
  1.733304136539524E-04  1.725518290620079E-04  1.717755781303004E-04
  1.717823246248238E-04  1.710110388837452E-04  1.702420622524330E-04
  1.702208480780765E-04  1.694569207781936E-04  1.686952778690492E-04
  1.686468587200278E-04  1.678903452135237E-04  1.671360912250264E-04
  1.670612247957576E-04  1.663121762335593E-04  1.655653621782820E-04
  1.654648072793739E-04  1.647232706513667E-04  1.639839433956066E-04
  1.638584590750827E-04  1.631244772531210E-04  1.623926795596388E-04
  1.622430242760943E-04  1.615166360613337E-04  1.607924066367381E-04
  1.606193374378995E-04  1.599005776119265E-04  1.591839511573049E-04
  1.589882228817068E-04  1.582771222610040E-04  1.575681295264522E-04
  1.573504940305890E-04  1.566470795238131E-04  1.559457473651365E-04
  1.557069527880350E-04  1.550112474575126E-04  1.543175988973221E-04
  1.540583889470671E-04  1.533704120715986E-04  1.526844663626654E-04
  1.524055796300532E-04  1.517253467702727E-04  1.510471194596165E-04
  1.507492887627013E-04  1.500768118290012E-04  1.494063148260732E-04
  1.490902665795029E-04  1.484255539029440E-04  1.477627955504716E-04
  1.474292491672735E-04  1.467723055740413E-04  1.461172907216381E-04
  1.457669580431413E-04  1.451177849280741E-04  1.444705150058401E-04
  1.441040997687198E-04  1.434626951719970E-04  1.428231682660965E-04
  1.424413655847815E-04  1.418077242708873E-04  1.411759352032403E-04
  1.407794310871018E-04  1.401535446232717E-04  1.395294850293730E-04
  1.391189559331336E-04  1.385008127705806E-04  1.378844711801969E-04
  1.374605835690696E-04  1.368501691265119E-04  1.362415310472179E-04
  1.358049410098706E-04  1.352022377555202E-04  1.346012857535095E-04
  1.341526386312667E-04  1.335576261662571E-04  1.329643399504505E-04
  1.325042700057678E-04  1.319169251499091E-04  1.313312816568661E-04
  1.308604117634405E-04  1.302807086389964E-04  1.297026821166509E-04
  1.292216234746541E-04  1.286495335926390E-04  1.280790956859805E-04
  1.275884475612101E-04  1.270239399092538E-04  1.264610597477535E-04
  1.259614092358582E-04  1.254044503621610E-04  1.248490946435634E-04
  1.243410164691328E-04  1.237915705668377E-04  1.232437036415340E-04
  1.227277599860571E-04  1.221857889809291E-04  1.216453729390553E-04
  1.211221132775408E-04  1.205875769137330E-04  1.200545716702733E-04
  1.195245326313392E-04  1.189973885559730E-04  1.184717519355840E-04
  1.179354571983607E-04  1.174156610464663E-04  1.168973488673265E-04
  1.163553090754883E-04  1.158428145552117E-04  1.153317807151058E-04
  1.147844934187426E-04  1.142792523935431E-04  1.137754489508981E-04
  1.132233985688666E-04  1.127253611401844E-04  1.122287383964649E-04
  1.116723961868576E-04  1.111815107758214E-04  1.106920173571406E-04
  1.101318414001811E-04  1.096480548287625E-04  1.091656377662875E-04
  1.086020729685162E-04  1.081253305403159E-04  1.076499353517462E-04
  1.070834134863443E-04  1.066136590656172E-04  1.061452298329428E-04
  1.055761695861763E-04  1.051133456749002E-04  1.046518251216903E-04
  1.040806321591971E-04  1.036246799742946E-04  1.031700095425893E-04
  1.025970765940659E-04  1.021479361417250E-04  1.017000560663571E-04
  1.011257630134409E-04  1.006833731629409E-04  1.002422225441758E-04
  9.966693651947066E-05  9.923123507796268E-05  9.879675195660963E-05
  9.822082746397762E-05  9.779175124606011E-05  9.736387267306949E-05
  9.678765173234342E-05  9.636513662856952E-05  9.594379873351039E-05
  9.536761101503738E-05  9.495159205879566E-05  9.453673011621483E-05
  9.396089311156296E-05  9.355130454661172E-05  9.314285304262708E-05
  9.256767222232888E-05  9.216444757073853E-05  9.176234027067360E-05
  9.118810920454515E-05  9.079118133707560E-05  9.039535135508351E-05
  8.982235184317845E-05  8.943165304587613E-05  8.904203291203230E-05
  8.847053517294082E-05  8.808599720149840E-05  8.770251891880622E-05
  8.713278189433992E-05  8.675433600938731E-05  8.637693109097066E-05
  8.580920283685310E-05  8.543677983539021E-05  8.506537933513404E-05
  8.449989738796601E-05  8.413342765268102E-05  8.376796220866120E-05
  8.320495368606852E-05  8.284436728565916E-05  8.248476720902957E-05
  8.192444838809657E-05  8.156967525308495E-05  8.121587069119497E-05
  8.065844602223439E-05  8.030941618149540E-05  7.996133734683924E-05
  7.940699808453878E-05  7.906364191744610E-05  7.872121934144881E-05
  7.817014226789391E-05  7.783239070571401E-05  7.749555545224450E-05
  7.694790214379311E-05  7.661568677286932E-05  7.628437055915277E-05
  7.574028748212992E-05  7.541354054243977E-05  7.508767575340077E-05
  7.454729509650095E-05  7.422594941052274E-05  7.390546903380580E-05
  7.336890989772189E-05  7.305289878784733E-05  7.273773632845821E-05
  7.220510585093323E-05  7.189436309487188E-05  7.158445252143560E-05
  7.105584659144405E-05  7.075030644469408E-05  7.044558220038356E-05
  6.992108558636094E-05  6.962068286665100E-05  6.932107994600417E-05
  6.880076594948761E-05  6.850543614240765E-05  6.821089019777588E-05
  6.769482037416356E-05  6.740449968406517E-05  6.711494708937029E-05
  6.660317176246010E-05  6.631779704417885E-05  6.603317484273854E-05
  6.552573475883623E-05  6.524524335563472E-05  6.496548910286384E-05
  6.446241735987627E-05  6.418674702026017E-05  6.391179867583678E-05
  6.341312083582862E-05  6.314220993512225E-05  6.287200603857875E-05
  6.237773680691675E-05  6.211152490133948E-05  6.184600509738385E-05
  6.135614307422381E-05  6.109457138660354E-05  6.083367695665915E-05
  6.034820307010241E-05  6.009121421875317E-05  5.983488793550865E-05
  5.935377371409671E-05  5.910131031615500E-05  5.884949516968656E-05
  5.837272038911469E-05  5.812472321328569E-05  5.787736053640132E-05
  5.740492816582695E-05  5.716133559989480E-05  5.691836426561616E-05
  5.645029341152701E-05  5.621104400264441E-05  5.597240254861263E-05
  5.550868778895546E-05  5.527372586193821E-05  5.503935784156869E-05
  5.457990670301246E-05  5.434918836521069E-05  5.411904853750294E-05
  5.366363343856048E-05  5.343712871095804E-05  5.321118585175118E-05
  5.275945112834738E-05  5.253713927857342E-05  5.231537235216751E-05
  5.186691058874438E-05  5.164876969974406E-05  5.143115788747178E-05
  5.098562615727994E-05  5.077162195782178E-05  5.055813321993011E-05
  5.011534985130617E-05  4.990542979742191E-05  4.969601407847984E-05
  4.925598449115220E-05  4.905008003786620E-05  4.884467058917128E-05
  4.840753321899389E-05  4.820556825597446E-05  4.800408960814241E-05
  4.757001999662195E-05  4.737192010648605E-05  4.717429754331875E-05
  4.674342710413570E-05  4.654912480768527E-05  4.635529023613246E-05
  4.592767623813415E-05  4.573711085737740E-05  4.554700323378316E-05
  4.512264760558414E-05  4.493576189302929E-05  4.474932404631262E-05
  4.432821114827917E-05  4.414494798112885E-05  4.396212315627646E-05
  4.354424650955527E-05  4.336454758838129E-05  4.318527788750249E-05
  4.277064500194910E-05  4.259445138652979E-05  4.241867815282899E-05
  4.200730137593544E-05  4.183455457834898E-05  4.166221949221642E-05
  4.125410623219768E-05  4.108474884077105E-05  4.091579462118082E-05
  4.051094404152201E-05  4.034491969876652E-05  4.017929014149188E-05
  3.977769529604170E-05  3.961494839002089E-05  3.945258806934271E-05
  3.905423920511466E-05  3.889471463832582E-05  3.873556865677674E-05
  3.834045491644680E-05  3.818409806560122E-05  3.802811199305689E-05
  3.763622129964226E-05  3.748297810329050E-05  3.733009805591992E-05
  3.694141617660882E-05  3.679123324066737E-05  3.664140598924905E-05
  3.625591580786746E-05  3.610874045004489E-05  3.596191347319984E-05
  3.557959495983606E-05  3.543537517897324E-05  3.529149663937027E-05
  3.491232740358024E-05  3.477101182355552E-05  3.463003051161205E-05
  3.425398637265965E-05  3.411552422653254E-05  3.397738953666871E-05
  3.360444462668149E-05  3.346878579655882E-05  3.333344776322436E-05
  3.296357426112719E-05  3.283066931759255E-05  3.269807865818030E-05
  3.233124657701408E-05  3.220104677113490E-05  3.207115488429593E-05
  3.170733203647014E-05  3.157978926692997E-05  3.145254819926354E-05
  3.109170015926931E-05  3.096676696186128E-05  3.084212939218600E-05
  3.048421961709650E-05  3.036184919130574E-05  3.023976845448983E-05
  2.988475921526980E-05  2.976490543185987E-05  2.964533553022358E-05
  2.929318951596911E-05  2.917580688438631E-05  2.905870246074765E-05
  2.870938304878723E-05  2.859442669093480E-05  2.847974300133956E-05
  2.813321074994989E-05  2.802063644696687E-05  2.790832940129811E-05
  2.756453594618665E-05  2.745430022791871E-05  2.734432647680507E-05
  2.700321300752158E-05  2.689527314276980E-05  2.678759007192921E-05
  2.644909850672104E-05  2.634341231069944E-05  2.623797785497394E-05
  2.590207211813671E-05  2.579859770710236E-05  2.569537010399366E-05
  2.536204674651239E-05  2.526074255258190E-05  2.515968034877226E-05
  2.482894094266794E-05  2.472976618180268E-05  2.463082869648936E-05
  2.430261211733922E-05  2.420552746331809E-05  2.410867546769350E-05
  2.378280263860363E-05  2.368777039902081E-05  2.359296630277928E-05
  2.326918739549897E-05  2.317617054282434E-05  2.308337743290725E-05
  2.276156553094599E-05  2.267052581491624E-05  2.257970556335226E-05
  2.226009171476639E-05  2.217098834521777E-05  2.208210027566180E-05
  2.176528684458624E-05  2.167807774363705E-05  2.159107986599126E-05
  2.127759188518976E-05  2.119223811897208E-05  2.110709155672274E-05
  2.079656441448636E-05  2.071303531267300E-05  2.062970944133683E-05
  2.032034051719002E-05  2.023861441572800E-05  2.015708764443777E-05
  1.984624935399453E-05  1.976630598984649E-05  1.968655818893880E-05
  1.937295963713316E-05  1.929476615097096E-05  1.921676464358285E-05
  1.890318293591608E-05  1.882668305167136E-05  1.875037172612782E-05
  1.844452213692688E-05  1.836964081743672E-05  1.829494469966186E-05
  1.800593430329681E-05  1.793260287192701E-05  1.785945321975171E-05
  1.758955205640811E-05  1.751774333278293E-05  1.744611285002587E-05
  1.718180301028792E-05  1.711155256389568E-05  1.704147680067486E-05
  1.675136713883604E-05  1.668275778975730E-05  1.661431975054338E-05
  1.626100788515191E-05  1.619411459401071E-05  1.612738959417054E-05
  1.569358611811990E-05  1.562840757197299E-05  1.556339464527538E-05
  1.508117037976734E-05  1.501759159297062E-05  1.495417588994564E-05
  1.451560126686696E-05  1.445342141150831E-05  1.439140195847540E-05
  1.411598791278274E-05  1.405500976247824E-05  1.399418904326305E-05
  1.393714495112883E-05  1.387727738959922E-05  1.381756411502753E-05
  1.382013287480047E-05  1.376143371827553E-05  1.370288583213268E-05
  1.320289752902785E-05  1.314549488152538E-05  1.308824081881572E-05
  1.091526268478911E-05  1.085912739316194E-05  1.080313805843761E-05
