  3.444391703679589E+00  3.438210743905664E+00  3.432027062639965E+00

 -5.109296224623448E-03 -5.089303659273286E-03 -5.069152055050317E-03
 -1.468520407056727E-03 -1.455425778740615E-03 -1.442269905958140E-03
 -2.089612782480849E-04 -2.044061102771716E-04 -1.998380856540855E-04
  2.089612782480849E-04  2.044061102771716E-04  1.998380856540855E-04
  1.468520407056727E-03  1.455425778740615E-03  1.442269905958140E-03
  5.109296224623448E-03  5.089303659273286E-03  5.069152055050317E-03
  1.223083730695337E-02  1.220676284161822E-02  1.218240189522684E-02
  2.321581011812749E-02  2.319236358555052E-02  2.316853949042884E-02
  3.758474147474097E-02  3.756947360801693E-02  3.755384998369322E-02
  5.411056834104996E-02  5.411376443329659E-02  5.411678023661791E-02
  7.123067182327981E-02  7.126358764676377E-02  7.129664593950355E-02
  8.764688659156511E-02  8.771991892889749E-02  8.779353803152645E-02
  1.028690142756170E-01  1.029920764547965E-01  1.031162551488651E-01
  1.174106099937715E-01  1.175950421945987E-01  1.177811207942377E-01
  1.324774040598054E-01  1.327356602432083E-01  1.329959453026968E-01
  1.492900696229252E-01  1.496315500977155E-01  1.499751735261066E-01
  1.684454005649674E-01  1.688721572566671E-01  1.693009074912025E-01
  1.896749513037079E-01  1.901812905422600E-01  1.906892884892595E-01
  2.120177497455069E-01  2.125923020712656E-01  2.131680046604716E-01
  2.341524063057523E-01  2.347790427885104E-01  2.354060929766963E-01
  2.546886075095126E-01  2.553464016383934E-01  2.560036612304544E-01
  2.724007413716404E-01  2.730655808184949E-01  2.737288662485474E-01
  2.864231621905873E-01  2.870711450283632E-01  2.877166465375762E-01
  2.963608543997784E-01  2.969711408052546E-01  2.975781907782912E-01
  3.022704868879269E-01  3.028262143771916E-01  3.033781183862467E-01
  3.045402826660858E-01  3.050282288969422E-01  3.055119065628903E-01
  3.037420342303559E-01  3.041522248342568E-01  3.045578383184909E-01
  3.005094590572271E-01  3.008351321461490E-01  3.011560713808500E-01
  2.954566617820558E-01  2.956943493062836E-01  2.959273149221780E-01
  2.891288189149770E-01  2.892782677472688E-01  2.894231778696716E-01
  2.819759743561207E-01  2.820398367646131E-01  2.820994972326125E-01
  2.743447620848305E-01  2.743281071219483E-01  2.743077050774856E-01
  2.664838660138817E-01  2.663935832026519E-01  2.663000808736430E-01
  2.585582347541570E-01  2.584024007433277E-01  2.582439019788879E-01
  2.506671326149077E-01  2.504544133811966E-01  2.502395737216659E-01
  2.428623662484101E-01  2.426015152784288E-01  2.423390519124238E-01
  2.351645347074658E-01  2.348640176617770E-01  2.345623456581069E-01
  2.275762739500710E-01  2.272440178386567E-01  2.269110081453276E-01
  2.200921718685923E-01  2.197354163029455E-01  2.193782524369691E-01
  2.127054868380292E-01  2.123307094614042E-01  2.119558156392475E-01
  2.054121079441199E-01  2.050250003316269E-01  2.046380184314134E-01
  1.982123626241953E-01  1.978178401338285E-01  1.974236399126787E-01
  1.911113138651350E-01  1.907135489705788E-01  1.903162616047939E-01
  1.841181256826832E-01  1.837205979233198E-01  1.833236661690919E-01
  1.772449576966993E-01  1.768505149556803E-01  1.764567545899827E-01
  1.705057176542169E-01  1.701166440254031E-01  1.697283117271017E-01
  1.639148811610087E-01  1.635329670578643E-01  1.631518303301803E-01
  1.574864931397823E-01  1.571131039668085E-01  1.567405094420118E-01
  1.512333980720088E-01  1.508695387425025E-01  1.505064762204210E-01
  1.451667026271233E-01  1.448130762679807E-01  1.444602369062145E-01
  1.392954493013650E-01  1.389525094128843E-01  1.386103373955911E-01
  1.336264675793606E-01  1.332944635876257E-01  1.329632012416104E-01
  1.281643652935761E-01  1.278433818317572E-01  1.275231085340285E-01
  1.229116239515214E-01  1.226016143951311E-01  1.222922797915503E-01
  1.178687655947085E-01  1.175695804362669E-01  1.172710325471684E-01
  1.130345638184354E-01  1.127459744654650E-01  1.124579832536058E-01
  1.084062770140878E-01  1.081279955694468E-01  1.078502725232221E-01
  1.039798871228217E-01  1.037115826735815E-01  1.034437969276044E-01
  9.975033186070605E-02  9.949164376430507E-02  9.923343524290060E-02
  9.571172230915416E-02  9.546227092334449E-02  9.521326095055421E-02
  9.185754091174377E-02  9.161693616883969E-02  9.137673594260565E-02
  8.818081732458048E-02  8.794866550318124E-02  8.771688278422134E-02
  8.467428133068253E-02  8.445019033217223E-02  8.422643465250540E-02
  8.133049326582487E-02  8.111407666051904E-02  8.089796331452261E-02
  7.814195322514868E-02  7.793283329480019E-02  7.772398633782508E-02
  7.510119082253222E-02  7.489900079196178E-02  7.469705523777723E-02
  7.220083753712486E-02  7.200522315749630E-02  7.180982653568799E-02
  6.943368376742438E-02  6.924430438659730E-02  6.905511779398600E-02
  6.679272267413697E-02  6.660925190516685E-02  6.642595066095855E-02
  6.427118276975952E-02  6.409330884670283E-02  6.391558283917383E-02
  6.186255103731877E-02  6.168997692787150E-02  6.151753072077778E-02
  5.956058815749595E-02  5.939303148452170E-02  5.922558423398288E-02
  5.735933721047200E-02  5.719653001901907E-02  5.703381523620127E-02
  5.525312700874759E-02  5.509481540151952E-02  5.493658058282977E-02
  5.323657101816990E-02  5.308251467032342E-02  5.292852080473170E-02
  5.130456264082714E-02  5.115453419399737E-02  5.100455514605085E-02
  4.945226746617129E-02  4.930605179114954E-02  4.915987354759951E-02
  4.767511294336642E-02  4.753250624998900E-02  4.738992600676217E-02
  4.596877578263891E-02  4.582958454292777E-02  4.569040959612610E-02
  4.432916724647390E-02  4.419320688123896E-02  4.405725326922991E-02
  4.275241632924098E-02  4.261950958709317E-02  4.248660040837982E-02
  4.123485062906464E-02  4.110482555772811E-02  4.097478885880017E-02
  3.977297446990324E-02  3.964566184063259E-02  3.951832792724049E-02
  3.836344351913703E-02  3.823867351459205E-02  3.811387148773139E-02
  3.700303476033766E-02  3.688063267528412E-02  3.675818593093160E-02
  3.568861023676752E-02  3.556839087436001E-02  3.544811123937380E-02
  3.441707252795648E-02  3.429883291359360E-02  3.418051303189480E-02
  3.318530956044582E-02  3.306881956100694E-02  3.295222311659061E-02
  3.199012625198231E-02  3.187511671268318E-02  3.175996611314007E-02
  3.082816088692858E-02  3.071430902530592E-02  3.060027031768082E-02
  2.969578533333836E-02  2.958269741668837E-02  2.946936252563706E-02
  2.858899062628490E-02  2.847618247558770E-02  2.836304941478721E-02
  2.750326352419728E-02  2.739014021820102E-02  2.727659281570536E-02
  2.643346591881833E-02  2.631930330170547E-02  2.620459328083401E-02
  2.537373786414840E-02  2.525767012645852E-02  2.514090611780504E-02
  2.431745633535588E-02  2.419847592226968E-02  2.407862599341040E-02
  2.325729407622670E-02  2.313427205045281E-02  2.301018813571182E-02
  2.218543211846236E-02  2.205716800391765E-02  2.192764126329034E-02
  2.109397912917367E-02  2.095928794976197E-02  2.082314231032679E-02
  1.997563260850982E-02  1.983347208674811E-02  1.968969784854324E-02
  1.882457509907124E-02  1.867420728338385E-02  1.852212737768213E-02
  1.763753393959529E-02  1.747870387809814E-02  1.731815342633939E-02
  1.641485769335516E-02  1.624796004043643E-02  1.607944843626221E-02
  1.516139926089565E-02  1.498759617050592E-02  1.481241440161887E-02
  1.388697284661206E-02  1.370822740343793E-02  1.352846581196621E-02
  1.260619105974108E-02  1.242519203684084E-02  1.224364693089016E-02
  1.133759295313523E-02  1.115756749496163E-02  1.097753698127622E-02
  1.010212282047651E-02  9.926558587086338E-03  9.751553034825017E-03
  8.921171913908814E-03  8.753491891228668E-03  8.586905012055109E-03
  7.814503604201210E-03  7.657748292825081E-03  7.502544350880713E-03
  6.798411800317431E-03  6.654981190791704E-03  6.513449351971668E-03
  5.884403898158241E-03  5.755896551434474E-03  5.629506610414970E-03
  5.078573779694785E-03  4.965737622699346E-03  4.855107977641167E-03
  4.381678374333468E-03  4.284464600700804E-03  4.189430573273755E-03
  3.789797672941425E-03  3.707491707717989E-03  3.627246114188843E-03
  3.295375075203990E-03  3.226770354844899E-03  3.160041526999606E-03
  2.888413479062562E-03  2.831994782665216E-03  2.777229481553459E-03
  2.557633053026300E-03  2.511743619356995E-03  2.467270507986913E-03
  2.291457356755063E-03  2.254434292869139E-03  2.218594058950926E-03
  2.078761758072176E-03  2.049033996286510E-03  2.020271705911661E-03
  1.909374448124793E-03  1.885524761595129E-03  1.862446829190341E-03
  1.774357610637790E-03  1.755154394726972E-03  1.736556307427929E-03
  1.666114422410343E-03  1.650520529234023E-03  1.635392712046047E-03
  1.578371214062114E-03  1.565536958121452E-03  1.553055801161143E-03
  1.506079174681030E-03  1.495325557353198E-03  1.484835470813565E-03
  1.445271296404765E-03  1.436068139197306E-03  1.427059126977034E-03
  1.392900924196165E-03  1.384843300003879E-03  1.376927259955167E-03
  1.346679903390329E-03  1.339465151317963E-03  1.332353038238269E-03
  1.304927580584088E-03  1.298334304298264E-03  1.291815441855576E-03
  1.266436976584882E-03  1.260306737308216E-03  1.254230909217160E-03
  1.230361102106001E-03  1.224583012318050E-03  1.218845482981923E-03
  1.196120102925190E-03  1.190618212581118E-03  1.185147527824541E-03
  1.163328099594309E-03  1.158051340294972E-03  1.152799640651108E-03
  1.131736960066220E-03  1.126651418330308E-03  1.121587013340918E-03
  1.101193137020080E-03  1.096276452080646E-03  1.091378446704311E-03
  1.071603769961543E-03  1.066841385177906E-03  1.062096105566077E-03
  1.042909744634878E-03  1.038292571841799E-03  1.033691381176741E-03
  1.015065567164622E-03  1.010588467343700E-03  1.006126398614590E-03
  9.880272364940306E-04  9.836877435287217E-04  9.793623733409310E-04
  9.617486265031335E-04  9.575456067358984E-04  9.533558349796836E-04
  9.361845188715272E-04  9.321168410995863E-04  9.280616204475876E-04
  9.112961303353111E-04  9.073616754147282E-04  9.034390135501443E-04
  8.870546755513934E-04  8.832499734920121E-04  8.794565231182821E-04
  8.634406585225383E-04  8.597611554116697E-04  8.560924375885330E-04
  8.404397413600122E-04  8.368804009363829E-04  8.333313965363521E-04
  8.180380313510739E-04  8.145938859774380E-04  8.111596099010675E-04
  7.962193408286337E-04  7.928857586905594E-04  7.895615609247626E-04
  7.749651055992024E-04  7.717377845141147E-04  7.685193650364794E-04
  7.542558811963639E-04  7.511307297291685E-04  7.480140205074907E-04
  7.340728535701142E-04  7.310459088337433E-04  7.280269806227882E-04
  7.143985014914828E-04  7.114659296187587E-04  7.085409818573928E-04
  6.952164980587736E-04  6.923746388014678E-04  6.895400401186611E-04
  6.765113714503074E-04  6.737567740826894E-04  6.710090991669330E-04
  6.582683000931298E-04  6.555977290463659E-04  6.529337663574486E-04
  6.404730964858650E-04  6.378835147249913E-04  6.353002508203893E-04
  6.231122663239719E-04  6.206008121641671E-04  6.180954082556491E-04
  6.061730408806680E-04  6.037370083119448E-04  6.013067797698232E-04
  5.896433452881608E-04  5.872801711975828E-04  5.849225739738890E-04
  5.735117114535914E-04  5.712189681928960E-04  5.689315911265432E-04
  5.577671740910571E-04  5.555425623298138E-04  5.533231204964052E-04
  5.423991981718779E-04  5.402405355581548E-04  5.380868597478994E-04
  5.273976562799146E-04  5.253028628987657E-04  5.232128854353203E-04
  5.127528240177118E-04  5.107199103062846E-04  5.086916526437796E-04
  4.984553477365590E-04  4.964824083883623E-04  4.945139746474747E-04
  4.844961813230160E-04  4.825813921918025E-04  4.806709663043611E-04
  4.708665343377987E-04  4.690081468698392E-04  4.671539876831940E-04
  4.575578631317884E-04  4.557541955687470E-04  4.539546283985342E-04
  4.445618849730970E-04  4.428113149224106E-04  4.410647238547182E-04
  4.318705712929607E-04  4.301715330601676E-04  4.284763579368285E-04
  4.194761083905575E-04  4.178270926600002E-04  4.161818289366266E-04
  4.073708562434250E-04  4.057704073826550E-04  4.041736039715846E-04
  3.955473359556947E-04  3.939940463256704E-04  3.924443001395780E-04
  3.839982449692916E-04  3.824907501783158E-04  3.809867010793791E-04
  3.727164833609795E-04  3.712534611792791E-04  3.697937905574891E-04
  3.616951804127603E-04  3.602753512128738E-04  3.588587825814654E-04
  3.509276999593450E-04  3.495498251584727E-04  3.481751230597592E-04
  3.404075743815608E-04  3.390704531829268E-04  3.377364200950548E-04
  3.301283435745524E-04  3.288308113524362E-04  3.275362857638000E-04
  3.200834064916979E-04  3.188243354947032E-04  3.175681923001343E-04
  3.102661244647047E-04  3.090444227480483E-04  3.078255723311347E-04
  3.006703237410112E-04  2.994849290507265E-04  2.983023115768425E-04
  2.912909332429539E-04  2.901408057857194E-04  2.889933840754454E-04
  2.821240333101599E-04  2.810081564347616E-04  2.798949163035591E-04
  2.731656436730722E-04  2.720830363378880E-04  2.710029987519615E-04
  2.644095195652034E-04  2.633592517243917E-04  2.623114883521312E-04
  2.558456733012590E-04  2.548268671243340E-04  2.538105020204078E-04
  2.474620469975592E-04  2.464738531701801E-04  2.454880392741453E-04
  2.392503509266762E-04  2.382919085311472E-04  2.373357872486990E-04
  2.312133986059542E-04  2.302838063934812E-04  2.293564784302366E-04
  2.233673976524977E-04  2.224657281008999E-04  2.215662674044689E-04
  2.157323548121775E-04  2.148577215265363E-04  2.139852429320038E-04
  2.083099100257015E-04  2.074615601561744E-04  2.066153121027349E-04
  2.010592596325417E-04  2.002366293725263E-04  1.994160495546569E-04
  1.938915838579207E-04  1.930942567672092E-04  1.922989305203757E-04
  1.867020564853136E-04  1.859296154172189E-04  1.851591276516428E-04
  1.794403135824870E-04  1.786921551567627E-04  1.779459046271466E-04
  1.721893763922713E-04  1.714646082103283E-04  1.707417042535082E-04
  1.651943988894135E-04  1.644919142699035E-04  1.637912511329964E-04
  1.587747936372058E-04  1.580935146089414E-04  1.574140146207326E-04
  1.530764015161479E-04  1.524155559766463E-04  1.517564475033818E-04
  1.476668389464860E-04  1.470260720577542E-04  1.463870016277595E-04
  1.410227418617529E-04  1.404018940968485E-04  1.397827042633372E-04
  1.299745924162341E-04  1.293730710793403E-04  1.287731704712068E-04
 -5.825061962268803E-03 -5.803274380209572E-03 -5.781369579858876E-03
 -1.746225728511813E-03 -1.732030190496029E-03 -1.717800635489013E-03
 -2.748385088211568E-04 -2.699286111023331E-04 -2.650152077200908E-04
  2.748385088211568E-04  2.699286111023331E-04  2.650152077200908E-04
  1.746225728511813E-03  1.732030190496029E-03  1.717800635489013E-03
  5.825061962268803E-03  5.803274380209572E-03  5.781369579858876E-03
  1.372045035914434E-02  1.369433291373743E-02  1.366797789611444E-02
  2.587719553439394E-02  2.585238929402029E-02  2.582724862182056E-02
  4.182901106935089E-02  4.181418626846665E-02  4.179902598454942E-02
  6.031330914648554E-02  6.031954003746941E-02  6.032557061869979E-02
  7.968190132179442E-02  7.972049347020901E-02  7.975915501520207E-02
  9.850342697645853E-02  9.858401384035183E-02  9.866505825172799E-02
  1.161218948757535E-01  1.162530790659072E-01  1.163852048504256E-01
  1.328832042062358E-01  1.330749305520061E-01  1.332681063051045E-01
  1.498615452849162E-01  1.501252476041138E-01  1.503907899638567E-01
  1.682093393970890E-01  1.685540140114105E-01  1.689006766554551E-01
  1.885194810844844E-01  1.889472953549669E-01  1.893769945844578E-01
  2.105604014022791E-01  2.110659833725734E-01  2.115731613553006E-01
  2.334180466804790E-01  2.339903020760208E-01  2.345636863229701E-01
  2.558080138286468E-01  2.564310216296922E-01  2.570544626926900E-01
  2.763632870482711E-01  2.770164077310922E-01  2.776690587368453E-01
  2.938739466109389E-01  2.945335470772064E-01  2.951917049765741E-01
  3.074892642281353E-01  3.081320615216000E-01  3.087725260005727E-01
  3.168315219067743E-01  3.174372586748226E-01  3.180399243085298E-01
  3.219773612564791E-01  3.225295609013580E-01  3.230780959573390E-01
  3.233373640683786E-01  3.238229435175739E-01  3.243043898659057E-01
  3.215080753779566E-01  3.219170053449933E-01  3.223214638224907E-01
  3.171502278235007E-01  3.174755900505992E-01  3.177962971325465E-01
  3.109064645403946E-01  3.111446122882506E-01  3.113780975867260E-01
  3.033507507855204E-01  3.035012732702017E-01  3.036473049622168E-01
  2.949607226989898E-01  2.950261453822071E-01  2.950874073462074E-01
  2.861080886794369E-01  2.860933743822270E-01  2.860749489335059E-01
  2.770630575274872E-01  2.769749950298086E-01  2.768837427454919E-01
  2.680079030536822E-01  2.678544648867789E-01  2.676983840079303E-01
  2.590547892569482E-01  2.588445349970775E-01  2.586321739469188E-01
  2.502641669710712E-01  2.500057496812904E-01  2.497457258043617E-01
  2.416614883910888E-01  2.413632890450071E-01  2.410639343621849E-01
  2.332510748131378E-01  2.329209579948747E-01  2.325900831107599E-01
  2.250266919634774E-01  2.246718585428468E-01  2.243166101594652E-01
  2.169788856881109E-01  2.166057953662249E-01  2.162325811788228E-01
  2.090994784749068E-01  2.087138205879899E-01  2.083282810851689E-01
  2.013838238869430E-01  2.009905219842883E-01  2.005975355165807E-01
  1.938314664967256E-01  1.934347074493578E-01  1.930384197315359E-01
  1.864457957243216E-01  1.860490768322937E-01  1.856529484155335E-01
  1.792331640232763E-01  1.788393525818847E-01  1.784462186679091E-01
  1.722018070349693E-01  1.718132071776831E-01  1.714253445002663E-01
  1.653607833090565E-01  1.649792054155371E-01  1.645984014539158E-01
  1.587190563453916E-01  1.583458851457250E-01  1.579735058475467E-01
  1.522847739996620E-01  1.519210326145527E-01  1.515580859500540E-01
  1.460647561421129E-01  1.457111644235208E-01  1.453583582148920E-01
  1.400641753703193E-01  1.397212018368190E-01  1.393789952117471E-01
  1.342864021996237E-01  1.339543095035017E-01  1.336229579358064E-01
  1.287329811444589E-01  1.284118653804092E-01  1.280914596321928E-01
  1.234037042695681E-01  1.230935286123220E-01  1.227840280587851E-01
  1.182967519201122E-01  1.179973751416211E-01  1.176986360203944E-01
  1.134088749476547E-01  1.131200753728765E-01  1.128318745095778E-01
  1.087355978527855E-01  1.084570932985682E-01  1.081791478479484E-01
  1.042714272296046E-01  1.040028914456803E-01  1.037348751637041E-01
  1.000100543385116E-01  9.975113043603206E-02  9.949268696523532E-02
  9.594454435927897E-02  9.569485567173940E-02  9.544560928173018E-02
  9.206750783780676E-02  9.182666661385955E-02  9.158623079356736E-02
  8.837125208548434E-02  8.813886636631516E-02  8.790685061798767E-02
  8.484791191920162E-02  8.462359090781887E-02  8.439960604780231E-02
  8.148956025787207E-02  8.127291844577643E-02  8.105658067559553E-02
  7.828829982674479E-02  7.807896010571512E-02  7.786989407953061E-02
  7.523633765715450E-02  7.503393361018627E-02  7.483177469118753E-02
  7.232604428325499E-02  7.213022181853157E-02  7.193461768675129E-02
  6.954999959039097E-02  6.936041805506056E-02  6.917102980201663E-02
  6.690102721125936E-02  6.671736009735189E-02  6.653386291848767E-02
  6.437221923442941E-02  6.419415456723855E-02  6.401623814112731E-02
  6.195695281497250E-02  6.178419329447855E-02  6.161156191802709E-02
  5.964890008109773E-02  5.948116302940825E-02  5.931353556072198E-02
  5.744203252964465E-02  5.727904968184768E-02  5.711615932687178E-02
  5.533062090806515E-02  5.517213807011301E-02  5.501373203541023E-02
  5.330923139779787E-02  5.315500798279495E-02  5.300084700456160E-02
  5.137271874694219E-02  5.122252719007751E-02  5.107238493829508E-02
  4.951621684897611E-02  4.936984189070145E-02  4.922350423650606E-02
  4.773512712607537E-02  4.759236494210296E-02  4.744962906510784E-02
  4.602510494434225E-02  4.588576208840547E-02  4.574643538755918E-02
  4.438204415422477E-02  4.424593626366654E-02  4.410983501856466E-02
  4.280205969917119E-02  4.266900989222323E-02  4.253595759949597E-02
  4.128146805229713E-02  4.115130491706617E-02  4.102113019620326E-02
  3.981676500621924E-02  3.968932004265911E-02  3.956185396523092E-02
  3.840460003931837E-02  3.827970436544428E-02  3.815477700995807E-02
  3.704174610604776E-02  3.691922617906034E-02  3.679666215181213E-02
  3.572506326272652E-02  3.560473529923017E-02  3.548434789494964E-02
  3.445145409119536E-02  3.433311680948881E-02  3.421470042672709E-02
  3.321780851981827E-02  3.310123379168802E-02  3.298455418879091E-02
  3.202093552975933E-02  3.190585655100062E-02  3.179063856277998E-02
  3.085747961337833E-02  3.074357632533918E-02  3.062948880423293E-02
  2.972382103385868E-02  2.961070280917033E-02  2.949734086655598E-02
  2.861596130756023E-02  2.850314742211540E-02  2.839001259830822E-02
  2.752939936027680E-02  2.741629859469325E-02  2.730277846620986E-02
  2.645901002348210E-02  2.634490195725672E-02  2.623025198119584E-02
  2.539894537028962E-02  2.528296759172126E-02  2.516629971580668E-02
  2.434259072631426E-02  2.422373817012400E-02  2.410402275496980E-02
  2.328261952445156E-02  2.315976404791099E-02  2.303585347400088E-02
  2.221120064479211E-02  2.208313990864249E-02  2.195382294924160E-02
  2.112041189855283E-02  2.098595539483313E-02  2.085004975228027E-02
  2.000289577440308E-02  1.986099119533168E-02  1.971747632813988E-02
  1.885275227591819E-02  1.870264679940956E-02  1.855082994317720E-02
  1.766659931527583E-02  1.750801873499074E-02  1.734771506807067E-02
  1.644465539394219E-02  1.627797217985108E-02  1.610966852866291E-02
  1.519163510649438E-02  1.501798872272278E-02  1.484295345273275E-02
  1.391722349905701E-02  1.373855691059726E-02  1.355886083436599E-02
  1.263593264674653E-02  1.245492022232549E-02  1.227334632155357E-02
  1.136624711078974E-02  1.118610981567366E-02  1.100595143623075E-02
  1.012911385570966E-02  9.953342648488456E-03  9.778114985547096E-03
  8.945985783246896E-03  8.778016084313773E-03  8.611126661865472E-03
  7.836738655221101E-03  7.679630661610632E-03  7.524064447311801E-03
  6.817813015023981E-03  6.673990711952008E-03  6.532061371330911E-03
  5.900876145094377E-03  5.771963011016611E-03  5.645165240589337E-03
  5.092174135143901E-03  4.978940854136398E-03  4.867915356513657E-03
  4.392591577093232E-03  4.295007683917012E-03  4.199607381532492E-03
  3.798301237832091E-03  3.715664908443994E-03  3.635094509227272E-03
  3.301801146534584E-03  3.232912850831646E-03  3.165906889513722E-03
  2.893113430894687E-03  2.836459939122364E-03  2.781466468128893E-03
  2.560948814510176E-03  2.514871454698155E-03  2.470216707315826E-03
  2.293701214392718E-03  2.256532564468027E-03  2.220552367041676E-03
  2.080204537845727E-03  2.050367569816066E-03  2.021500859275694E-03
  1.910240787349976E-03  1.886311838632329E-03  1.863158550742574E-03
  1.774826498865020E-03  1.755567733676382E-03  1.736917167624852E-03
  1.666323163845350E-03  1.650691829192738E-03  1.635528899083442E-03
  1.578421232578901E-03  1.565562875165484E-03  1.553059321134095E-03
  1.506042468147039E-03  1.495274217146304E-03  1.484770699284682E-03
  1.445196732647631E-03  1.435985391148085E-03  1.426969009065916E-03
  1.392819897579329E-03  1.384758274872165E-03  1.376838762276303E-03
  1.346611119522166E-03  1.339394921577772E-03  1.332281682242400E-03
  1.304880909710577E-03  1.298287609420856E-03  1.291768901002376E-03
  1.266416425445613E-03  1.260286837017021E-03  1.254211745217309E-03
  1.230367013903922E-03  1.224589784385952E-03  1.218853143789541E-03
  1.196150719707862E-03  1.190649631903799E-03  1.185179745999354E-03
  1.163380622956221E-03  1.158104474721412E-03  1.152853366797841E-03
  1.131808234114736E-03  1.126723063168420E-03  1.121659004331330E-03
  1.101280058792562E-03  1.096363505768450E-03  1.091465608397158E-03
  1.071703511484326E-03  1.066941047539577E-03  1.062195668660423E-03
  1.043019850523556E-03  1.038402426272904E-03  1.033800969025952E-03
  1.015183974114933E-03  1.010706491039223E-03  1.006244028940896E-03
  9.881522472910075E-04  9.838122764841029E-04  9.794864227520334E-04
  9.618788612047328E-04  9.576753006387284E-04  9.534849859260202E-04
  9.363188586656212E-04  9.322506024734183E-04  9.281948038838356E-04
  9.114336640141463E-04  9.074986122329493E-04  9.035753558184060E-04
  8.871946538140863E-04  8.833893500890228E-04  8.795953015228680E-04
  8.635824574963574E-04  8.599023568957943E-04  8.562330457042690E-04
  8.405828342862556E-04  8.370229059099965E-04  8.334733179410969E-04
  8.181819665641659E-04  8.147372455444412E-04  8.113023981880990E-04
  7.963637245630280E-04  7.930295801461819E-04  7.897048242585445E-04
  7.751095888528716E-04  7.718817188648022E-04  7.686627543143198E-04
  7.544001502225245E-04  7.512744626236197E-04  7.481572207158143E-04
  7.342166234728292E-04  7.311891544444685E-04  7.281697049891299E-04
  7.145415121516551E-04  7.116084267647318E-04  7.086829681532917E-04
  6.953585115562278E-04  6.925161485111878E-04  6.896810483516651E-04
  6.766521703344252E-04  6.738970779587029E-04  6.711489100303218E-04
  6.584076861105058E-04  6.557366280446118E-04  6.530721800564913E-04
  6.406108895755977E-04  6.380208281671675E-04  6.354370860996465E-04
  6.232483037994704E-04  6.207363769122299E-04  6.182305015637480E-04
  6.063071767046270E-04  6.038706780261248E-04  6.014399844990717E-04
  5.897754493694015E-04  5.874118156105377E-04  5.850537597117116E-04
  5.736416689365567E-04  5.713484723755573E-04  5.690606428967936E-04
  5.578948846063716E-04  5.556698259218453E-04  5.534499379697790E-04
  5.425245750320787E-04  5.403654719461257E-04  5.382113564031315E-04
  5.275206256414122E-04  5.254253983593404E-04  5.233349876842297E-04
  5.128733240417831E-04  5.108399831500039E-04  5.088112989584750E-04
  4.985733277585013E-04  4.965999681145060E-04  4.946311147011814E-04
  4.846116010343107E-04  4.826963986611876E-04  4.807855601348741E-04
  4.709793629678321E-04  4.691205694803143E-04  4.672660048625809E-04
  4.576680786434334E-04  4.558640124443698E-04  4.540640472164716E-04
  4.446694732974891E-04  4.429185121426327E-04  4.411715305420985E-04
  4.319755256070699E-04  4.302761039329570E-04  4.285805459351347E-04
  4.195784284352029E-04  4.179290370395884E-04  4.162833982148345E-04
  4.074705476626432E-04  4.058697310079319E-04  4.042725603643899E-04
  3.956444096711155E-04  3.940907601946445E-04  3.925406547219741E-04
  3.840927166061555E-04  3.825848699721067E-04  3.810804695888544E-04
  3.728083727270607E-04  3.713450067404554E-04  3.698849928717282E-04
  3.617845110274073E-04  3.603643460771050E-04  3.589474422520406E-04
  3.510144986101403E-04  3.496362961141800E-04  3.482612668750989E-04
  3.404918706979676E-04  3.391544298446586E-04  3.378200776544601E-04
  3.302101696148351E-04  3.289123257463057E-04  3.276174890610391E-04
  3.201627963341383E-04  3.189034216518914E-04  3.176469753185794E-04
  3.103431138542626E-04  3.091211163541097E-04  3.079019706964745E-04
  3.007449498610610E-04  2.995592672189460E-04  2.983763623315450E-04
  2.913632346285133E-04  2.902128269699553E-04  2.890651255916934E-04
  2.821940498086007E-04  2.810779003896483E-04  2.799643882430179E-04
  2.732334161960674E-04  2.721505438735772E-04  2.710702418229011E-04
  2.644750894163498E-04  2.634245640395614E-04  2.623765436477933E-04
  2.559090812227959E-04  2.548900248551732E-04  2.538734100703401E-04
  2.475233325601095E-04  2.465348957779705E-04  2.455488394297535E-04
  2.393095531002043E-04  2.383508748658097E-04  2.373945182397747E-04
  2.312705578285880E-04  2.303407367554348E-04  2.294131804195682E-04
  2.234225583787911E-04  2.225206667917454E-04  2.216209845403851E-04
  2.157855661524342E-04  2.149107175043082E-04  2.140380240199620E-04
  2.083612219648296E-04  2.075126632758667E-04  2.066662068673362E-04
  2.011087144581524E-04  2.002858818242327E-04  1.994651000884683E-04
  1.939392064837107E-04  1.931416833900817E-04  1.923461615882041E-04
  1.867478511489928E-04  1.859752203696805E-04  1.852045433325711E-04
  1.794842746039977E-04  1.787359326395715E-04  1.779894990025373E-04
  1.722315147039552E-04  1.715065689759516E-04  1.707834878958055E-04
  1.652347743464531E-04  1.645321179472566E-04  1.638312834452928E-04
  1.588135298538786E-04  1.581320845900329E-04  1.574524187725475E-04
  1.531136512918420E-04  1.524526448975825E-04  1.517933759673732E-04
  1.477026689672186E-04  1.470617465219744E-04  1.464225209249632E-04
  1.410569151064216E-04  1.404359170361858E-04  1.398165772785938E-04
  1.300062397955047E-04  1.294045732617208E-04  1.288045278295261E-04
 -6.613100817635491E-03 -6.590373734920508E-03 -6.567545996866870E-03
 -2.145134276698290E-03 -2.130314081241905E-03 -2.115471705954381E-03
 -3.947061796703227E-04 -3.895851929109114E-04 -3.844650010334831E-04
  3.947061796703227E-04  3.895851929109114E-04  3.844650010334831E-04
  2.145134276698290E-03  2.130314081241905E-03  2.115471705954381E-03
  6.613100817635491E-03  6.590373734920508E-03  6.567545996866870E-03
  1.505824764763925E-02  1.503119635975149E-02  1.500392492394450E-02
  2.795041472412743E-02  2.792524116520320E-02  2.789974648190616E-02
  4.482329925471313E-02  4.480929571139872E-02  4.479495873219340E-02
  6.439085482294458E-02  6.439948610786239E-02  6.440789859479319E-02
  8.495845353141973E-02  8.500096461050909E-02  8.504349816360487E-02
  1.050272156587904E-01  1.051127230043331E-01  1.051986112754927E-01
  1.238602443724214E-01  1.239965730774632E-01  1.241337445791344E-01
  1.417238394206493E-01  1.419201681788350E-01  1.421178392523702E-01
  1.596315023353284E-01  1.598987375266882E-01  1.601677130510632E-01
  1.787061264606846E-01  1.790530736289257E-01  1.794019288891077E-01
  1.995421505937199E-01  1.999710560823586E-01  2.004017917881845E-01
  2.219289851673494E-01  2.224346607083734E-01  2.229419018601330E-01
  2.449781109629019E-01  2.455496222980865E-01  2.461222536878671E-01
  2.674255870768876E-01  2.680471370155147E-01  2.686691323712515E-01
  2.879179875620451E-01  2.885690930078715E-01  2.892197634135439E-01
  3.052550853581052E-01  3.059123567730450E-01  3.065682428520116E-01
  3.185953063395985E-01  3.192357680831038E-01  3.198739718800919E-01
  3.275710893489140E-01  3.281747716915834E-01  3.287754653972664E-01
  3.322703217999820E-01  3.328209390782530E-01  3.333679706095276E-01
  3.331157029357906E-01  3.336002423920632E-01  3.340807157692995E-01
  3.307167360475816E-01  3.311251443765539E-01  3.315291334916960E-01
  3.257479091915301E-01  3.260731955853824E-01  3.263938659649791E-01
  3.188661062523674E-01  3.191045413312485E-01  3.193383437821054E-01
  3.106594487067065E-01  3.108105493215122E-01  3.109571834037840E-01
  3.016189832410104E-01  3.016852166946632E-01  3.017473104059956E-01
  2.921284774943392E-01  2.921147571414147E-01  2.920973439104323E-01
  2.824683797023774E-01  2.823814461614320E-01  2.822913378847052E-01
  2.728290968145704E-01  2.726768717722872E-01  2.725220150970183E-01
  2.633287355831169E-01  2.631197261131548E-01  2.629086166398096E-01
  2.540316032042798E-01  2.537744126882681E-01  2.535156184219416E-01
  2.449651641903027E-01  2.446681317827881E-01  2.443699437873627E-01
  2.361342226725064E-01  2.358051822696791E-01  2.354753815242727E-01
  2.275318258277712E-01  2.271779593860350E-01  2.268236746433404E-01
  2.191469032692742E-01  2.187746618432797E-01  2.184022928512409E-01
  2.109690257866250E-01  2.105840977651053E-01  2.101992844758990E-01
  2.029908772878259E-01  2.025981903627892E-01  2.022058154613012E-01
  1.952090907452677E-01  1.948128389613645E-01  1.944170554033173E-01
  1.876240414893660E-01  1.872277309811134E-01  1.868320081708430E-01
  1.802390730558699E-01  1.798455807913548E-01  1.794527636133182E-01
  1.730594975309276E-01  1.726711376552975E-01  1.722835128660845E-01
  1.660915921339887E-01  1.657101850248048E-01  1.653295501086850E-01
  1.593417189048958E-01  1.589686589843143E-01  1.585963895767969E-01
  1.528156265117668E-01  1.524519460397238E-01  1.520890592318151E-01
  1.465179486684788E-01  1.461643758960407E-01  1.458115878785131E-01
  1.404518869875743E-01  1.401088979778588E-01  1.397666753852939E-01
  1.346190520754859E-01  1.342869161276259E-01  1.339555210409447E-01
  1.290194310859444E-01  1.286982500575012E-01  1.283777789634038E-01
  1.236514496613995E-01  1.233411916570782E-01  1.230316088257744E-01
  1.185120990037734E-01  1.182126269635489E-01  1.179137927695797E-01
  1.135971032064935E-01  1.133081989399151E-01  1.130198936661243E-01
  1.089011069271192E-01  1.086224911312002E-01  1.083444347885853E-01
  1.044178683184309E-01  1.041492170946149E-01  1.038810857700886E-01
  1.001404464659007E-01  9.988140481987103E-02  9.962284403264482E-02
  9.606137620383916E-02  9.581156897211698E-02  9.556220447964270E-02
  9.217282605327812E-02  9.193186665555518E-02  9.169131310504221E-02
  8.846673719161530E-02  8.823423456119853E-02  8.800210233641216E-02
  8.493494292727533E-02  8.471050692700260E-02  8.448640749540123E-02
  8.156926922669482E-02  8.135251481607955E-02  8.113606484011766E-02
  7.836161753358582E-02  7.815216791543449E-02  7.794299235463226E-02
  7.530403152390115E-02  7.510152046507709E-02  7.489925486205656E-02
  7.238874962968116E-02  7.219282312057210E-02  7.199711523422669E-02
  6.960824520175825E-02  6.941856259189041E-02  6.922907351376337E-02
  6.695525611318023E-02  6.677149083594829E-02  6.658789570142092E-02
  6.442280546956305E-02  6.424464544698205E-02  6.406663383081827E-02
  6.200421491821855E-02  6.183136271680342E-02  6.165863878281323E-02
  5.969311185582740E-02  5.952528464703992E-02  5.935756710398454E-02
  5.748343163946854E-02  5.732036100252265E-02  5.715738290276894E-02
  5.536941571813300E-02  5.521084730910952E-02  5.505235571272204E-02
  5.334560642741065E-02  5.319129952631076E-02  5.303705504093664E-02
  5.140683903151148E-02  5.125656596766690E-02  5.110634216328088E-02
  4.954823145378957E-02  4.940177689932338E-02  4.925535958600220E-02
  4.776517200649106E-02  4.762233211642003E-02  4.747951846189483E-02
  4.605330530629650E-02  4.591388667117989E-02  4.577448412170575E-02
  4.440851643471407E-02  4.427233479584572E-02  4.413615974723939E-02
  4.282691325821743E-02  4.269379191418552E-02  4.256066805762490E-02
  4.130480664555448E-02  4.117457445023862E-02  4.104433068725305E-02
  3.983868809060161E-02  3.971117690410948E-02  3.958364468496431E-02
  3.842520395261489E-02  3.830024535684565E-02  3.817525524501283E-02
  3.706112515507976E-02  3.693854618519878E-02  3.681592338890233E-02
  3.574331075221525E-02  3.562292832891609E-02  3.550248687422111E-02
  3.446866332528816E-02  3.435027701130483E-02  3.423181217210761E-02
  3.323407380737294E-02  3.311745647550270E-02  3.300073504593420E-02
  3.203635321901580E-02  3.192123923941508E-02  3.180598726703977E-02
  3.087214916665886E-02  3.075821984218556E-02  3.064410758185401E-02
  2.973784612295800E-02  2.962471237925604E-02  2.951133653624525E-02
  2.862945085975280E-02  2.851663370177343E-02  2.840349758165634E-02
  2.754246840788969E-02  2.742937847099296E-02  2.731587152888135E-02
  2.647178010328165E-02  2.635769884208228E-02  2.624307841028410E-02
  2.541154408615700E-02  2.529561080083666E-02  2.517899049986566E-02
  2.435514994979334E-02  2.423636084045943E-02  2.411671219964254E-02
  2.329527161036152E-02  2.317249896147503E-02  2.304867461609194E-02
  2.222407206359820E-02  2.209611264392336E-02  2.196690021523164E-02
  2.113361393257292E-02  2.099927451565406E-02  2.086348864228405E-02
  2.001651246745760E-02  1.987473578065278E-02  1.973135055078948E-02
  1.886682665686600E-02  1.871685248781746E-02  1.856516733277369E-02
  1.768111988531967E-02  1.752266442985317E-02  1.736248458259258E-02
  1.645954567837497E-02  1.629297031791957E-02  1.612477132008969E-02
  1.520674935169304E-02  1.503318217645582E-02  1.485822104770928E-02
  1.393235104487730E-02  1.375372489738377E-02  1.357406261745550E-02
  1.265081205958339E-02  1.246979401670188E-02  1.228820681047649E-02
  1.138058909289561E-02  1.120039692686859E-02  1.102017565489555E-02
  1.014262981380254E-02  9.966756032547489E-03  9.791418204466872E-03
  8.958417413145603E-03  8.790303574691814E-03  8.623263544978270E-03
  7.847883496806358E-03  7.690599599390299E-03  7.534852645929240E-03
  6.827541806278297E-03  6.683523822858266E-03  6.541395857218512E-03
  5.909139678457922E-03  5.780023571033996E-03  5.653021770411627E-03
  5.098999601655447E-03  4.985567482847635E-03  4.874343755372598E-03
  4.398070402796131E-03  4.300301040818597E-03  4.204717173606313E-03
  3.802571668825761E-03  3.719769678910256E-03  3.639036389242908E-03
  3.305029135913545E-03  3.235998560207887E-03  3.168853538324452E-03
  2.895474854872539E-03  2.838703501151686E-03  2.783595485037114E-03
  2.562615033176388E-03  2.516443301012356E-03  2.471697333856105E-03
  2.294828874835359E-03  2.257587090834809E-03  2.221536579687354E-03
  2.080929584912904E-03  2.051037743470347E-03  2.022118561827399E-03
  1.910676042666101E-03  1.886707258595055E-03  1.863516097243828E-03
  1.775061897242194E-03  1.755775210307486E-03  1.737098265087289E-03
  1.666427719261695E-03  1.650777563351982E-03  1.635596982171498E-03
  1.578445938971919E-03  1.565575466340882E-03  1.553060653824960E-03
  1.506023533299207E-03  1.495247927504378E-03  1.484737659333314E-03
  1.445158737244217E-03  1.435943284186578E-03  1.426923200056633E-03
  1.392778636006013E-03  1.384715006867823E-03  1.376793752325865E-03
  1.346576004274364E-03  1.339359083727383E-03  1.332245282508334E-03
  1.304856908644646E-03  1.298263600822319E-03  1.291744974379784E-03
  1.266405556340633E-03  1.260276299669763E-03  1.254201582565970E-03
  1.230369451098098E-03  1.224592658479294E-03  1.218856469060450E-03
  1.196165580148615E-03  1.190664899981927E-03  1.185195419816540E-03
  1.163406499922503E-03  1.158130662779411E-03  1.152879856173900E-03
  1.131843540901024E-03  1.126758559958522E-03  1.121694678690776E-03
  1.101323235246718E-03  1.096406751858117E-03  1.091508912055765E-03
  1.071753135758688E-03  1.066990635083286E-03  1.062245209323144E-03
  1.043074688192322E-03  1.038457140372360E-03  1.033855551914821E-03
  1.015242987979753E-03  1.010765314888968E-03  1.006302657657340E-03
  9.882145843092311E-04  9.838743757768676E-04  9.795482814236448E-04
  9.619438279307366E-04  9.577399978544758E-04  9.535494125220760E-04
  9.363858930043305E-04  9.323173482742614E-04  9.282612613679812E-04
  9.115023082911115E-04  9.075669586024771E-04  9.036434054237871E-04
  8.872645317803607E-04  8.834589276454530E-04  8.796645804000893E-04
  8.636532559666999E-04  8.599728569790538E-04  8.563032494588078E-04
  8.406542888837270E-04  8.370940668480854E-04  8.335441874118097E-04
  8.182538506370312E-04  8.148088420855572E-04  8.113737093822478E-04
  7.964358405394908E-04  7.931014152568680E-04  7.897763805841351E-04
  7.751817616316140E-04  7.719536174543255E-04  7.687343806319594E-04
  7.544722223901231E-04  7.513462669782089E-04  7.482287589824539E-04
  7.342884520915054E-04  7.312607211596493E-04  7.282410113266391E-04
  7.146129667081757E-04  7.116796247966725E-04  7.087539109945220E-04
  6.954294726645475E-04  6.925868579476922E-04  6.897515072734492E-04
  6.767225288695166E-04  6.739671892010306E-04  6.712187749787442E-04
  6.584773425687068E-04  6.558060411927503E-04  6.531413507552300E-04
  6.406797535744830E-04  6.380894525286580E-04  6.355054715662734E-04
  6.233162936608704E-04  6.208041305839144E-04  6.182980196895693E-04
  6.063742190945779E-04  6.039374875223826E-04  6.015065616642951E-04
  5.898414789518068E-04  5.874776155069393E-04  5.851193304186014E-04
  5.737066280133400E-04  5.714132049378485E-04  5.691251493882624E-04
  5.579587227387298E-04  5.557334407165022E-04  5.535133298287194E-04
  5.425872486377550E-04  5.404279254284276E-04  5.382735901315573E-04
  5.275820975850359E-04  5.254866534537343E-04  5.233960262738100E-04
  5.129335632091382E-04  5.109000088178528E-04  5.088711114520334E-04
  4.986323086302086E-04  4.966587389202767E-04  4.946896757520657E-04
  4.846693032826087E-04  4.827538943617910E-04  4.808428495889405E-04
  4.710357710555483E-04  4.691767746221798E-04  4.673220073525550E-04
  4.577231814126188E-04  4.559189159516364E-04  4.541187517504200E-04
  4.447232635813622E-04  4.429721069238645E-04  4.412249301059484E-04
  4.320279998747488E-04  4.303283865228123E-04  4.286326371304744E-04
  4.196295864545413E-04  4.179800072631136E-04  4.163341809241838E-04
  4.075203921594857E-04  4.059193916398984E-04  4.043220374116411E-04
  3.956929460115039E-04  3.941391166388734E-04  3.925888315496231E-04
  3.841399525217816E-04  3.826319299883707E-04  3.811273539850037E-04
  3.728543180502633E-04  3.713907801793707E-04  3.699305947051970E-04
  3.618291774493683E-04  3.604088446385676E-04  3.589917732311257E-04
  3.510578994645221E-04  3.496795331318868E-04  3.483043403332537E-04
  3.405340207471967E-04  3.391964200741730E-04  3.378619083402836E-04
  3.302510848363465E-04  3.289530851508113E-04  3.276580929232782E-04
  3.202024937227678E-04  3.189429672016588E-04  3.176863693027485E-04
  3.103816112450555E-04  3.091594658541580E-04  3.079401725769610E-04
  3.007822658063842E-04  2.995964391874916E-04  2.984133905922011E-04
  2.913993883618144E-04  2.902488406001431E-04  2.891009993853685E-04
  2.822290612257332E-04  2.811127755313145E-04  2.799991273732879E-04
  2.732673057248438E-04  2.721843009041673E-04  2.711038666165058E-04
  2.645078776850834E-04  2.634572235342473E-04  2.624090746266653E-04
  2.559407885839298E-04  2.549216071136701E-04  2.539048674811346E-04
  2.475539787779367E-04  2.465654205105770E-04  2.455792429281144E-04
  2.393391576415571E-04  2.383803614793663E-04  2.374238871728810E-04
  2.312991408975374E-04  2.303692053849601E-04  2.294415348536987E-04
  2.234501421877372E-04  2.225481395735599E-04  2.216483465355830E-04
  2.158121752446386E-04  2.149372189056985E-04  2.140644179670015E-04
  2.083868813247180E-04  2.075382182155247E-04  2.066916576189856E-04
  2.011334452211854E-04  2.003105113895869E-04  1.994896286841461E-04
  1.939630210960223E-04  1.931653999903323E-04  1.923697804000048E-04
  1.867707517192737E-04  1.859980260735939E-04  1.852272543898686E-04
  1.795062582836696E-04  1.787578245392299E-04  1.780112993379119E-04
  1.722525869517279E-04  1.715275524398719E-04  1.708043827873597E-04
  1.652549650877946E-04  1.645522227875088E-04  1.638513025917562E-04
  1.588329008977041E-04  1.581513725049800E-04  1.574716237618002E-04
  1.531322790364058E-04  1.524711922046087E-04  1.518118430357666E-04
  1.477205867421009E-04  1.470795865086909E-04  1.464402833180958E-04
  1.410740043669400E-04  1.404529311337286E-04  1.398335164037753E-04
  1.300220659525321E-04  1.294203268116701E-04  1.288202089590711E-04
