  3.444391703679589E+00  3.438210743905664E+00  3.432027062639965E+00

 -6.309748529464207E-02 -6.226821089947098E-02 -6.144646318819241E-02
 -2.959156976071402E-02 -2.907692767421838E-02 -2.856694271456340E-02
 -8.380593192723780E-03 -8.208892300644062E-03 -8.038772114807765E-03
  8.380593192723780E-03  8.208892300644062E-03  8.038772114807765E-03
  2.959156976071402E-02  2.907692767421838E-02  2.856694271456340E-02
  6.309748529464207E-02  6.226821089947098E-02  6.144646318819241E-02
  1.140465383393929E-01  1.130116513247420E-01  1.119867355747419E-01
  1.840949715526538E-01  1.830599527599447E-01  1.820361234040671E-01
  2.710328312630179E-01  2.702383665098544E-01  2.694537410989893E-01
  3.687210546540021E-01  3.683401018451355E-01  3.679645414687203E-01
  4.681055429691032E-01  4.681802386601023E-01  4.682542051759248E-01
  5.596860114664729E-01  5.601437685435123E-01  5.605952959736211E-01
  6.365137019716207E-01  6.372308604172110E-01  6.379381780403003E-01
  6.960610013720880E-01  6.969215651782317E-01  6.977705312342758E-01
  7.398737143268754E-01  7.407962089594342E-01  7.417067830666195E-01
  7.716881705199105E-01  7.726239078812648E-01  7.735485011364822E-01
  7.956259754531751E-01  7.965445578300713E-01  7.974534862793460E-01
  8.150598154973580E-01  8.159360170202864E-01  8.168043084599836E-01
  8.318971099012439E-01  8.327067137588747E-01  8.335101039455088E-01
  8.464192148769242E-01  8.471431221737739E-01  8.478624388027769E-01
  8.578625846669948E-01  8.584922976633400E-01  8.591190589000263E-01
  8.652479478402251E-01  8.657865081256013E-01  8.663237655418119E-01
  8.678481565526605E-01  8.683064802176685E-01  8.687650203128766E-01
  8.652587236270318E-01  8.656507845827075E-01  8.660442834588665E-01
  8.573482728012737E-01  8.576876717950902E-01  8.580293374993927E-01
  8.442255671311540E-01  8.445238853923851E-01  8.448249114999170E-01
  8.262074689660820E-01  8.264738073362859E-01  8.267429824153267E-01
  8.037683996126525E-01  8.040095278626217E-01  8.042534102614163E-01
  7.774830170477424E-01  7.777038011948183E-01  7.779271365214656E-01
  7.479773606662405E-01  7.481812560876364E-01  7.483874429985534E-01
  7.158934940318500E-01  7.160829538303287E-01  7.162744239120808E-01
  6.818650184071917E-01  6.820417566734212E-01  6.822202177115807E-01
  6.464991003136552E-01  6.466642386740994E-01  6.468308117179115E-01
  6.103624174332762E-01  6.105165795771467E-01  6.106718914733251E-01
  5.739704051108327E-01  5.741138088233553E-01  5.742580853838678E-01
  5.377799423466914E-01  5.379125053576437E-01  5.380456782955014E-01
  5.021854485077661E-01  5.023069004062274E-01  5.024287190063059E-01
  4.675179792332373E-01  4.676279643395633E-01  4.677380968660045E-01
  4.340466984587405E-01  4.341448584842536E-01  4.342429728441984E-01
  4.019820998654030E-01  4.020681325170070E-01  4.021539529996982E-01
  3.714804495892767E-01  3.715541450437170E-01  3.716274874287684E-01
  3.426490295832411E-01  3.427102895159154E-01  3.427710793042720E-01
  3.155518421660418E-01  3.156006863519767E-01  3.156489650194687E-01
  2.902154946199124E-01  2.902520592022582E-01  2.902879823954017E-01
  2.666350319205032E-01  2.666595622345673E-01  2.666833926489896E-01
  2.447795339777799E-01  2.447923738458181E-01  2.448044706151363E-01
  2.245973417077797E-01  2.245989205129599E-01  2.245997263827825E-01
  2.060208207798747E-01  2.060116393038737E-01  2.060016665725677E-01
  1.889706101524322E-01  1.889512259811283E-01  1.889310420185031E-01
  1.733593334199344E-01  1.733303465811726E-01  1.733005595929152E-01
  1.590947748788504E-01  1.590568142290028E-01  1.590180597813209E-01
  1.460825400144601E-01  1.460362507339099E-01  1.459891793920827E-01
  1.342282328026151E-01  1.341742652108738E-01  1.341195314951928E-01
  1.234391906800457E-01  1.233781904558024E-01  1.233164431945521E-01
  1.136258230379147E-01  1.135584228363319E-01  1.134902969048714E-01
  1.047026013323851E-01  1.046294137307871E-01  1.045555231066895E-01
  9.658874899673905E-02  9.651036066434754E-02  9.643129269436290E-02
  8.920867780108571E-02  8.912564477108462E-02  8.904195552896120E-02
  8.249221457080182E-02  8.240505848755805E-02  8.231726909656528E-02
  7.637465861102026E-02  7.628386382780687E-02  7.619245762448781E-02
  7.079670610813392E-02  7.070271751916975E-02  7.060813794352294E-02
  6.570427346039914E-02  6.560749496449921E-02  6.551014407555857E-02
  6.104824715058575E-02  6.094904066173304E-02  6.084927819589218E-02
  5.678418358765724E-02  5.668286853001237E-02  5.658101144206105E-02
  5.287197843864563E-02  5.276883168961120E-02  5.266515414300465E-02
  4.927552143160607E-02  4.917077770626590E-02  4.906551150932510E-02
  4.596234948670102E-02  4.585620218989038E-02  4.574953770803306E-02
  4.290330834534992E-02  4.279591095314283E-02  4.268799856317903E-02
  4.007223061050286E-02  3.996369867984608E-02  3.985465086956285E-02
  3.744563625596258E-02  3.733605019747598E-02  3.722594444998317E-02
  3.500246015871682E-02  3.489186893999049E-02  3.478075157408956E-02
  3.272380998531213E-02  3.261223595539767E-02  3.250012711537108E-02
  3.059275673349748E-02  3.048020176681742E-02  3.036710176035814E-02
  2.859415928734420E-02  2.848061242809059E-02  2.836650959051229E-02
  2.671452337055667E-02  2.659997010652333E-02  2.648485031245704E-02
  2.494189415909088E-02  2.482632735635167E-02  2.471018519645833E-02
  2.326578043392827E-02  2.314921281266499E-02  2.303206429470383E-02
  2.167710645407101E-02  2.155958427881413E-02  2.144148069822580E-02
  2.016818571796089E-02  2.004980312029454E-02  1.993084548447030E-02
  1.873270857774270E-02  1.861362164802612E-02  1.849397475439166E-02
  1.736573352732530E-02  1.724617304225722E-02  1.712607804325804E-02
  1.606367028352288E-02  1.594395173078710E-02  1.582373582275249E-02
  1.482424198718651E-02  1.470477146636193E-02  1.458485327391841E-02
  1.364641442817863E-02  1.352768910236803E-02  1.340857844814619E-02
  1.253028247110122E-02  1.241288454864619E-02  1.229517562866210E-02
  1.147690788742472E-02  1.136149162378795E-02  1.124584914355052E-02
  1.048810828389141E-02  1.037538016221798E-02  1.026251867396502E-02
  9.566203086674184E-03  9.456896072344378E-03  9.347553496060840E-03
  8.713728651600946E-03  8.608572106096972E-03  8.503479098749073E-03
  7.933139496183902E-03  7.832826862777921E-03  7.732674206360880E-03
  7.226515519201456E-03  7.131672168061228E-03  7.037078592312434E-03
  6.595295390345965E-03  6.506448993167747E-03  6.417931798778331E-03
  6.040054054875688E-03  5.957609567021269E-03  5.875560094489985E-03
  5.560337998880435E-03  5.484558830985659E-03  5.409224305157258E-03
  5.154566416174532E-03  5.085562781999619E-03  5.017035460385743E-03
  4.820000711995737E-03  4.757725556519678E-03  4.695939531796604E-03
  4.552779782270378E-03  4.497032213743723E-03  4.441767753397600E-03
  4.348014827774855E-03  4.298450644603134E-03  4.249345631802151E-03
  4.199935271505876E-03  4.156083976797510E-03  4.112651825898573E-03
  4.102076363748133E-03  4.063363930760647E-03  4.025017216061294E-03
  4.047498659403921E-03  4.013275153331614E-03  3.979354012866805E-03
  4.029029008990341E-03  3.998599898356012E-03  3.968403975135733E-03
  4.039511500173663E-03  4.012171075483346E-03  3.984993319777448E-03
  4.072054894246910E-03  4.047119714132393E-03  4.022279869026494E-03
  4.120261111447564E-03  4.097100969299629E-03  4.073976161567513E-03
  4.178418300776427E-03  4.156482046638887E-03  4.134531806459444E-03
  4.241643136686007E-03  4.220476968270694E-03  4.199260361053348E-03
  4.305960930311537E-03  4.285217540781064E-03  4.264400946985474E-03
  4.368318780084792E-03  4.347756919155644E-03  4.327112218202346E-03
  4.426535200295309E-03  4.406010527546702E-03  4.385404769642080E-03
  4.479197670673471E-03  4.458646946599073E-03  4.438025719178810E-03
  4.525525479198309E-03  4.504946878688010E-03  4.484314233730346E-03
  4.565217779101367E-03  4.544650279440648E-03  4.524048164248927E-03
  4.598305621339329E-03  4.577810034591298E-03  4.557299709663918E-03
  4.625022538612879E-03  4.604665990513516E-03  4.584313105800652E-03
  4.645702414259840E-03  4.625547153929954E-03  4.605411229685288E-03
  4.660707407084247E-03  4.640803988007333E-03  4.620932225849355E-03
  4.670383853945165E-03  4.650768108234037E-03  4.631192879629596E-03
  4.675040987995283E-03  4.655733879437304E-03  4.636472944566460E-03
  4.674946040725983E-03  4.655955402530641E-03  4.637013866991385E-03
  4.670329460575993E-03  4.651652727855254E-03  4.633025870154133E-03
  4.661395028121355E-03  4.643022275596356E-03  4.624698588247324E-03
  4.648331073040688E-03  4.630247889530193E-03  4.612211898463389E-03
  4.631320444070508E-03  4.613510368102446E-03  4.595744983448890E-03
  4.610548118948302E-03  4.592994507912322E-03  4.575482799747625E-03
  4.586206203100401E-03  4.568893520705160E-03  4.551619916615199E-03
  4.558496467676508E-03  4.541411064316212E-03  4.524362047654782E-03
  4.527630614275632E-03  4.510761135489125E-03  4.493925580829761E-03
  4.493828456738794E-03  4.477166016689109E-03  4.460535304009874E-03
  4.457314557722238E-03  4.440852739733898E-03  4.424420718914789E-03
  4.418314557926459E-03  4.402049196006582E-03  4.385811962436156E-03
  4.377052860418703E-03  4.360981523699657E-03  4.344936918183790E-03
  4.333752575743806E-03  4.317873815592603E-03  4.302020679156239E-03
  4.288636493785767E-03  4.272949175857002E-03  4.257286647823220E-03
  4.241925604905713E-03  4.226428814556636E-03  4.210956155112097E-03
  4.193831606296610E-03  4.178525432994776E-03  4.163242716873430E-03
  4.144543231459475E-03  4.129430178494470E-03  4.114339679243747E-03
  4.094211663239213E-03  4.079297825179997E-03  4.064405284077678E-03
  4.042943711558192E-03  4.028238721556682E-03  4.013553480494933E-03
  3.990809208052860E-03  3.976324540183410E-03  3.961858024272943E-03
  3.937861423043968E-03  3.923607645731741E-03  3.909370678271728E-03
  3.884161105038981E-03  3.870145412583268E-03  3.856145646301833E-03
  3.829792084678000E-03  3.816017312541417E-03  3.802258046300334E-03
  3.774861593036821E-03  3.761327007993332E-03  3.747807804691504E-03
  3.719487842150829E-03  3.706190961217322E-03  3.692909415101763E-03
  3.663784195296029E-03  3.650722462019688E-03  3.637675945877006E-03
  3.607849032952170E-03  3.595020572859852E-03  3.582207110940143E-03
  3.551764528032991E-03  3.539167986973945E-03  3.526586173239791E-03
  3.495601261929955E-03  3.483235269235511E-03  3.470883740794011E-03
  3.439423361504085E-03  3.427286155381555E-03  3.415163184035149E-03
  3.383290898870978E-03  3.371380293722873E-03  3.359483719309300E-03
  3.327259662105703E-03  3.315573216895286E-03  3.303900604972662E-03
  3.271380143693796E-03  3.259915322463294E-03  3.248464132659261E-03
  3.215697163172452E-03  3.204451394667403E-03  3.193219051187558E-03
  3.160250313050118E-03  3.149220975977562E-03  3.138204857913126E-03
  3.105074732729360E-03  3.094259125402263E-03  3.083456535884390E-03
  3.050201774080306E-03  3.039597101986256E-03  3.029005252985787E-03
  2.995659415160797E-03  2.985262803062745E-03  2.974878824676634E-03
  2.941472456205143E-03  2.931280977071606E-03  2.921101945127298E-03
  2.887662616202246E-03  2.877673319479623E-03  2.867696284918470E-03
  2.834248690629150E-03  2.824458612214820E-03  2.814680613537087E-03
  2.781246857407539E-03  2.771653011268633E-03  2.762071067219728E-03
  2.728671038645342E-03  2.719270410146158E-03  2.709881511412804E-03
  2.676533137440444E-03  2.667322695264243E-03  2.658123814149968E-03
  2.624843104577367E-03  2.615819823229979E-03  2.606807936219717E-03
  2.573608989531112E-03  2.564769859864065E-03  2.555941960371328E-03
  2.522837128517021E-03  2.514179149439611E-03  2.505532240847902E-03
  2.472532417225460E-03  2.464052586667595E-03  2.455583671927059E-03
  2.422698485403799E-03  2.414393808581296E-03  2.406099896332820E-03
  2.373337713169365E-03  2.365205221496860E-03  2.357083345025956E-03
  2.324451233298910E-03  2.316487992222137E-03  2.308535219412526E-03
  2.276039066786945E-03  2.268242166035147E-03  2.260455590848762E-03
  2.228100339942332E-03  2.220466883672759E-03  2.212843614945495E-03
  2.180633408511905E-03  2.173160522206637E-03  2.165697688534351E-03
  2.133635836470248E-03  2.126320683555383E-03  2.119015450035249E-03
  2.087104369961044E-03  2.079944157471122E-03  2.072793733409943E-03
  2.041035041708698E-03  2.034027009587321E-03  2.027028638902795E-03
  1.995423349417270E-03  1.988564760500516E-03  1.981715710360760E-03
  1.950264342370437E-03  1.943552488539009E-03  1.936850053634299E-03
  1.905552573708339E-03  1.898984790799789E-03  1.892426308445530E-03
  1.861282057141513E-03  1.854855729073213E-03  1.848438585286479E-03
  1.817446354522726E-03  1.811158902182233E-03  1.804880521558088E-03
  1.774038734462473E-03  1.767887605814828E-03  1.761745440319086E-03
  1.731052239315465E-03  1.725034914961492E-03  1.719026447738808E-03
  1.688479615421084E-03  1.682593622161157E-03  1.676716381329848E-03
  1.646313235177458E-03  1.640556149270926E-03  1.634807713026901E-03
  1.604545139299767E-03  1.598914575621299E-03  1.593292562279774E-03
  1.563167170096922E-03  1.557660772610291E-03  1.552162829819399E-03
  1.522171073897133E-03  1.516786520335644E-03  1.511410328139419E-03
  1.481548529476579E-03  1.476283543067534E-03  1.471026825882605E-03
  1.441291159189859E-03  1.436143510836883E-03  1.431004041359017E-03
  1.401390529506601E-03  1.396358027700375E-03  1.391333617609600E-03
  1.361838025945031E-03  1.356918509004578E-03  1.352007000011082E-03
  1.322624531376824E-03  1.317815873291809E-03  1.313015141484494E-03
  1.283740100158174E-03  1.279040222149134E-03  1.274348189815483E-03
  1.245174040439357E-03  1.240580911931745E-03  1.235995550145033E-03
  1.206915685677015E-03  1.202427312190017E-03  1.197946629430728E-03
  1.168955646010721E-03  1.164570058634624E-03  1.160192089146520E-03
  1.131286778451083E-03  1.127002037187518E-03  1.122724842912608E-03
  1.093903799543918E-03  1.089718004680414E-03  1.085539686857446E-03
  1.056800458220864E-03  1.052711754664738E-03  1.048630459706782E-03
  1.019963417817625E-03  1.015969988408444E-03  1.011983901967120E-03
  9.833624924847424E-04  9.794625487542063E-04  9.755698848441728E-04
 -6.389798251625843E-02 -6.307090616266729E-02 -6.225143021636080E-02
 -2.993561377124626E-02 -2.942686692545636E-02 -2.892298344820748E-02
 -8.468996468903528E-03 -8.300210094185641E-03 -8.133118400107194E-03
  8.468996468903528E-03  8.300210094185641E-03  8.133118400107194E-03
  2.993561377124626E-02  2.942686692545636E-02  2.892298344820748E-02
  6.389798251625843E-02  6.307090616266729E-02  6.225143021636080E-02
  1.155410459008683E-01  1.144993469931887E-01  1.134676199504823E-01
  1.864824014046728E-01  1.854331936518044E-01  1.843955013032624E-01
  2.744483910176593E-01  2.736407283220585E-01  2.728437598514782E-01
  3.732348653361226E-01  3.728493232207140E-01  3.724701720157206E-01
  4.737149725893035E-01  4.737944325349214E-01  4.738737758732589E-01
  5.662977388825181E-01  5.667648563767047E-01  5.672258858739991E-01
  6.439246672758774E-01  6.446503781191654E-01  6.453661973175854E-01
  7.039886952208781E-01  7.048541651489239E-01  7.057080262041048E-01
  7.480366808837212E-01  7.489604007384579E-01  7.498722708413308E-01
  7.798630187962350E-01  7.807976274735804E-01  7.817212045205076E-01
  8.036552553033318E-01  8.045717327941388E-01  8.054786826332783E-01
  8.228385876342711E-01  8.237126258804069E-01  8.245788878009912E-01
  8.393551803956434E-01  8.401630576088580E-01  8.409648601434743E-01
  8.535073273364674E-01  8.542302160641893E-01  8.549486528130341E-01
  8.645502966003793E-01  8.651798626260585E-01  8.658066070884958E-01
  8.715285350891820E-01  8.720678585697360E-01  8.726059915901233E-01
  8.737392704043360E-01  8.741991366928306E-01  8.746593058383330E-01
  8.707955474007121E-01  8.711896571983612E-01  8.715852611762710E-01
  8.625739425307901E-01  8.629155718388337E-01  8.632594953139688E-01
  8.491834054664467E-01  8.494838502936204E-01  8.497870076469543E-01
  8.309361022729003E-01  8.312042678443337E-01  8.314752603484059E-01
  8.082990598317840E-01  8.085416187016539E-01  8.087869156500124E-01
  7.818383320393333E-01  7.820601356790149E-01  7.822844744245948E-01
  7.521712843520202E-01  7.523758305394833E-01  7.525826558513113E-01
  7.199321400913733E-01  7.201219545137494E-01  7.203137718932137E-01
  6.857481216001748E-01  6.859249989282928E-01  6.861035964450050E-01
  6.502218000532121E-01  6.503869358760157E-01  6.505535074948814E-01
  6.139170909919058E-01  6.140711694596751E-01  6.142264013573949E-01
  5.773483503426776E-01  5.774916350252682E-01  5.776357979170601E-01
  5.409727873098443E-01  5.411052288527104E-01  5.412382867912184E-01
  5.051862289997294E-01  5.053075796504493E-01  5.054293042176773E-01
  4.703218720656712E-01  4.704317908162634E-01  4.705418646848633E-01
  4.366514317769525E-01  4.367495686799832E-01  4.368476678577417E-01
  4.043880849065968E-01  4.044741409035734E-01  4.045599926745579E-01
  3.736906918138235E-01  3.737644562627940E-01  3.738378753629323E-01
  3.446688814080451E-01  3.447302521433206E-01  3.447911600463657E-01
  3.173886559581072E-01  3.174376469061415E-01  3.174860791084399E-01
  2.918782258154575E-01  2.919149661898008E-01  2.919510713350621E-01
  2.681338311068978E-01  2.681585589934112E-01  2.681825925037744E-01
  2.461253558546216E-01  2.461384080639890E-01  2.461507220731459E-01
  2.258015893331788E-01  2.258033888357903E-01  2.258044197108034E-01
  2.070950358399024E-01  2.070860778034621E-01  2.070763322755709E-01
  1.899262141103725E-01  1.899070513897774E-01  1.898870921508545E-01
  1.742074200762441E-01  1.741786488599079E-01  1.741490803317405E-01
  1.598459518487686E-01  1.598081980077122E-01  1.597696528270396E-01
  1.467468146746607E-01  1.467007211938673E-01  1.466538477854218E-01
  1.348149371564513E-01  1.347611528712952E-01  1.347066043240249E-01
  1.239569391427617E-01  1.238961088736398E-01  1.238345332074807E-01
  1.140824971686219E-01  1.140152532515812E-01  1.139472850693253E-01
  1.051053558846393E-01  1.050323110331505E-01  1.049585644913728E-01
  9.694403420005605E-02  9.686577559636871E-02  9.678683859392710E-02
  8.952227342681780E-02  8.943935792282717E-02  8.935578738754586E-02
  8.276927200855358E-02  8.268222230963662E-02  8.259454045757532E-02
  7.661974783910118E-02  7.652904954608510E-02  7.643774098967451E-02
  7.101386505253074E-02  7.091996444483607E-02  7.082547403425840E-02
  6.589705778413744E-02  6.580036024022384E-02  6.570309153580423E-02
  6.121977899104736E-02  6.112064796004964E-02  6.102096225155117E-02
  5.693719816159345E-02  5.683595462207136E-02  5.673417043324293E-02
  5.300886776605251E-02  5.290579013376596E-02  5.280218317693407E-02
  4.939837469584924E-02  4.929369917211154E-02  4.918850274772895E-02
  4.607298975635853E-02  4.596691114146995E-02  4.586031701095753E-02
  4.300332554131942E-02  4.289599857322315E-02  4.278815836950027E-02
  4.016301071898239E-02  4.005455203448115E-02  3.994557931204545E-02
  3.752838687189104E-02  3.741887772451815E-02  3.730885078767895E-02
  3.507823250415944E-02  3.496772240583961E-02  3.485668808627063E-02
  3.279351759153806E-02  3.268202906960583E-02  3.257000764763344E-02
  3.065719101173884E-02  3.054472568186954E-02  3.043171715275184E-02
  2.865400224886096E-02  2.854054838916640E-02  2.842654025694452E-02
  2.677035779792977E-02  2.665589955950048E-02  2.654087628626425E-02
  2.499421158147565E-02  2.487873987537090E-02  2.476269401236508E-02
  2.331498732026428E-02  2.319851227181042E-02  2.308145714253613E-02
  2.172352910668217E-02  2.160609376203363E-02  2.148807735432957E-02
  2.021207441539676E-02  2.009376912974568E-02  1.997488859227705E-02
  1.877424156596613E-02  1.865521821881118E-02  1.853563407058769E-02
  1.740502147370104E-02  1.728550638187407E-02  1.716545527106451E-02
  1.610076176978752E-02  1.598106595593684E-02  1.586087060042899E-02
  1.485913051048362E-02  1.473965589357876E-02  1.461973076116576E-02
  1.367904719857298E-02  1.356028735895594E-02  1.344113875380667E-02
  1.256057105031216E-02  1.244310551911124E-02  1.232532506445458E-02
  1.150474043263030E-02  1.138922196211549E-02  1.127347300027564E-02
  1.051336288294639E-02  1.040049782401131E-02  1.028749494209675E-02
  9.588761443425948E-03  9.479284099907108E-03  9.369766739085336E-03
  8.733489243660682E-03  8.628131774619841E-03  8.522833574608486E-03
  7.950029309403596E-03  7.849489291707678E-03  7.749105342546769E-03
  7.240499567847851E-03  7.145407620383805E-03  7.050562052642395E-03
  6.606383439886842E-03  6.517273304362419E-03  6.428489609636307E-03
  6.048304236760448E-03  5.965587424224508E-03  5.883263582834177E-03
  5.565857295411665E-03  5.489803912377882E-03  5.414193890208068E-03
  5.157508251681228E-03  5.088235020275014E-03  5.019437589959437E-03
  4.820560079401217E-03  4.758025975490115E-03  4.695981231440645E-03
  4.551186444642089E-03  4.495195888726608E-03  4.439689349160684E-03
  4.344525165036885E-03  4.294738360057069E-03  4.245412222760865E-03
  4.194823312263824E-03  4.150773119628580E-03  4.107144043165747E-03
  4.095624481054637E-03  4.056739095659031E-03  4.018221742497221E-03
  4.039988347976160E-03  4.005618877694443E-03  3.971554281764044E-03
  4.020732122251891E-03  3.990183909388846E-03  3.959871435348895E-03
  4.030682314979429E-03  4.003248424669499E-03  3.975979650020329E-03
  4.062923375781707E-03  4.037918178195463E-03  4.013010526484129E-03
  4.111027742673598E-03  4.087818082619266E-03  4.064645628848250E-03
  4.169250787187539E-03  4.147282065654320E-03  4.125300825058842E-03
  4.232675177034136E-03  4.211489935646923E-03  4.190255294068844E-03
  4.297293059265562E-03  4.276540422197616E-03  4.255715209420549E-03
  4.360021067859057E-03  4.339456560968606E-03  4.318809486178495E-03
  4.418651385613079E-03  4.398127979798591E-03  4.377523482366263E-03
  4.471750157408902E-03  4.451202562416616E-03  4.430584267728860E-03
  4.518520579537479E-03  4.497945570329447E-03  4.477316217035094E-03
  4.558650644934919E-03  4.538086386173082E-03  4.517487183207739E-03
  4.592164449266270E-03  4.571671412395597E-03  4.551163335363908E-03
  4.619291821283406E-03  4.598937125012244E-03  4.578585852103282E-03
  4.640365195419332E-03  4.620211279797723E-03  4.600076538601085E-03
  4.655746643072030E-03  4.635844336117348E-03  4.615973604188142E-03
  4.665783071831858E-03  4.646168480164790E-03  4.626594394644800E-03
  4.670784459777090E-03  4.651478770077580E-03  4.632219299564398E-03
  4.671018677058614E-03  4.652029869943494E-03  4.633090251073017E-03
  4.666716585168217E-03  4.648042164398735E-03  4.629417728699186E-03
  4.658082143046569E-03  4.639712182994653E-03  4.621391409303873E-03
  4.645303677723461E-03  4.627223714134971E-03  4.609191064966207E-03
  4.628563933377131E-03  4.610757416950147E-03  4.592995707306155E-03
  4.608047761019344E-03  4.590497943132168E-03  4.572990132509046E-03
  4.583947183340782E-03  4.566638417063345E-03  4.549368820069921E-03
  4.556463979229941E-03  4.539382509652411E-03  4.522337503679287E-03
  4.525809974858200E-03  4.508944354042816E-03  4.492112720688993E-03
  4.492205234281247E-03  4.475546498284817E-03  4.458919540643053E-03
  4.455874691114651E-03  4.439416361799207E-03  4.422987869877155E-03
  4.417044463283316E-03  4.400782329511307E-03  4.384548355258048E-03
  4.375939517488839E-03  4.359871118187497E-03  4.343829473859897E-03
  4.332783592754094E-03  4.316907461988664E-03  4.301056972828047E-03
  4.287800151847918E-03  4.272115148490786E-03  4.256454948380114E-03
  4.241210884659548E-03  4.225716095382128E-03  4.210245446972276E-03
  4.193228199178577E-03  4.177923720720391E-03  4.162642706959673E-03
  4.144041536606817E-03  4.128929883892155E-03  4.113840790680038E-03
  4.093802770282207E-03  4.078890052869618E-03  4.063998636965092E-03
  4.042619370478234E-03  4.027915239209267E-03  4.013230860497034E-03
  3.990561789736440E-03  3.976077738395675E-03  3.961611841884573E-03
  3.937683876618968E-03  3.923430494399423E-03  3.909193924311706E-03
  3.884046918001396E-03  3.870031419841237E-03  3.856031849717758E-03
  3.829735249016562E-03  3.815960489819135E-03  3.802201238154145E-03
  3.774856576600651E-03  3.761321840793526E-03  3.747802488310149E-03
  3.719529561599203E-03  3.706232382068736E-03  3.692950538992498E-03
  3.663867987335790E-03  3.650805822098402E-03  3.637758875722469E-03
  3.607970623034582E-03  3.595141611096513E-03  3.582327599138766E-03
  3.551919998175155E-03  3.539322798071600E-03  3.526740327154994E-03
  3.495787020285856E-03  3.483420273211218E-03  3.471067992290022E-03
  3.439636115157625E-03  3.427498070254806E-03  3.415374262064142E-03
  3.383527629786009E-03  3.371616111425900E-03  3.359718625773534E-03
  3.327517605374264E-03  3.315830181576798E-03  3.304156593076070E-03
  3.271656767306970E-03  3.260190910363915E-03  3.248738686885628E-03
  3.215990149032841E-03  3.204743295229356E-03  3.193509868509963E-03
  3.160557539321578E-03  3.149527074261516E-03  3.138509830280810E-03
  3.105394257663961E-03  3.094577485960573E-03  3.083773734143765E-03
  3.050531821280894E-03  3.039925954162857E-03  3.029332912217780E-03
  2.995998360135478E-03  2.985600527584767E-03  2.975215330824636E-03
  2.941818814088889E-03  2.931626093812585E-03  2.921445822800896E-03
  2.888015030444872E-03  2.878024476193771E-03  2.868046186173250E-03
  2.834605922551597E-03  2.824814574138271E-03  2.815035307521098E-03
  2.781607776605058E-03  2.772012651556825E-03  2.762429430645869E-03
  2.729034614145003E-03  2.719632701056099E-03  2.710242519766265E-03
  2.676898429657203E-03  2.667686700133656E-03  2.658486533689855E-03
  2.625209257951674E-03  2.616184689142368E-03  2.607171516671090E-03
  2.573975225666939E-03  2.565134810816296E-03  2.556305628122305E-03
  2.523202739877098E-03  2.514543480058620E-03  2.505895292688454E-03
  2.472896761373695E-03  2.464415656464584E-03  2.455945469315562E-03
  2.423060979754361E-03  2.414755036714490E-03  2.406459860171616E-03
  2.373697830108900E-03  2.365564081914965E-03  2.357440950824997E-03
  2.324808495656258E-03  2.316844009156385E-03  2.308889992804065E-03
  2.276393043680687E-03  2.268594909861092E-03  2.260807103464576E-03
  2.228450642919184E-03  2.220815967054668E-03  2.213191480567475E-03
  2.180979688081598E-03  2.173505596639736E-03  2.166041559643531E-03
  2.133977778896471E-03  2.126661436171410E-03  2.119355014631136E-03
  2.087441694251576E-03  2.080280308044605E-03  2.073128712033027E-03
  2.041367496830013E-03  2.034358307759345E-03  2.027358781868364E-03
  1.995750711733271E-03  1.988890983218944E-03  1.982040795201027E-03
  1.950586413298908E-03  1.943873437718554E-03  1.937169882761425E-03
  1.905869177577160E-03  1.899300291190111E-03  1.892740707030734E-03
  1.861593039233661E-03  1.855165626317463E-03  1.848747399332350E-03
  1.817751579150598E-03  1.811463060896826E-03  1.805183615984857E-03
  1.774338083219419E-03  1.768185907840012E-03  1.762042697214396E-03
  1.731345609549044E-03  1.725327257836255E-03  1.719317764833685E-03
  1.688766918812695E-03  1.682879917711354E-03  1.677001670594531E-03
  1.646594396353056E-03  1.640836322230445E-03  1.635086899302600E-03
  1.604820094533538E-03  1.599188562339686E-03  1.593565581991175E-03
  1.563435866120209E-03  1.557928519859760E-03  1.552429629780202E-03
  1.522433466845801E-03  1.517047984258246E-03  1.511670864498572E-03
  1.481804583956351E-03  1.476538688247444E-03  1.471281063202630E-03
  1.441540847337978E-03  1.436392309370684E-03  1.431251951695260E-03
  1.401633830081099E-03  1.396600458288977E-03  1.391575179605846E-03
  1.362074923428421E-03  1.357154556055318E-03  1.352242198000165E-03
  1.322855015037504E-03  1.318045525981070E-03  1.313243964551332E-03
  1.283964162990661E-03  1.279263473372296E-03  1.274570630756084E-03
  1.245391678170938E-03  1.240797757319117E-03  1.236211604492070E-03
  1.207126896262957E-03  1.202637749600300E-03  1.198156294946090E-03
  1.169160429557655E-03  1.164774088070625E-03  1.160395365729615E-03
  1.131485136179195E-03  1.127199659770068E-03  1.122921731584969E-03
  1.094095728360407E-03  1.089909217289249E-03  1.085730184469896E-03
  1.056985939921039E-03  1.052896539255964E-03  1.048814548372923E-03
  1.020142422021754E-03  1.016148314893318E-03  1.012161551885372E-03
  9.835350604603728E-04  9.796344578555287E-04  9.757411361964643E-04
 -6.473647601592963E-02 -6.390905820746061E-02 -6.308906274186836E-02
 -3.037600661659218E-02 -2.986933229943469E-02 -2.936749815523643E-02
 -8.603322555032024E-03 -8.435691583201984E-03 -8.269772196242279E-03
  8.603322555032024E-03  8.435691583201984E-03  8.269772196242279E-03
  3.037600661659218E-02  2.986933229943469E-02  2.936749815523643E-02
  6.473647601592963E-02  6.390905820746061E-02  6.308906274186836E-02
  1.168761263110149E-01  1.158289951127459E-01  1.147915697046322E-01
  1.883788603517499E-01  1.873202436811064E-01  1.862730658747819E-01
  2.769308331828675E-01  2.761147200292094E-01  2.753095703984168E-01
  3.762946141531155E-01  3.759059543285526E-01  3.755241091582709E-01
  4.773100335894240E-01  4.773920836919650E-01  4.774743052006520E-01
  5.703498235893957E-01  5.708225640628997E-01  5.712892816524349E-01
  6.483122334715488E-01  6.490434133709589E-01  6.497646624921053E-01
  7.085582386683740E-01  7.094271456776539E-01  7.102844278038092E-01
  7.526416989989516E-01  7.535666694066142E-01  7.544798249328439E-01
  7.843945308361474E-01  7.853289959480269E-01  7.862524899752951E-01
  8.080440847119844E-01  8.089598596923949E-01  8.098661742799976E-01
  8.270434116552060E-01  8.279166899513427E-01  8.287822613543971E-01
  8.433498599783985E-01  8.441571458227691E-01  8.449584278203112E-01
  8.572735861744251E-01  8.579961746722542E-01  8.587143815195617E-01
  8.680780751814582E-01  8.687077279169237E-01  8.693346253576707E-01
  8.748194871466745E-01  8.753593238555741E-01  8.758980275181408E-01
  8.768071170467379E-01  8.772678674013856E-01  8.777289647516660E-01
  8.736623534418397E-01  8.740575823228509E-01  8.744543341113513E-01
  8.652652279270241E-01  8.656080489693591E-01  8.659531783190970E-01
  8.517243308034170E-01  8.520258997789980E-01  8.523301839459102E-01
  8.333490911363181E-01  8.336182187086398E-01  8.338901685733654E-01
  8.106024573957775E-01  8.108457700249946E-01  8.110918128544808E-01
  7.840457860719381E-01  7.842681296208002E-01  7.844930003090959E-01
  7.542917108245576E-01  7.544966055645806E-01  7.547037732484559E-01
  7.219701636527148E-01  7.221601727481500E-01  7.223521810904596E-01
  6.877048444867268E-01  6.878818039828090E-01  6.880604822952237E-01
  6.520957382053377E-01  6.522608816144928E-01  6.524274612756986E-01
  6.157051367551594E-01  6.158591792581528E-01  6.160143769225932E-01
  5.790466591950070E-01  5.791898879363472E-01  5.793339974643563E-01
  5.425775251358662E-01  5.427099078033484E-01  5.428429100100011E-01
  5.066941486853210E-01  5.068154493496776E-01  5.069371274637411E-01
  4.717307123059424E-01  4.718405976992846E-01  4.719506420026823E-01
  4.379601484208454E-01  4.380582730828101E-01  4.381563639483630E-01
  4.055969372314784E-01  4.056830039557041E-01  4.057688703967717E-01
  3.748012132596935E-01  3.748750111589482E-01  3.749484675505865E-01
  3.456837666725662E-01  3.457451917678092E-01  3.458061576747402E-01
  3.183115946536579E-01  3.183606580117774E-01  3.184091660033612E-01
  2.927137084610159E-01  2.927505358657172E-01  2.927867311178202E-01
  2.688869476086191E-01  2.689117735360612E-01  2.689359078480886E-01
  2.468016010377169E-01  2.468147587948196E-01  2.468271808017386E-01
  2.264066852051597E-01  2.264085945496358E-01  2.264097374223026E-01
  2.076347763174649E-01  2.076259295986436E-01  2.076162972728139E-01
  1.904063349039975E-01  1.903872825970975E-01  1.903674354110677E-01
  1.746334941821440E-01  1.746048305405679E-01  1.745753710085702E-01
  1.602233095203976E-01  1.601856589073062E-01  1.601472181859512E-01
  1.470804857184539E-01  1.470344900068726E-01  1.469877154362335E-01
  1.351096128097024E-01  1.350559200800869E-01  1.350014640205217E-01
  1.242169505437659E-01  1.241562051761428E-01  1.240947152321627E-01
  1.143118074269306E-01  1.142446415882315E-01  1.141767522167876E-01
  1.053075629232678E-01  1.052345893870760E-01  1.051609148263031E-01
  9.712238180801867E-02  9.704418800661255E-02  9.696531642496907E-02
  8.967966827993040E-02  8.959681146940765E-02  8.951330021664358E-02
  8.290830475369326E-02  8.282130816597323E-02  8.273368000062971E-02
  7.674271666769943E-02  7.665206652448699E-02  7.656080669409458E-02
  7.112280049674849E-02  7.102894376812384E-02  7.093449782607829E-02
  6.599374774551732E-02  6.589709054870206E-02  6.579986280498454E-02
  6.130579325166227E-02  6.120669980313873E-02  6.110705232404972E-02
  5.701391183086361E-02  5.691270388697919E-02  5.681095598142786E-02
  5.307748328397462E-02  5.297444003108720E-02  5.287086818736256E-02
  4.945994214795321E-02  4.935530053278351E-02  4.925013879982158E-02
  4.612842536099034E-02  4.602238088480246E-02  4.591582172540068E-02
  4.305342824984987E-02  4.294613628577153E-02  4.283833196531779E-02
  4.020847692863429E-02  4.010005465874520E-02  3.999111927062490E-02
  3.756982329335829E-02  3.746035239916241E-02  3.735036466499868E-02
  3.511616725631671E-02  3.500569752961359E-02  3.489470454543466E-02
  3.282840961777721E-02  3.271696368390663E-02  3.260498580713543E-02
  3.068943793062233E-02  3.057701728576796E-02  3.046405436552361E-02
  2.868394676915682E-02  2.857053931902214E-02  2.845657845450333E-02
  2.679829284890920E-02  2.668388208718522E-02  2.656890704526672E-02
  2.502038433446414E-02  2.490496020536479E-02  2.478896252826321E-02
  2.333960230783462E-02  2.322317364884274E-02  2.310616532742062E-02
  2.174675068065505E-02  2.162935893631108E-02  2.151138631195325E-02
  2.023402881813359E-02  2.011576245999097E-02  1.999692075618504E-02
  1.879501891540585E-02  1.867602771810381E-02  1.855647531470944E-02
  1.742467797124370E-02  1.730518601747435E-02  1.718515730568428E-02
  1.611932242197834E-02  1.599963849242548E-02  1.587945394075288E-02
  1.487659260302857E-02  1.475711651167079E-02  1.463718849408338E-02
  1.369538467142288E-02  1.357660818784560E-02  1.345744122923773E-02
  1.257573980083187E-02  1.245824109459284E-02  1.234042550829438E-02
  1.151868443269887E-02  1.140311547948905E-02  1.128731390089318E-02
  1.052602085567950E-02  1.041308791512548E-02  1.030001492350243E-02
  9.600073729532354E-03  9.490511751318114E-03  9.380907525146833E-03
  8.743404417170416E-03  8.637946939259698E-03  8.532546590060575E-03
  7.958510091594415E-03  7.857856742588546E-03  7.757357499846212E-03
  7.247527639188514E-03  7.152311652887341E-03  7.057340338735883E-03
  6.611962853475756E-03  6.522721002970050E-03  6.433804201477795E-03
  6.052463273333297E-03  5.969610349396125E-03  5.887149363307606E-03
  5.568648745346421E-03  5.492458209088871E-03  5.416710382045941E-03
  5.159008240058798E-03  5.089600078257723E-03  5.020667451422631E-03
  4.820865647924422E-03  4.758201865125645E-03  4.696027547420994E-03
  4.550412161069091E-03  4.494299848906538E-03  4.438671999245471E-03
  4.342799046735524E-03  4.292900626337532E-03  4.243463615977770E-03
  4.192282335723151E-03  4.148132363766454E-03  4.104404489658697E-03
  4.092409918492429E-03  4.053437716398099E-03  4.014834700890142E-03
  4.036241141163351E-03  4.001798352883740E-03  3.967661692590201E-03
  4.016588483529517E-03  3.985980401462337E-03  3.955609334961553E-03
  4.026269739606009E-03  3.998788827271053E-03  3.971474256524813E-03
  4.058357252221206E-03  4.033316793919797E-03  4.008374990726303E-03
  4.106408743585985E-03  4.083174115018949E-03  4.059977633244117E-03
  4.164663197572701E-03  4.142678076970664E-03  4.120681175662972E-03
  4.228186256586073E-03  4.206991355982907E-03  4.185747579180259E-03
  4.292953444138732E-03  4.272196098822800E-03  4.251366496181683E-03
  4.355866106110111E-03  4.335300223575147E-03  4.314651912453865E-03
  4.414703195960303E-03  4.394180395275886E-03  4.373576502013358E-03
  4.468020126828808E-03  4.447474084832272E-03  4.426857246275558E-03
  4.515011990093287E-03  4.494438775047343E-03  4.473811066580523E-03
  4.555361149135444E-03  4.534798514018556E-03  4.514200770227051E-03
  4.589088184395021E-03  4.568596426574613E-03  4.548089477075081E-03
  4.616421046994908E-03  4.596067279445385E-03  4.575716814535423E-03
  4.637691431782857E-03  4.617538189084898E-03  4.597404039253207E-03
  4.653261359354113E-03  4.633359606780458E-03  4.613489387649397E-03
  4.663478020911677E-03  4.643864002875472E-03  4.624290485021530E-03
  4.668651768258904E-03  4.649346783659560E-03  4.630088040679197E-03
  4.669050793296868E-03  4.650062897235782E-03  4.631124232052921E-03
  4.664906166386018E-03  4.646232897599967E-03  4.627609668876770E-03
  4.656421937292972E-03  4.638053370438395E-03  4.619734050600052E-03
  4.643786432466131E-03  4.625708077013783E-03  4.607677097093619E-03
  4.627182343679652E-03  4.609377606501789E-03  4.591617733999241E-03
  4.606794457839066E-03  4.589246537264189E-03  4.571740676319337E-03
  4.582814755149067E-03  4.565507948793251E-03  4.548240357376361E-03
  4.555445017044118E-03  4.538365517160187E-03  4.521322519485025E-03
  4.524897130677263E-03  4.508033442383578E-03  4.491203773350990E-03
  4.491391284092374E-03  4.474734404189966E-03  4.458109328245576E-03
  4.455152595482724E-03  4.438696014916769E-03  4.422269291946637E-03
  4.416407420727235E-03  4.400146905627226E-03  4.383914565701779E-03
  4.375381007936365E-03  4.359314081995043E-03  4.343273922967332E-03
  4.332297410217296E-03  4.316422598745337E-03  4.300573437864097E-03
  4.287380426862682E-03  4.271696585263511E-03  4.256037553616364E-03
  4.240852097731901E-03  4.225358313279436E-03  4.209888674696987E-03
  4.192925186544186E-03  4.177621559578115E-03  4.162341401082123E-03
  4.143789488788609E-03  4.128678540029304E-03  4.113590153675797E-03
  4.093597223536000E-03  4.078685070027414E-03  4.063794220308020E-03
  4.042456191776718E-03  4.027752493203983E-03  4.013068548999488E-03
  3.990437157050520E-03  3.975953417057997E-03  3.961487833331799E-03
  3.937594257571216E-03  3.923341075744434E-03  3.909104707189394E-03
  3.883989049927852E-03  3.869973651536114E-03  3.855974182111527E-03
  3.829706122000976E-03  3.815931371681945E-03  3.802172129712679E-03
  3.774853419123680E-03  3.761318610146284E-03  3.747799185282362E-03
  3.719549826989116E-03  3.706252500189026E-03  3.692970510659934E-03
  3.663909339365746E-03  3.650846960007641E-03  3.637799800373499E-03
  3.608030920249351E-03  3.595201634091738E-03  3.582387348816949E-03
  3.551997277728218E-03  3.539399749661938E-03  3.526816951712289E-03
  3.495879482702660E-03  3.483512359865339E-03  3.471159704130443E-03
  3.439742110772879E-03  3.427603647785693E-03  3.415479422477589E-03
  3.383645646636387E-03  3.371733672864857E-03  3.359835732786679E-03
  3.327646258306654E-03  3.315958346308257E-03  3.304284270610224E-03
  3.271794787855322E-03  3.260328414054857E-03  3.248875674737528E-03
  3.216136375876096E-03  3.204888980336206E-03  3.193655012909090E-03
  3.160710909467887E-03  3.149679881247459E-03  3.138662075141336E-03
  3.105553798348516E-03  3.094736445217729E-03  3.083932113011598E-03
  3.050696642564989E-03  3.040090178629684E-03  3.029496540906499E-03
  2.996167648156523E-03  2.985769206013887E-03  2.975383400700656E-03
  2.941991824956653E-03  2.931798484687822E-03  2.921617594720843E-03
  2.888191084551898E-03  2.878199902064325E-03  2.868220984841422E-03
  2.834784399313367E-03  2.824992416381302E-03  2.815212516274806E-03
  2.781788109681895E-03  2.772192345615882E-03  2.762608486710616E-03
  2.729216287008926E-03  2.719813732021851E-03  2.710422909850293E-03
  2.677080971579874E-03  2.667868598743119E-03  2.658667789994688E-03
  2.625392240281953E-03  2.616367028068534E-03  2.607353213193247E-03
  2.574158258374083E-03  2.565317201227467E-03  2.556487377228472E-03
  2.523385468448802E-03  2.514725568527737E-03  2.506076742036059E-03
  2.473078863922258E-03  2.464597122080053E-03  2.456126298969149E-03
  2.423242164355865E-03  2.414935588426388E-03  2.406639779955293E-03
  2.373877832389601E-03  2.365743456132062E-03  2.357619697929611E-03
  2.324987076493512E-03  2.317021967458928E-03  2.309067329511938E-03
  2.276569987138745E-03  2.268771236943583E-03  2.260982815100264E-03
  2.228625754325262E-03  2.220990468804859E-03  2.213365373579228E-03
  2.181152792268066E-03  2.173678098384241E-03  2.166213459852203E-03
  2.134148718618088E-03  2.126831781100168E-03  2.119524765661922E-03
  2.087610328662960E-03  2.080448355696784E-03  2.073296173809280E-03
  2.041533700086346E-03  2.034523932628638E-03  2.027523829222014E-03
  1.995914371720169E-03  1.989054073484355E-03  1.982203316604488E-03
  1.950747430453140E-03  1.944033894066175E-03  1.937329779150622E-03
  1.906027463799065E-03  1.899458025731545E-03  1.892897890728400E-03
  1.861748516934337E-03  1.855320561644464E-03  1.848901793110449E-03
  1.817904180277668E-03  1.811615129110012E-03  1.805335152096956E-03
  1.774487748370627E-03  1.768335049661410E-03  1.762191316506910E-03
  1.731492287218830E-03  1.725473421856559E-03  1.719463415993953E-03
  1.688910564668866E-03  1.683023059670938E-03  1.677144309435587E-03
  1.646734972533695E-03  1.640976404322018E-03  1.635226488071333E-03
  1.604957569037088E-03  1.599325552600044E-03  1.593702088762555E-03
  1.563570212186215E-03  1.558062391549383E-03  1.552563027835998E-03
  1.522564662408549E-03  1.517178715314799E-03  1.511801131780305E-03
  1.481932611207526E-03  1.476666260852490E-03  1.471408181881603E-03
  1.441665692240794E-03  1.436516709467687E-03  1.431375907694806E-03
  1.401755481895677E-03  1.396721675109842E-03  1.391695962129755E-03
  1.362193374293093E-03  1.357272581701101E-03  1.352359799112636E-03
  1.322970259481053E-03  1.318160354935217E-03  1.313358378690538E-03
  1.284076197338689E-03  1.279375101912430E-03  1.274681854151596E-03
  1.245500500000611E-03  1.240906182976837E-03  1.236319634629681E-03
  1.207232504142230E-03  1.202742970899136E-03  1.198261130304690E-03
  1.169262823100752E-03  1.164876104576590E-03  1.160497005827255E-03
  1.131584315600587E-03  1.127298471651955E-03  1.123020176544759E-03
  1.094191690827338E-03  1.090004821715146E-03  1.085825431459702E-03
  1.057078668670508E-03  1.052988919624497E-03  1.048906580950641E-03
  1.020231878353419E-03  1.016237432892461E-03  1.012250332123643E-03
  9.836212674338098E-04  9.797203362477917E-04  9.758266865628209E-04
