  3.444391703679589E+00  3.438210743905664E+00  3.432027062639965E+00

  9.967365126962034E-01  9.967493791498678E-01  9.967622222928303E-01
  9.966159270938870E-01  9.966290951944632E-01  9.966422398216410E-01
  9.964950003738040E-01  9.965084745563273E-01  9.965219250962243E-01
  9.967361343255042E-01  9.967490021079207E-01  9.967618465785778E-01
  9.966155291292937E-01  9.966286986463251E-01  9.966418446885706E-01
  9.964945789606093E-01  9.965080546767462E-01  9.965215067483749E-01
  9.967359605963558E-01  9.967488289188088E-01  9.967616739297089E-01
  9.966153392692867E-01  9.966285094215155E-01  9.966416560986940E-01
  9.964943710129230E-01  9.965078474736926E-01  9.965213002891438E-01
  9.967359605963558E-01  9.967488289188088E-01  9.967616739297089E-01
  9.966153392692867E-01  9.966285094215155E-01  9.966416560986940E-01
  9.964943710129230E-01  9.965078474736926E-01  9.965213002891438E-01
  9.967361343255042E-01  9.967490021079207E-01  9.967618465785778E-01
  9.966155291292937E-01  9.966286986463251E-01  9.966418446885706E-01
  9.964945789606093E-01  9.965080546767462E-01  9.965215067483749E-01
  9.967365126962034E-01  9.967493791498678E-01  9.967622222928303E-01
  9.966159270938870E-01  9.966290951944632E-01  9.966422398216410E-01
  9.964950003738040E-01  9.965084745563273E-01  9.965219250962243E-01
  9.967371002313529E-01  9.967499645298116E-01  9.967628055201183E-01
  9.966165384697298E-01  9.966297043291008E-01  9.966428467178434E-01
  9.964956395548874E-01  9.965091113796750E-01  9.965225595649984E-01
  9.967378973357764E-01  9.967507586476121E-01  9.967635966553772E-01
  9.966173648648750E-01  9.966305276439709E-01  9.966436669566826E-01
  9.964964987324797E-01  9.965099673564701E-01  9.965234123455536E-01
  9.967389036793699E-01  9.967517611743405E-01  9.967645953708539E-01
  9.966184066423849E-01  9.966315654978044E-01  9.966447008925898E-01
  9.964975789049131E-01  9.965110434757741E-01  9.965244844177417E-01
  9.967401187595682E-01  9.967529716100688E-01  9.967658011692501E-01
  9.966196636780260E-01  9.966328177659441E-01  9.966459484004941E-01
  9.964988804111983E-01  9.965123400725100E-01  9.965257761124275E-01
  9.967415420401933E-01  9.967543894215133E-01  9.967672135201647E-01
  9.966211356433040E-01  9.966342841210710E-01  9.966474091542529E-01
  9.965004032343252E-01  9.965138571283455E-01  9.965272874099727E-01
  9.967431729829024E-01  9.967560140731773E-01  9.967688318909390E-01
  9.966228221153597E-01  9.966359641421898E-01  9.966490827347293E-01
  9.965021471563330E-01  9.965155944255151E-01  9.965290180928122E-01
  9.967450110488498E-01  9.967578450289734E-01  9.967706557482330E-01
  9.966247226198447E-01  9.966378573571303E-01  9.966509686719269E-01
  9.965041118373931E-01  9.965175516252512E-01  9.965309678232417E-01
  9.967470556934235E-01  9.967598817469810E-01  9.967726845528091E-01
  9.966268366473593E-01  9.966399632588402E-01  9.966530664611331E-01
  9.965062968565841E-01  9.965197283082216E-01  9.965331361835141E-01
  9.967493063604849E-01  9.967621236737243E-01  9.967749177538455E-01
  9.966291636593345E-01  9.966422813112045E-01  9.966553755686801E-01
  9.965087017332722E-01  9.965221239957250E-01  9.965355226968586E-01
  9.967517624773815E-01  9.967645702392152E-01  9.967773547840110E-01
  9.966317030895743E-01  9.966448109505700E-01  9.966578954334513E-01
  9.965113259384777E-01  9.965247381609653E-01  9.965381268386578E-01
  9.967544234508829E-01  9.967672208529135E-01  9.967799950554483E-01
  9.966344543439833E-01  9.966475515854685E-01  9.966606254665984E-01
  9.965141689009113E-01  9.965275702350330E-01  9.965409480423765E-01
  9.967572886639904E-01  9.967700749005560E-01  9.967828379566225E-01
  9.966374167995827E-01  9.966505025956319E-01  9.966635650505576E-01
  9.965172300100633E-01  9.965306196099618E-01  9.965439857025873E-01
  9.967603574732539E-01  9.967731317414905E-01  9.967858828496714E-01
  9.966405898032176E-01  9.966536633307054E-01  9.966667135377673E-01
  9.965205086176552E-01  9.965338856401623E-01  9.965472391763830E-01
  9.967636292064201E-01  9.967763907063369E-01  9.967891290680811E-01
  9.966439726701776E-01  9.966570331088735E-01  9.966700702492991E-01
  9.965240040381140E-01  9.965373676428874E-01  9.965507077838365E-01
  9.967671031607341E-01  9.967798510953020E-01  9.967925759150138E-01
  9.966475646829474E-01  9.966606112156178E-01  9.966736344736253E-01
  9.965277155485636E-01  9.965410648982204E-01  9.965543908079844E-01
  9.967707786014238E-01  9.967835121766736E-01  9.967962226618102E-01
  9.966513650900449E-01  9.966643969025631E-01  9.966774054654711E-01
  9.965316423885268E-01  9.965449766487791E-01  9.965582874945327E-01
  9.967746547602517E-01  9.967873731853809E-01  9.968000685465584E-01
  9.966553731049225E-01  9.966683893863842E-01  9.966813824447263E-01
  9.965357837594787E-01  9.965491020992683E-01  9.965623970514094E-01
  9.967787308345578E-01  9.967914333220403E-01  9.968041127731452E-01
  9.966595879050358E-01  9.966725878478787E-01  9.966855645955232E-01
  9.965401388243128E-01  9.965534404159472E-01  9.965667186482322E-01
  9.967830059861662E-01  9.967956917518730E-01  9.968083545101807E-01
  9.966640086309383E-01  9.966769914310666E-01  9.966899510653415E-01
  9.965447067067659E-01  9.965579907260554E-01  9.965712514157367E-01
  9.967874793406526E-01  9.968001476039741E-01  9.968127928902729E-01
  9.966686343855037E-01  9.966815992424179E-01  9.966945409642396E-01
  9.965494864908316E-01  9.965627521172298E-01  9.965759944451948E-01
  9.967921499864578E-01  9.968047999704326E-01  9.968174270091511E-01
  9.966734642331779E-01  9.966864103501081E-01  9.966993333641154E-01
  9.965544772201909E-01  9.965677236369377E-01  9.965809467878539E-01
  9.967970169743492E-01  9.968096479057967E-01  9.968222559251374E-01
  9.966784971993407E-01  9.966914237833846E-01  9.967043272980767E-01
  9.965596778976715E-01  9.965729042919403E-01  9.965861074544003E-01
  9.968020793167071E-01  9.968146904263631E-01  9.968272786584365E-01
  9.966837322697015E-01  9.966966385319650E-01  9.967095217598407E-01
  9.965650874847316E-01  9.965782930477773E-01  9.965914754144478E-01
  9.968073359870795E-01  9.968199265097344E-01  9.968324941906983E-01
  9.966891683897665E-01  9.967020535455066E-01  9.967149157032084E-01
  9.965707049009668E-01  9.965838888282759E-01  9.965970495960470E-01
  9.968127859196796E-01  9.968253550943200E-01  9.968379014645207E-01
  9.966948044643488E-01  9.967076677331197E-01  9.967205080415789E-01
  9.965765290236535E-01  9.965896905150972E-01  9.966028288852347E-01
  9.968184280089757E-01  9.968309750789294E-01  9.968434993830456E-01
  9.967006393571364E-01  9.967134799629387E-01  9.967262976475246E-01
  9.965825586873320E-01  9.965956969473210E-01  9.966088121256227E-01
  9.968242611093082E-01  9.968367853223903E-01  9.968492868095795E-01
  9.967066718902933E-01  9.967194890617254E-01  9.967322833523971E-01
  9.965887926834199E-01  9.966019069210627E-01  9.966149981180155E-01
  9.968302840346263E-01  9.968427846432877E-01  9.968552625673354E-01
  9.967129008441313E-01  9.967256938145429E-01  9.967384639460016E-01
  9.965952297598781E-01  9.966083191891398E-01  9.966213856200785E-01
  9.968364955581129E-01  9.968489718195909E-01  9.968614254390595E-01
  9.967193249567854E-01  9.967320929644315E-01  9.967448381762749E-01
  9.966018686208976E-01  9.966149324607610E-01  9.966279733460285E-01
  9.968428944120112E-01  9.968553455884807E-01  9.968677741668619E-01
  9.967259429239772E-01  9.967386852121752E-01  9.967514047490541E-01
  9.966087079266360E-01  9.966217454012626E-01  9.966347599663714E-01
  9.968494792875086E-01  9.968619046462350E-01  9.968743074521017E-01
  9.967327533987985E-01  9.967454692160854E-01  9.967581623278612E-01
  9.966157462929832E-01  9.966287566318769E-01  9.966417441076726E-01
  9.968562488343743E-01  9.968686476478692E-01  9.968810239550308E-01
  9.967397549915137E-01  9.967524435918060E-01  9.967651095337097E-01
  9.966229822913849E-01  9.966359647295568E-01  9.966489243523825E-01
  9.968632016611004E-01  9.968755732072763E-01  9.968879222949333E-01
  9.967469462694710E-01  9.967596069122245E-01  9.967722449450166E-01
  9.966304144486967E-01  9.966433682268312E-01  9.966562992386930E-01
  9.968703363347331E-01  9.968826798970583E-01  9.968950010499581E-01
  9.967543257570034E-01  9.967669577073740E-01  9.967795670975054E-01
  9.966380412470817E-01  9.966509656117022E-01  9.966638672604353E-01
  9.968776513807520E-01  9.968899662484079E-01  9.969022587570001E-01
  9.967618919353598E-01  9.967744944643642E-01  9.967870744841359E-01
  9.966458611239540E-01  9.966587553275899E-01  9.966716268670243E-01
  9.968851452832734E-01  9.968974307513113E-01  9.969096939119058E-01
  9.967696432427364E-01  9.967822156274143E-01  9.967947655551405E-01
  9.966538724719590E-01  9.966667357733122E-01  9.966795764634407E-01
  9.968928164849481E-01  9.969050718544468E-01  9.969173049693696E-01
  9.967775780742901E-01  9.967901195978670E-01  9.968026387180361E-01
  9.966620736390064E-01  9.966749053031201E-01  9.966877144102653E-01
  9.969006633871473E-01  9.969128879653693E-01  9.969250903431200E-01
  9.967856947822565E-01  9.967982047343050E-01  9.968106923377421E-01
  9.966704629283497E-01  9.966832622267756E-01  9.966960390237579E-01
  9.969086843501220E-01  9.969208774506712E-01  9.969330484060794E-01
  9.967939916760714E-01  9.968064693526736E-01  9.968189247367018E-01
  9.966790385987139E-01  9.966918048096798E-01  9.967045485759837E-01
  9.969168776931365E-01  9.969290386361139E-01  9.969411774904962E-01
  9.968024670225462E-01  9.968149117264550E-01  9.968273341950572E-01
  9.966877988644555E-01  9.967005312730319E-01  9.967132412949731E-01
  9.969252416947222E-01  9.969373698068829E-01  9.969494758881973E-01
  9.968111190460824E-01  9.968235300868831E-01  9.968359189508621E-01
  9.966967418957811E-01  9.967094397940476E-01  9.967221153649395E-01
  9.969337745929311E-01  9.969458692078397E-01  9.969579418508421E-01
  9.968199459289432E-01  9.968323226232126E-01  9.968446772003521E-01
  9.967058658190098E-01  9.967185285062220E-01  9.967311689265411E-01
  9.969424745856890E-01  9.969545350438731E-01  9.969665735902710E-01
  9.968289458115835E-01  9.968412874830517E-01  9.968536070982752E-01
  9.967151687168897E-01  9.967277954996434E-01  9.967404000771946E-01
  9.969513398311507E-01  9.969633654802548E-01  9.969753692788605E-01
  9.968381167929948E-01  9.968504227727015E-01  9.968627067582305E-01
  9.967246486289605E-01  9.967372388213558E-01  9.967498068714352E-01
  9.969603684480738E-01  9.969723586430117E-01  9.969843270498941E-01
  9.968474569311175E-01  9.968597265575705E-01  9.968719742530816E-01
  9.967343035519667E-01  9.967468564757704E-01  9.967593873213283E-01
  9.969695585162663E-01  9.969815126193721E-01  9.969934449980077E-01
  9.968569642432835E-01  9.968691968626135E-01  9.968814076153935E-01
  9.967441314403024E-01  9.967566464251089E-01  9.967691393969096E-01
  9.969789080771007E-01  9.969908254582767E-01  9.970027211796976E-01
  9.968666367067309E-01  9.968788316728461E-01  9.968910048379463E-01
  9.967541302065365E-01  9.967666065899272E-01  9.967790610267093E-01
  9.969884151341074E-01  9.970002951709722E-01  9.970121536139136E-01
  9.968764722591507E-01  9.968886289338890E-01  9.969007638742767E-01
  9.967642977219545E-01  9.967767348496561E-01  9.967891500982893E-01
  9.969980776534176E-01  9.970099197314524E-01  9.970217402824985E-01
  9.968864687992560E-01  9.968985865525358E-01  9.969106826392450E-01
  9.967746318171632E-01  9.967870290432024E-01  9.967994044588427E-01
  9.970078935644688E-01  9.970196970771585E-01  9.970314791308846E-01
  9.968966241874216E-01  9.969087023973884E-01  9.969207590096674E-01
  9.967851302827531E-01  9.967974869696102E-01  9.968098219158533E-01
  9.970178607606204E-01  9.970296251095967E-01  9.970413680687102E-01
  9.969069362463712E-01  9.969189742995446E-01  9.969309908250013E-01
  9.967957908699858E-01  9.968081063887447E-01  9.968204002377756E-01
  9.970279770999219E-01  9.970397016951004E-01  9.970514049705789E-01
  9.969174027619035E-01  9.969294000533202E-01  9.969413758880649E-01
  9.968066112915410E-01  9.968188850220383E-01  9.968311371547800E-01
  9.970382404058108E-01  9.970499246655278E-01  9.970615876767555E-01
  9.969280214836587E-01  9.969399774170122E-01  9.969519119657981E-01
  9.968175892223167E-01  9.968298205532863E-01  9.968420303595444E-01
  9.970486484679341E-01  9.970602918190788E-01  9.970719139939785E-01
  9.969387901259319E-01  9.969507041137111E-01  9.969625967900718E-01
  9.968287223002630E-01  9.968409106294788E-01  9.968530775080845E-01
  9.970591990428900E-01  9.970708009210355E-01  9.970823816961989E-01
  9.969497063685122E-01  9.969615778321351E-01  9.969734280585187E-01
  9.968400081272656E-01  9.968521528616812E-01  9.968642762206288E-01
  9.970698898551996E-01  9.970814497047295E-01  9.970929885255444E-01
  9.969607678575902E-01  9.969725962275359E-01  9.969844034354360E-01
  9.968514442700629E-01  9.968635448259465E-01  9.968756240825308E-01
  9.970807185981180E-01  9.970922358723497E-01  9.971037321931226E-01
  9.969719722066799E-01  9.969837569226156E-01  9.969955205526994E-01
  9.968630282612199E-01  9.968750840642870E-01  9.968871186452342E-01
  9.970916829346363E-01  9.971031570959423E-01  9.971146103800190E-01
  9.969833169975967E-01  9.969950575085030E-01  9.970067770107349E-01
  9.968747576001359E-01  9.968867680856786E-01  9.968987574272751E-01
  9.971027804983680E-01  9.971142110182921E-01  9.971256207381751E-01
  9.969947997814552E-01  9.970064955457467E-01  9.970181703795093E-01
  9.968866297540868E-01  9.968985943670980E-01  9.969105379153157E-01
  9.971140088946647E-01  9.971253952540351E-01  9.971367608914953E-01
  9.970064180797322E-01  9.970180685653739E-01  9.970296981995850E-01
  9.968986421593148E-01  9.969105603546091E-01  9.969224575652255E-01
  9.971253657015605E-01  9.971367073905990E-01  9.971480284367853E-01
  9.970181693853252E-01  9.970297740699456E-01  9.970413579831701E-01
  9.969107922221526E-01  9.969226634644840E-01  9.969345138031990E-01
  9.971368484708925E-01  9.971481449893203E-01  9.971594209448648E-01
  9.970300511636794E-01  9.970416095346796E-01  9.970531472152384E-01
  9.969230773201767E-01  9.969349010843501E-01  9.969467040268986E-01
  9.971484547293509E-01  9.971597055864891E-01  9.971709359616080E-01
  9.970420608539126E-01  9.970535724085707E-01  9.970650633546457E-01
  9.969354948033970E-01  9.969472705743774E-01  9.969590256066365E-01
  9.971601819796639E-01  9.971713866945315E-01  9.971825710091222E-01
  9.970541958700108E-01  9.970656601155820E-01  9.970771038353157E-01
  9.969480419954810E-01  9.969597692684963E-01  9.969714758865903E-01
  9.971720277016967E-01  9.971831858031024E-01  9.971943235868359E-01
  9.970664536020127E-01  9.970778700558256E-01  9.970892660674168E-01
  9.969607161950078E-01  9.969723944756484E-01  9.969840521860467E-01
  9.971839893536734E-01  9.971951003803045E-01  9.972061911727138E-01
  9.970788314172471E-01  9.970901996067943E-01  9.971015474385894E-01
  9.969735146767422E-01  9.969851434810553E-01  9.969967518006666E-01
  9.971960643733733E-01  9.972071278738796E-01  9.972181712244431E-01
  9.970913266615832E-01  9.971026461246089E-01  9.971139453151879E-01
  9.969864346929498E-01  9.969980135475285E-01  9.970095720037905E-01
  9.972082501792671E-01  9.972192657123399E-01  9.972302611805612E-01
  9.971039366606859E-01  9.971152069452665E-01  9.971264570435254E-01
  9.969994734747216E-01  9.970110019167898E-01  9.970225100477537E-01
  9.972205441718579E-01  9.972315113063046E-01  9.972424584617859E-01
  9.971166587213323E-01  9.971278793859538E-01  9.971390799511807E-01
  9.970126282333166E-01  9.970241058108090E-01  9.970355631652177E-01
  9.972329437349298E-01  9.972438620497438E-01  9.972547604722564E-01
  9.971294901327206E-01  9.971406607463509E-01  9.971518113482979E-01
  9.970258961615461E-01  9.970373224331811E-01  9.970487285705445E-01
  9.972454462367307E-01  9.972563153211560E-01  9.972671646007047E-01
  9.971424281677851E-01  9.971535483099404E-01  9.971646485288905E-01
  9.970392744351572E-01  9.970506489705067E-01  9.970620034611705E-01
  9.972580490313604E-01  9.972688684849521E-01  9.972796682218344E-01
  9.971554700845630E-01  9.971665393453699E-01  9.971775887721991E-01
  9.970527602142397E-01  9.970640825937935E-01  9.970753850190027E-01
  9.972707494600656E-01  9.972815188927446E-01  9.972922686976077E-01
  9.971686131275440E-01  9.971796311077963E-01  9.971906293440298E-01
  9.970663506446418E-01  9.970776204598650E-01  9.970888704118229E-01
  9.972835448524349E-01  9.972942638845380E-01  9.973049633784263E-01
  9.971818545290287E-01  9.971928208402385E-01  9.972037674981020E-01
  9.970800428594080E-01  9.970912597127952E-01  9.971024567947147E-01
  9.972964325278807E-01  9.973071007902055E-01  9.973177496046072E-01
  9.971951915105192E-01  9.972061057749639E-01  9.972170004774301E-01
  9.970938339802102E-01  9.971049974853324E-01  9.971161413114854E-01
  9.973094097968153E-01  9.973200269306605E-01  9.973306247075470E-01
  9.972086212841019E-01  9.972194831348643E-01  9.972303255156937E-01
  9.971077211187969E-01  9.971188309003434E-01  9.971299210961021E-01
  9.973224739620973E-01  9.973330396192971E-01  9.973435860111572E-01
  9.972221410538251E-01  9.972329501348299E-01  9.972437398386061E-01
  9.971217013784498E-01  9.971327570722661E-01  9.971437932741392E-01
  9.973356223202456E-01  9.973461361631998E-01  9.973566308330702E-01
  9.972357480170956E-01  9.972465039831386E-01  9.972572406652992E-01
  9.971357718554290E-01  9.971467731085463E-01  9.971577549642106E-01
  9.973488521628797E-01  9.973593138645774E-01  9.973697564860663E-01
  9.972494393660786E-01  9.972601418828532E-01  9.972708252097139E-01
  9.971499296404395E-01  9.971608761111009E-01  9.971718032794268E-01
  9.973621607780165E-01  9.973725700220563E-01  9.973829602793629E-01
  9.972632122890900E-01  9.972738610332056E-01  9.972844906819804E-01
  9.971641718200840E-01  9.971750631777652E-01  9.971859353288359E-01
  9.973755454513734E-01  9.973859019319771E-01  9.973962395199062E-01
  9.972770639719760E-01  9.972876586309728E-01  9.972982342897885E-01
  9.971784954783069E-01  9.971893314037299E-01  9.972001482188569E-01
  9.973890034676540E-01  9.973993068896764E-01  9.974095915136469E-01
  9.972909915994930E-01  9.973015318718514E-01  9.973120532397552E-01
  9.971928976978535E-01  9.972036778829948E-01  9.972144390547260E-01
  9.974025321120170E-01  9.974127821909480E-01  9.974230135669974E-01
  9.973049923567066E-01  9.973154779518499E-01  9.973259447388149E-01
  9.972073755617020E-01  9.972180997097980E-01  9.972288049419211E-01
  9.974161286711996E-01  9.974263251331653E-01  9.974365029879471E-01
  9.973190634303353E-01  9.973294940686287E-01  9.973399059955506E-01
  9.972219261544929E-01  9.972325939800363E-01  9.972432429875772E-01
  9.974297904349162E-01  9.974399330166716E-01  9.974500570874507E-01
  9.973332020101197E-01  9.973435774228632E-01  9.973539342215544E-01
  9.972365465639560E-01  9.972471577926885E-01  9.972577503019032E-01
  9.974435146972163E-01  9.974536031461332E-01  9.974636731807742E-01
  9.973474052901908E-01  9.973577252196072E-01  9.973680266327843E-01
  9.972512338823217E-01  9.972617882512214E-01  9.972723239995835E-01
  9.974572987575552E-01  9.974673328316075E-01  9.974773485885581E-01
  9.973616704703582E-01  9.973719346695757E-01  9.973821804508423E-01
  9.972659852077004E-01  9.972764824649629E-01  9.972869612011450E-01
  9.974711399222557E-01  9.974811193899975E-01  9.974910806382666E-01
  9.973759947574639E-01  9.973862029904934E-01  9.973963929043174E-01
  9.972807976454743E-01  9.972912375504897E-01  9.973016590343395E-01
  9.974850355056107E-01  9.974949601461496E-01  9.975048666652824E-01
  9.973903753666652E-01  9.974005274083735E-01  9.974106612300597E-01
  9.972956683096510E-01  9.973060506329744E-01  9.973164146354866E-01
  9.974989828312246E-01  9.975088524341913E-01  9.975187040142379E-01
  9.974048095227412E-01  9.974149051588180E-01  9.974249826744763E-01
  9.973105943242109E-01  9.973209188475293E-01  9.973312251508109E-01
  9.975129792332029E-01  9.975227935987158E-01  9.975325900401956E-01
  9.974192944613518E-01  9.974293334882726E-01  9.974393544947798E-01
  9.973255728244308E-01  9.973358393405228E-01  9.973460877377541E-01
  9.975270220572703E-01  9.975367809958944E-01  9.975465221097556E-01
  9.974338274302625E-01  9.974438096552453E-01  9.974537739602031E-01
  9.973406009581685E-01  9.973508092708600E-01  9.973609995662501E-01
  9.975411086619802E-01  9.975508119946821E-01  9.975604976022562E-01
  9.974484056905722E-01  9.974583309315315E-01  9.974682383532191E-01
  9.973556758871497E-01  9.973658258112654E-01  9.973759578200039E-01
  9.975552364198866E-01  9.975648839779852E-01  9.975745139109383E-01
  9.974630265179213E-01  9.974728946034155E-01  9.974827449707382E-01
  9.973707947882181E-01  9.973808861495270E-01  9.973909596977285E-01
  9.975694027185595E-01  9.975789943436720E-01  9.975885684439504E-01
  9.974776872036417E-01  9.974874979728175E-01  9.974972911252502E-01
  9.973859548545591E-01  9.973959874897155E-01  9.974060024143617E-01
  9.975836049619224E-01  9.975931405059052E-01  9.976026586256764E-01
  9.974923850559551E-01  9.975021383584854E-01  9.975118741460117E-01
  9.974011532968964E-01  9.974111270533770E-01  9.974210832022536E-01
  9.975978405710294E-01  9.976073198959159E-01  9.976167818975070E-01
  9.975071174010299E-01  9.975168130970502E-01  9.975264913800975E-01
  9.974163873446612E-01  9.974263020806972E-01  9.974361993123263E-01
  9.976121069853575E-01  9.976215299632916E-01  9.976309357191221E-01
  9.975218815841264E-01  9.975315195441635E-01  9.975411401935332E-01
  9.974316542471372E-01  9.974415098316408E-01  9.974513480152071E-01
  9.976264016636475E-01  9.976357681768120E-01  9.976451175693232E-01
  9.975366749706284E-01  9.975462550755270E-01  9.975558179723204E-01
  9.974469512745769E-01  9.974567475870642E-01  9.974665266023379E-01
  9.976407220850406E-01  9.976500320255822E-01  9.976593249471613E-01
  9.975514949471053E-01  9.975610170879500E-01  9.975705221234903E-01
  9.974622757192718E-01  9.974720126497822E-01  9.974817323870395E-01
  9.976550657499165E-01  9.976643190198675E-01  9.976735553727701E-01
  9.975663389222851E-01  9.975758030003196E-01  9.975852500760719E-01
  9.974776248965893E-01  9.974873023456027E-01  9.974969627055414E-01
  9.976694301809551E-01  9.976786266921512E-01  9.976878063884191E-01
  9.975812043280449E-01  9.975906102545847E-01  9.975999992820684E-01
  9.974929961459815E-01  9.975026140243251E-01  9.975122149179740E-01
  9.976838129238613E-01  9.976929525978526E-01  9.977020755592252E-01
  9.975960886203533E-01  9.976054363166902E-01  9.976147672173840E-01
  9.975083868320315E-01  9.975179450607773E-01  9.975274864093934E-01
  9.976982115484566E-01  9.977072943164161E-01  9.977163604742390E-01
  9.976109892802763E-01  9.976202786775811E-01  9.976295513828261E-01
  9.975237943454833E-01  9.975332928558466E-01  9.975427745908112E-01
  9.977126236494300E-01  9.977216494520605E-01  9.977306587471910E-01
  9.976259038147931E-01  9.976351348540364E-01  9.976443493049506E-01
  9.975392161040624E-01  9.975486548373336E-01  9.975580769000781E-01
  9.977270468471092E-01  9.977360156345619E-01  9.977449680172860E-01
  9.976408297573963E-01  9.976500023892956E-01  9.976591585367195E-01
  9.975546495529293E-01  9.975640284604496E-01  9.975733908024266E-01
  9.977414787880863E-01  9.977503905198948E-01  9.977592859498582E-01
  9.976557646685308E-01  9.976648788534942E-01  9.976739766579384E-01
  9.975700921649230E-01  9.975794112080421E-01  9.975887137906914E-01
  9.977559171457236E-01  9.977647717907245E-01  9.977736102368583E-01
  9.976707061362681E-01  9.976797618442675E-01  9.976888012757975E-01
  9.975855414414128E-01  9.975948005913108E-01  9.976040433859045E-01
  9.977703596208846E-01  9.977791571570902E-01  9.977879385974906E-01
  9.976856517777468E-01  9.976946489880821E-01  9.977036300260931E-01
  9.976009949143989E-01  9.976101941517465E-01  9.976193771390607E-01
  9.977848039430741E-01  9.977935443574939E-01  9.978022687792469E-01
  9.977005992409239E-01  9.977095379420080E-01  9.977184605749947E-01
  9.976164501489349E-01  9.976255894636352E-01  9.976347126336610E-01
  9.977992478714910E-01  9.978079311599931E-01  9.978165985590230E-01
  9.977155462049982E-01  9.977244263944155E-01  9.977332906199838E-01
  9.976319047429052E-01  9.976409841343444E-01  9.976500474864557E-01
  9.978136891953250E-01  9.978223153626757E-01  9.978309257437580E-01
  9.977304903780017E-01  9.977393120629197E-01  9.977481178881679E-01
  9.976473563220509E-01  9.976563757998813E-01  9.976653793435821E-01
  9.978281257320433E-01  9.978366947921059E-01  9.978452481690568E-01
  9.977454294931620E-01  9.977541926906087E-01  9.977629401324690E-01
  9.976628025342340E-01  9.976717621187438E-01  9.976807058741742E-01
  9.978425553260668E-01  9.978510673018134E-01  9.978595636975555E-01
  9.977603613104620E-01  9.977690660465569E-01  9.977777551311976E-01
  9.976782410537686E-01  9.976871407743549E-01  9.976960247710547E-01
  9.978569758510264E-01  9.978654307738755E-01  9.978738702198735E-01
  9.977752836286951E-01  9.977839299365707E-01  9.977925606974333E-01
  9.976936696031372E-01  9.977025094948154E-01  9.977113337683684E-01
  9.978713852179071E-01  9.978797831264313E-01  9.978881656614382E-01
  9.977901943020090E-01  9.977987822200944E-01  9.978073546959690E-01
  9.977090859781824E-01  9.977178660793945E-01  9.977266306687897E-01
  9.978857813834582E-01  9.978941223226497E-01  9.979024479918034E-01
  9.978050912392480E-01  9.978136208130989E-01  9.978221350493636E-01
  9.977244880388733E-01  9.977332083957986E-01  9.977419133467310E-01
  9.979001623461392E-01  9.979084463689886E-01  9.979167152250393E-01
  9.978199723655731E-01  9.978284436545469E-01  9.978368997093677E-01
  9.977398736372132E-01  9.977485343155150E-01  9.977571796915150E-01
  9.979145261201082E-01  9.979227532916916E-01  9.979309653988905E-01
  9.978348355613880E-01  9.978432486453204E-01  9.978516465968402E-01
  9.977552405205659E-01  9.977638416147977E-01  9.977724275078417E-01
  9.979288707020364E-01  9.979370411026064E-01  9.979451965402358E-01
  9.978496786473369E-01  9.978580336227051E-01  9.978663735670618E-01
  9.977705863328855E-01  9.977791279560139E-01  9.977876544793071E-01
  9.979431940738629E-01  9.979513077948310E-01  9.979594066543430E-01
  9.978644994943481E-01  9.978727964530725E-01  9.978810784851816E-01
  9.977859088300546E-01  9.977943910752564E-01  9.978028583278705E-01
  9.979574942810886E-01  9.979655514111860E-01  9.979735937833798E-01
  9.978792962449585E-01  9.978875352461881E-01  9.978957594310167E-01
  9.978012062445560E-01  9.978096291423350E-01  9.978180371643575E-01
  9.979717695644129E-01  9.979797701740313E-01  9.979877561327396E-01
  9.978940674627239E-01  9.979022485282676E-01  9.979104148914334E-01
  9.978164774578050E-01  9.978248409816664E-01  9.978331897509133E-01
  9.979860184243825E-01  9.979939625668892E-01  9.980018921671302E-01
  9.979088119327472E-01  9.979169350966934E-01  9.979250436668951E-01
  9.978317215442341E-01  9.978400257077440E-01  9.978483152255556E-01
  9.980002394620279E-01  9.980081272081061E-01  9.980160005162478E-01
  9.979235280054815E-01  9.979315934105608E-01  9.979396443129180E-01
  9.978469366216446E-01  9.978551816369579E-01  9.978634120846783E-01
  9.980144309607052E-01  9.980222624571116E-01  9.980300796084506E-01
  9.979382128263534E-01  9.979462207976491E-01  9.979542143357120E-01
  9.978621187198291E-01  9.978703050882244E-01  9.978784769353077E-01
  9.980285904481764E-01  9.980363659559198E-01  9.980441271987353E-01
  9.979528622389894E-01  9.979608132292960E-01  9.979687498507747E-01
  9.978772620027848E-01  9.978853903702843E-01  9.978935042647251E-01
  9.980427147273434E-01  9.980504345753926E-01  9.980581402376879E-01
  9.979674721278438E-01  9.979753664704720E-01  9.979832465424691E-01
  9.978923613989664E-01  9.979004321105680E-01  9.979084884651799E-01
  9.980568008255161E-01  9.980644652432279E-01  9.980721155792354E-01
  9.979820412292234E-01  9.979898787553656E-01  9.979977021894331E-01
  9.979074172666137E-01  9.979154297678853E-01  9.979234281636580E-01
  9.980708478635735E-01  9.980784567272171E-01  9.980860516691586E-01
  9.979965743084690E-01  9.980043540150593E-01  9.980121199163633E-01
  9.979224399019061E-01  9.979303923237391E-01  9.979383310523409E-01
  9.980848591811079E-01  9.980924117855347E-01  9.980999507047406E-01
  9.980110838864792E-01  9.980188038712815E-01  9.980265104333078E-01
  9.979374509145319E-01  9.979453401653988E-01  9.979532162512418E-01
  9.980988436285324E-01  9.981063386154621E-01  9.981138202265389E-01
  9.980255891180477E-01  9.980332468789875E-01  9.980408916421909E-01
  9.979524797389986E-01  9.979603021710319E-01  9.979681119796587E-01
  9.981128151488676E-01  9.981202506589552E-01  9.981276731459072E-01
  9.980401119305500E-01  9.980477049167527E-01  9.980552853032888E-01
  9.979675563459338E-01  9.979753087055344E-01  9.979830488869135E-01
  9.981267906044923E-01  9.981341646025856E-01  9.981415259305347E-01
  9.980546721834097E-01  9.980621983290726E-01  9.980697121949283E-01
  9.979827037066471E-01  9.979903838823477E-01  9.979980521683681E-01
  9.981407867591660E-01  9.981480973871254E-01  9.981553956611197E-01
  9.980692842194087E-01  9.980767422052692E-01  9.980841881423512E-01
  9.979979338586998E-01  9.980055410581373E-01  9.980131365149029E-01
  9.981548177628735E-01  9.981620635671122E-01  9.981692972803654E-01
  9.980839562699944E-01  9.980913454331745E-01  9.980987227165107E-01
  9.980132491831997E-01  9.980207835294707E-01  9.980283062081632E-01
  9.981688941093920E-01  9.981760740736759E-01  9.981832421628167E-01
  9.980986924049452E-01  9.981060124268833E-01  9.981133207163252E-01
  9.980286473316465E-01  9.980361092059320E-01  9.980435594910604E-01
  9.981830231334141E-01  9.981901365599358E-01  9.981972382984697E-01
  9.981134953597627E-01  9.981207459574881E-01  9.981279849773377E-01
  9.980441264046479E-01  9.980515159438673E-01  9.980588940154758E-01
  9.981972103208949E-01  9.982042566682069E-01  9.982112915034576E-01
  9.981283685007865E-01  9.981355492815418E-01  9.981427186526795E-01
  9.980596876076890E-01  9.980670045717659E-01  9.980743102285539E-01
  9.982114605101207E-01  9.982184392826190E-01  9.982254067162406E-01
  9.981433162189806E-01  9.981504267093548E-01  9.981575259622879E-01
  9.980753348630287E-01  9.980825788018697E-01  9.980898116046523E-01
  9.982257784533249E-01  9.982326891720865E-01  9.982395887222385E-01
  9.981583432286645E-01  9.981653829794862E-01  9.981724116569446E-01
  9.980910728486992E-01  9.980982433418422E-01  9.981054028570366E-01
  9.982401687830000E-01  9.982470110085176E-01  9.982538422291471E-01
  9.981734537352172E-01  9.981804223966648E-01  9.981873801357160E-01
  9.981069053553505E-01  9.981140021411858E-01  9.981210880874724E-01
  9.982546357538162E-01  9.982614091141105E-01  9.982681716243645E-01
  9.981886511064566E-01  9.981955484343484E-01  9.982024349800346E-01
  9.981228348737330E-01  9.981298578351530E-01  9.981368700826331E-01
  9.982691830876491E-01  9.982758872854566E-01  9.982825807795899E-01
  9.982039380555509E-01  9.982107638750475E-01  9.982175790465202E-01
  9.981388631104906E-01  9.981458121952007E-01  9.981527506879658E-01
  9.982838140112577E-01  9.982904488121145E-01  9.982970730490464E-01
  9.982193169827336E-01  9.982260711531010E-01  9.982328148065817E-01
  9.981549916365661E-01  9.981618667980046E-01  9.981687314900107E-01
  9.982985313928763E-01  9.983050966088149E-01  9.983116513956140E-01
  9.982347901799008E-01  9.982414725817946E-01  9.982481445952144E-01
  9.981712221645241E-01  9.981780233522720E-01  9.981848141926407E-01
  9.983133378582513E-01  9.983198333377240E-01  9.983263185186145E-01
  9.982503598459324E-01  9.982569703860282E-01  9.982635706624179E-01
  9.981875564655472E-01  9.981942836445422E-01  9.982010005951755E-01
  9.983282358396716E-01  9.983346614647883E-01  9.983410769177283E-01
  9.982660280188009E-01  9.982725666375677E-01  9.982790951130551E-01
  9.982039961843197E-01  9.982106493532777E-01  9.982172924083708E-01
  9.983432275792139E-01  9.983495832661855E-01  9.983559289031660E-01
  9.982817965290945E-01  9.982882632032902E-01  9.982947198503296E-01
  9.982205427415116E-01  9.982271219376295E-01  9.982336911299831E-01
  9.983583151244673E-01  9.983646008234515E-01  9.983708765905235E-01
  9.982976670072478E-01  9.983040617466916E-01  9.983104465713658E-01
  9.982371973514765E-01  9.982437026442221E-01  9.982501980399194E-01
  9.983735003379700E-01  9.983797160310165E-01  9.983859219064476E-01
  9.983136409251503E-01  9.983199637670771E-01  9.983262768035381E-01
  9.982539610957346E-01  9.982603925776261E-01  9.982668142667858E-01
  9.983887849208409E-01  9.983949306186095E-01  9.984010666096691E-01
  9.983297196405273E-01  9.983359706450893E-01  9.983422119507670E-01
  9.982708349883341E-01  9.982771927691694E-01  9.982835408595313E-01
  9.984041704401805E-01  9.984102461789059E-01  9.984163123187232E-01
  9.983459044208279E-01  9.983520836697457E-01  9.983582533236063E-01
  9.982878199967852E-01  9.982941042038901E-01  9.983003788203860E-01
  9.984196583489150E-01  9.984256641886915E-01  9.984316605343674E-01
  9.983621964419754E-01  9.983683040395935E-01  9.983744021430565E-01
  9.983049170202587E-01  9.983111278022581E-01  9.983173290906711E-01
  9.984352499941221E-01  9.984411860183019E-01  9.984471126502433E-01
  9.983785967786476E-01  9.983846328525133E-01  9.983906595302617E-01
  9.983221268617467E-01  9.983282643903488E-01  9.983343925196095E-01
  9.984509466208160E-01  9.984568129353436E-01  9.984626699566779E-01
  9.983951064089240E-01  9.984010711078812E-01  9.984070265062460E-01
  9.983394502332383E-01  9.983455147001644E-01  9.983515698597760E-01
  9.984667493801861E-01  9.984725461120394E-01  9.984783336471562E-01
  9.984117262372146E-01  9.984176197281776E-01  9.984235040118953E-01
  9.983568877928404E-01  9.983628794049894E-01  9.983688618000646E-01
  9.984826593446091E-01  9.984883866398392E-01  9.984941048324022E-01
  9.984284571164024E-01  9.984342795826321E-01  9.984400929328293E-01
  9.983744401740593E-01  9.983803591520274E-01  9.983862690012627E-01
  9.984986775213899E-01  9.985043355438623E-01  9.985099845554217E-01
  9.984452998513657E-01  9.984510514930530E-01  9.984567941076499E-01
  9.983921079792794E-01  9.983979545597566E-01  9.984037920976063E-01
  9.985148048587835E-01  9.985203937898742E-01  9.985259737994919E-01
  9.984622551906246E-01  9.984679362255989E-01  9.984736083201671E-01
  9.984098917571748E-01  9.984156661946240E-01  9.984214316733561E-01
  9.985310422470757E-01  9.985365622854181E-01  9.985420734894778E-01
  9.984793238273427E-01  9.984849344898022E-01  9.984905362965355E-01
  9.984277920036075E-01  9.984334945679281E-01  9.984391882557029E-01
  9.985473905234682E-01  9.985528418839248E-01  9.985582844952060E-01
  9.984965064163275E-01  9.985020469544071E-01  9.985075787196747E-01
  9.984458091910601E-01  9.984514401637000E-01  9.984570623405400E-01
  9.985638504825020E-01  9.985692333946933E-01  9.985746076408987E-01
  9.985138035906430E-01  9.985192742652809E-01  9.985247362482496E-01
  9.984639437916196E-01  9.984695034647629E-01  9.984750544212430E-01
  9.985804228863431E-01  9.985857375936992E-01  9.985910437164071E-01
  9.985312159623270E-01  9.985366170480189E-01  9.985420095212902E-01
  9.984821962681710E-01  9.984876849472704E-01  9.984931649868954E-01
  9.985971084687442E-01  9.986023552283150E-01  9.986075934827315E-01
  9.985487441140262E-01  9.985540758994241E-01  9.985593991498041E-01
  9.985005670531839E-01  9.985059850584662E-01  9.985113944995805E-01
  9.986139079354681E-01  9.986190870177546E-01  9.986242576725911E-01
  9.985663886005511E-01  9.985716513871830E-01  9.985769057146080E-01
  9.985190565508055E-01  9.985244042149519E-01  9.985297433888105E-01
  9.986308219678568E-01  9.986359336560321E-01  9.986410369927898E-01
  9.985841499643957E-01  9.985893440645228E-01  9.985945297798667E-01
  9.985376651641916E-01  9.985429428288023E-01  9.985482120758804E-01
  9.986478512308987E-01  9.986528958197695E-01  9.986579321316795E-01
  9.986020287490154E-01  9.986071544849022E-01  9.986122719089959E-01
  9.985563933145932E-01  9.985616013296554E-01  9.985668009986510E-01
  9.986649963801046E-01  9.986699741755922E-01  9.986749437670146E-01
  9.986200254968713E-01  9.986250832017701E-01  9.986301326662835E-01
  9.985752414312605E-01  9.985803801575477E-01  9.985855106076508E-01
  9.986822580628524E-01  9.986871693820550E-01  9.986920725685148E-01
  9.986381407405611E-01  9.986431307593807E-01  9.986481126076635E-01
  9.985942099323033E-01  9.985992797426383E-01  9.986043413451490E-01
  9.986996369183656E-01  9.987044820894697E-01  9.987093191976372E-01
  9.986563750048081E-01  9.986612976930077E-01  9.986662122791740E-01
  9.986132992280837E-01  9.986183005052452E-01  9.986232936417874E-01
  9.987171335823352E-01  9.987219129438872E-01  9.987266843109168E-01
  9.986747288213604E-01  9.986795845431685E-01  9.986844322302606E-01
  9.986325097457319E-01  9.986374428796354E-01  9.986423679391592E-01
  9.987347486960528E-01  9.987394625960384E-01  9.987441685686218E-01
  9.986932027407606E-01  9.986979918687326E-01  9.987027730280690E-01
  9.986518419438498E-01  9.986567073315789E-01  9.986615647099973E-01
  9.987524829119308E-01  9.987571317073971E-01  9.987617726413063E-01
  9.987117973288531E-01  9.987165202448510E-01  9.987212352569462E-01
  9.986712963012858E-01  9.986760943494387E-01  9.986808844519270E-01
  9.987703368906509E-01  9.987749209478853E-01  9.987794972081254E-01
  9.987305131561287E-01  9.987351702518459E-01  9.987398195071031E-01
  9.986908733004092E-01  9.986956044260057E-01  9.987003276682714E-01
  9.987883112941838E-01  9.987928309887413E-01  9.987973429496332E-01
  9.987493507965070E-01  9.987539424724007E-01  9.987585263701969E-01
  9.987105734316309E-01  9.987152380599961E-01  9.987198948664163E-01
  9.988064067865982E-01  9.988108625027388E-01  9.988153105474070E-01
  9.987683108399456E-01  9.987728375037257E-01  9.987773564508207E-01
  9.987303972150355E-01  9.987349957773630E-01  9.987395865783487E-01
  9.988246240489521E-01  9.988290161788682E-01  9.988334006984398E-01
  9.987873939087025E-01  9.987918559750883E-01  9.987963103851887E-01
  9.987503452121230E-01  9.987548781457692E-01  9.987594033777032E-01
  9.988429638046351E-01  9.988472927481092E-01  9.988516141413027E-01
  9.988066006680474E-01  9.988109985596766E-01  9.988153888543059E-01
  9.987704180174826E-01  9.987748857681199E-01  9.987793458755000E-01
  9.988614268386216E-01  9.988656930031711E-01  9.988699516764270E-01
  9.988259318301123E-01  9.988302659779416E-01  9.988345925870000E-01
  9.987906162502705E-01  9.987950192725091E-01  9.987994147088989E-01
  9.988800139911264E-01  9.988842177921605E-01  9.988884141598546E-01
  9.988453881479911E-01  9.988496589904367E-01  9.988539223514651E-01
  9.988109405638563E-01  9.988152793192746E-01  9.988196105455275E-01
  9.988987261125731E-01  9.989028679732982E-01  9.989070024576887E-01
  9.988649703903177E-01  9.988691783723179E-01  9.988733789294746E-01
  9.988313916612825E-01  9.988356666165312E-01  9.988399340986849E-01
  9.989175639939437E-01  9.989216443452412E-01  9.989257173763192E-01
  9.988846792990184E-01  9.988888248723240E-01  9.988929630765087E-01
  9.988519702902041E-01  9.988561819176827E-01  9.988603861273282E-01
  9.989365283255905E-01  9.989405476060197E-01  9.989445596214589E-01
  9.989045155685220E-01  9.989085991926518E-01  9.989126755024506E-01
  9.988726772185289E-01  9.988768259984522E-01  9.988809674148292E-01
  9.989556197611571E-01  9.989595784166986E-01  9.989635298615935E-01
  9.989244799066616E-01  9.989285020487990E-01  9.989325169305326E-01
  9.988935132281390E-01  9.988975996488988E-01  9.989016787595609E-01
  9.989748391278241E-01  9.989787376109085E-01  9.989826289368564E-01
  9.989445732006356E-01  9.989485343340119E-01  9.989524882602178E-01
  9.989144791595045E-01  9.989185037156701E-01  9.989225210146327E-01
  9.989941877152601E-01  9.989980264834369E-01  9.990018581472357E-01
  9.989647967164992E-01  9.989686973188723E-01  9.989725907666906E-01
  9.989355759925874E-01  9.989395391831686E-01  9.989434951689621E-01
  9.990136674461795E-01  9.990174469615978E-01  9.990212194246941E-01
  9.989851521709542E-01  9.989889927249158E-01  9.989928261762541E-01
  9.989568049043164E-01  9.989607072334966E-01  9.989646024096431E-01
  9.990332806798240E-01  9.990370014103955E-01  9.990407151399985E-01
  9.990056415133738E-01  9.990094225082928E-01  9.990131964517698E-01
  9.989781672396135E-01  9.989820092188421E-01  9.989858440960026E-01
  9.990530295406004E-01  9.990566919624440E-01  9.990603474339709E-01
  9.990262663911765E-01  9.990299883250485E-01  9.990337032579852E-01
  9.989996643707643E-01  9.990034465195488E-01  9.990072216165883E-01
  9.990729149659591E-01  9.990765195654709E-01  9.990801172646708E-01
  9.990470275090479E-01  9.990506908890241E-01  9.990543473180539E-01
  9.990212974778353E-01  9.990250203226875E-01  9.990287361657265E-01
  9.990929360984658E-01  9.990964833728135E-01  9.991000237962917E-01
  9.990679243348453E-01  9.990715296766900E-01  9.990751281171307E-01
  9.990430673461583E-01  9.990467314196790E-01  9.990503885409846E-01
  9.991130907426681E-01  9.991165811977503E-01  9.991200648509022E-01
  9.990889556600601E-01  9.990925034871665E-01  9.990960444619175E-01
  9.990649743206734E-01  9.990685801621868E-01  9.990721791005944E-01
  9.991333776344403E-01  9.991368117830356E-01  9.991402391781479E-01
  9.991101212623867E-01  9.991136121046977E-01  9.991170961431712E-01
  9.990870185429598E-01  9.990905666995810E-01  9.990941080016329E-01
  9.991537996134470E-01  9.991571779706536E-01  9.991605496223571E-01
  9.991314240067254E-01  9.991348583993431E-01  9.991382860361945E-01
  9.991092005548663E-01  9.991126915812217E-01  9.991161758011256E-01
  9.991743659027861E-01  9.991776889919078E-01  9.991810054230684E-01
  9.991528703903892E-01  9.991562488741672E-01  9.991596206499418E-01
  9.991315227760317E-01  9.991349572329837E-01  9.991383849314138E-01
  9.991950845011019E-01  9.991983528327524E-01  9.992016145537285E-01
  9.991744655952860E-01  9.991777887175640E-01  9.991811051793130E-01
  9.991539942979529E-01  9.991573727515356E-01  9.991607444943010E-01
