  3.444391703679589E+00  3.438210743905664E+00  3.432027062639965E+00

  9.959626772704877E-01  9.959785934828178E-01  9.959944808088209E-01
  9.959618784529394E-01  9.959777978453831E-01  9.959936883457714E-01
  9.959614789480847E-01  9.959773999309678E-01  9.959932920189308E-01
  9.959614789480847E-01  9.959773999309678E-01  9.959932920189308E-01
  9.959618784529394E-01  9.959777978453831E-01  9.959936883457714E-01
  9.959626772704877E-01  9.959785934828178E-01  9.959944808088209E-01
  9.959638750166653E-01  9.959797864607367E-01  9.959956690270702E-01
  9.959654711159506E-01  9.959813762059088E-01  9.959972524295756E-01
  9.959674648019222E-01  9.959833619549643E-01  9.959992302560129E-01
  9.959698551182440E-01  9.959857427553744E-01  9.960016015576546E-01
  9.959726409195979E-01  9.959885174663810E-01  9.960043651982942E-01
  9.959758208730526E-01  9.959916847603592E-01  9.960075198556044E-01
  9.959793934596101E-01  9.959952431243585E-01  9.960110640226720E-01
  9.959833569757555E-01  9.959991908616468E-01  9.960149960095356E-01
  9.959877095354509E-01  9.960035260936956E-01  9.960193139451635E-01
  9.959924490721965E-01  9.960082467622324E-01  9.960240157794957E-01
  9.959975733413272E-01  9.960133506315297E-01  9.960290992857275E-01
  9.960030799225270E-01  9.960188352909090E-01  9.960345620628008E-01
  9.960089662223536E-01  9.960246981572547E-01  9.960404015379095E-01
  9.960152294772269E-01  9.960309364779911E-01  9.960466149694629E-01
  9.960218667563606E-01  9.960375473340031E-01  9.960531994499967E-01
  9.960288749649442E-01  9.960445276428035E-01  9.960601519093266E-01
  9.960362508474574E-01  9.960518741618379E-01  9.960674691178408E-01
  9.960439909912332E-01  9.960595834920305E-01  9.960751476900314E-01
  9.960520918300525E-01  9.960676520813648E-01  9.960831840880600E-01
  9.960605496478626E-01  9.960760762285888E-01  9.960915746254501E-01
  9.960693605828486E-01  9.960848520872699E-01  9.961003154711242E-01
  9.960785206312988E-01  9.960939756696440E-01  9.961094026532381E-01
  9.960880256519306E-01  9.961034428509253E-01  9.961188320634748E-01
  9.960978713699832E-01  9.961132493733816E-01  9.961285994611009E-01
  9.961080533817793E-01  9.961233908508799E-01  9.961387004774969E-01
  9.961185671590399E-01  9.961338627731815E-01  9.961491306204336E-01
  9.961294080535289E-01  9.961446605105705E-01  9.961598852786830E-01
  9.961405713017634E-01  9.961557793185443E-01  9.961709597266897E-01
  9.961520520295531E-01  9.961672143423349E-01  9.961823491290744E-01
  9.961638452569258E-01  9.961789606218154E-01  9.961940485455208E-01
  9.961759459028857E-01  9.961910130962395E-01  9.962060529354965E-01
  9.961883487903566E-01  9.962033666091628E-01  9.962183571631539E-01
  9.962010486510470E-01  9.962160159132932E-01  9.962309560021628E-01
  9.962140401304554E-01  9.962289556754724E-01  9.962438441406712E-01
  9.962273177928211E-01  9.962421804816081E-01  9.962570161862172E-01
  9.962408761261519E-01  9.962556848416821E-01  9.962704666707186E-01
  9.962547095471620E-01  9.962694631946689E-01  9.962841900553706E-01
  9.962688124064070E-01  9.962835099136493E-01  9.962981807357401E-01
  9.962831789931728E-01  9.962978193106801E-01  9.963124330466151E-01
  9.962978035405343E-01  9.963123856418341E-01  9.963269412670256E-01
  9.963126802303016E-01  9.963272031121247E-01  9.963416996251478E-01
  9.963278031979620E-01  9.963422658804292E-01  9.963567023032078E-01
  9.963431665376503E-01  9.963575680644395E-01  9.963719434424134E-01
  9.963587643068925E-01  9.963731037453865E-01  9.963874171476583E-01
  9.963745905315730E-01  9.963888669729877E-01  9.964031174924510E-01
  9.963906392105822E-01  9.964048517700762E-01  9.964190385235255E-01
  9.964069043206899E-01  9.964210521374548E-01  9.964351742656747E-01
  9.964233798210390E-01  9.964374620583718E-01  9.964515187262103E-01
  9.964400596578207E-01  9.964540755031777E-01  9.964680658995992E-01
  9.964569377687310E-01  9.964708864337639E-01  9.964848097718852E-01
  9.964740080875021E-01  9.964878888080759E-01  9.965017443251839E-01
  9.964912645481271E-01  9.965050765843211E-01  9.965188635418737E-01
  9.965087010891380E-01  9.965224437252294E-01  9.965361614088407E-01
  9.965263116578981E-01  9.965399842023293E-01  9.965536319217346E-01
  9.965440902145356E-01  9.965576919998658E-01  9.965712690888744E-01
  9.965620307360024E-01  9.965755611188420E-01  9.965890669352718E-01
  9.965801272198952E-01  9.965935855808258E-01  9.966070195064225E-01
  9.965983736882513E-01  9.966117594317299E-01  9.966251208720727E-01
  9.966167641912375E-01  9.966300767454871E-01  9.966433651298776E-01
  9.966352928106355E-01  9.966485316275198E-01  9.966617464088589E-01
  9.966539536633983E-01  9.966671182182839E-01  9.966802588729331E-01
  9.966727409047951E-01  9.966858306964009E-01  9.966988967240310E-01
  9.966916487318576E-01  9.967046632820890E-01  9.967176542055169E-01
  9.967106713862399E-01  9.967236102400137E-01  9.967365256050257E-01
  9.967298031573452E-01  9.967426658823992E-01  9.967555052575616E-01
  9.967490383851991E-01  9.967618245718936E-01  9.967745875483536E-01
  9.967683714630882E-01  9.967810807241932E-01  9.967937669154686E-01
  9.967877968402896E-01  9.968004288107648E-01  9.968130378525211E-01
  9.968073090244810E-01  9.968198633612420E-01  9.968323949110622E-01
  9.968269025841682E-01  9.968393789658470E-01  9.968518327029905E-01
  9.968465721509884E-01  9.968589702776811E-01  9.968713459028324E-01
  9.968663124217618E-01  9.968786320147711E-01  9.968909292497825E-01
  9.968861181606207E-01  9.968983589621869E-01  9.969105775498104E-01
  9.969059842008806E-01  9.969181459739073E-01  9.969302856775201E-01
  9.969259054468165E-01  9.969379879745881E-01  9.969500485779111E-01
  9.969458768753591E-01  9.969578799612514E-01  9.969698612680601E-01
  9.969658935376752E-01  9.969778170048597E-01  9.969897188386888E-01
  9.969859505605824E-01  9.969977942517255E-01  9.970096164555691E-01
  9.970060431479283E-01  9.970178069248835E-01  9.970295493608868E-01
  9.970261665818699E-01  9.970378503253655E-01  9.970495128745145E-01
  9.970463162239049E-01  9.970579198332286E-01  9.970695023950337E-01
  9.970664875159462E-01  9.970780109086227E-01  9.970895134007983E-01
  9.970866759812865E-01  9.970981190927547E-01  9.971095414508954E-01
  9.971068772253263E-01  9.971182400086095E-01  9.971295821858622E-01
  9.971270869363712E-01  9.971383693617472E-01  9.971496313284808E-01
  9.971473008861981E-01  9.971585029408647E-01  9.971696846843372E-01
  9.971675149307156E-01  9.971786366184547E-01  9.971897381424772E-01
  9.971877250102027E-01  9.971987663510437E-01  9.972097876756436E-01
  9.972079271498802E-01  9.972188881797595E-01  9.972298293408423E-01
  9.972281174599749E-01  9.972389982303963E-01  9.972498592794053E-01
  9.972482921360307E-01  9.972590927137234E-01  9.972698737172988E-01
  9.972684474590567E-01  9.972791679256338E-01  9.972898689652714E-01
  9.972885797954074E-01  9.972992202470233E-01  9.973098414187336E-01
  9.973086855968220E-01  9.973192461438320E-01  9.973297875577988E-01
  9.973287614002740E-01  9.973392421668914E-01  9.973497039471306E-01
  9.973488038278326E-01  9.973592049517875E-01  9.973695872358063E-01
  9.973688095863268E-01  9.973791312185278E-01  9.973894341569867E-01
  9.973887754670627E-01  9.973990177712575E-01  9.974092415276314E-01
  9.974086983454529E-01  9.974188614978904E-01  9.974290062481322E-01
  9.974285751805049E-01  9.974386593696004E-01  9.974487253018057E-01
  9.974484030143997E-01  9.974584084404017E-01  9.974683957544770E-01
  9.974681789718760E-01  9.974781058465344E-01  9.974880147538652E-01
  9.974879002596436E-01  9.974977488058794E-01  9.975075795290016E-01
  9.975075641658107E-01  9.975173346173872E-01  9.975270873896582E-01
  9.975271680590253E-01  9.975368606602246E-01  9.975465357254996E-01
  9.975467093879278E-01  9.975563243932403E-01  9.975659220055603E-01
  9.975661856800180E-01  9.975757233538491E-01  9.975852437771481E-01
  9.975855945408152E-01  9.975950551571929E-01  9.976044986650061E-01
  9.976049336528288E-01  9.976143174950756E-01  9.976236843702196E-01
  9.976242007752038E-01  9.976335081355759E-01  9.976427986697909E-01
  9.976433937429499E-01  9.976526249223088E-01  9.976618394159198E-01
  9.976625104658257E-01  9.976716657734527E-01  9.976808045351642E-01
  9.976815489256217E-01  9.976906286791710E-01  9.976996920260128E-01
  9.977005071735314E-01  9.977095116988597E-01  9.977184999560552E-01
  9.977193833302799E-01  9.977283129607575E-01  9.977372264611141E-01
  9.977381755909993E-01  9.977470306663075E-01  9.977558697490483E-01
  9.977568822307096E-01  9.977656630960302E-01  9.977744281058579E-01
  9.977755016002293E-01  9.977842086072354E-01  9.977928998950467E-01
  9.977940321047160E-01  9.978026656146114E-01  9.978112835403675E-01
  9.978124721754381E-01  9.978210325613742E-01  9.978295774968443E-01
  9.978308202684247E-01  9.978393079124315E-01  9.978477802390304E-01
  9.978490749233054E-01  9.978574902053567E-01  9.978658903040397E-01
  9.978672348666489E-01  9.978755781518788E-01  9.978839063898952E-01
  9.978852990667991E-01  9.978935707056922E-01  9.979018274343160E-01
  9.979032666133784E-01  9.979114669681061E-01  9.979196525456393E-01
  9.979211363868719E-01  9.979292658777779E-01  9.979373807149869E-01
  9.979389067018598E-01  9.979469658389798E-01  9.979550104351255E-01
  9.979565753108766E-01  9.979645646594517E-01  9.979725395780623E-01
  9.979741401360736E-01  9.979820601854967E-01  9.979899659345468E-01
  9.979916007459650E-01  9.979994517087337E-01  9.980072885439298E-01
  9.980089600601386E-01  9.980167416885544E-01  9.980245094218018E-01
  9.980262254121508E-01  9.980339369383281E-01  9.980416348585877E-01
  9.980434082549895E-01  9.980510485095542E-01  9.980586754807862E-01
  9.980605224518846E-01  9.980680901224990E-01  9.980756448312816E-01
  9.980775818696872E-01  9.980850757832395E-01  9.980925570257255E-01
  9.980945983556989E-01  9.981020176608519E-01  9.981094245419657E-01
  9.981115808897816E-01  9.981189250829369E-01  9.981262570604474E-01
  9.981285359779719E-01  9.981358048065784E-01  9.981430616043990E-01
  9.981454687085620E-01  9.981526620393651E-01  9.981598435149505E-01
  9.981623837238995E-01  9.981695014530795E-01  9.981766075002217E-01
  9.981792856743730E-01  9.981863277040328E-01  9.981933582222652E-01
  9.981961791862005E-01  9.982031454433360E-01  9.982101003540786E-01
  9.982130686448453E-01  9.982199591047773E-01  9.982268383758411E-01
  9.982299580620068E-01  9.982367727546626E-01  9.982435764087660E-01
  9.982468511007582E-01  9.982535901012216E-01  9.982603182077541E-01
  9.982637511830842E-01  9.982704145984834E-01  9.982770672602189E-01
  9.982806615812526E-01  9.982872495427383E-01  9.982938268870595E-01
  9.982975854545705E-01  9.983040981153010E-01  9.983106002916404E-01
  9.983145258486439E-01  9.983209633843869E-01  9.983273905647162E-01
  9.983314856889265E-01  9.983378482981430E-01  9.983442006772082E-01
  9.983484677855156E-01  9.983547556878550E-01  9.983610334818481E-01
  9.983654748502140E-01  9.983716882839890E-01  9.983778917280769E-01
  9.983825095167985E-01  9.983886487366611E-01  9.983947780825733E-01
  9.983995743552521E-01  9.984056396309516E-01  9.984116951455969E-01
  9.984166718766181E-01  9.984226634926591E-01  9.984286454577349E-01
  9.984338045344172E-01  9.984397227896429E-01  9.984456315012872E-01
  9.984509747299993E-01  9.984568199364252E-01  9.984626557041343E-01
  9.984681848234053E-01  9.984739573047190E-01  9.984797204498230E-01
  9.984854371436288E-01  9.984911372342796E-01  9.984968280889230E-01
  9.985027339921627E-01  9.985083620372449E-01  9.985139809442094E-01
  9.985200776430345E-01  9.985256339982057E-01  9.985311813108856E-01
  9.985374703455416E-01  9.985429553762831E-01  9.985484314580331E-01
  9.985549143322290E-01  9.985603284127273E-01  9.985657336357446E-01
  9.985724118267228E-01  9.985777553391684E-01  9.985830900837120E-01
  9.985899650463478E-01  9.985952383808634E-01  9.986005030351339E-01
  9.986075762020090E-01  9.986127797565987E-01  9.986179747167218E-01
  9.986252475006778E-01  9.986303816806815E-01  9.986355073502133E-01
  9.986429811517464E-01  9.986480463690882E-01  9.986531031582457E-01
  9.986607793719996E-01  9.986657760448701E-01  9.986707643701443E-01
  9.986786443866853E-01  9.986835729396940E-01  9.986884932239863E-01
  9.986965784290014E-01  9.987014392931879E-01  9.987062919658795E-01
  9.987145837440071E-01  9.987193773563138E-01  9.987241628527967E-01
  9.987326625963800E-01  9.987373893989655E-01  9.987421081599342E-01
  9.987508172752820E-01  9.987554777152925E-01  9.987601301864487E-01
  9.987690500917824E-01  9.987736446215874E-01  9.987782312538537E-01
  9.987873633727395E-01  9.987918924500441E-01  9.987964136997232E-01
  9.988057594606483E-01  9.988102235481163E-01  9.988146798765556E-01
  9.988242407261336E-01  9.988286402908401E-01  9.988330321638585E-01
  9.988428095899520E-01  9.988471451031857E-01  9.988514729908190E-01
  9.988614685421430E-01  9.988657404796025E-01  9.988700048562894E-01
  9.988802201395655E-01  9.988844289815680E-01  9.988886303264061E-01
  9.988990669685405E-01  9.989032132000475E-01  9.989073519968534E-01
  9.989180115811216E-01  9.989220956917786E-01  9.989261724291059E-01
  9.989370564505387E-01  9.989410789348316E-01  9.989450941060817E-01
  9.989562040161939E-01  9.989601653733587E-01  9.989641194766891E-01
  9.989754568638112E-01  9.989793575970761E-01  9.989832511346869E-01
  9.989948179915974E-01  9.989986586070539E-01  9.990024920840846E-01
  9.990142909931923E-01  9.990180719993331E-01  9.990218459233710E-01
  9.990338799265288E-01  9.990376018352604E-01  9.990413167173126E-01
  9.990535887439687E-01  9.990572520728419E-01  9.990609084295687E-01
  9.990734204194526E-01  9.990770256937122E-01  9.990806240495208E-01
  9.990933763005011E-01  9.990969240538951E-01  9.991004649417742E-01
  9.991134563606059E-01  9.991169471338909E-01  9.991204310938980E-01
  9.991336610684206E-01  9.991370954080032E-01  9.991405229858629E-01
  9.991539942979529E-01  9.991573727515356E-01  9.991607444943010E-01
  9.991744655952860E-01  9.991777887175640E-01  9.991811051793130E-01
  9.991950845011019E-01  9.991983528327524E-01  9.992016145537285E-01
  9.958131464744889E-01  9.958294372024868E-01  9.958456988441537E-01
  9.958123163012697E-01  9.958286102999093E-01  9.958448752064206E-01
  9.958119011142171E-01  9.958281967485731E-01  9.958444632879018E-01
  9.958119011142171E-01  9.958281967485731E-01  9.958444632879018E-01
  9.958123163012697E-01  9.958286102999093E-01  9.958448752064206E-01
  9.958131464744889E-01  9.958294372024868E-01  9.958456988441537E-01
  9.958143912323595E-01  9.958306770563726E-01  9.958469338027468E-01
  9.958160499731715E-01  9.958323292622264E-01  9.958485794852262E-01
  9.958181218956978E-01  9.958343930219778E-01  9.958506350966722E-01
  9.958206060001187E-01  9.958368673397456E-01  9.958530996451356E-01
  9.958235010891182E-01  9.958397510229310E-01  9.958559719427267E-01
  9.958268057692645E-01  9.958430426835914E-01  9.958592506069835E-01
  9.958305184525740E-01  9.958467407399990E-01  9.958629340624234E-01
  9.958346373582770E-01  9.958508434184007E-01  9.958670205422966E-01
  9.958391605148237E-01  9.958553487550135E-01  9.958715080905755E-01
  9.958440857620808E-01  9.958602545982154E-01  9.958763945641343E-01
  9.958494107537412E-01  9.958655586109435E-01  9.958816776351389E-01
  9.958551329599341E-01  9.958712582732955E-01  9.958873547936384E-01
  9.958612496699871E-01  9.958773508852801E-01  9.958934233503047E-01
  9.958677579954474E-01  9.958838335698260E-01  9.958998804394292E-01
  9.958746548732249E-01  9.958907032759144E-01  9.959067230220432E-01
  9.958819370689379E-01  9.958979567819094E-01  9.959139478892357E-01
  9.958896011804154E-01  9.959055906990485E-01  9.959215516656291E-01
  9.958976436413838E-01  9.959136014751133E-01  9.959295308130377E-01
  9.959060607252831E-01  9.959219853982320E-01  9.959378816342521E-01
  9.959148485492355E-01  9.959307386008316E-01  9.959466002769782E-01
  9.959240030781843E-01  9.959398570637613E-01  9.959556827379445E-01
  9.959335201291130E-01  9.959493366204946E-01  9.959651248670864E-01
  9.959433953754520E-01  9.959591729615190E-01  9.959749223719195E-01
  9.959536243515288E-01  9.959693616387681E-01  9.959850708219539E-01
  9.959642024572110E-01  9.959798980702479E-01  9.959955656533021E-01
  9.959751249625611E-01  9.959907775446715E-01  9.960064021732969E-01
  9.959863870126735E-01  9.960019952262782E-01  9.960175755652901E-01
  9.959979836325404E-01  9.960135461596805E-01  9.960290808934810E-01
  9.960099097319858E-01  9.960254252747786E-01  9.960409131078111E-01
  9.960221601107045E-01  9.960376273917789E-01  9.960530670489640E-01
  9.960347294633258E-01  9.960501472262387E-01  9.960655374533890E-01
  9.960476123845607E-01  9.960629793941923E-01  9.960783189584075E-01
  9.960608033743588E-01  9.960761184172892E-01  9.960914061073316E-01
  9.960742968431198E-01  9.960895587279837E-01  9.961047933546326E-01
  9.960880871169175E-01  9.961032946747393E-01  9.961184750711251E-01
  9.961021684427481E-01  9.961173205272553E-01  9.961324455491725E-01
  9.961165349937783E-01  9.961316304816952E-01  9.961466990078957E-01
  9.961311808746202E-01  9.961462186659407E-01  9.961612295984067E-01
  9.961461001265669E-01  9.961610791448068E-01  9.961760314090009E-01
  9.961612867328301E-01  9.961762059252589E-01  9.961910984703563E-01
  9.961767346237573E-01  9.961915929616082E-01  9.962064247607078E-01
  9.961924376820135E-01  9.962072341606748E-01  9.962220042109883E-01
  9.962083897477386E-01  9.962231233869245E-01  9.962378307099468E-01
  9.962245846236248E-01  9.962392544675249E-01  9.962538981091845E-01
  9.962410160800029E-01  9.962556211974127E-01  9.962702002282017E-01
  9.962576778598217E-01  9.962722173442534E-01  9.962867308593377E-01
  9.962745636836153E-01  9.962890366533894E-01  9.963034837726995E-01
  9.962916672543388E-01  9.963060728526552E-01  9.963204527209585E-01
  9.963089822621876E-01  9.963233196571797E-01  9.963376314441331E-01
  9.963265023893078E-01  9.963407707740761E-01  9.963550136742609E-01
  9.963442213144392E-01  9.963584199070682E-01  9.963725931400053E-01
  9.963621327174541E-01  9.963762607610097E-01  9.963903635711583E-01
  9.963802302838048E-01  9.963942870463157E-01  9.964083187030538E-01
  9.963985077089019E-01  9.964124924833222E-01  9.964264522809100E-01
  9.964169587023561E-01  9.964308708065125E-01  9.964447580640388E-01
  9.964355769921330E-01  9.964494157686545E-01  9.964632298299672E-01
  9.964543563285962E-01  9.964681211448286E-01  9.964818613784484E-01
  9.964732904884407E-01  9.964869807363445E-01  9.965006465353639E-01
  9.964923732785198E-01  9.965059883745541E-01  9.965195791565210E-01
  9.965115985395394E-01  9.965251379245298E-01  9.965386531313163E-01
  9.965309601496606E-01  9.965444232886551E-01  9.965578623863111E-01
  9.965504520279431E-01  9.965638384100513E-01  9.965772008886470E-01
  9.965700681377196E-01  9.965833772759408E-01  9.965966626493936E-01
  9.965898024897805E-01  9.966030339208178E-01  9.966162417267074E-01
  9.966096491454982E-01  9.966228024295618E-01  9.966359322289311E-01
  9.966296022198108E-01  9.966426769404063E-01  9.966557283175546E-01
  9.966496558840499E-01  9.966626516477596E-01  9.966756242100203E-01
  9.966698043686701E-01  9.966827208049199E-01  9.966956141824298E-01
  9.966900419658427E-01  9.967028787266601E-01  9.967156925721168E-01
  9.967103630319296E-01  9.967231197916916E-01  9.967358537801024E-01
  9.967307619898313E-01  9.967434384450031E-01  9.967560922734237E-01
  9.967512333312073E-01  9.967638292000719E-01  9.967764025873365E-01
  9.967717716185724E-01  9.967842866409511E-01  9.967967793273939E-01
  9.967923714872806E-01  9.968048054242472E-01  9.968172171714162E-01
  9.968130276473649E-01  9.968253802809512E-01  9.968377108713148E-01
  9.968337348852709E-01  9.968460060181655E-01  9.968582552548111E-01
  9.968544880654713E-01  9.968666775207119E-01  9.968788452270395E-01
  9.968752821319629E-01  9.968873897526228E-01  9.968994757720315E-01
  9.968961121096381E-01  9.969081377585065E-01  9.969201419540759E-01
  9.969169731055727E-01  9.969289166648307E-01  9.969408389189958E-01
  9.969378603101539E-01  9.969497216810448E-01  9.969615618952695E-01
  9.969587689981310E-01  9.969705481006279E-01  9.969823061950702E-01
  9.969796945295639E-01  9.969913913020316E-01  9.970030672152088E-01
  9.970006323506317E-01  9.970122467494865E-01  9.970238404379337E-01
  9.970215779943752E-01  9.970331099937406E-01  9.970446214316683E-01
  9.970425270813169E-01  9.970539766726788E-01  9.970654058516262E-01
  9.970634753200127E-01  9.970748425118691E-01  9.970861894403578E-01
  9.970844185074469E-01  9.970957033249584E-01  9.971069680281416E-01
  9.971053525294141E-01  9.971165550140524E-01  9.971277375333636E-01
  9.971262733607280E-01  9.971373935699228E-01  9.971484939627243E-01
  9.971471770654274E-01  9.971582150722125E-01  9.971692334114413E-01
  9.971680597968487E-01  9.971790156895076E-01  9.971899520633227E-01
  9.971889177976099E-01  9.971997916793216E-01  9.972106461907502E-01
  9.972097473995414E-01  9.972205393880273E-01  9.972313121546106E-01
  9.972305450235318E-01  9.972412552507014E-01  9.972519464041423E-01
  9.972513071793069E-01  9.972619357909039E-01  9.972725454767145E-01
  9.972720304651169E-01  9.972825776203702E-01  9.972931059975215E-01
  9.972927115673892E-01  9.973031774386603E-01  9.973136246792317E-01
  9.973133472602920E-01  9.973237320327268E-01  9.973340983215581E-01
  9.973339344052445E-01  9.973442382764267E-01  9.973545238107715E-01
  9.973544699503689E-01  9.973646931299762E-01  9.973748981191594E-01
  9.973749509298754E-01  9.973850936393359E-01  9.973952183044111E-01
  9.973953744634387E-01  9.974054369355866E-01  9.974154815089918E-01
  9.974157377555338E-01  9.974257202342673E-01  9.974356849594844E-01
  9.974360380946491E-01  9.974459408346091E-01  9.974558259658378E-01
  9.974562728523334E-01  9.974660961186079E-01  9.974759019204698E-01
  9.974764394820113E-01  9.974861835498460E-01  9.974959102970969E-01
  9.974965355180450E-01  9.975062006725071E-01  9.975158486497117E-01
  9.975165585752833E-01  9.975261451108443E-01  9.975357146119675E-01
  9.975365063489814E-01  9.975460145691144E-01  9.975555058971092E-01
  9.975563766136673E-01  9.975658068306614E-01  9.975752202972450E-01
  9.975761672197687E-01  9.975855197548323E-01  9.975948556805663E-01
  9.975958760891693E-01  9.976051512724627E-01  9.976144099868313E-01
  9.976155012145644E-01  9.976246993844358E-01  9.976338812252163E-01
  9.976350406671640E-01  9.976441621683305E-01  9.976532674798740E-01
  9.976544926084969E-01  9.976635377904337E-01  9.976725669218983E-01
  9.976738552893939E-01  9.976828245074528E-01  9.976917778134636E-01
  9.976931270191315E-01  9.977020206395603E-01  9.977108984848370E-01
  9.977123061150784E-01  9.977211245203006E-01  9.977299272853075E-01
  9.977313908863379E-01  9.977401344721825E-01  9.977488625518045E-01
  9.977503797157014E-01  9.977590488748157E-01  9.977677026633699E-01
  9.977692712335293E-01  9.977778663326192E-01  9.977864462007797E-01
  9.977880644417885E-01  9.977965858167686E-01  9.978050921029693E-01
  9.978067585661794E-01  9.978152065600701E-01  9.978236396026877E-01
  9.978253525405411E-01  9.978337275795488E-01  9.978420877904152E-01
  9.978438443835539E-01  9.978521470373157E-01  9.978604349683062E-01
  9.978622310915958E-01  9.978704620332635E-01  9.978786783524144E-01
  9.978805096709829E-01  9.978886694840670E-01  9.978968148003154E-01
  9.978986793580679E-01  9.979067682329688E-01  9.979148427990632E-01
  9.979167441683088E-01  9.979247616355454E-01  9.979327650666464E-01
  9.979347143219982E-01  9.979426591962878E-01  9.979505903819501E-01
  9.979526054043479E-01  9.979604760199032E-01  9.979683333268069E-01
  9.979704353138562E-01  9.979782299633178E-01  9.979860116610347E-01
  9.979882203907092E-01  9.979959377527428E-01  9.980036424559399E-01
  9.980059726340946E-01  9.980136119833710E-01  9.980212388944745E-01
  9.980236992059762E-01  9.980312603399470E-01  9.980388092060412E-01
  9.980414039932977E-01  9.980488869793165E-01  9.980563578503361E-01
  9.980590898913695E-01  9.980664948162706E-01  9.980738877850409E-01
  9.980767603960791E-01  9.980840872484333E-01  9.980914023145778E-01
  9.980944199205833E-01  9.981016686151564E-01  9.981089056964458E-01
  9.981120732175406E-01  9.981192436816436E-01  9.981264026985055E-01
  9.981297246915406E-01  9.981368169270051E-01  9.981438978702641E-01
  9.981473781228871E-01  9.981543922115693E-01  9.981613951539878E-01
  9.981650368117411E-01  9.981719728859882E-01  9.981788979547261E-01
  9.981827038543172E-01  9.981895620682584E-01  9.981964094146728E-01
  9.982003823074747E-01  9.982071628268373E-01  9.982139326141186E-01
  9.982180751977771E-01  9.982247782039878E-01  9.982314706102431E-01
  9.982357854620711E-01  9.982424111589192E-01  9.982490263840260E-01
  9.982535159059780E-01  9.982600645218761E-01  9.982666027903582E-01
  9.982712692071081E-01  9.982777409925998E-01  9.982842025515712E-01
  9.982890479469213E-01  9.982954431701857E-01  9.983018282849259E-01
  9.983068546450840E-01  9.983131735883943E-01  9.983194825385633E-01
  9.983246917770385E-01  9.983309347358225E-01  9.983371678141955E-01
  9.983425617709876E-01  9.983487290548568E-01  9.983548865682447E-01
  9.983604669980649E-01  9.983665589314373E-01  9.983726412015000E-01
  9.983784097745941E-01  9.983844266952460E-01  9.983904340572879E-01
  9.983963923796154E-01  9.984023346361335E-01  9.984082674365449E-01
  9.984144170718777E-01  9.984202850223514E-01  9.984261436170561E-01
  9.984324860916124E-01  9.984382801042228E-01  9.984440648591230E-01
  9.984506016525866E-01  9.984563221063004E-01  9.984620333980904E-01
  9.984687659420116E-01  9.984744132256430E-01  9.984800514410688E-01
  9.984869811336685E-01  9.984925556439899E-01  9.984981211779455E-01
  9.985052494008096E-01  9.985107515417344E-01  9.985162447962487E-01
  9.985235729160090E-01  9.985290030993171E-01  9.985344244841853E-01
  9.985419538436870E-01  9.985473124895892E-01  9.985526624230843E-01
  9.985603943410969E-01  9.985656818772327E-01  9.985709607852745E-01
  9.985788965709201E-01  9.985841134306652E-01  9.985893217450760E-01
  9.985974627119178E-01  9.986026093338843E-01  9.986077474916830E-01
  9.986160949568164E-01  9.986211717857836E-01  9.986262402300299E-01
  9.986347955046112E-01  9.986398029921765E-01  9.986448021727676E-01
  9.986535665619984E-01  9.986585051657454E-01  9.986634355387428E-01
  9.986724103558284E-01  9.986772805379385E-01  9.986821425641330E-01
  9.986913291431030E-01  9.986961313700845E-01  9.987009255145552E-01
  9.987103252084126E-01  9.987150599520027E-01  9.987197866849704E-01
  9.987294008550939E-01  9.987340685927656E-01  9.987387283902422E-01
  9.987485584035717E-01  9.987531596177238E-01  9.987577529608284E-01
  9.987678002006978E-01  9.987723353774954E-01  9.987768627512243E-01
  9.987871286328106E-01  9.987915982620874E-01  9.987960601550567E-01
  9.988065461364536E-01  9.988109507125449E-01  9.988153476177944E-01
  9.988260552062294E-01  9.988303952283573E-01  9.988347276438663E-01
  9.988456583946832E-01  9.988499343663025E-01  9.988542027944397E-01
  9.988653582909226E-01  9.988695707190652E-01  9.988737756658573E-01
  9.988851574759904E-01  9.988893068716893E-01  9.988934488471084E-01
  9.989050584888718E-01  9.989091453681399E-01  9.989132248870751E-01
  9.989250638646094E-01  9.989290887484681E-01  9.989331063308842E-01
  9.989451762807787E-01  9.989491396939228E-01  9.989530958636046E-01
  9.989653987634559E-01  9.989693012329174E-01  9.989731965160561E-01
  9.989857348084579E-01  9.989895768637931E-01  9.989934117890532E-01
  9.990061882457736E-01  9.990099704207280E-01  9.990137455209169E-01
  9.990267627721141E-01  9.990304856064187E-01  9.990342014204011E-01
  9.990474612905560E-01  9.990511253308140E-01  9.990547824044643E-01
  9.990682854543034E-01  9.990718912540120E-01  9.990754901401654E-01
  9.990892359404535E-01  9.990927840594404E-01  9.990963253172330E-01
  9.991103138336345E-01  9.991138048370862E-01  9.991172890309941E-01
  9.991315227760317E-01  9.991349572329837E-01  9.991383849314138E-01
  9.991528703903892E-01  9.991562488741672E-01  9.991596206499418E-01
  9.991743659027861E-01  9.991776889919078E-01  9.991810054230684E-01
  9.956624249964567E-01  9.956790977225100E-01  9.956957411533830E-01
  9.956615627328870E-01  9.956782388231430E-01  9.956948856123480E-01
  9.956611314961256E-01  9.956778092688922E-01  9.956944577376720E-01
  9.956611314961256E-01  9.956778092688922E-01  9.956944577376720E-01
  9.956615627328870E-01  9.956782388231430E-01  9.956948856123480E-01
  9.956624249964567E-01  9.956790977225100E-01  9.956957411533830E-01
  9.956637178671784E-01  9.956803855489743E-01  9.956970239443925E-01
  9.956654407161603E-01  9.956821016760975E-01  9.956987333613873E-01
  9.956675927060009E-01  9.956842452697443E-01  9.957008685734934E-01
  9.956701727917336E-01  9.956868152890250E-01  9.957034285438908E-01
  9.956731797220187E-01  9.956898104874816E-01  9.957064120309951E-01
  9.956766120405650E-01  9.956932294145042E-01  9.957098175898688E-01
  9.956804680877765E-01  9.956970704169714E-01  9.957136435738539E-01
  9.956847460026300E-01  9.957013316411204E-01  9.957178881364365E-01
  9.956894437247715E-01  9.957060110346361E-01  9.957225492333269E-01
  9.956945589968356E-01  9.957111063489608E-01  9.957276246247602E-01
  9.957000893669714E-01  9.957166151418104E-01  9.957331118780035E-01
  9.957060321915853E-01  9.957225347799060E-01  9.957390083700761E-01
  9.957123846382721E-01  9.957288624418955E-01  9.957453112906602E-01
  9.957191436889620E-01  9.957355951214868E-01  9.957520176452220E-01
  9.957263061432411E-01  9.957427296307558E-01  9.957591242583064E-01
  9.957338686218760E-01  9.957502626036577E-01  9.957666277770353E-01
  9.957418275704913E-01  9.957581904996899E-01  9.957745246747556E-01
  9.957501792634398E-01  9.957665096077469E-01  9.957828112548802E-01
  9.957589198078217E-01  9.957752160501252E-01  9.957914836548765E-01
  9.957680451476729E-01  9.957843057866941E-01  9.958005378504201E-01
  9.957775510682789E-01  9.957937746191935E-01  9.958099696596791E-01
  9.957874332006512E-01  9.958036181956927E-01  9.958197747477516E-01
  9.957976870261203E-01  9.958138320151659E-01  9.958299486312261E-01
  9.958083078810622E-01  9.958244114322004E-01  9.958404866828707E-01
  9.958192909617191E-01  9.958353516617975E-01  9.958513841364154E-01
  9.958306313291532E-01  9.958466477843092E-01  9.958626360914689E-01
  9.958423239142778E-01  9.958582947504481E-01  9.958742375185099E-01
  9.958543635229846E-01  9.958702873863945E-01  9.958861832639746E-01
  9.958667448413406E-01  9.958826203989756E-01  9.958984680554145E-01
  9.958794624408625E-01  9.958952883809165E-01  9.959110865067281E-01
  9.958925107838537E-01  9.959082858161579E-01  9.959240331234575E-01
  9.959058842287827E-01  9.959216070852140E-01  9.959373023081249E-01
  9.959195770357193E-01  9.959352464705868E-01  9.959508883656271E-01
  9.959335833717926E-01  9.959491981622032E-01  9.959647855086503E-01
  9.959478973166809E-01  9.959634562628831E-01  9.959789878631174E-01
  9.959625128681108E-01  9.959780147938181E-01  9.959934894736455E-01
  9.959774239473795E-01  9.959928677000713E-01  9.960082843090234E-01
  9.959926244048604E-01  9.960080088560620E-01  9.960233662676758E-01
  9.960081080255144E-01  9.960234320710565E-01  9.960387291831326E-01
  9.960238685343761E-01  9.960391310946296E-01  9.960543668294686E-01
  9.960398996020227E-01  9.960550996221171E-01  9.960702729267351E-01
  9.960561948500007E-01  9.960713313000170E-01  9.960864411463400E-01
  9.960727478562248E-01  9.960878197313701E-01  9.961028651164072E-01
  9.960895521603278E-01  9.961045584810877E-01  9.961195384270838E-01
  9.961066012689437E-01  9.961215410812146E-01  9.961364546357816E-01
  9.961238886609591E-01  9.961387610361593E-01  9.961536072723880E-01
  9.961414077926742E-01  9.961562118278363E-01  9.961709898443878E-01
  9.961591521029026E-01  9.961738869207445E-01  9.961885958419213E-01
  9.961771150179861E-01  9.961917797669629E-01  9.962064187427613E-01
  9.961952899567346E-01  9.962098838110721E-01  9.962244520172140E-01
  9.962136703352678E-01  9.962281924949754E-01  9.962426891329220E-01
  9.962322495717723E-01  9.962466992626382E-01  9.962611235595860E-01
  9.962510210911569E-01  9.962653975647253E-01  9.962797487735819E-01
  9.962699783295861E-01  9.962842808631158E-01  9.962985582624596E-01
  9.962891147389545E-01  9.963033426353615E-01  9.963175455293830E-01
  9.963084237911924E-01  9.963225763789735E-01  9.963367040974002E-01
  9.963278989825062E-01  9.963419756156470E-01  9.963560275136516E-01
  9.963475338374662E-01  9.963615338953341E-01  9.963755093534263E-01
  9.963673219129952E-01  9.963812448002148E-01  9.963951432241180E-01
  9.963872568022314E-01  9.964011019485460E-01  9.964149227690584E-01
  9.964073321382541E-01  9.964210989983718E-01  9.964348416712132E-01
  9.964275415977062E-01  9.964412296511327E-01  9.964548936567764E-01
  9.964478789042635E-01  9.964614876551195E-01  9.964750724986120E-01
  9.964683378319902E-01  9.964818668088178E-01  9.964953720195830E-01
  9.964889122085543E-01  9.965023609641086E-01  9.965157860957419E-01
  9.965095959183224E-01  9.965229640293520E-01  9.965363086594000E-01
  9.965303829053167E-01  9.965436699723328E-01  9.965569337020627E-01
  9.965512671760343E-01  9.965644728230678E-01  9.965776552772251E-01
  9.965722428021383E-01  9.965853666764867E-01  9.965984675030420E-01
  9.965933039230218E-01  9.966063456949854E-01  9.966193645648720E-01
  9.966144447482340E-01  9.966274041108432E-01  9.966403407176840E-01
  9.966356595597731E-01  9.966485362285058E-01  9.966613902883317E-01
  9.966569427142581E-01  9.966697364267498E-01  9.966825076777093E-01
  9.966782886449627E-01  9.966909991607065E-01  9.967036873627672E-01
  9.966996918637251E-01  9.967123189637657E-01  9.967249238984081E-01
  9.967211469627277E-01  9.967336904493473E-01  9.967462119192518E-01
  9.967426486161497E-01  9.967551083125484E-01  9.967675461412754E-01
  9.967641915817164E-01  9.967765673316847E-01  9.967889213633484E-01
  9.967857707020884E-01  9.967980623696756E-01  9.968103324686123E-01
  9.968073809061750E-01  9.968195883753515E-01  9.968317744257830E-01
  9.968290172102992E-01  9.968411403846141E-01  9.968532422903058E-01
  9.968506747192634E-01  9.968627135214987E-01  9.968747312054140E-01
  9.968723486272907E-01  9.968843029991107E-01  9.968962364030606E-01
  9.968940342188628E-01  9.969059041204599E-01  9.969177532047501E-01
  9.969157268694565E-01  9.969275122791941E-01  9.969392770222687E-01
  9.969374220461574E-01  9.969491229602113E-01  9.969608033582945E-01
  9.969591153081993E-01  9.969707317401956E-01  9.969823278069297E-01
  9.969808023073725E-01  9.969923342880241E-01  9.970038460541069E-01
  9.970024787883603E-01  9.970139263651021E-01  9.970253538779231E-01
  9.970241405889672E-01  9.970355038255904E-01  9.970468471488647E-01
  9.970457836402634E-01  9.970570626165487E-01  9.970683218299523E-01
  9.970674039666426E-01  9.970785987779930E-01  9.970897739767952E-01
  9.970889976857938E-01  9.971001084428679E-01  9.971111997375655E-01
  9.971105610085877E-01  9.971215878369326E-01  9.971325953528833E-01
  9.971320902388846E-01  9.971430332785701E-01  9.971539571556276E-01
  9.971535817732776E-01  9.971644411785315E-01  9.971752815706807E-01
  9.971750321007391E-01  9.971858080395829E-01  9.971965651145771E-01
  9.971964378022348E-01  9.972071304561213E-01  9.972178043951200E-01
  9.972177955502394E-01  9.972284051136909E-01  9.972389961108991E-01
  9.972391021082022E-01  9.972496287884537E-01  9.972601370507644E-01
  9.972603543299364E-01  9.972707983465798E-01  9.972812240932205E-01
  9.972815491589587E-01  9.972919107435875E-01  9.973022542057651E-01
  9.973026836278287E-01  9.973129630236780E-01  9.973232244442201E-01
  9.973237548574559E-01  9.973339523190498E-01  9.973441319520506E-01
  9.973447600562358E-01  9.973548758490640E-01  9.973649739595577E-01
  9.973656965188691E-01  9.973757309191071E-01  9.973857477827832E-01
  9.973865616249760E-01  9.973965149192010E-01  9.974064508221276E-01
  9.974073528381463E-01  9.974172253229568E-01  9.974270805612179E-01
  9.974280677059546E-01  9.974378596874641E-01  9.974476345666649E-01
  9.974487038603056E-01  9.974584156536958E-01  9.974681104884920E-01
  9.974692590157956E-01  9.974788909452668E-01  9.974885060592521E-01
  9.974897309642732E-01  9.974992833634387E-01  9.975088190895072E-01
  9.975101175684781E-01  9.975195907804868E-01  9.975290474610564E-01
  9.975304167633253E-01  9.975398111395199E-01  9.975491891254208E-01
  9.975506265710591E-01  9.975599424680273E-01  9.975692421156734E-01
  9.975707451202289E-01  9.975799828977409E-01  9.975892045667316E-01
  9.975907706385575E-01  9.975999306625547E-01  9.976090747178687E-01
  9.976107013956449E-01  9.976197840472837E-01  9.976288508678017E-01
  9.976305356232371E-01  9.976395413065264E-01  9.976485312935651E-01
  9.976502715092707E-01  9.976592006433234E-01  9.976681142154481E-01
  9.976699073617318E-01  9.976787603507470E-01  9.976875979160764E-01
  9.976894418984119E-01  9.976982190968160E-01  9.977069810167537E-01
  9.977088743956622E-01  9.977175761105502E-01  9.977262626952237E-01
  9.977282043431676E-01  9.977368309093706E-01  9.977454424836713E-01
  9.977474305344852E-01  9.977559824406980E-01  9.977645194684746E-01
  9.977665501426574E-01  9.977750281069862E-01  9.977834912801927E-01
  9.977855588461191E-01  9.977939637068900E-01  9.978023538639513E-01
  9.978044528741997E-01  9.978127852393298E-01  9.978211030402621E-01
  9.978232327157980E-01  9.978314924856159E-01  9.978397379367133E-01
  9.978419067636619E-01  9.978500927945577E-01  9.978582648786851E-01
  9.978604924982507E-01  9.978686026696663E-01  9.978766993571887E-01
  9.978790137743824E-01  9.978870455172255E-01  9.978950642480255E-01
  9.978974950133301E-01  9.979054460710493E-01  9.979133845095381E-01
  9.979159551367063E-01  9.979238241670907E-01  9.979316808438886E-01
  9.979344043615511E-01  9.979421910797497E-01  9.979499655954982E-01
  9.979528451982971E-01  9.979605500500871E-01  9.979682427927787E-01
  9.979712764219035E-01  9.979789000503235E-01  9.979865116663712E-01
  9.979896972708733E-01  9.979972401082192E-01  9.980047710654885E-01
  9.980081096075921E-01  9.980155717684079E-01  9.980230222131616E-01
  9.980265175978021E-01  9.980338990166968E-01  9.980412688922454E-01
  9.980449260990431E-01  9.980522267279993E-01  9.980595159752413E-01
  9.980633393044215E-01  9.980705592194200E-01  9.980777678978441E-01
  9.980817603953864E-01  9.980888997848869E-01  9.980960280721750E-01
  9.981001919601040E-01  9.981072510596146E-01  9.981142991880537E-01
  9.981186365239783E-01  9.981256155675660E-01  9.981325837713789E-01
  9.981370967755360E-01  9.981439959881994E-01  9.981508844916946E-01
  9.981555754947875E-01  9.981623951086300E-01  9.981692041410646E-01
  9.981740753969580E-01  9.981808156666635E-01  9.981875454786320E-01
  9.981925990488599E-01  9.981992602557502E-01  9.982059111245842E-01
  9.982111488810672E-01  9.982177313281015E-01  9.982243035536017E-01
  9.982297272465455E-01  9.982362312508404E-01  9.982427251477686E-01
  9.982483364726246E-01  9.982547623608480E-01  9.982611782537891E-01
  9.982669788763242E-01  9.982733269850629E-01  9.982796652082333E-01
  9.982856567444970E-01  9.982919274235174E-01  9.982981883239352E-01
  9.983043723092287E-01  9.983105659230777E-01  9.983167498625900E-01
  9.983231277506571E-01  9.983292446762495E-01  9.983353520295258E-01
  9.983419252263321E-01  9.983479658490824E-01  9.983539969996431E-01
  9.983607668941639E-01  9.983667316068849E-01  9.983726869455526E-01
  9.983796549059299E-01  9.983855441109118E-01  9.983914240377113E-01
  9.983985913877501E-01  9.984044054982151E-01  9.984102104241429E-01
  9.984175784401680E-01  9.984233178784081E-01  9.984290482239063E-01
  9.984366181618257E-01  9.984422833561000E-01  9.984479395478275E-01
  9.984557126676262E-01  9.984613040516435E-01  9.984668865215433E-01
  9.984748640805456E-01  9.984803820957008E-01  9.984858912831186E-01
  9.984940745134352E-01  9.984995196101374E-01  9.985049559634946E-01
  9.985133460705558E-01  9.985187187063457E-01  9.985240826815830E-01
  9.985326808701699E-01  9.985379815068408E-01  9.985432735644095E-01
  9.985520810601626E-01  9.985573101634113E-01  9.985625307675301E-01
  9.985715488092562E-01  9.985767068507719E-01  9.985818564714105E-01
  9.985910862908097E-01  9.985961737494050E-01  9.986012528637085E-01
  9.986106956855468E-01  9.986157130454976E-01  9.986207221363786E-01
  9.986303792020166E-01  9.986353269508266E-01  9.986402665045790E-01
  9.986501390890249E-01  9.986550177175810E-01  9.986598882237058E-01
  9.986699776266296E-01  9.986747876312535E-01  9.986795895844798E-01
  9.986898971123837E-01  9.986946389956509E-01  9.986993728970635E-01
  9.987098998645288E-01  9.987145741335713E-01  9.987192404891231E-01
  9.987299882386136E-01  9.987345954031934E-01  9.987391947216074E-01
  9.987501646363843E-01  9.987547052092552E-01  9.987592380020908E-01
  9.987704315006343E-01  9.987749059994103E-01  9.987793727829281E-01
  9.987907913134590E-01  9.987952002611588E-01  9.987996015571412E-01
  9.988112466104865E-01  9.988155905339344E-01  9.988199268682462E-01
  9.988317999945178E-01  9.988360794228942E-01  9.988403513238494E-01
  9.988524541210482E-01  9.988566695866582E-01  9.988608775855352E-01
  9.988732116582516E-01  9.988773636984482E-01  9.988815083314413E-01
  9.988940752650600E-01  9.988981644226583E-01  9.989022462315504E-01
  9.989150476344917E-01  9.989190744561059E-01  9.989230939867209E-01
  9.989361316042186E-01  9.989400966387358E-01  9.989440544392368E-01
  9.989573302760222E-01  9.989612340751358E-01  9.989651306963437E-01
  9.989786470508841E-01  9.989824901708706E-01  9.989863261680935E-01
  9.990000854971903E-01  9.990038684998238E-01  9.990076444339988E-01
  9.990216490325248E-01  9.990253724846700E-01  9.990290889220421E-01
  9.990433405140648E-01  9.990470049874308E-01  9.990506624991415E-01
  9.990651619648965E-01  9.990687680368463E-01  9.990723671995719E-01
  9.990871147493307E-01  9.990906630036626E-01  9.990942044004574E-01
  9.991092005548663E-01  9.991126915812217E-01  9.991161758011256E-01
  9.991314240067254E-01  9.991348583993431E-01  9.991382860361945E-01
  9.991537996134470E-01  9.991571779706536E-01  9.991605496223571E-01
