  3.444391703679589E+00  3.438210743905664E+00  3.432027062639965E+00

 -2.861197103815884E-03 -1.736392919559560E-03 -6.097980574250890E-04
  7.252387593546202E-03  8.447087090236763E-03  9.644618615057991E-03
  1.284161183429842E-02  1.407503100869900E-02  1.531161355720430E-02
  1.284161183429842E-02  1.407503100869900E-02  1.531161355720430E-02
  7.252387593546202E-03  8.447087090236763E-03  9.644618615057991E-03
 -2.861197103815884E-03 -1.736392919559560E-03 -6.097980574250890E-04
 -1.574348402918948E-02 -1.470973696474130E-02 -1.367575768681809E-02
 -2.952938649663233E-02 -2.859959929900510E-02 -2.767106090082026E-02
 -4.273559331886562E-02 -4.191964530691116E-02 -4.110632342801511E-02
 -5.446060136908033E-02 -5.377203024198737E-02 -5.308700544993342E-02
 -6.418761182336273E-02 -6.363690938958465E-02 -6.308921222677076E-02
 -7.115246105791093E-02 -7.072897640580898E-02 -7.030714750475926E-02
 -7.406613530049627E-02 -7.374384308533585E-02 -7.342282859892521E-02
 -7.209188028625281E-02 -7.186016669396461E-02 -7.163081433578108E-02
 -6.605231177640813E-02 -6.592751702672169E-02 -6.580666011791649E-02
 -5.821041762790487E-02 -5.821440428810803E-02 -5.822313620310722E-02
 -5.088204107447263E-02 -5.101810420629694E-02 -5.115834145253387E-02
 -4.535832259326084E-02 -4.560558813693449E-02 -4.585527245837599E-02
 -4.184207704405934E-02 -4.216358407585943E-02 -4.248515210963624E-02
 -3.996997730950633E-02 -4.032368465592111E-02 -4.067508799353310E-02
 -3.926186914306889E-02 -3.960909687965683E-02 -3.995209936411043E-02
 -3.927733731193003E-02 -3.958743099719584E-02 -3.989207078957084E-02
 -3.962498343412180E-02 -3.987704564178146E-02 -4.012316237533097E-02
 -3.997460679570018E-02 -4.015744441767848E-02 -4.033447014700232E-02
 -4.008744825773878E-02 -4.019825131774665E-02 -4.030380703153591E-02
 -3.982841363211097E-02 -3.987050766774596E-02 -3.990814798167933E-02
 -3.915012970514528E-02 -3.913048294498925E-02 -3.910724789599381E-02
 -3.806379347434494E-02 -3.799098533667170E-02 -3.791543060522648E-02
 -3.661282779492672E-02 -3.649575846899914E-02 -3.637671571019195E-02
 -3.485545816413985E-02 -3.470267368323072E-02 -3.454860554670588E-02
 -3.285480405739562E-02 -3.267418779399367E-02 -3.249289234418364E-02
 -3.067336323099860E-02 -3.047200548922204E-02 -3.027048947262639E-02
 -2.836984397987945E-02 -2.815399135101501E-02 -2.793842008852163E-02
 -2.599734468060691E-02 -2.577238949716060E-02 -2.554807691609362E-02
 -2.360237560028985E-02 -2.337287375755489E-02 -2.314430169457362E-02
 -2.122445783575990E-02 -2.099417224954759E-02 -2.076503587433852E-02
 -1.889615646299413E-02 -1.866812271368447E-02 -1.844139785781719E-02
 -1.664344242472261E-02 -1.642004969366982E-02 -1.619807466429836E-02
 -1.448627662953749E-02 -1.426935517174504E-02 -1.405391818819117E-02
 -1.243931235633439E-02 -1.223021956726286E-02 -1.202264409291803E-02
 -1.051263113928069E-02 -1.031233079508831E-02 -1.011355368191977E-02
 -8.712455033189829E-03 -8.521587107553094E-03 -8.332227255281027E-03
 -7.041803981723577E-03 -6.860744629978920E-03 -6.681161932595704E-03
 -5.501085628982074E-03 -5.329998167650525E-03 -5.160343638676864E-03
 -4.088615781407344E-03 -3.927493908301516E-03 -3.767752215285337E-03
 -2.801072645978553E-03 -2.649777069192194E-03 -2.499802601160207E-03
 -1.633889399359304E-03 -1.492178792773346E-03 -1.351726137557631E-03
 -5.815896824646112E-04 -4.491466646163363E-04 -3.178961696352368E-04
  3.619294825760465E-04  4.854767699428643E-04  6.078977846651599E-04
  1.203162685233355E-03  1.318222861912678E-03  1.432222701284819E-03
  1.948804033778966E-03  2.055808100019623E-03  2.161816572400899E-03
  2.605592747188806E-03  2.704982523983010E-03  2.803439590744609E-03
  3.180191220137019E-03  3.272410138066063E-03  3.363756867695483E-03
  3.679090632343298E-03  3.764576455457001E-03  3.849247876639147E-03
  4.108539637545310E-03  4.187718774596090E-03  4.266138288325370E-03
  4.474492203336468E-03  4.547775319811148E-03  4.620350390333465E-03
  4.782571198235351E-03  4.850349893227511E-03  4.917468786569056E-03
  5.038044794609818E-03  5.100689146080659E-03  5.162718523072264E-03
  5.245813167557502E-03  5.303669980396060E-03  5.360953181075751E-03
  5.410403330194853E-03  5.463794946657084E-03  5.516650827619092E-03
  5.535970269329497E-03  5.585193823398685E-03  5.633916031364683E-03
  5.626302842878128E-03  5.671629860311037E-03  5.716486445340943E-03
  5.684833178909098E-03  5.726509444193813E-03  5.767742735384640E-03
  5.714648580021272E-03  5.752894210707729E-03  5.790720896558785E-03
  5.718505189336026E-03  5.753514877818697E-03  5.788126253187134E-03
  5.698842918490265E-03  5.730786321724439E-03  5.762348683944259E-03
  5.657801376664639E-03  5.686823655900421E-03  5.715478854496413E-03
  5.597236774533002E-03  5.623459310058631E-03  5.649325477698611E-03
  5.518740008163132E-03  5.542261338184709E-03  5.565433854906561E-03
  5.423656353284168E-03  5.444553410830167E-03  5.465106178531657E-03
  5.313107413085568E-03  5.331437159135859E-03  5.349424287608999E-03
  5.188016151319532E-03  5.203817724176152E-03  5.219275751511706E-03
  5.049135986342321E-03  5.062433503541653E-03  5.075384289234438E-03
  4.897084990589889E-03  4.907891145799188E-03  4.918345579612891E-03
  4.732386190459482E-03  4.740706777628181E-03  4.748669434829410E-03
  4.555514738810234E-03  4.561354201908274E-03  4.566829038238920E-03
  4.366952275139837E-03  4.370320316229598E-03  4.373317426128020E-03
  4.167248043266436E-03  4.168167218479415E-03  4.168710571987812E-03
  3.957085281147098E-03  3.955599372534772E-03  3.953735299983718E-03
  3.737350072477120E-03  3.733532851899999E-03  3.729338870356824E-03
  3.509198388358847E-03  3.503162208033783E-03  3.496755601667627E-03
  3.274115689953034E-03  3.266019176293183E-03  3.257564589005162E-03
  3.033962540698652E-03  3.024016575893119E-03  3.013731791827935E-03
  2.790999550563700E-03  2.779470742221340E-03  2.767629859936883E-03
  2.547885940234901E-03  2.535096933078203E-03  2.522030309842012E-03
  2.307648186319203E-03  2.293974465548891E-03  2.280065120163063E-03
  2.073618438835199E-03  2.059481682691741E-03  2.045158264591600E-03
  1.849346246178357E-03  1.835204742200307E-03  1.820931634206942E-03
  1.638490905670180E-03  1.624827964777668E-03  1.611093498306891E-03
  1.444704713624638E-03  1.432016307413380E-03  1.419320341016286E-03
  1.271518839385119E-03  1.260301773183182E-03  1.249143944570994E-03
  1.122243056525038E-03  1.112984828371716E-03  1.103854594418855E-03
  9.998880124012588E-04  9.930590851416940E-04  9.864282064481881E-04
  9.071142823458896E-04  9.031628324990403E-04  8.994802626535551E-04
  8.462065455409983E-04  8.455548988120052E-04  8.452431595259351E-04
  8.190644591869956E-04  8.221054746180747E-04  8.255566434284075E-04
  8.271951548583813E-04  8.342859551423160E-04  8.418545573485442E-04
  8.716872495556868E-04  8.831372057535802E-04  8.951268983581151E-04
  9.531450208421111E-04  9.691951750677203E-04  9.858365368018271E-04
  1.071566401569924E-03  1.092358922734307E-03  1.113777273807803E-03
  1.226161422861957E-03  1.251700373709182E-03  1.277875419027784E-03
  1.415128140172327E-03  1.445236446831455E-03  1.475959235055916E-03
  1.635426898341188E-03  1.669708025011383E-03  1.704544223481530E-03
  1.882613590073242E-03  1.920428674827527E-03  1.958699084990302E-03
  2.150799500771337E-03  2.191270294576368E-03  2.232058622039203E-03
  2.432792790881334E-03  2.474837023270225E-03  2.517030685045050E-03
  2.720443951958043E-03  2.762843230947319E-03  2.805206133308752E-03
  3.005171697452372E-03  3.046664418620474E-03  3.087933007873442E-03
  3.278599889881200E-03  3.317985212146758E-03  3.356973056369375E-03
  3.533204967130925E-03  3.569440811202917E-03  3.605134504327885E-03
  3.762867354984877E-03  3.795146617420848E-03  3.826777715304438E-03
  3.963241485900173E-03  3.991035778599268E-03  4.018119091777773E-03
  4.131900072958229E-03  4.154967579688979E-03  4.177303596068370E-03
  4.268255998531909E-03  4.286617238331845E-03  4.304263469450235E-03
  4.373305701228600E-03  4.387196181872112E-03  4.400417007539026E-03
  4.449261753841119E-03  4.459072704812837E-03  4.468279021842608E-03
  4.499146747429556E-03  4.505364450118165E-03  4.511053374596622E-03
  4.526409191636068E-03  4.529560797431449E-03  4.532262831881916E-03
  4.534601881709717E-03  4.535212254513950E-03  4.535449942211947E-03
  4.527141279353708E-03  4.525702354404027E-03  4.523961489728404E-03
  4.507148312659312E-03  4.504100273276709E-03  4.500812699797644E-03
  4.477359577532858E-03  4.473081859370348E-03  4.468617753275585E-03
  4.440093687754036E-03  4.434903220114539E-03  4.429570272825241E-03
  4.397258412250251E-03  4.391412460618234E-03  4.385459372211575E-03
  4.350386260238752E-03  4.344087768979329E-03  4.337709973856877E-03
  4.300685827162224E-03  4.294090190807653E-03  4.287436733218709E-03
  4.249094109400722E-03  4.242317259639896E-03  4.235498737274284E-03
  4.196316923492886E-03  4.189444594820639E-03  4.182542198289061E-03
  4.142856231151311E-03  4.135952909617036E-03  4.129027331136637E-03
  4.089040838989253E-03  4.082155382809234E-03  4.075252734538754E-03
  4.035084087238434E-03  4.028249679868931E-03  4.021401852794127E-03
  3.981171553581224E-03  3.974401780662991E-03  3.967622438613139E-03
  3.927538000354103E-03  3.920826179735604E-03  3.914109029095132E-03
  3.874462162671937E-03  3.867792226414024E-03  3.861120136318932E-03
  3.822135611312998E-03  3.815505833028276E-03  3.808873313754228E-03
  3.770454303675078E-03  3.763902724109189E-03  3.757342011524122E-03
  3.718878583549115E-03  3.712490958886845E-03  3.706082805378249E-03
  3.666516163575530E-03  3.660403272180921E-03  3.654257735495390E-03
  3.612459730666354E-03  3.606710410850055E-03  3.600921460959531E-03
  3.556223568740742E-03  3.550859562782291E-03  3.545457986136449E-03
  3.498016794196129E-03  3.492978610269904E-03  3.487913302459476E-03
  3.438668555530286E-03  3.433842936061549E-03  3.429004117044827E-03
  3.379243536228375E-03  3.374515545243499E-03  3.369785717149399E-03
  3.320588639866373E-03  3.315886050570367E-03  3.311186867821876E-03
  3.263077628409732E-03  3.258383704784616E-03  3.253692757578443E-03
  3.206658016524202E-03  3.201992852044789E-03  3.197327686049177E-03
  3.151093465538654E-03  3.146483849275318E-03  3.141871834380862E-03
  3.096198882339627E-03  3.091658268008863E-03  3.087114725442686E-03
  3.041932639628814E-03  3.037459068259368E-03  3.032983367746573E-03
  2.988351297236501E-03  2.983936378242199E-03  2.979520309338828E-03
  2.935520945562105E-03  2.931158557011778E-03  2.926795498480024E-03
  2.883466801229026E-03  2.879155677553986E-03  2.874843878178906E-03
  2.832176574051742E-03  2.827918196289392E-03  2.823658974872248E-03
  2.781626718589188E-03  2.777422521084140E-03  2.773217394332944E-03
  2.731801049926138E-03  2.727651168621063E-03  2.723500414339683E-03
  2.682694113589670E-03  2.678597546880553E-03  2.674500250683065E-03
  2.634306124472966E-03  2.630261459979088E-03  2.626216207033042E-03
  2.586636380766568E-03  2.582642519998765E-03  2.578648139367695E-03
  2.539678794453220E-03  2.535735279824757E-03  2.531791239174573E-03
  2.493422047115521E-03  2.489528753330680E-03  2.485634920905431E-03
  2.447854284072442E-03  2.444010772309145E-03  2.440166769086092E-03
  2.402967642001413E-03  2.399172900929305E-03  2.395377761959214E-03
  2.358757455129515E-03  2.355010343179156E-03  2.351262898602891E-03
  2.315217209173900E-03  2.311517032542512E-03  2.307816522538361E-03
  2.272335814967758E-03  2.268682288754888E-03  2.265028411198696E-03
  2.230100787514284E-03  2.226493447955379E-03  2.222885790067708E-03
  2.188503000596791E-03  2.184940876256323E-03  2.181378512368477E-03
  2.147536587386904E-03  2.144018574563481E-03  2.140500376933273E-03
  2.107194260319909E-03  2.103719675975611E-03  2.100244900640362E-03
  2.067464601199121E-03  2.064033150124130E-03  2.060601487546436E-03
  2.028335047411707E-03  2.024946261062932E-03  2.021557292733184E-03
  1.989796368202733E-03  1.986449301931119E-03  1.983102126116697E-03
  1.951842437347474E-03  1.948536041179171E-03  1.945229583457024E-03
  1.914465729304867E-03  1.911199367198857E-03  1.907932933948606E-03
  1.877654874833911E-03  1.874428271353938E-03  1.871201575999501E-03
  1.841397635016147E-03  1.838210334637819E-03  1.835022970854614E-03
  1.805685084149922E-03  1.802536181101606E-03  1.799387282883389E-03
  1.770511203246838E-03  1.767399710301119E-03  1.764288265430521E-03
  1.735868550880561E-03  1.732793884684934E-03  1.729719255342372E-03
  1.701746083971968E-03  1.698707994575395E-03  1.695669922137232E-03
  1.668132101951059E-03  1.665130155848136E-03  1.662128254477855E-03
  1.635018155028049E-03  1.632051494202298E-03  1.629084942604199E-03
  1.602398521281469E-03  1.599466223668637E-03  1.596534074895643E-03
  1.570266075295062E-03  1.567367606470709E-03  1.564469274900498E-03
  1.538610300266627E-03  1.535745433266675E-03  1.532880685046478E-03
  1.507420100801882E-03  1.504588427730695E-03  1.501756900396020E-03
  1.476687433467576E-03  1.473888149831440E-03  1.471089072640211E-03
  1.446406797747356E-03  1.443639047886733E-03  1.440871540936727E-03
  1.416571472144754E-03  1.413834766639257E-03  1.411098292719389E-03
  1.387171795007426E-03  1.384465925894143E-03  1.381760271521503E-03
  1.358197754955381E-03  1.355522338913861E-03  1.352847163692288E-03
  1.329642083788838E-03  1.326996369459819E-03  1.324350953106160E-03
  1.301499414583076E-03  1.298882610742006E-03  1.296266138788216E-03
  1.273762645501251E-03  1.271174306828604E-03  1.268586289312524E-03
  1.246421622533966E-03  1.243861563604768E-03  1.241301810339269E-03
  1.219466150398751E-03  1.216934017315153E-03  1.214402214770882E-03
  1.192889464012778E-03  1.190384556597222E-03  1.187880033744337E-03
  1.166687628951610E-03  1.164209209474435E-03  1.161731207003543E-03
  1.140855646338702E-03  1.138403304565349E-03  1.135951370429544E-03
  1.115385050273093E-03  1.112958630961221E-03  1.110532604342716E-03
  1.090265145165373E-03  1.087864343876630E-03  1.085463955303486E-03
  1.065484286356540E-03  1.063108480511060E-03  1.060733133225763E-03
  1.041027046045833E-03  1.038675778409245E-03  1.036324997785621E-03
 -2.909451473408740E-03 -1.911444363904845E-03 -9.134030391136370E-04
  6.743781209415367E-03  7.802076201411032E-03  8.862576711314617E-03
  1.205698813221646E-02  1.314806141633972E-02  1.424320318602365E-02
  1.205698813221646E-02  1.314806141633972E-02  1.424320318602365E-02
  6.743781209415367E-03  7.802076201411032E-03  8.862576711314617E-03
 -2.909451473408740E-03 -1.911444363904845E-03 -9.134030391136370E-04
 -1.527821747362460E-02 -1.436027345732821E-02 -1.344349520550887E-02
 -2.860371045441814E-02 -2.777790191646512E-02 -2.695300966710370E-02
 -4.143846976658129E-02 -4.070874594624808E-02 -3.997885602583179E-02
 -5.280947525206125E-02 -5.217862514405044E-02 -5.154808212674460E-02
 -6.212126118273652E-02 -6.160187537674429E-02 -6.108501986408577E-02
 -6.874705076754381E-02 -6.834546876846359E-02 -6.794697260683029E-02
 -7.166240590869349E-02 -7.136129638341850E-02 -7.106215719915469E-02
 -7.006143699323325E-02 -6.984481498082916E-02 -6.963034487495387E-02
 -6.450772614873046E-02 -6.438617835802569E-02 -6.426832099551207E-02
 -5.703734367858353E-02 -5.703468698686767E-02 -5.703671389407373E-02
 -4.995968447266311E-02 -5.008556704084940E-02 -5.021567752204294E-02
 -4.465359406245784E-02 -4.489135816945738E-02 -4.513162587802313E-02
 -4.134329826839542E-02 -4.165603092085579E-02 -4.196887066214584E-02
 -3.962162832323369E-02 -3.996600958665172E-02 -4.030811702538376E-02
 -3.898126179669612E-02 -3.931870986347532E-02 -3.965201471376740E-02
 -3.900204335563131E-02 -3.930322201010457E-02 -3.959909647890122E-02
 -3.933127519523873E-02 -3.957643719596841E-02 -3.981583630040670E-02
 -3.966540865792895E-02 -3.984373095259330E-02 -4.001642043398983E-02
 -3.977511302752745E-02 -3.988361966765278E-02 -3.998703595441457E-02
 -3.952583670282625E-02 -3.956750502979119E-02 -3.960484699082193E-02
 -3.886848999928540E-02 -3.884989992779870E-02 -3.882781620826094E-02
 -3.781204231245096E-02 -3.774137255268502E-02 -3.766801883615255E-02
 -3.639713800802875E-02 -3.628290390572075E-02 -3.616673150549087E-02
 -3.467894200564136E-02 -3.452935883043012E-02 -3.437850628100762E-02
 -3.271779370320172E-02 -3.254049065312089E-02 -3.236250851459464E-02
 -3.057405581361368E-02 -3.037594514088988E-02 -3.017766746796206E-02
 -2.830500336954206E-02 -2.809221576115997E-02 -2.787969569197472E-02
 -2.596289219326353E-02 -2.574074954315216E-02 -2.551923294250177E-02
 -2.359383423456616E-02 -2.336685374210455E-02 -2.314078526619136E-02
 -2.123727136807797E-02 -2.100919950501937E-02 -2.078225893832581E-02
 -1.892591442411733E-02 -1.869978644585434E-02 -1.847495012010415E-02
 -1.668603556444474E-02 -1.646425225746971E-02 -1.624387074151105E-02
 -1.453799892470030E-02 -1.432241073378241E-02 -1.410829290989848E-02
 -1.249691953776899E-02 -1.228890961968194E-02 -1.208240498075999E-02
 -1.057336302968447E-02 -1.037392377742315E-02 -1.017599786473952E-02
 -8.774028756900819E-03 -8.583829367408497E-03 -8.395130223008848E-03
 -7.102385675823143E-03 -6.921830495480449E-03 -6.742746027606775E-03
 -5.559248356833110E-03 -5.388526845019364E-03 -5.219233990341542E-03
 -4.143290465613460E-03 -3.982419913147475E-03 -3.822926706341606E-03
 -2.851497245715626E-03 -2.700359254178302E-03 -2.550540764765065E-03
 -1.679559790829177E-03 -1.537931279713459E-03 -1.397560147305002E-03
 -6.222142041203772E-04 -4.897935380746389E-04 -3.585656815058863E-04
  3.264708972256381E-04  4.500421407714094E-04  5.724861228985779E-04
  1.172854479363353E-03  1.287973588173182E-03  1.402030809188699E-03
  1.923526124467778E-03  2.030614654059555E-03  2.136705601501572E-03
  2.585146947674121E-03  2.684638940771754E-03  2.783195905071227E-03
  3.164323299410943E-03  3.256655856070912E-03  3.348113666313358E-03
  3.667508404973669E-03  3.753114197352999E-03  3.837902866258495E-03
  4.100927528941437E-03  4.180228919494607E-03  4.258767864012042E-03
  4.470522757873437E-03  4.543927238496198E-03  4.616620799618992E-03
  4.781913990986620E-03  4.849810708713579E-03  4.917044740610469E-03
  5.040373179342291E-03  5.103130351925996E-03  5.165269686966152E-03
  5.250809253521799E-03  5.308772308160535E-03  5.366158933540928E-03
  5.417761536366202E-03  5.471251829804877E-03  5.524203636025078E-03
  5.545399762578878E-03  5.594713762882795E-03  5.643523746153224E-03
  5.637529128755345E-03  5.682937959562656E-03  5.727873780623769E-03
  5.697599081347376E-03  5.739348349084644E-03  5.780652170595709E-03
  5.728714819188726E-03  5.767024663248183E-03  5.804913207464943E-03
  5.733650744852122E-03  5.768716070501317E-03  5.803380858906464E-03
  5.714865347415951E-03  5.746856221783448E-03  5.778463979077366E-03
  5.674517240839548E-03  5.703579453884494E-03  5.732272680605316E-03
  5.614482318050828E-03  5.640738133113599E-03  5.666635874070024E-03
  5.536372210293590E-03  5.559921352320705E-03  5.583120211746751E-03
  5.441554460520453E-03  5.462475413685438E-03  5.483050891749399E-03
  5.331175021418142E-03  5.349526730305110E-03  5.367534977952791E-03
  5.206183859336259E-03  5.222007946996048E-03  5.237488054849735E-03
  5.067364564828266E-03  5.080688193749692E-03  5.093665142646584E-03
  4.915368908475034E-03  4.926208412466266E-03  4.936696813682666E-03
  4.750757198421445E-03  4.759122599033914E-03  4.767131335636107E-03
  4.574045045594669E-03  4.579945529631164E-03  4.585483370184787E-03
  4.385756674777480E-03  4.389207043412476E-03  4.392289229415248E-03
  4.186484195800691E-03  4.187512196761700E-03  4.188167901801370E-03
  3.976951261521533E-03  3.975605584449548E-03  3.973886007836292E-03
  3.758078336430173E-03  3.754436896702711E-03  3.750423596987800E-03
  3.531045510475593E-03  3.525223487666153E-03  3.519036402647301E-03
  3.297347634535003E-03  3.289504598050015E-03  3.281309068444291E-03
  3.058835816052821E-03  3.049181198935969E-03  3.039193250179880E-03
  2.817739303683120E-03  2.806535511961440E-03  2.795024687775767E-03
  2.576662752190650E-03  2.564225345521117E-03  2.551514550333747E-03
  2.338555878331781E-03  2.325250529969797E-03  2.311712623698523E-03
  2.106655449122264E-03  2.092891761813327E-03  2.078943028839481E-03
  1.884402989405230E-03  1.870625652547103E-03  1.856716677407952E-03
  1.675344962871174E-03  1.662023109141129E-03  1.648627956665015E-03
  1.483024799506719E-03  1.470640675999097E-03  1.458245513016145E-03
  1.310877416473069E-03  1.299915558833350E-03  1.289007902708010E-03
  1.162136416237712E-03  1.153074361957525E-03  1.144133958302079E-03
  1.039761818265927E-03  1.033063003425374E-03  1.026554910723684E-03
  9.463921111985739E-04  9.425009755920060E-04  9.388707832980775E-04
  8.843189209184034E-04  8.836574390867610E-04  8.833277129237772E-04
  8.554762033293237E-04  8.584401483123707E-04  8.618062775755699E-04
  8.614294650169273E-04  8.683818661088740E-04  8.758046690035244E-04
  9.033455541452187E-04  9.146043165843166E-04  9.263963487413645E-04
  9.819222102262265E-04  9.977391151175100E-04  1.014142025444563E-03
  1.097261322880305E-03  1.117791000574272E-03  1.138942851234248E-03
  1.248682538866525E-03  1.273942659937363E-03  1.299836967258801E-03
  1.434494060212985E-03  1.464321590799790E-03  1.494763536851361E-03
  1.651761282497297E-03  1.685773285865605E-03  1.720342087413473E-03
  1.896133937458138E-03  1.933703713923447E-03  1.971732121175686E-03
  2.161799734624696E-03  2.202058751057399E-03  2.242639811354868E-03
  2.441620370116439E-03  2.483492771149193E-03  2.525519815965451E-03
  2.727473296051387E-03  2.769743289116038E-03  2.811982260506306E-03
  3.010776676251567E-03  3.052181405195420E-03  3.093366952143318E-03
  3.283128634175324E-03  3.322462640370920E-03  3.361403265889901E-03
  3.536960051315239E-03  3.573174197506963E-03  3.608849147842191E-03
  3.766093477862874E-03  3.798372342970864E-03  3.830004750386268E-03
  3.966121370094614E-03  3.993928189754770E-03  4.021024555239704E-03
  4.134557819013170E-03  4.157643345822747E-03  4.179996924472132E-03
  4.270765970708945E-03  4.289144899897176E-03  4.306807652471394E-03
  4.375704448719262E-03  4.389608347475911E-03  4.402841003494987E-03
  4.451560527904476E-03  4.461378503590487E-03  4.470590099566491E-03
  4.501342713655826E-03  4.507560442218391E-03  4.513247694152004E-03
  4.528494206512517E-03  4.531639332612073E-03  4.534333375029966E-03
  4.536568458402509E-03  4.537167008532707E-03  4.537391623052926E-03
  4.528985942483627E-03  4.527531313664295E-03  4.525773781057911E-03
  4.508872873797883E-03  4.505806733461094E-03  4.502500369730069E-03
  4.478970973682135E-03  4.474674085105677E-03  4.470190360284274E-03
  4.441602981409033E-03  4.436393351145026E-03  4.431040989618882E-03
  4.398679428693542E-03  4.392815119251936E-03  4.386843571726351E-03
  4.351734194152919E-03  4.345418679281248E-03  4.339023866442901E-03
  4.301976021301808E-03  4.295364993828966E-03  4.288696221404079E-03
  4.250341105258568E-03  4.243550610967932E-03  4.236718561344450E-03
  4.197533807908077E-03  4.190649559682498E-03  4.183735379739517E-03
  4.144054251222499E-03  4.137140622863977E-03  4.130204876842508E-03
  4.090229231600836E-03  4.083334916977118E-03  4.076423542212338E-03
  4.036270069953433E-03  4.029428065512672E-03  4.022572759772346E-03
  3.982360441735912E-03  3.975584142226145E-03  3.968798375752650E-03
  3.928733429714211E-03  3.922015967532457E-03  3.915293261298124E-03
  3.875666387331417E-03  3.868991519310789E-03  3.862314568854297E-03
  3.823349814129381E-03  3.816715655515199E-03  3.810078814497491E-03
  3.771678834038106E-03  3.765123295345590E-03  3.758558670136519E-03
  3.720113064853066E-03  3.713721811688678E-03  3.707310063737874E-03
  3.667759494722016E-03  3.661643256939916E-03  3.655494395208615E-03
  3.613710090608159E-03  3.607957687212963E-03  3.602165663737431E-03
  3.557478546606561E-03  3.552111705778932E-03  3.546707296559270E-03
  3.499273684033444E-03  3.494232883320243E-03  3.489164958241743E-03
  3.439924728590295E-03  3.435096657075816E-03  3.430255386885160E-03
  3.380496731333200E-03  3.375766389321828E-03  3.371034214067155E-03
  3.321837052301976E-03  3.317132159906989E-03  3.312430679952828E-03
  3.264319802055347E-03  3.259623595312342E-03  3.254930370750381E-03
  3.207892657163492E-03  3.203225225969301E-03  3.198557797328226E-03
  3.152319310490076E-03  3.147707452256560E-03  3.143093197624433E-03
  3.097414683091766E-03  3.092871858747861E-03  3.088326107415767E-03
  3.043137218511692E-03  3.038661469858335E-03  3.034183593212917E-03
  2.989543603853934E-03  2.985126536951085E-03  2.980708321546664E-03
  2.936700070986149E-03  2.932335560873902E-03  2.927970382336223E-03
  2.884631957855844E-03  2.880318738341737E-03  2.876004844618216E-03
  2.833327069764531E-03  2.829066622985140E-03  2.824805333883074E-03
  2.782761942046695E-03  2.778555703741733E-03  2.774348537385782E-03
  2.732920465651998E-03  2.728768572714882E-03  2.724615807914653E-03
  2.683797259698546E-03  2.679698710946878E-03  2.675599433787883E-03
  2.635392609715061E-03  2.631345992763396E-03  2.627298788441377E-03
  2.587705880279913E-03  2.583710096457365E-03  2.579713793842973E-03
  2.540731043270926E-03  2.536785634994926E-03  2.532839701707954E-03
  2.494456831691311E-03  2.490561673997309E-03  2.486665978578051E-03
  2.448871435062330E-03  2.445026089470774E-03  2.441180253259779E-03
  2.403967031275689E-03  2.400170486365442E-03  2.396373544376718E-03
  2.359738995351373E-03  2.355990109053294E-03  2.352240890944352E-03
  2.316180851196821E-03  2.312478929294540E-03  2.308776674789358E-03
  2.273281541490015E-03  2.269626299068415E-03  2.265970705986432E-03
  2.231028606949099E-03  2.227419580347908E-03  2.223810236030271E-03
  2.189412945190059E-03  2.185849162704549E-03  2.182285141268269E-03
  2.148428714194243E-03  2.144909071480411E-03  2.141389244557056E-03
  2.108068650008926E-03  2.104592463482403E-03  2.101116086528230E-03
  2.068321353062362E-03  2.064888327380215E-03  2.061455090683166E-03
  2.029174274534066E-03  2.025783941135880E-03  2.022393426189080E-03
  1.990618196670403E-03  1.987269610544068E-03  1.983920915301955E-03
  1.952647008007234E-03  1.949339118473150E-03  1.946031167825502E-03
  1.915253197248903E-03  1.911985367692221E-03  1.908717467405191E-03
  1.878425405303828E-03  1.875197360105547E-03  1.871969223385393E-03
  1.842151399522374E-03  1.838962683080878E-03  1.835773903543853E-03
  1.806422260440393E-03  1.803271966577530E-03  1.800121677860502E-03
  1.771231977474673E-03  1.768119118255954E-03  1.765006307446923E-03
  1.736573117509024E-03  1.733497109006146E-03  1.730421137674490E-03
  1.702434642334899E-03  1.699395234391576E-03  1.696355843675918E-03
  1.668804853168555E-03  1.665801612164302E-03  1.662798416130554E-03
  1.635675302522951E-03  1.632707370011583E-03  1.629739546979303E-03
  1.603040273167448E-03  1.600106726388123E-03  1.597173328723540E-03
  1.570892644608865E-03  1.567992948571468E-03  1.565093390053429E-03
  1.539221902232848E-03  1.536355829735586E-03  1.533489876244911E-03
  1.508016950613926E-03  1.505184093585192E-03  1.502351382499987E-03
  1.477269747369488E-03  1.474469300851158E-03  1.471669061001428E-03
  1.446974795841999E-03  1.444205903467440E-03  1.441437254254678E-03
  1.417125379348759E-03  1.414387551102333E-03  1.411649954690045E-03
  1.387711839774064E-03  1.385004867359947E-03  1.382298109905846E-03
  1.358724168994614E-03  1.356047668762034E-03  1.353371409559450E-03
  1.330155105330060E-03  1.327508325288609E-03  1.324861843456907E-03
  1.301999293934873E-03  1.299381441974626E-03  1.296763922163622E-03
  1.274249650650804E-03  1.271660280578803E-03  1.269071231931192E-03
  1.246896046117875E-03  1.244334971696174E-03  1.241774203196551E-03
  1.219928323406753E-03  1.217395189654639E-03  1.214862386710096E-03
  1.193339782814963E-03  1.190833887828071E-03  1.188328377711481E-03
  1.167126603987165E-03  1.164647207474854E-03  1.162168228322433E-03
  1.141283991741535E-03  1.138830679750015E-03  1.136377775788212E-03
  1.115803857636542E-03  1.113376468946844E-03  1.110949473402759E-03
  1.090676158131634E-03  1.088274378062761E-03  1.085873011286596E-03
  1.065889620704722E-03  1.063512813682336E-03  1.061136465991997E-03
  1.041424519788381E-03  1.039072242521976E-03  1.036720453160309E-03
 -2.873863241431960E-03 -1.937127112871769E-03 -1.009410273961741E-03
  6.560219127123600E-03  7.543218302447082E-03  8.522927849879196E-03
  1.173983302779754E-02  1.274148761930807E-02  1.374514967727289E-02
  1.173983302779754E-02  1.274148761930807E-02  1.374514967727289E-02
  6.560219127123600E-03  7.543218302447082E-03  8.522927849879196E-03
 -2.873863241431960E-03 -1.937127112871769E-03 -1.009410273961741E-03
 -1.499889092113163E-02 -1.413550218591750E-02 -1.328354572652646E-02
 -2.809083395172781E-02 -2.732100736262780E-02 -2.656102193087351E-02
 -4.074268830566109E-02 -4.007425581759700E-02 -3.940786278529383E-02
 -5.199524740731656E-02 -5.141079010912047E-02 -5.081998950164395E-02
 -6.114262994769955E-02 -6.063577961609011E-02 -6.012618277587731E-02
 -6.754176982597106E-02 -6.713843617552506E-02 -6.673962902054503E-02
 -7.038492604106930E-02 -7.008848506221525E-02 -6.979617979348843E-02
 -6.898988679271900E-02 -6.878108124265063E-02 -6.857451846305467E-02
 -6.375479912070370E-02 -6.363558221038361E-02 -6.351967886959614E-02
 -5.650350999132630E-02 -5.649663226767456E-02 -5.649437122275461E-02
 -4.952213186804424E-02 -4.964135255770576E-02 -4.976487901936872E-02
 -4.428825649917427E-02 -4.452050609835099E-02 -4.475534531894488E-02
 -4.107395650805385E-02 -4.138261611948447E-02 -4.169142280262272E-02
 -3.943912773562018E-02 -3.977942383240388E-02 -4.011745170357233E-02
 -3.884157133879271E-02 -3.917437517669366E-02 -3.950306094412644E-02
 -3.886580951455652E-02 -3.916250595029843E-02 -3.945396533434839E-02
 -3.918360001406905E-02 -3.942525295682853E-02 -3.966123321283310E-02
 -3.950882124021107E-02 -3.968486787006333E-02 -3.985537116200469E-02
 -3.961706145154020E-02 -3.972441199497074E-02 -3.982675006534556E-02
 -3.937296839410782E-02 -3.941440378538548E-02 -3.945157613950016E-02
 -3.872614383670102E-02 -3.870805552581372E-02 -3.868652111727123E-02
 -3.768456800707274E-02 -3.761494444448482E-02 -3.754266867981219E-02
 -3.628766413300732E-02 -3.617483114739409E-02 -3.606007777149406E-02
 -3.458910200645714E-02 -3.444110803184594E-02 -3.429185203743626E-02
 -3.264780198656470E-02 -3.247214754149359E-02 -3.229581421034390E-02
 -3.052303364243628E-02 -3.032654126715924E-02 -3.012987766224737E-02
 -2.827134466205834E-02 -2.806008681400353E-02 -2.784908971060501E-02
 -2.594456493380853E-02 -2.572382799071436E-02 -2.550370891947308E-02
 -2.358860292895687E-02 -2.336288433644786E-02 -2.313806895259360E-02
 -2.124285617020629E-02 -2.101589372026479E-02 -2.079005365748958E-02
 -1.894010397008325E-02 -1.871493231787689E-02 -1.849104372363666E-02
 -1.670676566056210E-02 -1.648579102347024E-02 -1.626621023082944E-02
 -1.456340472128381E-02 -1.434848734854668E-02 -1.413503328559373E-02
 -1.252536589297797E-02 -1.231790160666016E-02 -1.211193656919971E-02
 -1.060345656425092E-02 -1.040445191098537E-02 -1.020695563264841E-02
 -8.804615099403720E-03 -8.614753780126634E-03 -8.426388768437666E-03
 -7.132535747409571E-03 -6.952236134098841E-03 -6.773404236320561E-03
 -5.588237597317098E-03 -5.417702182159151E-03 -5.248593259675763E-03
 -4.170574452387869E-03 -4.009832309922605E-03 -3.850466069744086E-03
 -2.876686346412054E-03 -2.725629532269049E-03 -2.575891392632325E-03
 -1.702394597441404E-03 -1.560809175248558E-03 -1.420480823687281E-03
 -6.425427445462544E-04 -5.101349816955019E-04 -3.789201527181819E-04
  3.087136932016784E-04  4.322954679829158E-04  5.547495030483135E-04
  1.157664889426691E-03  1.272812263855945E-03  1.386896988695310E-03
  1.910847314238326E-03  2.017977088764330E-03  2.124108298051455E-03
  2.574882311064583E-03  2.674424608905997E-03  2.773030727487327E-03
  3.156347608283012E-03  3.248736336640660E-03  3.340249046549432E-03
  3.661676961211086E-03  3.747342221625500E-03  3.832189003170507E-03
  4.097083540671683E-03  4.176445650704840E-03  4.255043907287814E-03
  4.468503173717849E-03  4.541968019529261E-03  4.614720511779136E-03
  4.781554023556971E-03  4.849509509801069E-03  4.916800869787497E-03
  5.041509735243675E-03  5.104323135528208E-03  5.166517267498331E-03
  5.253283467179160E-03  5.311299507788641E-03  5.368737710563716E-03
  5.421420583118360E-03  5.474960117569637E-03  5.527959788213431E-03
  5.550098105343666E-03  5.599457259484761E-03  5.648311059735106E-03
  5.643129333650946E-03  5.688579021623641E-03  5.733554409126200E-03
  5.703972321336574E-03  5.745758052541113E-03  5.787097098696310E-03
  5.735741171166321E-03  5.774083087968187E-03  5.812002523880684E-03
  5.741219374493677E-03  5.776312480324176E-03  5.811003932386958E-03
  5.722874667147365E-03  5.754889225258616E-03  5.786519622722561E-03
  5.682875118854096E-03  5.711957223584112E-03  5.740669382306821E-03
  5.623106409561805E-03  5.649378754522620E-03  5.675292163883532E-03
  5.545190474589506E-03  5.568753365393663E-03  5.591965228760708E-03
  5.450505917015905E-03  5.471438599264215E-03  5.492025201533969E-03
  5.340210781979383E-03  5.358573176697974E-03  5.376591673812292E-03
  5.215268449593038E-03  5.231103406188943E-03  5.246594148880293E-03
  5.076477510250917E-03  5.089813697987875E-03  5.102803212071729E-03
  4.924506508756059E-03  4.935362067599301E-03  4.945866811415765E-03
  4.759934344624823E-03  4.768321399772318E-03  4.776352400638183E-03
  4.583296851023044E-03  4.589226956717859E-03  4.594795386478450E-03
  4.395139600800103E-03  4.398630112631603E-03  4.401753792388220E-03
  4.196076273657209E-03  4.197157551394304E-03  4.197868274314043E-03
  3.986850963477681E-03  3.985574180121228E-03  3.983925611387281E-03
  3.768401662343441E-03  3.764846848670395E-03  3.760922613130676E-03
  3.541920954675560E-03  3.536204760695173E-03  3.530126181497589E-03
  3.308908897404351E-03  3.301191430871781E-03  3.293124265374203E-03
  3.071212418950215E-03  3.061702460193006E-03  3.051861927049262E-03
  2.831045621660093E-03  2.820003546017351E-03  2.808656981497977E-03
  2.590986336787825E-03  2.578724222172426E-03  2.566190863998063E-03
  2.353946226562599E-03  2.340824884515673E-03  2.327472555455814E-03
  2.123114510027274E-03  2.109537527590701E-03  2.095776348895487E-03
  1.901878634301486E-03  1.888283898497520E-03  1.874557549235540E-03
  1.693728369105982E-03  1.680577894807674E-03  1.667353274801472E-03
  1.502152247899111E-03  1.489921368950456E-03  1.477677745478838E-03
  1.330536459689824E-03  1.319703509118576E-03  1.308922269520630E-03
  1.182075842310512E-03  1.173113299779447E-03  1.164269255166824E-03
  1.059704410783273E-03  1.053072118930125E-03  1.046626896133680E-03
  9.660489679249427E-04  9.621894220807412E-04  9.585868525314264E-04
  9.034040643806600E-04  9.027389962796003E-04  9.024016011574394E-04
  8.737203792877927E-04  8.766469637882986E-04  8.799717341190249E-04
  8.785923150960241E-04  8.854764932326516E-04  8.928273534025416E-04
  9.192256773552838E-04  9.303895940260118E-04  9.420835230033863E-04
  9.963649023742567E-04  1.012065694729149E-03  1.028349864665435E-03
  1.110163934223432E-03  1.130562463345048E-03  1.151581309097052E-03
  1.259997397741466E-03  1.285118150704620E-03  1.310872108639507E-03
  1.444228815296225E-03  1.473915802129630E-03  1.504217146608361E-03
  1.659976413699916E-03  1.693853530778799E-03  1.728288288439895E-03
  1.902937191118658E-03  1.940383861289117E-03  1.978290799507544E-03
  2.167337439961335E-03  2.207490035072415E-03  2.247966920131732E-03
  2.446066000741839E-03  2.487851922657804E-03  2.529795093457755E-03
  2.731014165999414E-03  2.773218970085194E-03  2.815395434550969E-03
  3.013600140851435E-03  3.054960386737519E-03  3.096103935687005E-03
  3.285409421147488E-03  3.324717371391088E-03  3.363634003317799E-03
  3.538850253377235E-03  3.575053256503813E-03  3.610718556197717E-03
  3.767716284781933E-03  3.799994759897955E-03  3.831627644561362E-03
  3.967568920451085E-03  3.995381900998770E-03  4.022484701091442E-03
  4.135892807377144E-03  4.158987308217138E-03  4.181349639411927E-03
  4.272026057473968E-03  4.290413837309779E-03  4.308084860314382E-03
  4.376908222424971E-03  4.390818855774349E-03  4.404057453147295E-03
  4.452713790421677E-03  4.462535306329941E-03  4.471749568055030E-03
  4.502444124867375E-03  4.508661885414824E-03  4.514348317226252E-03
  4.529539711895660E-03  4.532681602881520E-03  4.535371650598683E-03
  4.537554304628110E-03  4.538146932724998E-03  4.538364996604875E-03
  4.529910377910912E-03  4.528447872806250E-03  4.526681978954128E-03
  4.509736799848628E-03  4.506661574327556E-03  4.503345778438842E-03
  4.479777869984570E-03  4.475471354918117E-03  4.470977777769909E-03
  4.442358406427330E-03  4.437139150559303E-03  4.431777036540078E-03
  4.399390335589396E-03  4.393516802935270E-03  4.387535980959355E-03
  4.352408229603923E-03  4.346084160893054E-03  4.339680796962961E-03
  4.302620910044018E-03  4.296002148826820E-03  4.289325680865656E-03
  4.250964171555086E-03  4.244166821525079E-03  4.237327975044787E-03
  4.198141646519246E-03  4.191251409965752E-03  4.184331310130377E-03
  4.144652533724779E-03  4.137733728047648E-03  4.130792874777430E-03
  4.090822619920360E-03  4.083923856349722E-03  4.077008099043714E-03
  4.036862209658865E-03  4.030016390792738E-03  4.023157330199915E-03
  3.982954018120871E-03  3.976174443113085E-03  3.969385452500016E-03
  3.929330278623250E-03  3.922609986953427E-03  3.915884494416290E-03
  3.876267647258672E-03  3.869590307534265E-03  3.862910921263902E-03
  3.823956087006095E-03  3.817319734170369E-03  3.810680728462330E-03
  3.772290307921438E-03  3.765732786193281E-03  3.759166201472687E-03
  3.720729565964921E-03  3.714336495099823E-03  3.707922946702679E-03
  3.668380482091207E-03  3.662262568018482E-03  3.656112040765012E-03
  3.614334653422058E-03  3.608580706286576E-03  3.602787144033906E-03
  3.558105470225324E-03  3.552737211644423E-03  3.547331385723307E-03
  3.499901603787368E-03  3.494859495688589E-03  3.489790262935411E-03
  3.440552323464341E-03  3.435723027273302E-03  3.430880532902045E-03
  3.381122872602295E-03  3.376391355726593E-03  3.371658007680639E-03
  3.322460844610049E-03  3.317754800286417E-03  3.313052171471407E-03
  3.264940521907013E-03  3.260243172751949E-03  3.255548808685681E-03
  3.208509654582459E-03  3.203841089537830E-03  3.199172529021400E-03
  3.152931945732060E-03  3.148318966730621E-03  3.143703592379667E-03
  3.098022323930789E-03  3.093478395210758E-03  3.088931540107996E-03
  3.043739272491033E-03  3.039262435740453E-03  3.034783471600701E-03
  2.990139545704672E-03  2.985721405073685E-03  2.981302116678848E-03
  2.937289446587493E-03  2.932923875699296E-03  2.928557637176981E-03
  2.885214372185860E-03  2.880900104733838E-03  2.876585163813554E-03
  2.833902174274091E-03  2.829640693034863E-03  2.825378370131621E-03
  2.783329428588784E-03  2.779122169972596E-03  2.774913983900640E-03
  2.733480064639779E-03  2.729327165969866E-03  2.725173395993028E-03
  2.684348738755713E-03  2.680249199047554E-03  2.676148931473429E-03
  2.635935771960867E-03  2.631888178820062E-03  2.627839998852450E-03
  2.588240562215162E-03  2.584243816864203E-03  2.580246553261183E-03
  2.541257111512294E-03  2.537310756376508E-03  2.533363876736506E-03
  2.494974178482520E-03  2.491078088799775E-03  2.487181461845955E-03
  2.449379974524876E-03  2.445533712011889E-03  2.441686959297632E-03
  2.404466698195358E-03  2.400669251371278E-03  2.396871407878114E-03
  2.360229745325505E-03  2.356479971823910E-03  2.352729866924434E-03
  2.316662659251421E-03  2.312959864636899E-03  2.309256737808320E-03
  2.273754398447937E-03  2.270098297845089E-03  2.266441846920855E-03
  2.231492516163685E-03  2.227882645996799E-03  2.224272458416155E-03
  2.189867921923661E-03  2.186303310334082E-03  2.182738460093036E-03
  2.148874786499332E-03  2.145354328775171E-03  2.141833687146710E-03
  2.108505858058491E-03  2.105028870341333E-03  2.101551692477683E-03
  2.068749746208490E-03  2.065315933125046E-03  2.061881909267216E-03
  2.029593908678812E-03  2.026202801691323E-03  2.022811513368093E-03
  1.991029134217142E-03  1.987679788110339E-03  1.984330333103116E-03
  1.953049319099262E-03  1.949740682800945E-03  1.946431985614504E-03
  1.915646959435966E-03  1.912378396039882E-03  1.909109762121718E-03
  1.878810701046121E-03  1.875581934879057E-03  1.872353077362913E-03
  1.842528314094357E-03  1.839338889545841E-03  1.836149402053192E-03
  1.806790882231829E-03  1.803639892899997E-03  1.800488908872605E-03
  1.771592399423213E-03  1.768478856977467E-03  1.765365363111879E-03
  1.736925436941765E-03  1.733848757163635E-03  1.730772114716635E-03
  1.702778958861308E-03  1.699738891531099E-03  1.696698841560036E-03
  1.669141266994078E-03  1.666137378457220E-03  1.663133535007667E-03
  1.636003915009981E-03  1.633035346584884E-03  1.630066887766160E-03
  1.603361188344439E-03  1.600427016883378E-03  1.597492994679515E-03
  1.571205969201321E-03  1.568305659430358E-03  1.565405487312656E-03
  1.539527743908099E-03  1.536661068539654E-03  1.533794512289778E-03
  1.508315416774026E-03  1.505481967673462E-03  1.502648664616493E-03
  1.477560945981036E-03  1.474759917935670E-03  1.471959096673231E-03
  1.447258837147959E-03  1.444489373400728E-03  1.441720152944284E-03
  1.417402376276209E-03  1.414663986510527E-03  1.411925828703059E-03
  1.387981906990130E-03  1.385274382776206E-03  1.382567073629379E-03
  1.358987422740100E-03  1.356310380277138E-03  1.353633578947635E-03
  1.330411665428178E-03  1.327764352387825E-03  1.325117337674860E-03
  1.302249287036291E-03  1.299630910821103E-03  1.297012866892078E-03
  1.274493213353779E-03  1.271903327319810E-03  1.269313762845340E-03
  1.247133328941083E-03  1.244571746444205E-03  1.242010469994938E-03
  1.220159499172039E-03  1.217625864658208E-03  1.215092561085327E-03
  1.193565064058723E-03  1.191058674661010E-03  1.188552670291857E-03
  1.167346276768092E-03  1.164866390700527E-03  1.162386922176165E-03
  1.141498487016536E-03  1.139044688000080E-03  1.136591297216793E-03
  1.116013934602390E-03  1.113586057090431E-03  1.111158572968159E-03
  1.090883501879642E-03  1.088481220945785E-03  1.086079353645557E-03
  1.066098251110892E-03  1.063720905945095E-03  1.061344020663194E-03
  1.041633381863009E-03  1.039280535577030E-03  1.036928177923229E-03
