  3.444391703679589E+00  3.438210743905664E+00  3.432027062639965E+00

  1.041027046045833E-03  1.038675778409245E-03  1.036324997785621E-03
  1.065484286356540E-03  1.063108480511060E-03  1.060733133225763E-03
  1.090265145165373E-03  1.087864343876630E-03  1.085463955303486E-03
  1.041424519788381E-03  1.039072242521976E-03  1.036720453160309E-03
  1.065889620704722E-03  1.063512813682336E-03  1.061136465991997E-03
  1.090676158131634E-03  1.088274378062761E-03  1.085873011286596E-03
  1.041633381863009E-03  1.039280535577030E-03  1.036928177923229E-03
  1.066098251110892E-03  1.063720905945095E-03  1.061344020663194E-03
  1.090883501879642E-03  1.088481220945785E-03  1.086079353645557E-03
  1.041633381863009E-03  1.039280535577030E-03  1.036928177923229E-03
  1.066098251110892E-03  1.063720905945095E-03  1.061344020663194E-03
  1.090883501879642E-03  1.088481220945785E-03  1.086079353645557E-03
  1.041424519788381E-03  1.039072242521976E-03  1.036720453160309E-03
  1.065889620704722E-03  1.063512813682336E-03  1.061136465991997E-03
  1.090676158131634E-03  1.088274378062761E-03  1.085873011286596E-03
  1.041027046045833E-03  1.038675778409245E-03  1.036324997785621E-03
  1.065484286356540E-03  1.063108480511060E-03  1.060733133225763E-03
  1.090265145165373E-03  1.087864343876630E-03  1.085463955303486E-03
  1.040444168469525E-03  1.038094330760075E-03  1.035744979094893E-03
  1.064885924282817E-03  1.062511559620086E-03  1.060137652631369E-03
  1.089653462559571E-03  1.087254099375060E-03  1.084855148182442E-03
  1.039676498291400E-03  1.037328506960206E-03  1.034981000649416E-03
  1.064095910740896E-03  1.061723418804535E-03  1.059351383584508E-03
  1.088842866189856E-03  1.086445389846708E-03  1.084048324678339E-03
  1.038724211363345E-03  1.036378482219163E-03  1.034033237013750E-03
  1.063114877337042E-03  1.060744686256160E-03  1.058374950873471E-03
  1.087834396874272E-03  1.085439250256321E-03  1.083044513917597E-03
  1.037587430702501E-03  1.035244379577135E-03  1.032901811246549E-03
  1.061943206654660E-03  1.059575743003071E-03  1.057208733970468E-03
  1.086628745615857E-03  1.084236368175002E-03  1.081844400043591E-03
  1.036266326948806E-03  1.033926369691602E-03  1.031586894021783E-03
  1.060581221633911E-03  1.058216911074317E-03  1.055853053993829E-03
  1.085226450891057E-03  1.082837279855066E-03  1.080448517089688E-03
  1.034761143918521E-03  1.032424696244505E-03  1.030088728892257E-03
  1.059029260784441E-03  1.056668528271484E-03  1.054308248038667E-03
  1.083628001087436E-03  1.081242472068040E-03  1.078857350217496E-03
  1.033072202223624E-03  1.030739679520908E-03  1.028407635814094E-03
  1.057287708445357E-03  1.054930978237932E-03  1.052574699059421E-03
  1.081833887670306E-03  1.079452434964822E-03  1.077071388271688E-03
  1.031199897249498E-03  1.028871714359050E-03  1.026544009077131E-03
  1.055357007108564E-03  1.053004702696719E-03  1.050652848007732E-03
  1.079844633198680E-03  1.077467689898992E-03  1.075091151401576E-03
  1.029144696443434E-03  1.026821267442093E-03  1.024498314598230E-03
  1.053237662447360E-03  1.050890206395811E-03  1.048543198705334E-03
  1.077660806375470E-03  1.075288804324228E-03  1.072917205808586E-03
  1.026907137249095E-03  1.024588875254731E-03  1.022271087900108E-03
  1.050930245384393E-03  1.048588059166824E-03  1.046246319886629E-03
  1.075283030337998E-03  1.072916400025999E-03  1.070550171921725E-03
  1.024487825633334E-03  1.022175142622245E-03  1.019862932669006E-03
  1.048435393028100E-03  1.046098896855004E-03  1.043762846135723E-03
  1.072711987557199E-03  1.070351158002948E-03  1.067990729271455E-03
  1.021887435135024E-03  1.019580741787919E-03  1.017274519853327E-03
  1.045753809157605E-03  1.043423421841393E-03  1.041093478435902E-03
  1.069948423012967E-03  1.067593821662596E-03  1.065239619691514E-03
  1.019106706067134E-03  1.016806411596292E-03  1.014506586825552E-03
  1.042886264511878E-03  1.040562403312118E-03  1.038238984420062E-03
  1.066993146350494E-03  1.064645198957303E-03  1.062297649447206E-03
  1.016146444886371E-03  1.013852956860464E-03  1.011559936755482E-03
  1.039833596857543E-03  1.037516677312388E-03  1.035200198413833E-03
  1.063847033243397E-03  1.061506163725756E-03  1.059165690539676E-03
  1.013007523762436E-03  1.010721247937100E-03  1.008435438186337E-03
  1.036596710982037E-03  1.034287146746214E-03  1.031978021433281E-03
  1.060511026256869E-03  1.058177656534226E-03  1.055844681536523E-03
  1.009690880328751E-03  1.007412220491770E-03  1.005134024816057E-03
  1.033176578686437E-03  1.030874781360258E-03  1.028573421171645E-03
  1.056986135418698E-03  1.054660685248131E-03  1.052335628141400E-03
  1.006197517593765E-03  1.003926875411064E-03  1.001656695409584E-03
  1.029574238906593E-03  1.027280617885166E-03  1.024987432157913E-03
  1.053273438833476E-03  1.050956325663486E-03  1.048639603843315E-03
  1.002528504085076E-03  1.000266278946274E-03  9.980045139427361E-04
  1.025790798025029E-03  1.023505760349409E-03  1.021221156063995E-03
  1.049374083298477E-03  1.047065722128498E-03  1.044757750542931E-03
  9.986849738676108E-04  9.964315627284327E-04  9.941786096120005E-04
  1.021827430029503E-03  1.019551380227886E-03  1.017275761855329E-03
  1.045289284825821E-03  1.042990088052833E-03  1.040691279052194E-03
  9.946681265610344E-04  9.924239237822827E-04  9.901801768477194E-04
  1.017685376702866E-03  1.015418716631853E-03  1.013152485970976E-03
  1.041020329030182E-03  1.038730706287484E-03  1.036441469454485E-03
  9.904792275789674E-04  9.882446247770867E-04  9.860104755745364E-04
  1.013365947840962E-03  1.011109076523888E-03  1.008852632539855E-03
  1.036568571441373E-03  1.034288929428888E-03  1.032009671414273E-03
  9.861196081759698E-04  9.838949940751999E-04  9.816708312676522E-04
  1.008870521376029E-03  1.006623834850916E-03  1.004377573525146E-03
  1.031935437785561E-03  1.029666180117577E-03  1.027397304486525E-03
  9.815906657532280E-04  9.793764260331332E-04  9.771626352355069E-04
  1.004200543738440E-03  1.001964434906709E-03  9.997287490874510E-04
  1.027122424429491E-03  1.024863951479385E-03  1.022605858561141E-03
  9.768938639700252E-04  9.746903811103584E-04  9.724873447404190E-04
  9.993575300298533E-04  9.971323885001463E-04  9.949076677395600E-04
  1.022131098697821E-03  1.019883807445512E-03  1.017636894174515E-03
  9.720307328484212E-04  9.698383859810694E-04  9.676464831088061E-04
  9.943430641961911E-04  9.921292761237719E-04  9.899159065253989E-04
  1.016963099117126E-03  1.014727382981616E-03  1.012492042731124E-03
  9.670028689031101E-04  9.648220336531568E-04  9.626416398438123E-04
  9.891587991249498E-04  9.869567470568109E-04  9.847551111130887E-04
  1.011620135541043E-03  1.009396384217220E-03  1.007173006635753E-03
  9.618119351477325E-04  9.596429834856080E-04  9.574744706491502E-04
  9.838064567060576E-04  9.816165194231376E-04  9.794269958613095E-04
  1.006103989262914E-03  1.003892588563931E-03  1.001681559419608E-03
  9.564596611976645E-04  9.543029612889169E-04  9.521466975312724E-04
  9.782878279361292E-04  9.761103802980018E-04  9.739333439263879E-04
  1.000416513159555E-03  9.982178448593980E-04  9.960195458846174E-04
  9.509478432941583E-04  9.488037593506189E-04  9.466601088261364E-04
  9.726047729352546E-04  9.704401857339219E-04  9.682760072921797E-04
  9.945596317594040E-04  9.923740734441334E-04  9.901888821835189E-04
  9.452783441277849E-04  9.431472362534098E-04  9.410165590083310E-04
  9.667592208620622E-04  9.646078606577662E-04  9.624569066581515E-04
  9.885353412234044E-04  9.863632661270716E-04  9.841915557735038E-04
  9.394530927578403E-04  9.373353167958907E-04  9.352179686145822E-04
  9.607531697986457E-04  9.586153987727381E-04  9.564780313443663E-04
  9.823457092077183E-04  9.801874860526957E-04  9.780296252874568E-04
  9.334740843651297E-04  9.313699917490450E-04  9.292663240118382E-04
  9.545886865066026E-04  9.524648622997939E-04  9.503414390349935E-04
  9.759928746348372E-04  9.738488674750079E-04  9.717052203125737E-04
  9.273433800793984E-04  9.252533176937560E-04  9.231636772289079E-04
  9.482679062148363E-04  9.461583817816535E-04  9.440492555881099E-04
  9.694790474877570E-04  9.673496155522864E-04  9.652205411829239E-04
  9.210631065698044E-04  9.189874165924953E-04  9.169121455239207E-04
  9.417930322453320E-04  9.396981557078193E-04  9.376036746584227E-04
  9.628065084454149E-04  9.606920059917830E-04  9.585778586361169E-04
  9.146354556739035E-04  9.125744754386034E-04  9.105139110465247E-04
  9.351663356102025E-04  9.330864501013588E-04  9.310069572835892E-04
  9.559776084815819E-04  9.538783846362112E-04  9.517795133821214E-04
  9.080626837977494E-04  9.060167456435689E-04  9.039712202144202E-04
  9.283901544363247E-04  9.263255979515191E-04  9.242614313135298E-04
  9.489947682834998E-04  9.469111668843609E-04  9.448279155337281E-04
  9.013471114127826E-04  8.993165425313478E-04  8.972863832048872E-04
  9.214668933900311E-04  9.194179986309957E-04  9.173694908291304E-04
  9.418604776131733E-04  9.397928370603267E-04  9.377255439757992E-04
  8.944911224112154E-04  8.924762447231823E-04  8.904617733685095E-04
  9.143990229721686E-04  9.123661172147558E-04  9.103335954797421E-04
  9.345772946216351E-04  9.325259477276698E-04  9.304749456871542E-04
  8.874971632452775E-04  8.854982932398459E-04  8.834998262971078E-04
  9.071890787009785E-04  9.051724836446061E-04  9.031562696312672E-04
  9.271478450042083E-04  9.251131188559395E-04  9.230787349106209E-04
  8.803677421510666E-04  8.783851907615597E-04  8.764030391128270E-04
  8.998396602704142E-04  8.978396918981441E-04  8.958401015462132E-04
  9.195748211161255E-04  9.175570369188482E-04  9.155395922415344E-04
  8.731054281606830E-04  8.711395006208321E-04  8.691739694505857E-04
  8.923534305216204E-04  8.903703989570792E-04  8.883877423459057E-04
  9.118609809125613E-04  9.098604538486355E-04  9.078602635855475E-04
  8.657128500712689E-04  8.637638457798889E-04  8.618152344391564E-04
  8.847331143506745E-04  8.827673237188078E-04  8.808019049310748E-04
  9.040091467985227E-04  9.020261858859096E-04  9.000435590209026E-04
  8.581926953101817E-04  8.562609077014150E-04  8.543295095760297E-04
  8.769814975269878E-04  8.750332458242981E-04  8.730853628120647E-04
  8.960222043954961E-04  8.940571123492878E-04  8.920923515644270E-04
  8.505477087168391E-04  8.486334251296857E-04  8.467195275122620E-04
  8.691014254077691E-04  8.671710043654718E-04  8.652409488193973E-04
  8.879031011947338E-04  8.859561742950251E-04  8.840095758367886E-04
  8.427806912407095E-04  8.408841927864765E-04  8.389880767401143E-04
  8.610958015863962E-04  8.591834965378487E-04  8.572715537484866E-04
  8.796548451406562E-04  8.777263730939939E-04  8.757982266373135E-04
  8.348944984855587E-04  8.330160599292126E-04  8.311380001726351E-04
  8.529675863572842E-04  8.510736761186230E-04  8.491801248585247E-04
  8.712805030643961E-04  8.693707688791236E-04  8.674613573980200E-04
  8.268920391688272E-04  8.250319288094653E-04  8.231721935966500E-04
  8.447197951618566E-04  8.428445518990885E-04  8.409696642958093E-04
  8.627831990326498E-04  8.608924788891968E-04  8.590020785311242E-04
  8.187762736389873E-04  8.169347531853464E-04  8.150936041784550E-04
  8.363554968934838E-04  8.344991860115977E-04  8.326432274256492E-04
  8.541661125520683E-04  8.522946756802615E-04  8.504235556428120E-04
  8.105502120231649E-04  8.087275364892642E-04  8.069052286585678E-04
  8.278778121190843E-04  8.260406921415170E-04  8.242039210564285E-04
  8.454324767457477E-04  8.435805853101170E-04  8.417290077235470E-04
  8.022169126056378E-04  8.004133301896989E-04  7.986101116877469E-04
  8.192899112516564E-04  8.174722337072758E-04  8.156549016115141E-04
  8.365855764053598E-04  8.347534853906901E-04  8.329217052081937E-04
  7.937794799062844E-04  7.919952318874207E-04  7.902113439491004E-04
  8.105950126124843E-04  8.087970219275638E-04  8.069993732044932E-04
  8.276287459652304E-04  8.258167030605956E-04  8.240049679370504E-04
  7.852410626959023E-04  7.834763833292996E-04  7.817120601650628E-04
  8.017963803156049E-04  8.000183137077080E-04  7.982405855350799E-04
  8.185653673246861E-04  8.167736128201380E-04  8.149821630126480E-04
  7.766048519551343E-04  7.748599683849424E-04  7.731154370955516E-04
  7.928973221742481E-04  7.911394095569483E-04  7.893818318056493E-04
  8.093988676594385E-04  8.076276343432948E-04  8.058567026079861E-04
  7.678740789093745E-04  7.661492110611331E-04  7.644246915283656E-04
  7.839011875443174E-04  7.821636514255819E-04  7.804264465634642E-04
  8.001327170695090E-04  7.983822301367217E-04  7.966320416313428E-04
  7.590520127538110E-04  7.573473732496485E-04  7.556430780520600E-04
  7.748113650111393E-04  7.730944204102296E-04  7.713778034147012E-04
  7.907704262365855E-04  7.890409031899295E-04  7.873116753858765E-04
  7.501419583488787E-04  7.484577524241378E-04  7.467738867535295E-04
  7.656312800175505E-04  7.639351343731609E-04  7.622393126421469E-04
  7.813155439560209E-04  7.796071945249837E-04  7.778991371165052E-04
  7.411472540257440E-04  7.394836794452945E-04  7.378204410245429E-04
  7.563643924894414E-04  7.546892455813637E-04  7.530144188516274E-04
  7.717716545939498E-04  7.700846806502074E-04  7.683979954733775E-04
  7.320712691726336E-04  7.304285161632594E-04  7.287860951745058E-04
  7.470141943117296E-04  7.453602381829055E-04  7.437065984574627E-04
  7.621423754788629E-04  7.604769709577019E-04  7.588118519124604E-04
  7.229174018090245E-04  7.212956529788229E-04  7.196742319885092E-04
  7.375842068187542E-04  7.359516257083368E-04  7.343193571829806E-04
  7.524313542516616E-04  7.507877050851754E-04  7.491443380682801E-04
  7.136890761087786E-04  7.120885063889458E-04  7.104882602852801E-04
  7.280779781845491E-04  7.264669484602584E-04  7.248562274609877E-04
  7.426422661429625E-04  7.410205501930809E-04  7.393991130301039E-04
  7.043897397974260E-04  7.028105163857165E-04  7.012316123233484E-04
  7.184990807453661E-04  7.169097708445556E-04  7.153207657671323E-04
  7.327788112058603E-04  7.311791982038187E-04  7.295798605869030E-04
  6.950228617285492E-04  6.934651440267929E-04  6.919077413656157E-04
  7.088511083572718E-04  7.072836787354137E-04  7.057165499911677E-04
  7.228447114885557E-04  7.212673629836486E-04  7.196902864264894E-04
  6.855919291479521E-04  6.840558687227200E-04  6.825201189851972E-04
  6.991376736576110E-04  6.975922767379857E-04  6.960471767088800E-04
  7.128437082240966E-04  7.112887775355917E-04  7.097341153191361E-04
  6.761004451534433E-04  6.745861856818560E-04  6.730722325039670E-04
  6.893624053217707E-04  6.878391854513501E-04  6.863162584403869E-04
  7.027795589202358E-04  7.012471910929791E-04  6.997150882231337E-04
  6.665519259235173E-04  6.650596031653247E-04  6.635675822646058E-04
  6.795289452049128E-04  6.780280386207147E-04  6.765274208229849E-04
  6.926560344132893E-04  6.911463661836491E-04  6.896369593579300E-04
  6.569498980691548E-04  6.554796398387423E-04  6.540096789861922E-04
  6.696409455841582E-04  6.681624803870171E-04  6.666842998583720E-04
  6.824769159597097E-04  6.809900757258409E-04  6.795034933015649E-04
  6.472978960032802E-04  6.458498221294883E-04  6.444020411130742E-04
  6.597020663508343E-04  6.582461624684405E-04  6.567905390941038E-04
  6.722459922652728E-04  6.707821000648623E-04  6.693184620394649E-04
  6.375994590931061E-04  6.361736814103638E-04  6.347481920210109E-04
  6.497159721079444E-04  6.482827412870324E-04  6.468497867693827E-04
  6.619670565287195E-04  6.605262240169565E-04  6.590856420048926E-04
  6.278581290149942E-04  6.264547513515113E-04  6.250516573766524E-04
  6.396863293585851E-04  6.382758751515645E-04  6.368656929984761E-04
  6.516439034720372E-04  6.502262339180917E-04  6.488088111472171E-04
  6.180774469998628E-04  6.166965651626388E-04  6.153159623661816E-04
  6.296168036676232E-04  6.282292214223256E-04  6.268419069385443E-04
  6.412803263589605E-04  6.398859146374165E-04  6.384917459393021E-04
  6.082609511156803E-04  6.069026528898525E-04  6.055446290166352E-04
  6.195110568066641E-04  6.181464336687264E-04  6.167820739543349E-04
  6.308801140374951E-04  6.295090466302163E-04  6.281382184444755E-04
  5.984121735997240E-04  5.970765387574667E-04  5.957411735371835E-04
  6.093727439301553E-04  6.080311588504030E-04  6.066898328129406E-04
  6.204470479757647E-04  6.190994029823502E-04  6.177519933650293E-04
  5.885346380333598E-04  5.872217383426855E-04  5.859091035016785E-04
  5.992055107358780E-04  5.978870344834192E-04  5.965688128463646E-04
  6.099848993449896E-04  6.086607464946942E-04  6.073368251328636E-04
  5.786318567905307E-04  5.773417560247127E-04  5.760519152958454E-04
  5.890129907160122E-04  5.877176858855223E-04  5.864226311994901E-04
  5.994974260781854E-04  5.981968267473530E-04  5.968964549719426E-04
  5.687073283329438E-04  5.674400822977616E-04  5.661730914460004E-04
  5.787988023514705E-04  5.775267233993953E-04  5.762548900767149E-04
  5.889883700105449E-04  5.877113772551127E-04  5.864346080769929E-04
  5.587645345512859E-04  5.575201911108818E-04  5.562760979592214E-04
  5.685665463695254E-04  5.673177396421980E-04  5.660691739843728E-04
  5.784614540211000E-04  5.772081126070650E-04  5.759549907484686E-04
  5.488069381519413E-04  5.475855372683238E-04  5.463643817386464E-04
  5.583198030636456E-04  5.570943068307893E-04  5.558690470634696E-04
  5.679203792348239E-04  5.666907256787555E-04  5.654612876104553E-04
  5.388379802116878E-04  5.376395539702036E-04  5.364413681089330E-04
  5.480621296559280E-04  5.468599741526266E-04  5.456580504659370E-04
  5.573688222242273E-04  5.561628848360765E-04  5.549571588219507E-04
  5.288610775700947E-04  5.276856502392914E-04  5.265104582744243E-04
  5.377970576119262E-04  5.366182650895181E-04  5.354396996907170E-04
  5.468104322882874E-04  5.456282312218672E-04  5.444462373700985E-04
  5.188796203623136E-04  5.177272084339051E-04  5.165750268177170E-04
  5.275280901093351E-04  5.263726748844960E-04  5.252174820459419E-04
  5.362488287953924E-04  5.350903761077578E-04  5.339321264299397E-04
  5.088969695483660E-04  5.077675817948963E-04  5.066384192616548E-04
  5.172586995191214E-04  5.161266680330918E-04  5.149948541530978E-04
  5.256875985796714E-04  5.245528982922661E-04  5.234183967627823E-04
  4.989164546761130E-04  4.978100922148945E-04  4.967039498445722E-04
  5.069923249622382E-04  5.058836758498073E-04  5.047752395199933E-04
  5.151302933722136E-04  5.140193415390960E-04  5.129085841660522E-04
  4.889413714316517E-04  4.878580277867497E-04  4.867748990652919E-04
  4.967323698767724E-04  4.956470940321319E-04  4.945620261022595E-04
  5.045804273122353E-04  5.034932120915410E-04  5.024061869870847E-04
  4.789749795006944E-04  4.779146406850128E-04  4.768545115864586E-04
  4.864821997169059E-04  4.854202803723791E-04  4.843585640330525E-04
  4.940414745496028E-04  4.929779762837412E-04  4.919146637441404E-04
  4.690205002909832E-04  4.679831448625932E-04  4.669459939115327E-04
  4.762451396636755E-04  4.752065524635393E-04  4.741681633171101E-04
  4.835168668467383E-04  4.824770581524355E-04  4.814374307483781E-04
  4.590811148106165E-04  4.580667139755304E-04  4.570525123409867E-04
  4.660244724186292E-04  4.650091855113904E-04  4.639940916636056E-04
  4.730099913614129E-04  4.719938372086174E-04  4.709778598635422E-04
  4.491599617367336E-04  4.481684794247012E-04  4.471771910018496E-04
  4.558234361355541E-04  4.548314102597107E-04  4.538395724097070E-04
  4.625241884258460E-04  4.615316462391501E-04  4.605392763326392E-04
  4.392601352706901E-04  4.382915282274402E-04  4.373231097278776E-04
  4.456452223102665E-04  4.446764108951411E-04  4.437077824303039E-04
  4.520627494297759E-04  4.510937691885740E-04  4.501249566533874E-04
  4.293846833511419E-04  4.284389012296187E-04  4.274933022722042E-04
  4.354929738515674E-04  4.345473231079130E-04  4.336018502006336E-04
  4.416289147725074E-04  4.406834391096919E-04  4.397381265341701E-04
  4.195366057322293E-04  4.186135912045552E-04  4.176907544295400E-04
  4.253697831675414E-04  4.244472321998263E-04  4.235248539140189E-04
  4.312258719521702E-04  4.303038362649814E-04  4.293819590013924E-04
  4.097188523346593E-04  4.088185411841371E-04  4.079184023433503E-04
  4.152786903841620E-04  4.143791712916316E-04  4.134798196902807E-04
  4.208567536594630E-04  4.199580862220476E-04  4.190595725012965E-04
  3.999343214778876E-04  3.990566427081082E-04  3.981791307742287E-04
  4.052226816029638E-04  4.043461195980561E-04  4.034697198540110E-04
  4.105246360480730E-04  4.096492581285601E-04  4.087740291744781E-04
  3.901858583270304E-04  3.893307342854250E-04  3.884757715755136E-04
  3.952046872734521E-04  3.943510007924037E-04  3.934974713083533E-04
  4.002325370460894E-04  3.993803630215057E-04  3.985283331687425E-04
  3.804762534082291E-04  3.796435998822517E-04  3.788111021571933E-04
  3.852275806807251E-04  3.843966815025936E-04  3.835659340220218E-04
  3.899834147590613E-04  3.891543522455007E-04  3.883254290680651E-04
  3.708082411838044E-04  3.699979675360173E-04  3.691878441305889E-04
  3.752941764460532E-04  3.744859698253374E-04  3.736779095669405E-04
  3.797801659887124E-04  3.789741159695543E-04  3.781682004097177E-04
  3.611844986455564E-04  3.603965079303678E-04  3.596086618723556E-04
  3.654072291347976E-04  3.646216139278428E-04  3.638361397156947E-04
  3.696256247551806E-04  3.688424817273333E-04  3.680594682379450E-04
  3.516076441281044E-04  3.508418332214054E-04  3.500761613613812E-04
  3.555694319470723E-04  3.548063007446424E-04  3.540433051341326E-04
  3.595225609449276E-04  3.587622130486010E-04  3.580019897284116E-04
  3.420802360778418E-04  3.413364958079067E-04  3.405928889489366E-04
  3.457834155504063E-04  3.450426548065377E-04  3.443020242226889E-04
  3.494736791585840E-04  3.487360083062295E-04  3.479984570307891E-04
  3.326047719996541E-04  3.318829872709584E-04  3.311613302965174E-04
  3.360517470508709E-04  3.353332372037252E-04  3.346148520583607E-04
  3.394816177091145E-04  3.387664997043704E-04  3.380514962448394E-04
  3.231836875310210E-04  3.224837374573395E-04  3.217839094628497E-04
  3.263769290597376E-04  3.256805446588603E-04  3.249842794792230E-04
  3.295489476984439E-04  3.288562523550862E-04  3.281636664983305E-04
  3.138193554950756E-04  3.131411135224197E-04  3.124629879351130E-04
  3.167613987847032E-04  3.160870086216293E-04  3.154127321770520E-04
  3.196781721100874E-04  3.190077633957467E-04  3.183374590813968E-04
  3.045140850867744E-04  3.038574191347413E-04  3.032008638602481E-04
  3.072075271703117E-04  3.065549944417423E-04  3.059025699047034E-04
  3.098717249520044E-04  3.092234611669111E-04  3.085752966575533E-04
  2.952701212475091E-04  2.946348938592212E-04  2.939997714223654E-04
  2.977176180378859E-04  2.970868005543197E-04  2.964560856924519E-04
  3.001319701883289E-04  2.995057042222768E-04  2.988795323430552E-04
  2.860896438171727E-04  2.854757123379812E-04  2.848618800568335E-04
  2.882939067881850E-04  2.876846572613379E-04  2.870755047193095E-04
  2.904612000178783E-04  2.898567797505597E-04  2.892524482711344E-04
  2.769747665009698E-04  2.763819833256789E-04  2.757892935505368E-04
  2.789385584987503E-04  2.783507249311694E-04  2.777629826065987E-04
  2.808616320577540E-04  2.802789008900123E-04  2.796962530462741E-04
  2.679275355337139E-04  2.673557484129484E-04  2.667840488263695E-04
  2.696536658050017E-04  2.690870918328071E-04  2.685206032450038E-04
  2.713354065052497E-04  2.707742037501389E-04  2.702130786862938E-04
  2.589499281903071E-04  2.583989804905954E-04  2.578481143859377E-04
  2.604412482577070E-04  2.598957731792345E-04  2.593503775567986E-04
  2.618845861347286E-04  2.613447468340053E-04  2.608049795164066E-04
  2.500438526346089E-04  2.495135833812791E-04  2.489833897380306E-04
  2.513032548977555E-04  2.507787132686008E-04  2.502542451867275E-04
  2.525111615849550E-04  2.519925156542924E-04  2.514739360785562E-04
  2.412111492499034E-04  2.407013929822305E-04  2.401917063405905E-04
  2.422415685871195E-04  2.417377898371553E-04  2.412340787872842E-04
  2.432170587383144E-04  2.427194303345017E-04  2.422218627790347E-04
  2.324535928070946E-04  2.319641795301619E-04  2.314748299012153E-04
  2.332580063527869E-04  2.327748153530552E-04  2.322916861438149E-04
  2.340041374221061E-04  2.335273461045872E-04  2.330506099939208E-04
  2.237728914150641E-04  2.233036471399370E-04  2.228344604529803E-04
  2.243543097816768E-04  2.238915287164462E-04  2.234288032157424E-04
  2.248741733203115E-04  2.244180372428876E-04  2.239619501795090E-04
  2.151706801100153E-04  2.147214280114107E-04  2.142722272299436E-04
  2.155321306907685E-04  2.150895806372236E-04  2.146470795538285E-04
  2.158288355740776E-04  2.153931735349181E-04  2.149575537828951E-04
  2.066485141627807E-04  2.062190751998980E-04  2.057896811080871E-04
  2.067930331935817E-04  2.063705322981627E-04  2.059480739274727E-04
  2.068696971682495E-04  2.064543244027868E-04  2.060389876524411E-04
  1.982078745017523E-04  1.977980658457447E-04  1.973882958051516E-04
  1.981385308886543E-04  1.977358881615010E-04  1.973332825697823E-04
  1.979983035979841E-04  1.976030209301348E-04  1.972077699221199E-04
  1.898501925215527E-04  1.894598239086209E-04  1.890694883308263E-04
  1.895701395018372E-04  1.891871497736612E-04  1.888041930663681E-04
  1.892162541357923E-04  1.888408413748863E-04  1.884654578074652E-04
  1.815768764927458E-04  1.812057483838561E-04  1.808346483445458E-04
  1.810893734696152E-04  1.807258239528140E-04  1.803623029094179E-04
  1.805251701643823E-04  1.801694008540373E-04  1.798136568388147E-04
  1.733892969255497E-04  1.730372061984372E-04  1.726851379935861E-04
  1.726976210037334E-04  1.723533132509545E-04  1.720090258399676E-04
  1.719264610193420E-04  1.715901406941868E-04  1.712538351842900E-04
  1.652887030883747E-04  1.649554564717260E-04  1.646222244842574E-04
  1.643959528448994E-04  1.640707234740418E-04  1.637455014157154E-04
  1.634210226366455E-04  1.631040173180932E-04  1.627870088180435E-04
  1.572761212298705E-04  1.569615447912020E-04  1.566469724924469E-04
  1.561850899070406E-04  1.558787964310641E-04  1.555724970252147E-04
  1.550092691651157E-04  1.547114682836446E-04  1.544136482389460E-04
  1.493523724045663E-04  1.490562979794062E-04  1.487602180045139E-04
  1.480657668796407E-04  1.477782204152821E-04  1.474906649528662E-04
  1.466918381480884E-04  1.464130336788800E-04  1.461342135154086E-04
  1.415183247682229E-04  1.412405472967990E-04  1.409627615498805E-04
  1.400394033445532E-04  1.397702875206115E-04  1.395011772535823E-04
  1.384706852061524E-04  1.382104509056387E-04  1.379502327918483E-04
  1.337752808094603E-04  1.335155153793258E-04  1.332557492357421E-04
  1.321084653236211E-04  1.318573397265055E-04  1.316062432406540E-04
  1.303494358329101E-04  1.301071747697298E-04  1.298649699015888E-04
  1.261251084877564E-04  1.258830055043602E-04  1.256409127937600E-04
  1.242757022265303E-04  1.240421715335842E-04  1.238086733221415E-04
  1.223317450067917E-04  1.221070112657410E-04  1.218823303602533E-04
  1.185696729080399E-04  1.183449308938025E-04  1.181201952510756E-04
  1.165421250976122E-04  1.163261196647157E-04  1.161100971241074E-04
  1.144178192541466E-04  1.142107684055595E-04  1.140036759384822E-04
  1.111095888760859E-04  1.109021199050975E-04  1.106946202057308E-04
  1.089050277118663E-04  1.087069595159979E-04  1.085087707493708E-04
  1.066016702388774E-04  1.064132118023104E-04  1.062245418293486E-04
  1.037431548966026E-04  1.035531557577958E-04  1.033630584954647E-04
  1.013584281976705E-04  1.011789320321628E-04  1.009992173156857E-04
  9.887300836305202E-05  9.870422341897234E-05  9.853509680535959E-05
  9.646687953747219E-05  9.629464192572613E-05  9.612224831533426E-05
  9.389760074352327E-05  9.373678244780616E-05  9.357576116336541E-05
  9.122574774622806E-05  9.107657587434678E-05  9.092714872098551E-05
  8.927850033803739E-05  8.912392600290818E-05  8.896921587877447E-05
  8.652655451345972E-05  8.638307626833858E-05  8.623961947152116E-05
  8.366998139315071E-05  8.353786729122161E-05  8.340592446321898E-05
  8.218172225120640E-05  8.204374599483985E-05  8.190579290224897E-05
  7.926408881094382E-05  7.913472496408417E-05  7.900582025315536E-05
  7.623946028878838E-05  7.611902731833787E-05  7.599948225542623E-05
  7.519006789864267E-05  7.506636176299875E-05  7.494298322776443E-05
  7.214325296255539E-05  7.202342751504543E-05  7.190459069342562E-05
  6.898678190375965E-05  6.887119137396179E-05  6.875724657320358E-05
  6.832680016485821E-05  6.821406265734145E-05  6.810203365401045E-05
  6.520226927792368E-05  6.508750644310761E-05  6.497415479579015E-05
  6.196535499294726E-05  6.184892004322616E-05  6.173460022244607E-05
  6.161969161443135E-05  6.151450211550910E-05  6.141035855162606E-05
  5.847065595165449E-05  5.835820998040896E-05  5.824732614052110E-05
  5.520678957384062E-05  5.508739729103830E-05  5.497008911044610E-05
  5.509259979902655E-05  5.499244108009508E-05  5.489351297015657E-05
  5.195827643085011E-05  5.184798316353724E-05  5.173910014457418E-05
  4.870724521125419E-05  4.858705920683652E-05  4.846847038373568E-05
  4.875814616435660E-05  4.866204946755854E-05  4.856717570873305E-05
  4.565387201149128E-05  4.554771758527719E-05  4.544263575742350E-05
  4.243166450083533E-05  4.231562977790344E-05  4.220052259566512E-05
  4.261540856238143E-05  4.252388983854573E-05  4.243344062464663E-05
  3.953368558106857E-05  3.943441582404067E-05  3.933587992035392E-05
  3.633330003853879E-05  3.622642037118527E-05  3.611994019592662E-05
  3.665351505060643E-05  3.656790575410967E-05  3.648316389326251E-05
  3.357437046197559E-05  3.348404664108220E-05  3.339425426359614E-05
  3.037604928843356E-05  3.028114952141152E-05  3.018644299093487E-05
  3.085851000529438E-05  3.078012695536241E-05  3.070244837659146E-05
  2.776229922295215E-05  2.768161784143707E-05  2.760142558324817E-05
  2.454637236794786E-05  2.446354987299853E-05  2.438099754860769E-05
  2.521935151019168E-05  2.514896536842857E-05  2.507919610714051E-05
  2.209490482994641E-05  2.202346600735669E-05  2.195256354478433E-05
  1.885008493021253E-05  1.877777123694672E-05  1.870591048750690E-05
  1.973024516057396E-05  1.966802687217659E-05  1.960639687573943E-05
  1.657560010634560E-05  1.651266887269648E-05  1.645031972459798E-05
  1.329985703601885E-05  1.323640044673072E-05  1.317351840655937E-05
  1.438936531670663E-05  1.433515987277626E-05  1.428153420239632E-05
  1.120744685892996E-05  1.115257230014626E-05  1.109827594355181E-05
  7.903743182915169E-06  7.848385001801044E-06  7.793603256704288E-06
  9.196109920662092E-06  9.149745047690507E-06  9.103942476550974E-06
  5.989918206590818E-06  5.943081944109531E-06  5.896777756284946E-06
  2.661364518792737E-06  2.614235013550548E-06  2.567607387621279E-06
  4.149124493136878E-06  4.110555167718728E-06  4.072515490115716E-06
  9.195247501326687E-07  8.809263784269216E-07  8.428048134834784E-07
 -2.432893891786307E-06 -2.471348969881697E-06 -2.509380416491935E-06
 -7.540646136335492E-07 -7.847854022012301E-07 -8.150153834847286E-07
 -4.007824966791448E-06 -4.038034826256829E-06 -4.067808155001663E-06
 -7.384771597270360E-06 -7.414300044988767E-06 -7.443446976190572E-06
 -5.516379024072023E-06 -5.539194413257297E-06 -5.561553889910564E-06
 -8.795154422932062E-06 -8.816983165718349E-06 -8.838398010152340E-06
 -1.219742472238554E-05 -1.221809571233044E-05 -1.223839568906465E-05
 -1.014047510234126E-05 -1.015538360670590E-05 -1.016986367188573E-05
 -1.344428203630642E-05 -1.345784665917056E-05 -1.347101230320251E-05
 -1.687184493060021E-05 -1.688389383731404E-05 -1.689557399954204E-05
 -1.462851989511284E-05 -1.463557497206271E-05 -1.464222393404265E-05
 -1.795655549413576E-05 -1.796199034034453E-05 -1.796704254256175E-05
 -2.140855572150610E-05 -2.141219887976322E-05 -2.141548348313048E-05
 -1.898236999827443E-05 -1.898165033475532E-05 -1.898054527688681E-05
 -2.233349528572348E-05 -2.233090245132752E-05 -2.232794734803290E-05
 -2.580873342032501E-05 -2.580409732023331E-05 -2.579912259187000E-05
 -2.320382561990425E-05 -2.319541078766315E-05 -2.318663157764404E-05
 -2.657695479868948E-05 -2.656640697883256E-05 -2.655551929042355E-05
 -3.007428112323368E-05 -3.006143189402930E-05 -3.004826780934124E-05
 -2.729475545442858E-05 -2.727871928437616E-05 -2.726234002697976E-05
 -3.068895592238242E-05 -3.067052110689680E-05 -3.065176789903053E-05
 -3.420737588923394E-05 -3.418637540771595E-05 -3.416508178955799E-05
 -3.125708449008985E-05 -3.123350056265117E-05 -3.120959419484137E-05
 -3.467148022525771E-05 -3.464524185177843E-05 -3.461870394006584E-05
 -3.821006081364863E-05 -3.818100183352404E-05 -3.815166686307933E-05
 -3.509272583366826E-05 -3.506167532913931E-05 -3.503032161881913E-05
 -3.852636387612791E-05 -3.849242618369893E-05 -3.845820540855463E-05
 -4.208410017165635E-05 -4.204710956527649E-05 -4.200985668621539E-05
 -3.880352891719781E-05 -3.876510401887930E-05 -3.872639370606924E-05
 -4.225532050742041E-05 -4.221379961577327E-05 -4.217201132482882E-05
 -4.583107470947580E-05 -4.578629252300137E-05 -4.574126160464089E-05
 -4.239127849659505E-05 -4.234557936731134E-05 -4.229961179649929E-05
 -4.586004683907488E-05 -4.581105647763560E-05 -4.576181510590873E-05
 -4.945259299615555E-05 -4.940014695093338E-05 -4.934746789088555E-05
 -4.585773588108737E-05 -4.580486471235068E-05 -4.575174185970052E-05
 -4.934231426118394E-05 -4.928595952800671E-05 -4.922937075771281E-05
 -5.295043492305752E-05 -5.289043353589503E-05 -5.283021625481275E-05
 -4.920467914757779E-05 -4.914473727390663E-05 -4.908456023286371E-05
 -5.270396062636871E-05 -5.264034530356892E-05 -5.257651207105466E-05
 -5.632649766222090E-05 -5.625904733574434E-05 -5.619139687886011E-05
 -5.243390302006301E-05 -5.236699344205042E-05 -5.229986446132318E-05
 -5.594680031390787E-05 -5.587603794253364E-05 -5.580507203975889E-05
 -5.958261744177446E-05 -5.950784193846025E-05 -5.943287941591663E-05
 -5.554718553326405E-05 -5.547341676011098E-05 -5.539944335247813E-05
 -5.907256563501982E-05 -5.899478024061320E-05 -5.891680468233496E-05
 -6.272048474595979E-05 -6.263852302804902E-05 -6.255638640769515E-05
 -5.854626793050350E-05 -5.846575360289465E-05 -5.838504881136037E-05
 -6.208295114194780E-05 -6.199826706623473E-05 -6.191340653580078E-05
 -6.574175119532062E-05 -6.565273781552046E-05 -6.556356287973281E-05
 -6.143287464569542E-05 -6.134572913923825E-05 -6.125840729644942E-05
 -6.497969818331685E-05 -6.488823262305453E-05 -6.479660485838685E-05
 -6.864817756332897E-05 -6.855223239979947E-05 -6.845614004148157E-05
 -6.420874637634324E-05 -6.411508192858012E-05 -6.402125524721455E-05
 -6.776460665517372E-05 -6.766647421197484E-05 -6.756819328271667E-05
 -7.144162411695359E-05 -7.133886443853211E-05 -7.123597078040896E-05
 -6.687564321342003E-05 -6.677557198064501E-05 -6.667535208772872E-05
 -7.043946402546093E-05 -7.033478588623408E-05 -7.022997170598916E-05
 -7.412390536667881E-05 -7.401446208385641E-05 -7.390489597567186E-05
 -6.943531588659865E-05 -6.932895373924348E-05 -6.922245562374562E-05
 -7.300599388170992E-05 -7.289489844364866E-05 -7.278367874158806E-05
 -7.669671604417798E-05 -7.658073084835825E-05 -7.646463358983704E-05
 -7.188948554632551E-05 -7.177695231731971E-05 -7.166429517151924E-05
 -7.546589409110292E-05 -7.534850846789906E-05 -7.523101069508334E-05
 -7.916172893825055E-05 -7.903933656999114E-05 -7.891684437922900E-05
 -7.423985879215755E-05 -7.412127481908977E-05 -7.400257880740072E-05
 -7.782090683496835E-05 -7.769735156745670E-05 -7.757369652261747E-05
 -8.152072235639151E-05 -8.139204314220842E-05 -8.126327720858645E-05
 -7.648815490997630E-05 -7.636363857188363E-05 -7.623902199073666E-05
 -8.007282003344364E-05 -7.994321436736459E-05 -7.981352051106103E-05
 -8.377555704015388E-05 -8.364071004555566E-05 -8.350578801594789E-05
 -7.863610798530391E-05 -7.850577714247369E-05 -7.837535748584015E-05
 -8.222339993536524E-05 -8.208786980420349E-05 -8.195226180118202E-05
 -8.592803759208600E-05 -8.578715575237791E-05 -8.564620831542891E-05
 -8.068544343889819E-05 -8.054941804302487E-05 -8.041331474343335E-05
 -8.427435157022813E-05 -8.413302866296571E-05 -8.399163775105069E-05
 -8.797985344157184E-05 -8.783307969274299E-05 -8.768624923317812E-05
 -8.263786407920115E-05 -8.249626580176419E-05 -8.235460026143395E-05
 -8.622736205985485E-05 -8.608037510412772E-05 -8.593333060135921E-05
 -8.993267743782518E-05 -8.978014782037043E-05 -8.962757166345406E-05
 -8.449506498454111E-05 -8.434801432640835E-05 -8.420090706189959E-05
 -8.808416422045324E-05 -8.793163451498885E-05 -8.777905818397832E-05
 -9.178827892861933E-05 -9.163011623955291E-05 -9.147191800809008E-05
 -8.625875464071060E-05 -8.610636966107151E-05 -8.595393862292469E-05
 -8.984653127430808E-05 -8.968857824368006E-05 -8.953058893941708E-05
 -9.354849413859410E-05 -9.338481991964963E-05 -9.322112012157154E-05
 -8.793065184576571E-05 -8.777305034600181E-05 -8.761541282145864E-05
 -9.151621283481303E-05 -9.135296136603206E-05 -9.118968292133383E-05
 -9.521510225951679E-05 -9.504604910616442E-05 -9.487697879119149E-05
 -8.951246246301810E-05 -8.934976455115711E-05 -8.918703997638924E-05
 -9.309490287757328E-05 -9.292648220998736E-05 -9.275804347457066E-05
 -9.678978431906417E-05 -9.661549103769343E-05 -9.644118899099409E-05
 -9.100586910033036E-05 -9.083819658366073E-05 -9.067050637548035E-05
 -9.458428175223121E-05 -9.441081794928674E-05 -9.423734537660408E-05
 -9.827421800993282E-05 -9.809481510259470E-05 -9.791541310838441E-05
 -9.241254590035297E-05 -9.224001941810063E-05 -9.206748414982705E-05
 -9.598606846668012E-05 -9.580768138491149E-05 -9.562929497592209E-05
 -9.967016887759024E-05 -9.948577523424443E-05 -9.930139264778175E-05
 -9.373417581135597E-05 -9.355691363696002E-05 -9.337965146890633E-05
 -9.730200830293109E-05 -9.711881714850838E-05 -9.693563534941833E-05
 -1.009794491626299E-04 -1.007901843729209E-04 -1.006009394593176E-04
 -9.497244482012308E-05 -9.479056471279093E-05 -9.460869300999150E-05
 -9.853381553624840E-05 -9.834594481139893E-05 -9.815809110459044E-05
 -1.022038066522860E-04 -1.020098012962480E-04 -1.018158230116115E-04
 -9.612902295830874E-05 -9.594264414972874E-05 -9.575628168053576E-05
 -9.968315413515131E-05 -9.949073155074054E-05 -9.929833337315491E-05
 -1.033449009891490E-04 -1.031462907176137E-04 -1.029477146087342E-04
 -9.720556155134502E-05 -9.701480392620382E-05 -9.682407038446434E-05
 -1.007516834140681E-04 -1.005548328563817E-04 -1.003580145321329E-04
 -1.044043954314994E-04 -1.042013077909017E-04 -1.039982624287583E-04
 -9.820371330276953E-05 -9.800869490826128E-05 -9.781370839593801E-05
 -1.017411022068011E-04 -1.015399416490717E-04 -1.013388213141363E-04
 -1.053840284633788E-04 -1.051765810774246E-04 -1.049691843205847E-04
 -9.912514711044047E-05 -9.892598349504440E-05 -9.872685951732843E-05
 -1.026531270887434E-04 -1.024477740477880E-04 -1.022424685903973E-04
 -1.062855632126936E-04 -1.060738752577339E-04 -1.058622450195061E-04
 -9.997153230696655E-05 -9.976833851683515E-05 -9.956519178824440E-05
 -1.034894319059814E-04 -1.032800084393609E-04 -1.030706391301712E-04
 -1.071106891960189E-04 -1.068948894468313E-04 -1.066791532011574E-04
 -1.007445042511747E-04 -1.005373966472323E-04 -1.003303431331298E-04
 -1.042516288005254E-04 -1.040382590824153E-04 -1.038249500042463E-04
 -1.078610174959778E-04 -1.076412377980072E-04 -1.074215275323414E-04
 -1.014456492519311E-04 -1.012347446798585E-04 -1.010239010634382E-04
 -1.049413150542297E-04 -1.047241192013787E-04 -1.045069909298856E-04
 -1.085381770511605E-04 -1.083145408764131E-04 -1.080909810930815E-04
 -1.020765280790002E-04 -1.018619416728815E-04 -1.016474231102119E-04
 -1.055601259076028E-04 -1.053392188021377E-04 -1.051183863373193E-04
 -1.091438781845548E-04 -1.089165003985011E-04 -1.086892061472508E-04
 -1.026387204699285E-04 -1.024205651153384E-04 -1.022024843975884E-04
 -1.061097344863840E-04 -1.058852309621693E-04 -1.056608085412660E-04
 -1.096798554597277E-04 -1.094488531223014E-04 -1.092179403452602E-04
 -1.031338576444368E-04 -1.029122457110973E-04 -1.026907148657646E-04
 -1.065918129012472E-04 -1.063638318494705E-04 -1.061359376880028E-04
 -1.101477648416776E-04 -1.099132635813415E-04 -1.096788568790032E-04
 -1.035636219121481E-04 -1.033386667805480E-04 -1.031137988133956E-04
 -1.070080064573824E-04 -1.067766683208015E-04 -1.065454228189525E-04
 -1.105491633260824E-04 -1.103112907318522E-04 -1.100735179647212E-04
 -1.039297107158723E-04 -1.037015261852567E-04 -1.034734347370506E-04
 -1.073599302362529E-04 -1.071253518877266E-04 -1.068908723062981E-04
 -1.108855801535168E-04 -1.106444560802078E-04 -1.104034380252977E-04
 -1.042337670464114E-04 -1.040024658381618E-04 -1.037712636233776E-04
 -1.076491499912903E-04 -1.074114444014529E-04 -1.071738437397268E-04
 -1.111585720845936E-04 -1.109143095067541E-04 -1.106701592011113E-04
 -1.044773046787288E-04 -1.042429983576864E-04 -1.040087968271021E-04
 -1.078771359443618E-04 -1.076364170108404E-04 -1.073958085852388E-04
 -1.113696953444668E-04 -1.111224101605694E-04 -1.108752424582985E-04
 -1.046616489254405E-04 -1.044244495193509E-04 -1.041873603807285E-04
 -1.080452358859243E-04 -1.078016216767410E-04 -1.075581229618116E-04
 -1.115204474472460E-04 -1.112702634714517E-04 -1.110202013288281E-04
 -1.047879975670049E-04 -1.045480184200605E-04 -1.043081546915399E-04
 -1.081547171737349E-04 -1.079083274584297E-04 -1.076620581987053E-04
 -1.116122527604238E-04 -1.113592957530538E-04 -1.111064652082099E-04
 -1.048574360630494E-04 -1.046147916279789E-04 -1.043722676246612E-04
 -1.082068227457344E-04 -1.079577751603422E-04 -1.077088533005544E-04
 -1.116464659446995E-04 -1.113908561752439E-04 -1.111353782413931E-04
 -1.048712389930879E-04 -1.046260431976169E-04 -1.043809728386897E-04
 -1.082027721850943E-04 -1.079511833070777E-04 -1.076997253872450E-04
 -1.116243148942896E-04 -1.113661694129764E-04 -1.111081610722078E-04
 -1.048301843215975E-04 -1.045825555668898E-04 -1.043350571179213E-04
 -1.081435222129609E-04 -1.078895142527427E-04 -1.076356419378345E-04
 -1.115467984297985E-04 -1.112862406035294E-04 -1.110258242891115E-04
 -1.047354715162938E-04 -1.044855324496721E-04 -1.042357282012426E-04
 -1.080295533592523E-04 -1.077732596749064E-04 -1.075171057535241E-04
 -1.114147404710629E-04 -1.111519044045244E-04 -1.108892135056689E-04
 -1.045822429097364E-04 -1.043301597803869E-04 -1.040782154237064E-04
 -1.078599749950726E-04 -1.076015441423573E-04 -1.073432569761831E-04
 -1.112292280823067E-04 -1.109642490162346E-04 -1.106994188588615E-04
