  3.444391703679589E+00  3.438210743905664E+00  3.432027062639965E+00

 -2.861197103815884E-03 -1.736392919559560E-03 -6.097980574250890E-04
  7.252387593546202E-03  8.447087090236763E-03  9.644618615057991E-03
  1.284161183429842E-02  1.407503100869900E-02  1.531161355720430E-02
 -2.909451473408740E-03 -1.911444363904845E-03 -9.134030391136370E-04
  6.743781209415367E-03  7.802076201411032E-03  8.862576711314617E-03
  1.205698813221646E-02  1.314806141633972E-02  1.424320318602365E-02
 -2.873863241431960E-03 -1.937127112871769E-03 -1.009410273961741E-03
  6.560219127123600E-03  7.543218302447082E-03  8.522927849879196E-03
  1.173983302779754E-02  1.274148761930807E-02  1.374514967727289E-02
 -2.873863241431960E-03 -1.937127112871769E-03 -1.009410273961741E-03
  6.560219127123600E-03  7.543218302447082E-03  8.522927849879196E-03
  1.173983302779754E-02  1.274148761930807E-02  1.374514967727289E-02
 -2.909451473408740E-03 -1.911444363904845E-03 -9.134030391136370E-04
  6.743781209415367E-03  7.802076201411032E-03  8.862576711314617E-03
  1.205698813221646E-02  1.314806141633972E-02  1.424320318602365E-02
 -2.861197103815884E-03 -1.736392919559560E-03 -6.097980574250890E-04
  7.252387593546202E-03  8.447087090236763E-03  9.644618615057991E-03
  1.284161183429842E-02  1.407503100869900E-02  1.531161355720430E-02
 -2.615095911581186E-03 -1.336980235260162E-03 -5.804088135170546E-05
  8.251610291545071E-03  9.609982325993955E-03  1.097021397140296E-02
  1.428831721717821E-02  1.569241947449750E-02  1.709895808431480E-02
 -2.000624909519433E-03 -5.634413612527448E-04  8.744227618052721E-04
  9.907934667857764E-03  1.142380652264047E-02  1.293964316427009E-02
  1.656057300946111E-02  1.812110007906832E-02  1.968074318115560E-02
 -8.229975923068682E-04  7.547539624978652E-04  2.331653728205877E-03
  1.229107026074120E-02  1.393083062651648E-02  1.556851627230094E-02
  1.960980650776088E-02  2.127883228394705E-02  2.294429911074338E-02
  9.746523824329150E-04  2.664789536822958E-03  4.352449258429776E-03
  1.545198309614906E-02  1.719841308877598E-02  1.894327673420730E-02
  2.344511532850173E-02  2.521034083647552E-02  2.697426442360771E-02
  3.495092249924835E-03  5.314229263927806E-03  7.131018704341237E-03
  1.984221183845798E-02  2.174347513257138E-02  2.364533109247456E-02
  2.877008289224602E-02  3.070162457893918E-02  3.263590097666468E-02
  7.191433425930696E-03  9.230203859447346E-03  1.126673493282539E-02
  2.640462628569375E-02  2.856603339923396E-02  3.072789827054389E-02
  3.690989795204611E-02  3.912252092679372E-02  4.133775002082887E-02
  1.268340040663675E-02  1.508448913791116E-02  1.748179196514588E-02
  3.603396848975954E-02  3.858686372357299E-02  4.113773317323878E-02
  4.896706515969713E-02  5.158280452158098E-02  5.419787024415941E-02
  2.067402441450578E-02  2.360988776672332E-02  2.654068023739353E-02
  4.980676676989788E-02  5.292764961056145E-02  5.604596033267827E-02
  6.623520084931842E-02  6.943472367875043E-02  7.263318958882248E-02
  3.275212521447734E-02  3.641120210354004E-02  4.006633592523082E-02
  7.067341663785667E-02  7.460406911345599E-02  7.853473048378250E-02
  9.245773026155280E-02  9.652226187668748E-02  1.005887831624494E-01
  5.218775989850204E-02  5.673903200519400E-02  6.128872673403921E-02
  1.044699936840933E-01  1.094507681129256E-01  1.144325077132557E-01
  1.348893526815601E-01  1.401037656269437E-01  1.453195892316028E-01
  8.371505629757059E-02  8.927888958500596E-02  9.484101091534484E-02
  1.584843237466695E-01  1.646442865050331E-01  1.707986705435172E-01
  2.019535136587660E-01  2.084340537389458E-01  2.149050090468654E-01
  1.324447234118937E-01  1.390973884080634E-01  1.457413554976987E-01
  2.383335625122133E-01  2.456251186970834E-01  2.528944879939092E-01
  2.988324901310073E-01  3.064191764356517E-01  3.139742550028345E-01
  2.009123597601161E-01  2.086689598485719E-01  2.164001807298999E-01
  3.434036233331564E-01  3.515745826528232E-01  3.596987634704574E-01
  4.221854932092864E-01  4.304272955365678E-01  4.386102651384883E-01
  2.837600021202425E-01  2.925093566922183E-01  3.012088130984112E-01
  4.616993510173060E-01  4.702957114975355E-01  4.788199363268192E-01
  5.555750636990445E-01  5.638030546984225E-01  5.719502840808129E-01
  3.650168236024511E-01  3.745018481496455E-01  3.839117844546317E-01
  5.698944491881791E-01  5.783700574570954E-01  5.867572174012095E-01
  6.715497561422291E-01  6.790837593138076E-01  6.865308329217897E-01
  4.242984357944559E-01  4.342161900853567E-01  4.440401885687072E-01
  6.435637232678511E-01  6.514979213532390E-01  6.593413632174975E-01
  7.442980423961123E-01  7.507224020634398E-01  7.570715207068626E-01
  4.488972001639067E-01  4.590243671501098E-01  4.690467223751275E-01
  6.709749865814327E-01  6.782105595603830E-01  6.853625065860485E-01
  7.640363133154411E-01  7.693009729678643E-01  7.745111956398248E-01
  4.404518638593506E-01  4.506450227499331E-01  4.607262011452830E-01
  6.572237146817491E-01  6.637812135862055E-01  6.702637392775950E-01
  7.390528676113970E-01  7.433007627428709E-01  7.475144507436897E-01
  4.112869288017872E-01  4.213783943701820E-01  4.313524980950293E-01
  6.172191439906389E-01  6.231244948637186E-01  6.289621921205941E-01
  6.865765895331303E-01  6.899343604027510E-01  6.932752249577974E-01
  3.769291111917246E-01  3.866737956720072E-01  3.962986070702042E-01
  5.682938493649102E-01  5.735238277269764E-01  5.786928151939036E-01
  6.257862143264261E-01  6.283300327808650E-01  6.308715584819491E-01
  3.505092866771488E-01  3.596507342416657E-01  3.686736042882434E-01
  5.264346252704885E-01  5.309983344192574E-01  5.355057534437713E-01
  5.752167764226661E-01  5.770776176926772E-01  5.789443599169192E-01
  3.384626016238979E-01  3.468401208637032E-01  3.551041094462881E-01
  5.009369376007748E-01  5.049838919609833E-01  5.089751919227040E-01
  5.463401642523295E-01  5.478245325315724E-01  5.493121445592178E-01
  3.388151335718416E-01  3.463813973520785E-01  3.538429482636180E-01
  4.894290434703344E-01  4.932379898610449E-01  4.969893812934684E-01
  5.360032009032656E-01  5.375780426301592E-01  5.391446587895833E-01
  3.453000334101395E-01  3.520098792969272E-01  3.586258284870573E-01
  4.820760545991097E-01  4.858567135903702E-01  4.895784941848260E-01
  5.304786601766627E-01  5.325220365252690E-01  5.345437078545450E-01
  3.529610538420254E-01  3.586633995921739E-01  3.642802919163010E-01
  4.715852416783131E-01  4.752648057201388E-01  4.788841664232020E-01
  5.188491917788426E-01  5.213552654321520E-01  5.238273617927572E-01
  3.584912587044269E-01  3.629724093271601E-01  3.673731612998792E-01
  4.562100604091061E-01  4.594500930331964E-01  4.626274306528333E-01
  4.987844154666523E-01  5.013456691171350E-01  5.038618045793603E-01
  3.582688439290032E-01  3.614339601188327E-01  3.645272045891950E-01
  4.356939186063696E-01  4.381507843804539E-01  4.405465299625175E-01
  4.717023433224547E-01  4.738152348050100E-01  4.758774879078649E-01
  3.497650169627997E-01  3.517923352140259E-01  3.537664440832091E-01
  4.095766868373748E-01  4.111813356152370E-01  4.127376629324993E-01
  4.387845300521808E-01  4.402140758085176E-01  4.416001670796716E-01
  3.340860025072726E-01  3.353574022747399E-01  3.365969559712930E-01
  3.792344537351799E-01  3.802182151450511E-01  3.811725394087235E-01
  4.020886230197470E-01  4.029607653348779E-01  4.038052658884856E-01
  3.143360164059441E-01  3.151164429823344E-01  3.158676452658533E-01
  3.476490710550267E-01  3.482392842985718E-01  3.488041933259377E-01
  3.648889758935837E-01  3.654009411541385E-01  3.658892697916279E-01
  2.905039532190232E-01  2.906263608996569E-01  2.906888087864502E-01
  3.151000118749234E-01  3.151475172469654E-01  3.151415016096254E-01
  3.279037706319231E-01  3.279185393982610E-01  3.278826814558808E-01
  2.570529008516528E-01  2.559597171393489E-01  2.547575284280331E-01
  2.761772038751574E-01  2.751198678739837E-01  2.739590875548863E-01
  2.860607480264525E-01  2.850227218436764E-01  2.838841088014021E-01
  2.071056657896936E-01  2.043350658710411E-01  2.014324871240081E-01
  2.231945789754588E-01  2.205035592956058E-01  2.176799326045657E-01
  2.314496919097709E-01  2.288032837225613E-01  2.260243658254038E-01
  1.403474490398178E-01  1.361533844300432E-01  1.318755341695663E-01
  1.542183299738107E-01  1.500393438290674E-01  1.457670155884178E-01
  1.613674778872786E-01  1.572053865823537E-01  1.529455501125346E-01
  6.798174718901528E-02  6.360526196505213E-02  5.927340493156020E-02
  7.891900779056035E-02  7.440628168467764E-02  6.992254010394824E-02
  8.465818665193993E-02  8.008734735401957E-02  7.553766122379868E-02
  1.028399854125834E-02  7.606140991836249E-03  5.139611355274703E-03
  1.699424453844499E-02  1.402128583981624E-02  1.124537867381708E-02
  2.064836577923615E-02  1.753323801293662E-02  1.460755538604491E-02
 -1.208042719771465E-02 -1.133303209005593E-02 -1.024053579246795E-02
 -1.029034048201701E-02 -9.914610561032983E-03 -9.199056383178968E-03
 -9.140696073731804E-03 -8.952857808981213E-03 -8.428535347463309E-03
  1.253407824566138E-02  1.751575430905109E-02  2.288409627961380E-02
  9.997708890594908E-03  1.466024000178074E-02  1.971662187927378E-02
  8.876951859507558E-03  1.337152613812301E-02  1.826293781497523E-02
  8.192887142548436E-02  9.070334385044063E-02  9.979443559715860E-02
  7.685370661128064E-02  8.547494013259455E-02  9.443056921514273E-02
  7.433648761218350E-02  8.287005558626574E-02  9.174662076785925E-02
  1.813258777499864E-01  1.923722676178715E-01  2.035757675333975E-01
  1.760548470210198E-01  1.871685795774182E-01  1.984622667490523E-01
  1.733353809922306E-01  1.844729905389039E-01  1.958020651690904E-01
  2.887979136831141E-01  3.000278677795818E-01  3.112160033569121E-01
  2.854781976070141E-01  2.969811128214628E-01  3.084634521096087E-01
  2.836766625730474E-01  2.953102248816146E-01  3.069342205934830E-01
  3.820988240001501E-01  3.914920128695611E-01  4.006644316049630E-01
  3.821254667559553E-01  3.919266639559681E-01  4.015212193538205E-01
  3.819899800636040E-01  3.919943406374699E-01  4.017996566970669E-01
  4.446716647868427E-01  4.508262998877439E-01  4.566490437563229E-01
  4.484489784689977E-01  4.550496101939418E-01  4.613227497844661E-01
  4.502222376422028E-01  4.570494470130561E-01  4.635518645933888E-01
  4.691612454560852E-01  4.715781073436042E-01  4.736381673133811E-01
  4.761889867769476E-01  4.790000616299697E-01  4.814498418889862E-01
  4.796436224192189E-01  4.826581188250923E-01  4.853094111339039E-01
  4.575050024287540E-01  4.565198643670619E-01  4.552231874634992E-01
  4.667057427701753E-01  4.660059261910307E-01  4.649844230456159E-01
  4.713068900263536E-01  4.707568019710469E-01  4.698800872510792E-01
  4.180097127899094E-01  4.144550177649778E-01  4.106674382948151E-01
  4.281341438648463E-01  4.247378219150419E-01  4.210963364040680E-01
  4.332470496203430E-01  4.299362201412984E-01  4.263740616832681E-01
  3.612096707960745E-01  3.560229224084702E-01  3.506819619670360E-01
  3.711448785361247E-01  3.659986929747983E-01  3.606860604266153E-01
  3.761966849709369E-01  3.710755640288734E-01  3.657817592281283E-01
  2.966433870618467E-01  2.906249503375996E-01  2.845170234665851E-01
  3.055449051383662E-01  2.994688015999406E-01  2.932918456300847E-01
  3.100964176392951E-01  3.039944937553116E-01  2.977858622921825E-01
  2.315572706643593E-01  2.253223852384158E-01  2.190516523011105E-01
  2.388574539775228E-01  2.324882428069792E-01  2.260732357390256E-01
  2.426095097927227E-01  2.361743250697823E-01  2.296881592310993E-01
  1.710247679844531E-01  1.650536045668861E-01  1.590959213038308E-01
  1.764123360501659E-01  1.702541735139994E-01  1.641018691495753E-01
  1.791963683325966E-01  1.729441716241410E-01  1.666938006093365E-01
  1.184442701875843E-01  1.131236198738988E-01  1.078627116593435E-01
  1.218511355417559E-01  1.163185795314293E-01  1.108415081561901E-01
  1.236239639051063E-01  1.179835419109307E-01  1.123962826901601E-01
  7.586012397727825E-02  7.147988334102834E-02  6.719717104903274E-02
  7.743720256749537E-02  7.284952771599720E-02  6.835910383185101E-02
  7.827004552168783E-02  7.357589599036106E-02  6.897872506068782E-02
  4.408405720404196E-02  4.080387009678203E-02  3.764225708288458E-02
  4.415500266534193E-02  4.069873827708616E-02  3.736462691401529E-02
  4.420981873436446E-02  4.066246898301499E-02  3.723900209183337E-02
  2.272849708374484E-02  2.054376462364842E-02  1.847593738050030E-02
  2.173307562769475E-02  1.942401876258844E-02  1.723836056603843E-02
  2.123280840408235E-02  1.885875165330021E-02  1.661135896526265E-02
  1.026020558384773E-02  8.997100091972901E-03  7.827162042371785E-03
  8.692853300022245E-03  7.367285356163241E-03  6.142643752753931E-03
  7.889901312534614E-03  6.530923626734560E-03  5.276842533958109E-03
  4.230013291535750E-03  3.590052563435592E-03  3.005846770980556E-03
  2.565843894914043E-03  1.922324967306060E-03  1.341641376910122E-03
  1.704856234851394E-03  1.058383747408766E-03  4.784245476893402E-04
  1.784058768468425E-03  1.431786687829010E-03  1.096905389771744E-03
  3.966670299278120E-04  8.439025739313656E-05 -2.056739582129684E-04
 -3.274496466634044E-04 -6.198003429147335E-04 -8.873857505159197E-04
  3.436143721051135E-04  9.957356987588953E-07 -3.524555652172699E-04
 -5.573498147823439E-04 -8.389063820718520E-04 -1.129404536940970E-03
 -1.032642930227889E-03 -1.282858139596686E-03 -1.540965997375780E-03
 -1.838249251675350E-03 -2.332427938284114E-03 -2.850476603412074E-03
 -2.220452688047656E-03 -2.654477235456540E-03 -3.113077427631768E-03
 -2.426614221921110E-03 -2.829315119947949E-03 -3.256901954224904E-03
 -5.478425661644916E-03 -6.162077644503930E-03 -6.868888817252497E-03
 -5.447227195067461E-03 -6.086844340100546E-03 -6.751923965026329E-03
 -5.436499755319601E-03 -6.052886667054341E-03 -6.695902216837017E-03
 -1.043418202477873E-02 -1.125611243450064E-02 -1.209199797405850E-02
 -1.016300007173278E-02 -1.096298908281265E-02 -1.177967558449382E-02
 -1.002454937936330E-02 -1.081271289773201E-02 -1.161899496860858E-02
 -1.607123542541557E-02 -1.693978354838111E-02 -1.781043490519090E-02
 -1.573287599064768E-02 -1.659949124184208E-02 -1.747047498604031E-02
 -1.555684274666586E-02 -1.642210972575292E-02 -1.729293685946702E-02
 -2.163497155566549E-02 -2.245988979086011E-02 -2.327683781379352E-02
 -2.135509675484224E-02 -2.219115968709765E-02 -2.302055707760042E-02
 -2.120781062970191E-02 -2.204947481942277E-02 -2.288517339976183E-02
 -2.651402480295591E-02 -2.723255781115495E-02 -2.793722043034014E-02
 -2.635313772029631E-02 -2.708767331070240E-02 -2.780863478015567E-02
 -2.626718244956252E-02 -2.700999776056631E-02 -2.773941281117694E-02
 -3.037247172051012E-02 -3.095932125736818E-02 -3.153108756774746E-02
 -3.033211790145183E-02 -3.093311559722972E-02 -3.151858767031131E-02
 -3.030917094626618E-02 -3.091759156753283E-02 -3.151026887183250E-02
 -3.316844107847879E-02 -3.363265926373626E-02 -3.408432838909439E-02
 -3.321226976756104E-02 -3.368508687159255E-02 -3.414458558617243E-02
 -3.323387826888834E-02 -3.371127716173102E-02 -3.417496104951304E-02
 -3.508787740841938E-02 -3.546087316338020E-02 -3.582579559642109E-02
 -3.516702146546982E-02 -3.554253706802177E-02 -3.590926367574439E-02
 -3.520780707604644E-02 -3.558473240209994E-02 -3.595249306676702E-02
 -3.642924542447102E-02 -3.674913006438342E-02 -3.706540603065277E-02
 -3.650303039303424E-02 -3.682108357160473E-02 -3.713509780178455E-02
 -3.654159173306303E-02 -3.685874882765261E-02 -3.717163643379856E-02
 -3.748252394258075E-02 -3.778039506891632E-02 -3.807767965519528E-02
 -3.752926336971083E-02 -3.782355399846773E-02 -3.811716245246088E-02
 -3.755397191866932E-02 -3.784640796749832E-02 -3.813810558637171E-02
 -3.844296709383589E-02 -3.873530071305581E-02 -3.902809146403695E-02
 -3.846033016212043E-02 -3.874957085163837E-02 -3.903941688478636E-02
 -3.846967682735826E-02 -3.875728080175578E-02 -3.904556312781884E-02
 -3.938157619130812E-02 -3.966990299449919E-02 -3.995807279874247E-02
 -3.937987013885681E-02 -3.966677595876843E-02 -3.995376783799481E-02
 -3.937905417154238E-02 -3.966517783729485E-02 -3.995151283821423E-02
 -4.026819489625461E-02 -4.054418098928100E-02 -4.081855412904428E-02
 -4.026149730940754E-02 -4.053781593062192E-02 -4.081272980743323E-02
 -4.025781813705163E-02 -4.053426946813777E-02 -4.080942536142556E-02
 -4.102338835099035E-02 -4.127580595223412E-02 -4.152516606030764E-02
 -4.102266084314923E-02 -4.127653413033756E-02 -4.152745638175968E-02
 -4.102188790116244E-02 -4.127649043670314E-02 -4.152819919472046E-02
 -4.157033533450420E-02 -4.179067096990132E-02 -4.200706940072785E-02
 -4.158043975752199E-02 -4.180253462716003E-02 -4.202069588668125E-02
 -4.158519779063754E-02 -4.180819315513390E-02 -4.202725845537141E-02
 -4.186675365941035E-02 -4.205176400429479E-02 -4.223266514260162E-02
 -4.188703833724439E-02 -4.207349919290759E-02 -4.225579151610035E-02
 -4.189706539310781E-02 -4.208427525050192E-02 -4.226728664531305E-02
 -4.191158414787857E-02 -4.206289980711569E-02 -4.221046479988098E-02
 -4.193839102914385E-02 -4.209060079342817E-02 -4.223898644078623E-02
 -4.195182340423274E-02 -4.210449626805877E-02 -4.225330698340577E-02
 -4.173328597097340E-02 -4.185531746069407E-02 -4.197417740743611E-02
 -4.176259183267046E-02 -4.188502473279001E-02 -4.200423277187852E-02
 -4.177734218724436E-02 -4.189998132355147E-02 -4.201936758365647E-02
 -4.137155450140905E-02 -4.146918010958437E-02 -4.156416409646607E-02
 -4.140062555874437E-02 -4.149837739383135E-02 -4.159346604051017E-02
 -4.141525913045405E-02 -4.151307180720939E-02 -4.160820968787247E-02
 -4.086239594388315E-02 -4.093943749007492E-02 -4.101418083322781E-02
 -4.089020595546072E-02 -4.096731576663423E-02 -4.104213116670229E-02
 -4.090417344757865E-02 -4.098131198793841E-02 -4.105615782335355E-02
 -4.023115346892492E-02 -4.028993328167026E-02 -4.034657020872140E-02
 -4.025793199126859E-02 -4.031685106428624E-02 -4.037364230395942E-02
 -4.027134367387931E-02 -4.033032764096674E-02 -4.038719153251309E-02
 -3.949294491331536E-02 -3.953465963062841E-02 -3.957427912222696E-02
 -3.951942436603883E-02 -3.956137694776403E-02 -3.960124808282309E-02
 -3.953266046816076E-02 -3.957472963576896E-02 -3.961472460164652E-02
 -3.865716589236132E-02 -3.868258513593215E-02 -3.870594514120977E-02
 -3.868397234031765E-02 -3.870968946902469E-02 -3.873335357308082E-02
 -3.869736367825607E-02 -3.872322966401513E-02 -3.874704599623506E-02
 -3.773246209627235E-02 -3.774252702019353E-02 -3.775062188819863E-02
 -3.775983787157407E-02 -3.777020345485627E-02 -3.777859754971175E-02
 -3.777351776515285E-02 -3.778403479496291E-02 -3.779257971861646E-02
 -3.672990654914390E-02 -3.672601834130264E-02 -3.672032115005951E-02
 -3.675772973682480E-02 -3.675410316778289E-02 -3.674866192747418E-02
 -3.677164124339646E-02 -3.676814672974024E-02 -3.676283466869552E-02
 -3.566380518738856E-02 -3.564780758089132E-02 -3.563021689714330E-02
 -3.569176124884145E-02 -3.567597176974519E-02 -3.565858305053036E-02
 -3.570574521549372E-02 -3.569006054366319E-02 -3.567277346564261E-02
 -3.455075613993122E-02 -3.452474074832906E-02 -3.449737154608206E-02
 -3.457851735513532E-02 -3.455266371099099E-02 -3.452545189525962E-02
 -3.459240591379483E-02 -3.456663330681511E-02 -3.453950027597030E-02
 -3.340802633398208E-02 -3.337410947921994E-02 -3.333907422805747E-02
 -3.343535694427993E-02 -3.340157142752957E-02 -3.336666537318142E-02
 -3.344902898486719E-02 -3.341530894441749E-02 -3.338046726456931E-02
 -3.225212965236368E-02 -3.221229818676272E-02 -3.217156583290251E-02
 -3.227890490710738E-02 -3.223918833900562E-02 -3.219857019436870E-02
 -3.229229673005056E-02 -3.225263734086829E-02 -3.221207603522552E-02
 -3.109802340335130E-02 -3.105407502571996E-02 -3.100942359890093E-02
 -3.112419492300827E-02 -3.108035221807456E-02 -3.103580620814822E-02
 -3.113728260435107E-02 -3.109349256292765E-02 -3.104899910838990E-02
 -2.995889534952125E-02 -2.991244579360105E-02 -2.986547570788382E-02
 -2.998444491735816E-02 -2.993809304686524E-02 -2.989122017351770E-02
 -2.999722028918871E-02 -2.995091722277721E-02 -2.990409293470953E-02
 -2.884627199061361E-02 -2.879878358655828E-02 -2.875094600559752E-02
 -2.887118160250389E-02 -2.882378149540668E-02 -2.877603139088741E-02
 -2.888363649558354E-02 -2.883628058379829E-02 -2.878857427235442E-02
 -2.777016559454182E-02 -2.772296329782840E-02 -2.767557270387992E-02
 -2.779441047250875E-02 -2.774728607162147E-02 -2.769997240991644E-02
 -2.780653289272291E-02 -2.775944750618730E-02 -2.771217237663874E-02
 -2.673910703356779E-02 -2.669337164668113E-02 -2.664759576919108E-02
 -2.676266352630694E-02 -2.671699632224784E-02 -2.667128778918094E-02
 -2.677444166771233E-02 -2.672880860133721E-02 -2.668313378299286E-02
 -2.576006373171738E-02 -2.571681106440063E-02 -2.567364882600437E-02
 -2.578292008954913E-02 -2.573972800017533E-02 -2.569662578235715E-02
 -2.579434794855758E-02 -2.575118616841714E-02 -2.570811397830341E-02
 -2.483833107032054E-02 -2.479839228589279E-02 -2.475865503154265E-02
 -2.486049312894009E-02 -2.482060986451669E-02 -2.478092786384567E-02
 -2.487157353596546E-02 -2.483171803985319E-02 -2.479206367399047E-02
 -2.397749017501406E-02 -2.394150419983441E-02 -2.390580997927043E-02
 -2.399898030296297E-02 -2.396304693531221E-02 -2.392740527022934E-02
 -2.400972446764616E-02 -2.397381741657334E-02 -2.393820204364742E-02
 -2.317947590238224E-02 -2.314789624177822E-02 -2.311667831140130E-02
 -2.320032780360991E-02 -2.316879924946400E-02 -2.313763249959220E-02
 -2.321075269174076E-02 -2.317924971724354E-02 -2.314810858629953E-02
 -2.244474301816541E-02 -2.241785481512278E-02 -2.239137959948999E-02
 -2.246499586899250E-02 -2.243815804577796E-02 -2.241173335374188E-02
 -2.247512121296683E-02 -2.244830862068794E-02 -2.242190923344269E-02
 -2.177248751848983E-02 -2.175042871587602E-02 -2.172881712992112E-02
 -2.179218159330006E-02 -2.177017284469521E-02 -2.174861150601663E-02
 -2.180202766094901E-02 -2.178004399175722E-02 -2.175850783053710E-02
 -2.116087890520918E-02 -2.114366090725139E-02 -2.112690879453141E-02
 -2.118005311345073E-02 -2.116288508899230E-02 -2.114618319230330E-02
 -2.118963946085462E-02 -2.117249648336583E-02 -2.115581975591410E-02
 -2.060727507184473E-02 -2.059480090354738E-02 -2.058279692325391E-02
 -2.062596583578489E-02 -2.061354175408540E-02 -2.060158815575209E-02
 -2.063531074941157E-02 -2.062291177673754E-02 -2.061098343593127E-02
 -2.010840853360936E-02 -2.010048833028911E-02 -2.009302927279577E-02
 -2.012664932958489E-02 -2.011877949302259E-02 -2.011137115111337E-02
 -2.013576960439654E-02 -2.012792502115283E-02 -2.012054210771297E-02
 -1.966054264325361E-02 -1.965690690702605E-02 -1.965371086641488E-02
 -1.967836386646677E-02 -1.967477892456716E-02 -1.967163407943768E-02
 -1.968727474161194E-02 -1.968371526985557E-02 -1.968059609607105E-02
 -1.925959935131717E-02 -1.925991030015220E-02 -1.926062797526647E-02
 -1.927702847197569E-02 -1.927739079102780E-02 -1.927816029005825E-02
 -1.928574370756263E-02 -1.928613178616978E-02 -1.928692727204689E-02
 -1.890126023691327E-02 -1.890512142031002E-02 -1.890934569951016E-02
 -1.891832229283788E-02 -1.892223560197946E-02 -1.892651251557740E-02
 -1.892685441393818E-02 -1.893079385995170E-02 -1.893509716497900E-02
 -1.858104341869938E-02 -1.858800789597111E-02 -1.859528205026092E-02
 -1.859776179370293E-02 -1.860477938378879E-02 -1.861210721696803E-02
 -1.860612247929837E-02 -1.861316669747373E-02 -1.862052144182227E-02
 -1.829436124633364E-02 -1.830393893445369E-02 -1.831376406867538E-02
 -1.831075856185114E-02 -1.832039062931208E-02 -1.833027076543538E-02
 -1.831895909329259E-02 -1.832861841832267E-02 -1.833852612321758E-02
 -1.803656606494410E-02 -1.804823112457348E-02 -1.806007377518220E-02
 -1.805266496382900E-02 -1.806438596652693E-02 -1.807628523199686E-02
 -1.806071662140574E-02 -1.807246565889287E-02 -1.808439329492571E-02
 -1.780299231957237E-02 -1.781619149432226E-02 -1.782949227179307E-02
 -1.781881595684600E-02 -1.783207290532183E-02 -1.784543216254669E-02
 -1.782673027050481E-02 -1.784001616420247E-02 -1.785340471957196E-02
 -1.758900231252516E-02 -1.760316493741663E-02 -1.761734888566726E-02
 -1.760457444866318E-02 -1.761879686015948E-02 -1.763304131261951E-02
 -1.761236324968976E-02 -1.762661560824278E-02 -1.764089036656369E-02
 -1.739004065926372E-02 -1.740459066572199E-02 -1.741907961477670E-02
 -1.740538533455797E-02 -1.741999718702967E-02 -1.743454868215592E-02
 -1.741306059697663E-02 -1.742770342232893E-02 -1.744228624050154E-02
 -1.720169988401614E-02 -1.721606965025365E-02 -1.723029636243255E-02
 -1.721684071726417E-02 -1.723127425934339E-02 -1.724556539626328E-02
 -1.722441421049947E-02 -1.723887968752509E-02 -1.725320308414238E-02
 -1.701979704078957E-02 -1.703344251261758E-02 -1.704686599613260E-02
 -1.703475624170268E-02 -1.704846708851233E-02 -1.706195650923577E-02
 -1.704223903900651E-02 -1.705598261869518E-02 -1.706950505388647E-02
 -1.684045829322974E-02 -1.685287457959229E-02 -1.686499571421323E-02
 -1.685525551024653E-02 -1.686773823263421E-02 -1.687992624442360E-02
 -1.686265741371459E-02 -1.687517339910131E-02 -1.688739489510026E-02
 -1.666020480017567E-02 -1.667094143868178E-02 -1.668131805888135E-02
 -1.667485594521107E-02 -1.668565934933228E-02 -1.669610302504516E-02
 -1.668218489809632E-02 -1.669302173072822E-02 -1.670349898067037E-02
 -1.647603053289434E-02 -1.648470558028772E-02 -1.649296617621414E-02
 -1.649054672775365E-02 -1.649928797976552E-02 -1.650761489593571E-02
 -1.649780828657127E-02 -1.650658268817119E-02 -1.651494281259401E-02
 -1.628546377773451E-02 -1.629177550802333E-02 -1.629763041426782E-02
 -1.629985055047763E-02 -1.630622692666964E-02 -1.631214640649879E-02
 -1.630704748123184E-02 -1.631345622974203E-02 -1.631940804660220E-02
 -1.608661002547378E-02 -1.609034447063197E-02 -1.609359288911718E-02
 -1.610086685253048E-02 -1.610466334482483E-02 -1.610797354720474E-02
 -1.610799889926261E-02 -1.611182646668484E-02 -1.611516761340086E-02
 -1.587817969455104E-02 -1.587921241926035E-02 -1.587974367078469E-02
 -1.589229994641919E-02 -1.589339110706935E-02 -1.589398034849097E-02
 -1.589936380138500E-02 -1.590048423347191E-02 -1.590110252403317E-02
 -1.565950067756359E-02 -1.565779292190496E-02 -1.565558189075815E-02
 -1.567347199000870E-02 -1.567181814052771E-02 -1.566966040540799E-02
 -1.568046147675623E-02 -1.567883463509061E-02 -1.567670360328075E-02
 -1.543050088981876E-02 -1.542609291044245E-02 -1.542119234575555E-02
 -1.544430594468997E-02 -1.543994657214846E-02 -1.543509386773156E-02
 -1.545121240631787E-02 -1.544687739226264E-02 -1.544204867342920E-02
 -1.519163503183376E-02 -1.518464038555668E-02 -1.517717400165115E-02
 -1.520525268031040E-02 -1.519830076193054E-02 -1.519087625689127E-02
 -1.521206553961045E-02 -1.520513503950975E-02 -1.519773152840435E-02
 -1.494374805592140E-02 -1.493434901263534E-02 -1.492450629410529E-02
 -1.495715465360425E-02 -1.494779209758292E-02 -1.493798495135950E-02
 -1.496386207990748E-02 -1.495451781997758E-02 -1.494472851232456E-02
 -1.468792112200071E-02 -1.467635877791621E-02 -1.466438581662336E-02
 -1.470109190154314E-02 -1.468955967572492E-02 -1.467761588732330E-02
 -1.470768149701076E-02 -1.469616437983231E-02 -1.468423522714760E-02
 -1.442539316458586E-02 -1.441194317350265E-02 -1.439812026609905E-02
 -1.443830349451169E-02 -1.442487735584679E-02 -1.441107735729796E-02
 -1.444476292418810E-02 -1.443134875736749E-02 -1.441756025847929E-02
 -1.415762246596717E-02 -1.414255603389096E-02 -1.412716001741480E-02
 -1.417024894566927E-02 -1.415520040700313E-02 -1.413982137080414E-02
 -1.417656648603429E-02 -1.416152693514227E-02 -1.414615642962014E-02
 -1.388642075048251E-02 -1.386996879166694E-02 -1.385323581882301E-02
 -1.389874220448665E-02 -1.388230263396864E-02 -1.386558119232249E-02
 -1.390490724194236E-02 -1.388847390163889E-02 -1.387175826103493E-02
 -1.361394087438922E-02 -1.359629165567404E-02 -1.357841025355246E-02
 -1.362593931933907E-02 -1.360829751385685E-02 -1.359042274581701E-02
 -1.363194283522857E-02 -1.361430476724572E-02 -1.359643334646228E-02
 -1.334229376908717E-02 -1.332364227186867E-02 -1.330479776713057E-02
 -1.335395527992378E-02 -1.333530677251333E-02 -1.331646457139845E-02
 -1.335979028522235E-02 -1.334114329845072E-02 -1.332230227420751E-02
 -1.307281110777018E-02 -1.305343976885147E-02 -1.303389472020882E-02
 -1.308412630512458E-02 -1.306475409442693E-02 -1.304520758459634E-02
 -1.308978808555493E-02 -1.307041545976913E-02 -1.305086823949579E-02
 -1.280534067428882E-02 -1.278567193834596E-02 -1.276582603836561E-02
 -1.281630450980520E-02 -1.279663164157957E-02 -1.277678110773133E-02
 -1.282179051964269E-02 -1.280211560149974E-02 -1.278226276634147E-02
 -1.253815008831695E-02 -1.251870964695349E-02 -1.249907525046504E-02
 -1.254876086365346E-02 -1.252931370017646E-02 -1.250967215039399E-02
 -1.255407023576728E-02 -1.253461972335027E-02 -1.251497460849941E-02
 -1.226876143889625E-02 -1.225004292822645E-02 -1.223111901842526E-02
 -1.227901944742250E-02 -1.226029234701805E-02 -1.224135946989840E-02
 -1.228415231411899E-02 -1.226542092742707E-02 -1.224648357475399E-02
 -1.199542116393092E-02 -1.197771815897724E-02 -1.195982100492261E-02
 -1.200532764996756E-02 -1.198761487747224E-02 -1.196970762407460E-02
 -1.201028462226978E-02 -1.199256697166460E-02 -1.197465467384334E-02
 -1.171836812905706E-02 -1.170167789288939E-02 -1.168483222459744E-02
 -1.172792511368983E-02 -1.171122447697064E-02 -1.169436812504824E-02
 -1.173270719384350E-02 -1.171600136019524E-02 -1.169913966945257E-02
 -1.144007426114651E-02 -1.142414093983200E-02 -1.140810719319856E-02
 -1.144928521825080E-02 -1.143334119113753E-02 -1.141729651188578E-02
 -1.145389413752668E-02 -1.143794475908130E-02 -1.142189461479532E-02
 -1.116426940516670E-02 -1.114874336215537E-02 -1.113316842892025E-02
 -1.117314018481649E-02 -1.115760325814337E-02 -1.114201727349513E-02
 -1.117757886524760E-02 -1.116203649695546E-02 -1.114644498657810E-02
 -1.089437126157846E-02 -1.087898511080658E-02 -1.086358240553876E-02
 -1.090291050338161E-02 -1.088751331109742E-02 -1.087209944832729E-02
 -1.090718326438973E-02 -1.089178055052106E-02 -1.087636110799113E-02
 -1.063229627544786E-02 -1.061695597230132E-02 -1.060160906179010E-02
 -1.064051494732509E-02 -1.062516346392396E-02 -1.060980529365840E-02
 -1.064462727487178E-02 -1.062927019971976E-02 -1.061390639781730E-02
 -1.037826903310228E-02 -1.036302770494404E-02 -1.034777562282943E-02
 -1.038617934592332E-02 -1.037092677354198E-02 -1.035566338810881E-02
 -1.039013734927624E-02 -1.037487915257099E-02 -1.035961011316557E-02
 -1.013150412285253E-02 -1.011646728049618E-02 -1.010141309268299E-02
 -1.013911842840484E-02 -1.012407039697991E-02 -1.010900497083126E-02
 -1.014292828845274E-02 -1.012787465987671E-02 -1.011280361186705E-02
 -9.891111625594907E-03 -9.876352790700201E-03 -9.861574674825542E-03
 -9.898441783489823E-03 -9.883671930526429E-03 -9.868882753493386E-03
 -9.902109435636790E-03 -9.887334070775158E-03 -9.872539360238011E-03
 -9.656623137429921E-03 -9.642156753735493E-03 -9.627674111007284E-03
 -9.663680421069663E-03 -9.649203265158411E-03 -9.634709813638813E-03
 -9.667211507860349E-03 -9.652728962850918E-03 -9.638230103900969E-03
 -9.427985026295885E-03 -9.413788724710413E-03 -9.399580727405746E-03
 -9.434780302913851E-03 -9.420573504128426E-03 -9.406354980144391E-03
 -9.438180263903608E-03 -9.423968213489549E-03 -9.409744423101609E-03
 -9.205274044352400E-03 -9.191322631452427E-03 -9.177362696298558E-03
 -9.211817925748668E-03 -9.197856293364219E-03 -9.183886115422136E-03
 -9.215092072789257E-03 -9.201125327645970E-03 -9.187150025267864E-03
 -8.988465489422778E-03 -8.974748081139921E-03 -8.961023318282040E-03
 -8.994768331463605E-03 -8.981040978311434E-03 -8.967306251552769E-03
 -8.997921848418307E-03 -8.984189519861834E-03 -8.970449808164129E-03
 -8.777390627715960E-03 -8.763908145606744E-03 -8.750418408642656E-03
 -8.783462437608702E-03 -8.769970285151156E-03 -8.756470861372196E-03
 -8.786500333878521E-03 -8.773003343345805E-03 -8.759499073243209E-03
 -8.571815536241232E-03 -8.558571162059417E-03 -8.545319594473889E-03
 -8.577665892088023E-03 -8.564412123585366E-03 -8.551151146835627E-03
 -8.580592962306240E-03 -8.567334493824826E-03 -8.554068809662601E-03
 -8.371521706805897E-03 -8.358514835468263E-03 -8.345501223370163E-03
 -8.377159735694143E-03 -8.364143745392523E-03 -8.351121000787351E-03
 -8.379980548735896E-03 -8.366959996228112E-03 -8.353932682636223E-03
 -8.176334570152767E-03 -8.163560178265595E-03 -8.150779822125876E-03
 -8.181768969184596E-03 -8.168985729289166E-03 -8.156196512846225E-03
 -8.184487878670245E-03 -8.171700212145378E-03 -8.158906562915394E-03
 -7.986112777973392E-03 -7.973563608357820E-03 -7.961009304801729E-03
 -7.991351847490858E-03 -7.978794093351449E-03 -7.966231194195981E-03
 -7.993973008391103E-03 -7.981410959463961E-03 -7.968843759976005E-03
 -7.800725565125542E-03 -7.788394776298131E-03 -7.776059474365265E-03
 -7.805777236706541E-03 -7.793438117858504E-03 -7.781094475936775E-03
 -7.808304619342124E-03 -7.795961333057417E-03 -7.783613518705975E-03
 -7.620034204044603E-03 -7.607917028168923E-03 -7.595795666855231E-03
 -7.624906057839597E-03 -7.612780797661922E-03 -7.600651342954399E-03
 -7.627343456566477E-03 -7.615214151904431E-03 -7.603080648161095E-03
 -7.443887024856569E-03 -7.431980400905952E-03 -7.420069795429157E-03
 -7.448586297245296E-03 -7.436671827179537E-03 -7.424753367137057E-03
 -7.450937334284309E-03 -7.439018938922725E-03 -7.427096549352435E-03
 -7.272131189069267E-03 -7.260431757182924E-03 -7.248728676306426E-03
 -7.276664778662498E-03 -7.264957732240491E-03 -7.253247028923267E-03
 -7.278932907121700E-03 -7.267222051281103E-03 -7.255507534588923E-03
 -7.104629723469670E-03 -7.093132363732297E-03 -7.081631864466011E-03
 -7.109004205981763E-03 -7.097499456291458E-03 -7.085991559781492E-03
 -7.111192717297714E-03 -7.099684270566796E-03 -7.088172673365712E-03
 -6.941264684935548E-03 -6.929963336715486E-03 -6.918659327217806E-03
 -6.945486337809378E-03 -6.934177816198852E-03 -6.922866626694662E-03
 -6.947598374065720E-03 -6.936286263779128E-03 -6.924971482286688E-03
 -6.781922587680462E-03 -6.770812295845465E-03 -6.759699600754487E-03
 -6.785997412980053E-03 -6.774880156165853E-03 -6.763760490065408E-03
 -6.788035978381114E-03 -6.776915237175956E-03 -6.765792083666461E-03
 -6.626480644254086E-03 -6.615558160350973E-03 -6.604633392406893E-03
 -6.630414379709446E-03 -6.619485132238702E-03 -6.608553595109711E-03
 -6.632382346110796E-03 -6.621449715030722E-03 -6.610514791479259E-03
 -6.474811556961045E-03 -6.464073734690375E-03 -6.453333847130410E-03
 -6.478609679797181E-03 -6.467865289492116E-03 -6.457118828619393E-03
 -6.480509788636382E-03 -6.469762112559714E-03 -6.459012363272266E-03
 -6.326799813221446E-03 -6.316242015916014E-03 -6.305682541001849E-03
 -6.330467550101202E-03 -6.319903374262760E-03 -6.309337515950145E-03
 -6.332302417361504E-03 -6.321735050571681E-03 -6.311165998874321E-03
 -6.182346943701737E-03 -6.171963637529847E-03 -6.161579020735302E-03
 -6.185889290454045E-03 -6.175499788321132E-03 -6.165108971188114E-03
 -6.187661416543031E-03 -6.177268814813964E-03 -6.166874895892544E-03
 -6.041358587293552E-03 -6.031145261230572E-03 -6.020930790381471E-03
 -6.044780327690595E-03 -6.034560981213587E-03 -6.024340485984590E-03
 -6.046492106868565E-03 -6.036269748631667E-03 -6.026046239657384E-03
 -5.903731332264223E-03 -5.893685068990262E-03 -5.883637705591014E-03
 -5.907037045748651E-03 -5.896984931680254E-03 -5.886931713778631E-03
 -5.908690769959308E-03 -5.898635729000891E-03 -5.888579582354400E-03
 -5.769357313299387E-03 -5.759475246279744E-03 -5.749592229096289E-03
 -5.772551376175998E-03 -5.762663623062940E-03 -5.752774916286077E-03
 -5.774149235677976E-03 -5.764258638084178E-03 -5.754367085072987E-03
 -5.638139660775587E-03 -5.628417496050497E-03 -5.618694693903287E-03
 -5.641226253645776E-03 -5.631498562387409E-03 -5.621770230497501E-03
 -5.642770340713680E-03 -5.633039884811312E-03 -5.623308786670996E-03
 -5.509996994655032E-03 -5.500429647266636E-03 -5.490861950915072E-03
 -5.512980119107894E-03 -5.503407398737264E-03 -5.493834326557169E-03
 -5.514472436414611E-03 -5.504897028227661E-03 -5.495321266806731E-03
 -5.384850775754652E-03 -5.375434197654673E-03 -5.366017368516668E-03
 -5.387734269659016E-03 -5.378312466075679E-03 -5.368890408900358E-03
 -5.389176737910637E-03 -5.379752320313190E-03 -5.370327647844928E-03
 -5.262613241504098E-03 -5.253344880878812E-03 -5.244076262792999E-03
 -5.265400783735177E-03 -5.256127340149191E-03 -5.246853636700814E-03
 -5.266795244046203E-03 -5.257519257755358E-03 -5.248243010399582E-03
 -5.143192493960905E-03 -5.134069774163943E-03 -5.124946901663641E-03
 -5.145887603601516E-03 -5.136759939292908E-03 -5.127632119994004E-03
 -5.147235817090321E-03 -5.138105679345974E-03 -5.128975385468865E-03
 -5.026507182913416E-03 -5.017526148020358E-03 -5.008545220986773E-03
 -5.029113225025739E-03 -5.020127379705109E-03 -5.011141640169808E-03
 -5.030416875726342E-03 -5.021428624057167E-03 -5.012440477133641E-03
 -4.912490087274387E-03 -4.903646086738268E-03 -4.894802426566465E-03
 -4.915010287394031E-03 -4.906161605306231E-03 -4.897313261786570E-03
 -4.916270989482577E-03 -4.907419965528638E-03 -4.898569279243796E-03
 -4.801075725723703E-03 -4.792365147358150E-03 -4.783654961348067E-03
 -4.803513182484107E-03 -4.794798046236375E-03 -4.786083300758835E-03
 -4.804732486620645E-03 -4.796015070381673E-03 -4.787298044119603E-03
 -4.692189351646666E-03 -4.683609982534366E-03 -4.675030967206700E-03
 -4.694547039298932E-03 -4.685963231806659E-03 -4.677379776595408E-03
 -4.695726433871306E-03 -4.687140406178864E-03 -4.678554730015274E-03
 -4.585752399300800E-03 -4.577301944173150E-03 -4.568851917424970E-03
 -4.588033165532253E-03 -4.579578388178878E-03 -4.571124037758976E-03
 -4.589174075596982E-03 -4.580717136155981E-03 -4.572260622924763E-03
 -4.481696384534195E-03 -4.473371226402938E-03 -4.465046718987007E-03
 -4.483902955056464E-03 -4.475573587167411E-03 -4.467244868703941E-03
 -4.485006744596577E-03 -4.476675270889023E-03 -4.468344445961295E-03
 -4.379965779869578E-03 -4.371761684673675E-03 -4.363558432504563E-03
 -4.382100771117416E-03 -4.373892574126671E-03 -4.365685219097184E-03
 -4.383168749435953E-03 -4.374958500644389E-03 -4.366749093279547E-03
 -4.280506033124605E-03 -4.272419779702795E-03 -4.264334391883499E-03
 -4.282571962915891E-03 -4.274481711179606E-03 -4.266392324136240E-03
 -4.283605389944723E-03 -4.275513138180092E-03 -4.267421750651686E-03
 -4.183253424548443E-03 -4.175283092431171E-03 -4.167313568972677E-03
 -4.185252713031457E-03 -4.177278482587957E-03 -4.169305059932153E-03
 -4.186252799804278E-03 -4.178276619358376E-03 -4.170301246262507E-03
 -4.088140497346343E-03 -4.080284049081058E-03 -4.072428463923155E-03
 -4.090075463834936E-03 -4.082215214490674E-03 -4.074355827403465E-03
 -4.091043370926315E-03 -4.083181220231130E-03 -4.075319931365589E-03
 -3.995109091140856E-03 -3.987363239247899E-03 -3.979618443531089E-03
 -3.996981957635915E-03 -3.989232398803533E-03 -3.981483895415856E-03
 -3.997918796926385E-03 -3.990167383840929E-03 -3.982417025833067E-03
 -3.904112898995188E-03 -3.896473802973643E-03 -3.888835925649846E-03
 -3.905925801471265E-03 -3.898283088752728E-03 -3.890641594184605E-03
 -3.906832641770296E-03 -3.899188119947208E-03 -3.891544815999847E-03
 -3.815106431981758E-03 -3.807571217000144E-03 -3.800037224762395E-03
 -3.816861429592566E-03 -3.809322684284012E-03 -3.801785161292445E-03
 -3.817739301265202E-03 -3.810198790063381E-03 -3.802659500963907E-03
 -3.728035951087082E-03 -3.720602941560022E-03 -3.713171088335921E-03
 -3.729735026309580E-03 -3.722298569890439E-03 -3.714863269356659E-03
 -3.730584921341600E-03 -3.723146740771231E-03 -3.715709715877785E-03
 -3.642844563472823E-03 -3.635511945798611E-03 -3.628180525450498E-03
 -3.644489618455500E-03 -3.637153635075822E-03 -3.629818848603314E-03
 -3.645312488622259E-03 -3.637974821707250E-03 -3.630638351489947E-03
 -3.559483645314447E-03 -3.552248433786692E-03 -3.545014590292670E-03
 -3.561076504440281E-03 -3.553838005776537E-03 -3.546600874821205E-03
 -3.561873262619069E-03 -3.554633119728077E-03 -3.547394344382023E-03
 -3.477914185417839E-03 -3.470772896820381E-03 -3.463633117221513E-03
 -3.479456604972314E-03 -3.472312104421218E-03 -3.465169112702221E-03
 -3.480228129936641E-03 -3.473082022769634E-03 -3.465937424350839E-03
 -3.398096095328496E-03 -3.391046160287187E-03 -3.383997727422173E-03
 -3.399589771010598E-03 -3.392536695827101E-03 -3.385485122750539E-03
 -3.400336911222818E-03 -3.393282265348853E-03 -3.386229121548135E-03
 -3.319980544633591E-03 -3.313020504013747E-03 -3.306061894571723E-03
 -3.321427110715522E-03 -3.314463999278023E-03 -3.307502318941782E-03
 -3.322150683888113E-03 -3.315186036442536E-03 -3.308222820060770E-03
 -3.243516399320190E-03 -3.236644647034102E-03 -3.229774356834490E-03
 -3.244917424783953E-03 -3.238042669158693E-03 -3.231169375528432E-03
 -3.245618215965567E-03 -3.238741958090726E-03 -3.231867162163935E-03
 -3.168662561517003E-03 -3.161876383354862E-03 -3.155091820571508E-03
 -3.170019552780312E-03 -3.163230436550514E-03 -3.156442935681956E-03
 -3.170698315697273E-03 -3.163907729870637E-03 -3.157118759397836E-03
 -3.095389889508222E-03 -3.088686096635789E-03 -3.081984046216117E-03
 -3.096704300173314E-03 -3.089997631541623E-03 -3.083292705487439E-03
 -3.097361762134815E-03 -3.090653655077556E-03 -3.083947290657785E-03
 -3.023670182670370E-03 -3.017046437775428E-03 -3.010424424965386E-03
 -3.024943421043167E-03 -3.018316859722901E-03 -3.011692030696585E-03
 -3.025580286676921E-03 -3.018952316613030E-03 -3.012326078947358E-03
 -2.953466434089592E-03 -2.946921447931209E-03 -2.940378120008005E-03
 -2.954699861847281E-03 -2.948152116440757E-03 -2.941606029463107E-03
 -2.955316812450286E-03 -2.948767686904794E-03 -2.942220219883770E-03
 -2.884735835257934E-03 -2.878268160662040E-03 -2.871802157908644E-03
 -2.885930761901952E-03 -2.879460383666166E-03 -2.872991677437518E-03
 -2.886528452654854E-03 -2.880056722097990E-03 -2.873586663631101E-03
 -2.817439638685680E-03 -2.811046739852518E-03 -2.804655641003160E-03
 -2.818597321502560E-03 -2.812201772730789E-03 -2.805808024174334E-03
 -2.819176381472579E-03 -2.812779507242283E-03 -2.806384433342746E-03
 -2.751548715139376E-03 -2.745228056534218E-03 -2.738909293702931E-03
 -2.752670369636648E-03 -2.746347112310676E-03 -2.740025751084097E-03
 -2.753231406968168E-03 -2.746906849802753E-03 -2.740584188898840E-03
