  3.444391703679589E+00  3.438210743905664E+00  3.432027062639965E+00

  1.427970680432503E-03  1.424783033255675E-03  1.421595802106944E-03
  1.428821847131010E-03  1.425632257026411E-03  1.422443083056088E-03
  1.429247607385809E-03  1.426057045417196E-03  1.422866899636070E-03
  1.429247607385809E-03  1.426057045417196E-03  1.422866899636070E-03
  1.428821847131010E-03  1.425632257026411E-03  1.422443083056088E-03
  1.427970680432503E-03  1.424783033255675E-03  1.421595802106944E-03
  1.426694814403596E-03  1.423510079644488E-03  1.420325760753064E-03
  1.424995308302745E-03  1.421814453082733E-03  1.418634013515844E-03
  1.422873571801157E-03  1.419697560081429E-03  1.416521963744202E-03
  1.420331362840415E-03  1.417161154651855E-03  1.413991361520226E-03
  1.417370784831249E-03  1.414207335498920E-03  1.411044300839688E-03
  1.413994283259670E-03  1.410838542634503E-03  1.407683216240803E-03
  1.410204641905210E-03  1.407057553605608E-03  1.403910879034722E-03
  1.406004978405794E-03  1.402867479072577E-03  1.399730392905095E-03
  1.401398739431816E-03  1.398271757988174E-03  1.395145189083326E-03
  1.396389695258653E-03  1.393274152178633E-03  1.390159020944039E-03
  1.390981933905963E-03  1.387878740508151E-03  1.384775958195462E-03
  1.385179854757608E-03  1.382089912503839E-03  1.379000380503914E-03
  1.378988161798406E-03  1.375912361598719E-03  1.372836970750801E-03
  1.372411856368771E-03  1.369351077925437E-03  1.366290707856341E-03
  1.365456229505978E-03  1.362411340649406E-03  1.359366859111820E-03
  1.358126853861499E-03  1.355098709917334E-03  1.352070972156881E-03
  1.350429575262933E-03  1.347419018429912E-03  1.344408866563510E-03
  1.342370503989405E-03  1.339378362749421E-03  1.336386625172331E-03
  1.333956005525399E-03  1.330983094060133E-03  1.328010584865387E-03
  1.325192691081097E-03  1.322239808708924E-03  1.319287327123650E-03
  1.316087407951390E-03  1.313155338592395E-03  1.310223668441027E-03
  1.306647229372937E-03  1.303736741038703E-03  1.300826650236841E-03
  1.296879444321509E-03  1.293991288610713E-03  1.291103528655504E-03
  1.286791546952326E-03  1.283926458590887E-03  1.281061764105447E-03
  1.276391225880818E-03  1.273549922264064E-03  1.270709010536017E-03
  1.265686353308552E-03  1.262869534087493E-03  1.260053104659026E-03
  1.254684974022518E-03  1.251893320697418E-03  1.249102054956248E-03
  1.243395294129238E-03  1.240629469673868E-03  1.237864030477795E-03
  1.231825669815759E-03  1.229086318334442E-03  1.226347349670338E-03
  1.219984596031896E-03  1.217272342429795E-03  1.214560469081245E-03
  1.207880694941056E-03  1.205196144620445E-03  1.202511971867364E-03
  1.195522704645396E-03  1.192866443231329E-03  1.190210556571266E-03
  1.182919467563038E-03  1.180292060656164E-03  1.177665025561768E-03
  1.170079918993158E-03  1.167481911940566E-03  1.164884273626954E-03
  1.157013075710780E-03  1.154444993416424E-03  1.151877276656252E-03
  1.143728024664210E-03  1.141190371399029E-03  1.138653080327542E-03
  1.130233911582932E-03  1.127727170848357E-03  1.125220788830901E-03
  1.116539929836023E-03  1.114064564235501E-03  1.111589553735036E-03
  1.102655309323030E-03  1.100211760455595E-03  1.097768562933026E-03
  1.088589305578134E-03  1.086177993974434E-03  1.083767029817593E-03
  1.074351188939537E-03  1.071972513998452E-03  1.069594182463834E-03
  1.059950233984153E-03  1.057604573959047E-03  1.055259253156562E-03
  1.045395709089526E-03  1.043083421072805E-03  1.040771467949958E-03
  1.030696866218589E-03  1.028418286161911E-03  1.026140036525831E-03
  1.015862930933335E-03  1.013618373696375E-03  1.011374142261803E-03
  1.000903092626091E-03  9.986928520315213E-04  9.964829324740463E-04
  9.858264950734752E-04  9.836508439957496E-04  9.814755090455597E-04
  9.706422271147504E-04  9.685014175871439E-04  9.663609191317136E-04
  9.553593137578124E-04  9.532535770982706E-04  9.511481463104894E-04
  9.399867074914559E-04  9.379162544465068E-04  9.358461019291934E-04
  9.245332798193440E-04  9.224983007339942E-04  9.204636166887449E-04
  9.090078132875029E-04  9.070084782886692E-04  9.050094327008459E-04
  8.934189936814469E-04  8.914554528772070E-04  8.894921957134849E-04
  8.777754025174234E-04  8.758477862233629E-04  8.739204476607655E-04
  8.620855099923261E-04  8.601939289590734E-04  8.583026196112042E-04
  8.463576681153622E-04  8.445022137909562E-04  8.426470249700420E-04
  8.306001043311294E-04  8.287808491218564E-04  8.269618531011772E-04
  8.148209152883888E-04  8.130379128428017E-04  8.112551631403156E-04
  7.990280610994980E-04  7.972813466056792E-04  7.955348782811909E-04
  7.832293598870147E-04  7.815189503773798E-04  7.798087803373962E-04
  7.674324826998449E-04  7.657583773826609E-04  7.640845047149177E-04
  7.516449486741625E-04  7.500071292567745E-04  7.483695355482944E-04
  7.358741206784565E-04  7.342725517107665E-04  7.326712013960429E-04
  7.201272011712386E-04  7.185618304085479E-04  7.169966711317007E-04
  7.044112284333269E-04  7.028819871977831E-04  7.013529501719757E-04
  6.887330732146123E-04  6.872398767576401E-04  6.857468771294203E-04
  6.730994355098100E-04  6.716421834032592E-04  6.701851206449448E-04
  6.575168419395581E-04  6.560954184596558E-04  6.546741767505018E-04
  6.419916431507907E-04  6.406059176687018E-04  6.392203662882737E-04
  6.265300117489695E-04  6.251798391346056E-04  6.238298328659090E-04
  6.111379404809982E-04  6.098231615056524E-04  6.085085410368475E-04
  5.958212406356049E-04  5.945416823829447E-04  5.932622747192682E-04
  5.805855408513601E-04  5.793410171276546E-04  5.780966360021169E-04
  5.654362861531577E-04  5.642265979036921E-04  5.630170441925222E-04
  5.503787372169589E-04  5.492036729472823E-04  5.480287350922103E-04
  5.354179700514241E-04  5.342773062436864E-04  5.331367606691086E-04
  5.205588758106453E-04  5.194523773504867E-04  5.183459888878487E-04
  5.058061609181848E-04  5.047335815088872E-04  5.036611038148141E-04
  4.911643473749268E-04  4.901254299692800E-04  4.890866059521527E-04
  4.766377734309217E-04  4.756322506485788E-04  4.746268128894189E-04
  4.622305942965603E-04  4.612581888421554E-04  4.602858600142765E-04
  4.479467832750809E-04  4.470072083563143E-04  4.460677016388797E-04
  4.337901329257684E-04  4.328830926842401E-04  4.319761121981996E-04
  4.197642565499045E-04  4.188894464589978E-04  4.180146876591880E-04
  4.058725898058759E-04  4.050296970870978E-04  4.041868471848837E-04
  3.921183924238869E-04  3.913070964636828E-04  3.904958348389435E-04
  3.785047503827377E-04  3.777247231267127E-04  3.769447217245722E-04
  3.650345778427759E-04  3.642854842034887E-04  3.635364079397695E-04
  3.517106195010990E-04  3.509921177490638E-04  3.502736249044487E-04
  3.385354530440424E-04  3.378471952041579E-04  3.371589378166527E-04
  3.255114916378056E-04  3.248531238648774E-04  3.241947481107378E-04
  3.126409866653714E-04  3.120121496339556E-04  3.113832962108143E-04
  2.999260304998992E-04  2.993263597762827E-04  2.987266642806941E-04
  2.873685593222244E-04  2.867976857313460E-04  2.862267790233072E-04
  2.749703562824596E-04  2.744279062685280E-04  2.738854148306486E-04
  2.627330543799225E-04  2.622186503592648E-04  2.617041966518981E-04
  2.506581396804363E-04  2.501714004000204E-04  2.496846032180683E-04
  2.387469545925786E-04  2.382874954673687E-04  2.378279702786938E-04
  2.270007010884357E-04  2.265681345320132E-04  2.261354938070118E-04
  2.154204440712083E-04  2.150143798163384E-04  2.146082333505536E-04
  2.040071147529708E-04  2.036271601757119E-04  2.032471154133753E-04
  1.927615141691453E-04  1.924072745889811E-04  1.920529369213675E-04
  1.816843166259875E-04  1.813553956138893E-04  1.810263686869384E-04
  1.707760731221497E-04  1.704720728073276E-04  1.701679588201274E-04
  1.600372145964702E-04  1.597577360493675E-04  1.594781361321288E-04
  1.494680546112559E-04  1.492126982580642E-04  1.489572128769141E-04
  1.390687919407547E-04  1.388371579364591E-04  1.386053872839211E-04
  1.288395140769024E-04  1.286312024717561E-04  1.284227466651723E-04
  1.187802026903473E-04  1.185948133676024E-04  1.184092724100925E-04
  1.088907394904469E-04  1.087278721972361E-04  1.085648459575250E-04
  9.917090859751977E-05  9.903016365618946E-05  9.888925247575491E-05
  8.962039277269235E-05  8.950137245844123E-05  8.938217848772756E-05
  8.023876894234457E-05  8.014107825684553E-05  8.004320640984899E-05
  7.102551751762568E-05  7.094876248104262E-05  7.087181910016262E-05
  6.198005336131359E-05  6.192383693134946E-05  6.186742584580175E-05
  5.310175907040887E-05  5.306567907815195E-05  5.302939891962323E-05
  4.438997185296341E-05  4.437362740075676E-05  4.435707672606385E-05
  3.584389210774562E-05  3.584689877931757E-05  3.584969063583044E-05
  2.746247032337044E-05  2.748447094726481E-05  2.750624535506702E-05
  1.924442905471808E-05  1.928507833630419E-05  1.932549103702395E-05
  1.118855079964945E-05  1.124746708314479E-05  1.130614440323558E-05
  3.294119379288161E-06  3.370836237927887E-06  3.447323397133475E-06
 -4.438930004102673E-06 -4.344946039513347E-06 -4.251178745605954E-06
 -1.201065530441826E-05 -1.189987653134585E-05 -1.178931836575800E-05
 -1.942252114746253E-05 -1.929517209475443E-05 -1.916808495746269E-05
 -2.667859715337338E-05 -2.653457699796491E-05 -2.639089351912721E-05
 -3.378493729761439E-05 -3.362403908736260E-05 -3.346354018780074E-05
 -4.074613543780247E-05 -4.056859614644706E-05 -4.039142956330819E-05
 -4.755997088337008E-05 -4.736711605573744E-05 -4.717445171036991E-05
 -5.421314145103303E-05 -5.400769834491030E-05 -5.380210413414512E-05
 -6.068152985359179E-05 -6.046727058395057E-05 -6.025244131978505E-05
 -6.693632011114554E-05 -6.671707243989587E-05 -6.649689590373963E-05
 -7.295362127376730E-05 -7.273211352754324E-05 -7.250949922378349E-05
 -7.872263025172560E-05 -7.849979446730261E-05 -7.827589418955728E-05
 -8.424791605214636E-05 -8.402301303309222E-05 -8.379724738245481E-05
 -8.954495913079147E-05 -8.931638367194684E-05 -8.908719251311416E-05
 -9.463211425274217E-05 -9.439835488237578E-05 -9.416417209887088E-05
 -9.952380432776710E-05 -9.928403157691194E-05 -9.904393536835302E-05
 -1.042280797813991E-04 -1.039821734220016E-04 -1.037359743027150E-04
 -1.087483381618111E-04 -1.084965456747125E-04 -1.082444690741012E-04
 -1.130866215740578E-04 -1.128291935567296E-04 -1.125715016397581E-04
 -1.172458994883697E-04 -1.169829278837469E-04 -1.167197303544899E-04
 -1.212304289040276E-04 -1.209618892677907E-04 -1.206931681699247E-04
 -1.250449241065512E-04 -1.247707888929994E-04 -1.244965112535334E-04
 -1.286937191649180E-04 -1.284140255645569E-04 -1.281342194284604E-04
 -1.321805266316327E-04 -1.318953732073790E-04 -1.316101309850807E-04
 -1.355086658540865E-04 -1.352181760854939E-04 -1.349276193821705E-04
 -1.386813662336970E-04 -1.383856600619104E-04 -1.380899091161612E-04
 -1.417019091827034E-04 -1.414010961023080E-04 -1.411002605846479E-04
 -1.445736074274900E-04 -1.442677936740608E-04 -1.439619788688159E-04
 -1.472997216025919E-04 -1.469890195910832E-04 -1.466783360895806E-04
 -1.498834006183109E-04 -1.495679326543935E-04 -1.492525009802062E-04
 -1.523276838724366E-04 -1.520075782638577E-04 -1.516875257188624E-04
 -1.546355523124407E-04 -1.543109363382861E-04 -1.539863898874668E-04
 -1.568099749493999E-04 -1.564809718981095E-04 -1.561520544229291E-04
 -1.588539060266822E-04 -1.585206386628768E-04 -1.581874718976954E-04
 -1.607702445494299E-04 -1.604328397071222E-04 -1.600955492083705E-04
 -1.625618124423877E-04 -1.622204002792138E-04 -1.618791154701067E-04
 -1.642313810792476E-04 -1.638860896566199E-04 -1.635409385535166E-04
 -1.657817115362070E-04 -1.654326636054128E-04 -1.650837689067068E-04
 -1.672155569258304E-04 -1.668628727584457E-04 -1.665103540367853E-04
 -1.685356270497517E-04 -1.681794291768351E-04 -1.678234078281358E-04
 -1.697445653953284E-04 -1.693849789648477E-04 -1.690255792915073E-04
 -1.708449685183367E-04 -1.704821172019754E-04 -1.701194625880062E-04
 -1.718394188968710E-04 -1.714734221165073E-04 -1.711076318201747E-04
 -1.727304868804904E-04 -1.723614616157960E-04 -1.719926521525039E-04
 -1.735207034940238E-04 -1.731487672426108E-04 -1.727770555186463E-04
 -1.742125462690047E-04 -1.738378164378259E-04 -1.734633195939770E-04
 -1.748084590328605E-04 -1.744310495555570E-04 -1.740538815664533E-04
 -1.753108771069224E-04 -1.749308973215917E-04 -1.745511673576702E-04
 -1.757222217858793E-04 -1.753397793932450E-04 -1.749575944699702E-04
 -1.760448724330040E-04 -1.756600766409135E-04 -1.752755451058631E-04
 -1.762811555741361E-04 -1.758941162704237E-04 -1.755073475043012E-04
 -1.764333648553716E-04 -1.760441891684962E-04 -1.756552901844669E-04
 -1.765037829746239E-04 -1.761125740352316E-04 -1.757216477857876E-04
 -1.764946755400478E-04 -1.761015348631297E-04 -1.757086823630408E-04
 -1.764082690067569E-04 -1.760132987932098E-04 -1.756186217009215E-04
 -1.762467474927200E-04 -1.758500495345652E-04 -1.754536494530573E-04
 -1.760122752379059E-04 -1.756139480156642E-04 -1.752159235279581E-04
 -1.757070124674183E-04 -1.753071505717936E-04 -1.749075962324943E-04
 -1.753330984161004E-04 -1.749317950695315E-04 -1.745308037226107E-04
 -1.748926185953322E-04 -1.744899677816412E-04 -1.740876329760648E-04
 -1.743875975859062E-04 -1.739836929565028E-04 -1.735801081933439E-04
 -1.738200302713989E-04 -1.734149626206584E-04 -1.730102187547055E-04
 -1.731919243568949E-04 -1.727857812880585E-04 -1.723799658198355E-04
 -1.725053175616289E-04 -1.720981857699195E-04 -1.716913849964785E-04
 -1.717622591841438E-04 -1.713542262533612E-04 -1.709465273406890E-04
 -1.709647692359757E-04 -1.705559227613866E-04 -1.701474131523042E-04
 -1.701147847789489E-04 -1.697052104982706E-04 -1.692959759580153E-04
 -1.692141154757038E-04 -1.688038972918805E-04 -1.683940216044885E-04
 -1.682644118736323E-04 -1.678536339073449E-04 -1.674432008319061E-04
 -1.672672345039859E-04 -1.668559822484477E-04 -1.664450769293546E-04
 -1.662240497835287E-04 -1.658124097671375E-04 -1.654011186207331E-04
 -1.651364903713307E-04 -1.647245483687059E-04 -1.643129572062810E-04
 -1.640056304643678E-04 -1.635934766306466E-04 -1.631816754882641E-04
 -1.628328939298599E-04 -1.624206229170108E-04 -1.620087060760659E-04
 -1.616136307493610E-04 -1.612013812082434E-04 -1.607894867605980E-04
  1.461394859984041E-03  1.458175253822223E-03  1.454955997630255E-03
  1.462273750852417E-03  1.459052164242402E-03  1.455830927640624E-03
  1.462713380383485E-03  1.459490803141560E-03  1.456268575927021E-03
  1.462713380383485E-03  1.459490803141560E-03  1.456268575927021E-03
  1.462273750852417E-03  1.459052164242402E-03  1.455830927640624E-03
  1.461394859984041E-03  1.458175253822223E-03  1.454955997630255E-03
  1.460077443622533E-03  1.456860806104110E-03  1.453644518496925E-03
  1.458322604041254E-03  1.455109920927297E-03  1.451897587645956E-03
  1.456131808164086E-03  1.452924061973722E-03  1.449716665515122E-03
  1.453506885270741E-03  1.450305054485202E-03  1.447103573308542E-03
  1.450450024061861E-03  1.447255082329624E-03  1.444060490058660E-03
  1.446963769153735E-03  1.443776684500124E-03  1.440589949134393E-03
  1.443051017035762E-03  1.439872751086421E-03  1.436694834224278E-03
  1.438715011488822E-03  1.435546518702594E-03  1.432378374772995E-03
  1.433959338474609E-03  1.430801565386358E-03  1.427644140892046E-03
  1.428787920456202E-03  1.425641804926195E-03  1.422496037693769E-03
  1.423205010238197E-03  1.420071480723767E-03  1.416938299171484E-03
  1.417215184327237E-03  1.414095159163126E-03  1.410975481588216E-03
  1.410823335784976E-03  1.407717722478275E-03  1.404612456344882E-03
  1.404034666663594E-03  1.400944361207768E-03  1.397854402463496E-03
  1.396854679962561E-03  1.393780566167386E-03  1.390706798570683E-03
  1.389289171157744E-03  1.386232119994870E-03  1.383175414467160E-03
  1.381344219379360E-03  1.378305088351566E-03  1.375266302339227E-03
  1.373026178226897E-03  1.370005810752783E-03  1.366985787614426E-03
  1.364341666119203E-03  1.361340890939830E-03  1.358340459353652E-03
  1.355297556362915E-03  1.352317186969699E-03  1.349337160359467E-03
  1.345900967009598E-03  1.342941801092675E-03  1.339982977077342E-03
  1.336159250313326E-03  1.333222069234837E-03  1.330285229103421E-03
  1.326079981958547E-03  1.323165550248337E-03  1.320251458449884E-03
  1.315670950059451E-03  1.312780014933512E-03  1.309889418603125E-03
  1.304940143939358E-03  1.302073434841427E-03  1.299207063335435E-03
  1.293895742733231E-03  1.291053970902529E-03  1.288212535369385E-03
  1.282546103866431E-03  1.279729961927314E-03  1.276914154897995E-03
  1.270899751315391E-03  1.268109912900080E-03  1.265320407908450E-03
  1.258965363834194E-03  1.256202483221869E-03  1.253439934444719E-03
  1.246751763064253E-03  1.244016474853687E-03  1.241281516783339E-03
  1.234267901584102E-03  1.231560820379749E-03  1.228854067512733E-03
  1.221522850979673E-03  1.218844571119546E-03  1.216166617680641E-03
  1.208525789823435E-03  1.205876885120103E-03  1.203228304804534E-03
  1.195285991669085E-03  1.192667015186514E-03  1.190048360938467E-03
  1.181812813176057E-03  1.179224297029371E-03  1.176636100841473E-03
  1.168115682269778E-03  1.165558137442010E-03  1.163000910171809E-03
  1.154204086299016E-03  1.151678002496997E-03  1.149152233722253E-03
  1.140087560374659E-03  1.137593405904981E-03  1.135099563799551E-03
  1.125775675818391E-03  1.123313897484519E-03  1.120852428718282E-03
  1.111278028776215E-03  1.108849051808687E-03  1.106420381475223E-03
  1.096604228980224E-03  1.094208456983927E-03  1.091812988550239E-03
  1.081763888679585E-03  1.079401703615215E-03  1.077039818899831E-03
  1.066766611809736E-03  1.064438373987653E-03  1.062110433158104E-03
  1.051621983353173E-03  1.049328031459061E-03  1.047034373058046E-03
  1.036339558963532E-03  1.034080210105948E-03  1.031821151095414E-03
  1.020928854808882E-03  1.018704404585753E-03  1.016480240417450E-03
  1.005399337721815E-03  1.003210060312594E-03  1.001021065017934E-03
  9.897604155728349E-04  9.876065638509516E-04  9.854529901546420E-04
  9.740214279732777E-04  9.719032336431722E-04  9.697853131016302E-04
  9.581916373002993E-04  9.561093110468093E-04  9.540272541954396E-04
  9.422802199411188E-04  9.402339516062727E-04  9.381879481374530E-04
  9.262962579791256E-04  9.242862167545438E-04  9.222764357136006E-04
  9.102487311348916E-04  9.082750657764898E-04  9.063016557680920E-04
  8.941465090302439E-04  8.922093480841457E-04  8.902724375091844E-04
  8.779983438396450E-04  8.760977958860668E-04  8.741974931775220E-04
  8.618128632417446E-04  8.599490171667726E-04  8.580854110652458E-04
  8.455985638195190E-04  8.437714890831719E-04  8.419446489064669E-04
  8.293638046464695E-04  8.275735515822551E-04  8.257835275200758E-04
  8.131168013626439E-04  8.113634014805019E-04  8.096102249046120E-04
  7.968656205764406E-04  7.951490868866037E-04  7.934327706678379E-04
  7.806181746130936E-04  7.789385019584536E-04  7.772590408054262E-04
  7.643822166129271E-04  7.627393820137040E-04  7.610967528141742E-04
  7.481653359921885E-04  7.465592990009088E-04  7.449534611767622E-04
  7.319749542699451E-04  7.304056573371845E-04  7.288365532120758E-04
  7.158183212144018E-04  7.142856900662204E-04  7.127532452431971E-04
  6.997025113797502E-04  6.982064554002377E-04  6.967105791416412E-04
  6.836344209248487E-04  6.821748335502716E-04  6.807154191777078E-04
  6.676207648611644E-04  6.661975239796527E-04  6.647744492671668E-04
  6.516680745310600E-04  6.502810428819350E-04  6.488941704605050E-04
  6.357826954724448E-04  6.344317210693016E-04  6.330808988472271E-04
  6.199707856140356E-04  6.186557021567428E-04  6.173407637334547E-04
  6.042383137550855E-04  6.029589410496310E-04  6.016797061369189E-04
  5.885910583538009E-04  5.873472027342815E-04  5.861034775726759E-04
  5.730346066058233E-04  5.718260613687488E-04  5.706176391677138E-04
  5.575743538033708E-04  5.564008996380828E-04  5.552275610058415E-04
  5.422155030645044E-04  5.410769084823075E-04  5.399384218530839E-04
  5.269630652090926E-04  5.258590869750595E-04  5.247552090412616E-04
  5.118218589608511E-04  5.107522425303401E-04  5.096827186791004E-04
  4.967965114096030E-04  4.957609913615749E-04  4.947255561128096E-04
  4.818914587178500E-04  4.808897591898277E-04  4.798881366220911E-04
  4.671109469978304E-04  4.661427821124418E-04  4.651746862981535E-04
  4.524590335069729E-04  4.515241078062927E-04  4.505892432402383E-04
  4.379395880058585E-04  4.370375968782824E-04  4.361356589077480E-04
  4.235562943033690E-04  4.226869244068641E-04  4.218175996551000E-04
  4.093126520188207E-04  4.084755817045821E-04  4.076385484918838E-04
  3.952119785379957E-04  3.944068782697267E-04  3.936018070362222E-04
  3.812574111734699E-04  3.804839439378825E-04  3.797104976507116E-04
  3.674519093728209E-04  3.667097310937490E-04  3.659675656622955E-04
  3.537982572013733E-04  3.530870171433253E-04  3.523757818238694E-04
  3.402990659065941E-04  3.396184070745443E-04  3.389377448696365E-04
  3.269567766402391E-04  3.263063361700102E-04  3.256558842166978E-04
  3.137736632844204E-04  3.131530728357954E-04  3.125324628014955E-04
  3.007518354443873E-04  3.001607215825430E-04  2.995695800461516E-04
  2.878932414546037E-04  2.873312260231111E-04  2.867691748463348E-04
  2.751996715903608E-04  2.746663720824294E-04  2.741330287793537E-04
  2.626727612338056E-04  2.621677911572355E-04  2.616627692637291E-04
  2.503139941843283E-04  2.498369634205117E-04  2.493598728501130E-04
  2.381247061146963E-04  2.376752212615651E-04  2.372256686504847E-04
  2.261060880266550E-04  2.256837527312641E-04  2.252613417707394E-04
  2.142591897894132E-04  2.138636050719711E-04  2.134679368321668E-04
  2.025849236975957E-04  2.022156882721892E-04  2.018463615230000E-04
  1.910840681328875E-04  1.907407787280281E-04  1.903973902555201E-04
  1.797572711475435E-04  1.794395228390694E-04  1.791216677712750E-04
  1.686050537282251E-04  1.683124403443261E-04  1.680197125418222E-04
  1.576278123108934E-04  1.573599269489252E-04  1.570919195120509E-04
  1.468258207936779E-04  1.465822562996529E-04  1.463385620650932E-04
  1.361992339008951E-04  1.359795830263964E-04  1.357597947820388E-04
  1.257480937526829E-04  1.255519488505524E-04  1.253556590857569E-04
  1.154723384977219E-04  1.152992912278478E-04  1.151260917761253E-04
  1.053718063272861E-04  1.052214483868537E-04  1.050709309762177E-04
  9.544622824058962E-05  9.531815354998346E-05  9.518991185181718E-05
  8.569521542640168E-05  8.558902199137076E-05  8.548265370196466E-05
  7.611826479874756E-05  7.603355272254260E-05  7.594865821825174E-05
  6.671480418730648E-05  6.665116871436389E-05  6.658734453467196E-05
  5.748425542783136E-05  5.744128124381725E-05  5.739811361588107E-05
  4.842603439403066E-05  4.840330303101227E-05  4.838037310550776E-05
  3.953941318337809E-05  3.953652783870066E-05  3.953343487274607E-05
  3.082330590061302E-05  3.083991489026960E-05  3.085630180296088E-05
  2.227623361104015E-05  2.231201429791741E-05  2.234755837388533E-05
  1.389673852358539E-05  1.395132112950007E-05  1.400566423184384E-05
  5.684147255680005E-06  5.757023438679441E-06  5.829677138578679E-06
 -2.361018783723654E-06 -2.270490956006860E-06 -2.180158667533120E-06
 -1.023791200279920E-05 -1.013031536799622E-05 -1.002291051106289E-05
 -1.794765233137702E-05 -1.782319373197902E-05 -1.769898294221257E-05
 -2.549555528141152E-05 -2.535389401518168E-05 -2.521259630925436E-05
 -3.289058873986734E-05 -3.273113766756335E-05 -3.257215739283568E-05
 -4.014018924616241E-05 -3.996296956298192E-05 -3.978619761671080E-05
 -4.724180115903880E-05 -4.704846555059361E-05 -4.685531990923402E-05
 -5.417616725105258E-05 -5.397046804394397E-05 -5.376446755990940E-05
 -6.090823383142295E-05 -6.069536725681709E-05 -6.048161825700759E-05
 -6.739774123955561E-05 -6.718267247670924E-05 -6.696627696672577E-05
 -7.361504440955654E-05 -7.340067351701414E-05 -7.318484947364767E-05
 -7.955324519406533E-05 -7.933950655761276E-05 -7.912453046233721E-05
 -8.522925694579700E-05 -8.501369836985509E-05 -8.479731598974444E-05
 -9.067339592341628E-05 -9.045282398574692E-05 -9.023182490119910E-05
 -9.591442644874252E-05 -9.568655486584551E-05 -9.545848275275766E-05
 -1.009691636983287E-04 -1.007333369908617E-04 -1.004973478981467E-04
 -1.058414509152183E-04 -1.055982688717195E-04 -1.053548626117058E-04
 -1.105284305214177E-04 -1.102788334757055E-04 -1.100289576717856E-04
 -1.150279688978462E-04 -1.147725256831905E-04 -1.145168098676644E-04
 -1.193422618512133E-04 -1.190810230873168E-04 -1.188195667193758E-04
 -1.234769072340515E-04 -1.232096756158506E-04 -1.229422900471647E-04
 -1.274380598594868E-04 -1.271647054561038E-04 -1.268912416259643E-04
 -1.312305073265712E-04 -1.309510876382354E-04 -1.306715819500999E-04
 -1.348575790595873E-04 -1.345722744643090E-04 -1.342868985647875E-04
 -1.383220486519766E-04 -1.380310516727499E-04 -1.377400001038453E-04
 -1.416268881422936E-04 -1.413303469811939E-04 -1.410337727404898E-04
 -1.447754354031492E-04 -1.444734599590816E-04 -1.441714751095973E-04
 -1.477711844249743E-04 -1.474638768123550E-04 -1.471565820780196E-04
 -1.506175353391680E-04 -1.503050136534979E-04 -1.499925238157881E-04
 -1.533176754385504E-04 -1.530000792411057E-04 -1.526825309503250E-04
 -1.558746140307288E-04 -1.555520929831536E-04 -1.552296350117296E-04
 -1.582913117333820E-04 -1.579640086419379E-04 -1.576367846277344E-04
 -1.605707867214856E-04 -1.602388308750181E-04 -1.599069706942884E-04
 -1.627160991693010E-04 -1.623796157994706E-04 -1.620432435237198E-04
 -1.647302421307016E-04 -1.643893656290839E-04 -1.640486134640613E-04
 -1.666160756916959E-04 -1.662709499823476E-04 -1.659259606149888E-04
 -1.683763844606145E-04 -1.680271506991149E-04 -1.676780656567776E-04
 -1.700139779073454E-04 -1.696607660685556E-04 -1.693077158905471E-04
 -1.715317005229461E-04 -1.711746353262905E-04 -1.708177440234202E-04
 -1.729323461428786E-04 -1.725715578539786E-04 -1.722109541714847E-04
 -1.742186009458669E-04 -1.738542256102904E-04 -1.734900448416350E-04
 -1.753930934579318E-04 -1.750252627890784E-04 -1.746576370236836E-04
 -1.764584766856144E-04 -1.760873125354412E-04 -1.757163637954092E-04
 -1.774174249119992E-04 -1.770430463128785E-04 -1.766688925202811E-04
 -1.782725518208172E-04 -1.778950843626078E-04 -1.775178495226489E-04
 -1.790263681549325E-04 -1.786459421663049E-04 -1.782657561176444E-04
 -1.796813390475294E-04 -1.792980788907769E-04 -1.789150667627569E-04
 -1.802399600205985E-04 -1.798539792204068E-04 -1.794682550949839E-04
 -1.807047470100444E-04 -1.803161554685947E-04 -1.799278285412853E-04
 -1.810781586344598E-04 -1.806870713717714E-04 -1.802962554155028E-04
 -1.813625616967954E-04 -1.809690971287654E-04 -1.805759101335125E-04
 -1.815602850474447E-04 -1.811645560273832E-04 -1.807691112999131E-04
 -1.816736814090586E-04 -1.812757922128845E-04 -1.808781941065572E-04
 -1.817051101067868E-04 -1.813051635627833E-04 -1.809055138898270E-04
 -1.816568692740633E-04 -1.812549736950648E-04 -1.808533795174364E-04
 -1.815311769885229E-04 -1.811274431850893E-04 -1.807240150145116E-04
 -1.813302275650370E-04 -1.809247604027389E-04 -1.805196036412382E-04
 -1.810562407432301E-04 -1.806491371736088E-04 -1.802423489315038E-04
 -1.807114318071566E-04 -1.803027877561272E-04 -1.798944631750153E-04
 -1.802979431866454E-04 -1.798878592852524E-04 -1.794780981000528E-04
 -1.798178335693588E-04 -1.794064118011307E-04 -1.789953159726085E-04
 -1.792731436088974E-04 -1.788604799779361E-04 -1.784481461125705E-04
 -1.786659565450699E-04 -1.782521402137341E-04 -1.778386576137715E-04
 -1.779983830271949E-04 -1.775835029369578E-04 -1.771689598317403E-04
 -1.772724964781450E-04 -1.768566460903780E-04 -1.764411351907688E-04
 -1.764902937540454E-04 -1.760735676795058E-04 -1.756571836316069E-04
 -1.756537006053815E-04 -1.752361884636193E-04 -1.748190214028798E-04
 -1.747645772814534E-04 -1.743463636656871E-04 -1.739284982240647E-04
 -1.738247008587672E-04 -1.734058713248736E-04 -1.729873923723779E-04
 -1.728357604251688E-04 -1.724164051853743E-04 -1.719974022864262E-04
 -1.717994029490129E-04 -1.713796137209552E-04 -1.709601786494133E-04
 -1.707172638784808E-04 -1.702971294126057E-04 -1.698773513344375E-04
 -1.695909176183914E-04 -1.691705252153984E-04 -1.687504914060515E-04
 -1.684215932816529E-04 -1.680010364773555E-04 -1.675808398535639E-04
 -1.672099671176467E-04 -1.667893514451196E-04 -1.663690969488258E-04
 -1.659553487591967E-04 -1.655347947999005E-04 -1.651146028826988E-04
  1.495526543550339E-03  1.492273844141836E-03  1.489021411034833E-03
  1.496434077032832E-03  1.493179357922308E-03  1.489924905094040E-03
  1.496888035386089E-03  1.493632306008165E-03  1.490376842902715E-03
  1.496888035386089E-03  1.493632306008165E-03  1.490376842902715E-03
  1.496434077032832E-03  1.493179357922308E-03  1.489924905094040E-03
  1.495526543550339E-03  1.492273844141836E-03  1.489021411034833E-03
  1.494166200836676E-03  1.490916528891495E-03  1.487667123276378E-03
  1.492354196150146E-03  1.489108556929399E-03  1.485863184075110E-03
  1.490092056271808E-03  1.486851451707561E-03  1.483611113554373E-03
  1.487381685086414E-03  1.484147112958231E-03  1.480912807291624E-03
  1.484225360479854E-03  1.480997813599495E-03  1.477770533234342E-03
  1.480625730698921E-03  1.477406196099564E-03  1.474186928072054E-03
  1.476585810088196E-03  1.473375268226074E-03  1.470164992993930E-03
  1.472108974297306E-03  1.468908398262854E-03  1.465708088915928E-03
  1.467198954893960E-03  1.464009309633600E-03  1.460819931111338E-03
  1.461859833414783E-03  1.458682074960396E-03  1.455504583289643E-03
  1.456096034918127E-03  1.452931109639130E-03  1.449766451178626E-03
  1.449912321006493E-03  1.446761164871137E-03  1.443610275577699E-03
  1.443313782319969E-03  1.440177320174991E-03  1.437041124877593E-03
  1.436305830625388E-03  1.433184975480213E-03  1.430064387171472E-03
  1.428894190354393E-03  1.425789842706092E-03  1.422685761855606E-03
  1.421084889759781E-03  1.417997936914626E-03  1.414911250806339E-03
  1.412884251641183E-03  1.409815567075464E-03  1.406747149151856E-03
  1.404298883695302E-03  1.401249326412132E-03  1.398200035644099E-03
  1.395335668438945E-03  1.392306082367480E-03  1.389276762643232E-03
  1.386001752803896E-03  1.382992966213548E-03  1.379984445759581E-03
  1.376304537454108E-03  1.373317362387406E-03  1.370330453200488E-03
  1.366251665820463E-03  1.363286897553847E-03  1.360322394857748E-03
  1.355851012748608E-03  1.352909429274783E-03  1.349968111006504E-03
  1.345110673014569E-03  1.342193034554676E-03  1.339275660873588E-03
  1.334038949575210E-03  1.331145998104050E-03  1.328253310921238E-03
  1.322644341635651E-03  1.319776800443359E-03  1.316909522978625E-03
  1.310935532560749E-03  1.308094105835444E-03  1.305252942203222E-03
  1.298921377642424E-03  1.296106750081078E-03  1.293292384900877E-03
  1.286610891755367E-03  1.283823728195885E-03  1.281036826223076E-03
  1.274013236919309E-03  1.271254182009206E-03  1.268495387802809E-03
  1.261137709819355E-03  1.258407387700115E-03  1.255677325310798E-03
  1.247993729301373E-03  1.245292743323199E-03  1.242592016005164E-03
  1.234590823847226E-03  1.231919756312723E-03  1.229248946269537E-03
  1.220938619041054E-03  1.218298030978397E-03  1.215657699135195E-03
  1.207046825148770E-03  1.204437256108396E-03  1.201827941906206E-03
  1.192925224715202E-03  1.190347192586872E-03  1.187769413805767E-03
  1.178583660282517E-03  1.176037661148359E-03  1.173491913754324E-03
  1.164032022164043E-03  1.161518530172745E-03  1.159005288196276E-03
  1.149280236425678E-03  1.146799703701193E-03  1.144319419144270E-03
  1.134338253013914E-03  1.131891109576360E-03  1.129444212335124E-03
  1.119216034027159E-03  1.116802687749067E-03  1.114389585568329E-03
  1.103923542208879E-03  1.101544378795611E-03  1.099165457248375E-03
  1.088470729631690E-03  1.086126112623185E-03  1.083781735117764E-03
  1.072867526662469E-03  1.070557797464181E-03  1.068248305270247E-03
  1.057123831158921E-03  1.054849309089553E-03  1.052575021389465E-03
  1.041249497908891E-03  1.039010480279465E-03  1.036771694242532E-03
  1.025254328364082E-03  1.023051090571188E-03  1.020848081454886E-03
  1.009148060696740E-03  1.006980856346632E-03  1.004813877613656E-03
  9.929403601046855E-04  9.908094211561040E-04  9.886787046200745E-04
  9.766408094953663E-04  9.745463464168780E-04  9.724521024028461E-04
  9.602589004615550E-04  9.582011024165994E-04  9.561435199432628E-04
  9.438040246055740E-04  9.417830596588847E-04  9.397623066445156E-04
  9.272854652195718E-04  9.253014805533133E-04  9.233177040333129E-04
  9.107123893096244E-04  9.087655114652800E-04  9.068188378359390E-04
  8.940938399445879E-04  8.921841750802552E-04  8.902747103522565E-04
  8.774387290404079E-04  8.755663632060821E-04  8.736941932842943E-04
  8.607558304868810E-04  8.589208299071665E-04  8.570860208716350E-04
  8.440537735912285E-04  8.422561849761859E-04  8.404587833921895E-04
  8.273410369525846E-04  8.255808878154520E-04  8.238209210552288E-04
  8.106259427024341E-04  8.089032416908734E-04  8.071807182610679E-04
  7.939166511338060E-04  7.922313883777610E-04  7.905462982656593E-04
  7.772211556557815E-04  7.755733031210608E-04  7.739256181588776E-04
  7.605472781508428E-04  7.589367900119137E-04  7.573264642365964E-04
  7.439026647200391E-04  7.423294777349354E-04  7.407564477720389E-04
  7.272947817665109E-04  7.257588156668676E-04  7.242230011163449E-04
  7.107309124433345E-04  7.092320703298938E-04  7.077333741661859E-04
  6.942181534693226E-04  6.927563222249876E-04  6.912946312041550E-04
  6.777634123119935E-04  6.763384630029785E-04  6.749136480719071E-04
  6.613734046728140E-04  6.599851929733282E-04  6.585971096864991E-04
  6.450546523643244E-04  6.437030189857065E-04  6.423515079383561E-04
  6.288134815026236E-04  6.274982526192348E-04  6.261831398764619E-04
  6.126560210249401E-04  6.113770087087133E-04  6.100981062350626E-04
  5.965882015119407E-04  5.953452041650616E-04  5.941023102581641E-04
  5.806157543207532E-04  5.794085571210022E-04  5.782014568605145E-04
  5.647442110424313E-04  5.635725863931539E-04  5.624010520872038E-04
  5.489789032444240E-04  5.478426112119291E-04  5.467064028356841E-04
  5.333249624742445E-04  5.322237512289458E-04  5.311226168658007E-04
  5.177873205297297E-04  5.167209268002944E-04  5.156546030993382E-04
  5.023707100662095E-04  5.013388595832705E-04  5.003070721972750E-04
  4.870796653761852E-04  4.860820733149307E-04  4.850845373474539E-04
  4.719185234153156E-04  4.709548948409959E-04  4.699913152900033E-04
  4.568914250962510E-04  4.559614554036342E-04  4.550315276036054E-04
  4.420023168210553E-04  4.411056921747121E-04  4.402091022295833E-04
  4.272549521199996E-04  4.263913498886758E-04  4.255277751174589E-04
  4.126528935958324E-04  4.118219827885514E-04  4.109910921532306E-04
  3.981995150422671E-04  3.974009567360433E-04  3.966024112701048E-04
  3.838980036910563E-04  3.831314514499584E-04  3.823649046812915E-04
  3.697513626728274E-04  3.690164629727041E-04  3.682815613466921E-04
  3.557624136099409E-04  3.550588062536242E-04  3.543551895460746E-04
  3.419337993558657E-04  3.412611178807489E-04  3.405884196075994E-04
  3.282679868901389E-04  3.276258589713682E-04  3.269837067915875E-04
  3.147672703303725E-04  3.141553181745867E-04  3.135433342852668E-04
  3.014337740815017E-04  3.008516148209931E-04  3.002694163466734E-04
  2.882694560509639E-04  2.877167021223112E-04  2.871639015017990E-04
  2.752761109656062E-04  2.747523704943754E-04  2.742285758553127E-04
  2.624553737639906E-04  2.619602509390455E-04  2.614650664773964E-04
  2.498087230842801E-04  2.493418185191921E-04  2.488748448634765E-04
  2.373374848647368E-04  2.368983959470509E-04  2.364592305031032E-04
  2.250428360364854E-04  2.246311572593449E-04  2.242193945485080E-04
  2.129258082393537E-04  2.125411315326183E-04  2.121563635173858E-04
  2.009872915809071E-04  2.006292066333360E-04  2.002710230426782E-04
  1.892280384583658E-04  1.888961330450231E-04  1.885641216928581E-04
  1.776486673206083E-04  1.773425276654931E-04  1.770362748008132E-04
  1.662496657757289E-04  1.659688770473980E-04  1.656879678308128E-04
  1.550313924067071E-04  1.547755393770371E-04  1.545195585187512E-04
  1.439940780773987E-04  1.437627456685596E-04  1.435312780270418E-04
  1.331378299804617E-04  1.329306032231571E-04  1.327232338581528E-04
  1.224626412494409E-04  1.222791045100857E-04  1.220954179791281E-04
  1.119684028423398E-04  1.118081392742275E-04  1.116477189572065E-04
  1.016549058151831E-04  1.015174987692444E-04  1.013799279545883E-04
  9.152182466763581E-05  9.140686135776980E-05  9.129172673286208E-05
  8.156869561435239E-05  8.147576951504109E-05  8.138266404685273E-05
  7.179493152628366E-05  7.172363768616457E-05  7.165215703462291E-05
  6.219990292343736E-05  6.214982572348486E-05  6.209955653351245E-05
  5.278303411748419E-05  5.275373977406534E-05  5.272425049355934E-05
  4.354377188466787E-05  4.353482508790016E-05  4.352567888466845E-05
  3.448132367017952E-05  3.449233091453137E-05  3.450312694831200E-05
  2.559431758324860E-05  2.562495946138393E-05  2.565536997412568E-05
  1.688083918090998E-05  1.693082827433640E-05  1.698056832420977E-05
  8.339234129953248E-06  8.408177972276290E-06  8.476877256463029E-06
 -3.064597314860180E-08  5.661889017319777E-08  1.436757201729695E-07
 -8.227045549779556E-06 -8.122278853543331E-06 -8.017674995103441E-06
 -1.624817583659472E-05 -1.612654535538482E-05 -1.600508222779270E-05
 -2.409616648989432E-05 -2.395762042600787E-05 -2.381934908990509E-05
 -3.178015350822214E-05 -3.162378667936139E-05 -3.146788517530015E-05
 -3.931405422289934E-05 -3.913878167654181E-05 -3.896411615775314E-05
 -4.670684233031367E-05 -4.651289114611320E-05 -4.631944101868710E-05
 -5.394901010957033E-05 -5.373942781632685E-05 -5.352985929334655E-05
 -6.100437244682189E-05 -6.078533586687893E-05 -6.056551141815678E-05
 -6.781602206105484E-05 -6.759522268802302E-05 -6.737281001743822E-05
 -7.432723338424353E-05 -7.411087693157879E-05 -7.389243131592533E-05
 -8.050712607004113E-05 -8.029723028749678E-05 -8.008534711014612E-05
 -8.636552332457639E-05 -8.615924688217592E-05 -8.595159202906533E-05
 -9.194707211170663E-05 -9.173855980125088E-05 -9.152945832510814E-05
 -9.730812523863175E-05 -9.709168592625859E-05 -9.687525449195824E-05
 -1.024911184199085E-04 -1.022637418956828E-04 -1.020365836578030E-04
 -1.075116052486045E-04 -1.072734706825875E-04 -1.070354394024333E-04
 -1.123629122797674E-04 -1.121160527998444E-04 -1.118690714377028E-04
 -1.170311653677928E-04 -1.167775996584444E-04 -1.165237700471499E-04
 -1.215085478942728E-04 -1.212491819719868E-04 -1.209895544638767E-04
 -1.257973210069316E-04 -1.255320110516206E-04 -1.252665292037661E-04
 -1.299057100411765E-04 -1.296339663973478E-04 -1.293621407927439E-04
 -1.338418118683801E-04 -1.335633938591689E-04 -1.332849390063954E-04
 -1.376105247408155E-04 -1.373255722215320E-04 -1.370405908205694E-04
 -1.412141824450121E-04 -1.409230194158186E-04 -1.406318268729645E-04
 -1.446546094605080E-04 -1.443575241177804E-04 -1.440604187689139E-04
 -1.479344186642032E-04 -1.476315852198899E-04 -1.473287528375142E-04
 -1.510570519535313E-04 -1.507485705923443E-04 -1.504401155149123E-04
 -1.540262185483239E-04 -1.537121836060342E-04 -1.533981973020925E-04
 -1.568454119330774E-04 -1.565259526447786E-04 -1.562065587018954E-04
 -1.595177517272956E-04 -1.591930342347165E-04 -1.588683947444387E-04
 -1.620461105195488E-04 -1.617163118250069E-04 -1.613866036829839E-04
 -1.644333692420444E-04 -1.640986472220554E-04 -1.637640308898316E-04
 -1.666825804315378E-04 -1.663430670998724E-04 -1.660036761053757E-04
 -1.687968937993741E-04 -1.684527166172078E-04 -1.681086766368288E-04
 -1.707793429270979E-04 -1.704306475110027E-04 -1.700821009669415E-04
 -1.726327532962861E-04 -1.722796997593135E-04 -1.719268056351472E-04
 -1.743598770557909E-04 -1.740026166520801E-04 -1.736455276168200E-04
 -1.759635654616161E-04 -1.756022296771415E-04 -1.752410782097293E-04
 -1.774467477751808E-04 -1.770814636980470E-04 -1.767163753289882E-04
 -1.788122567250033E-04 -1.784431657562372E-04 -1.780742794561203E-04
 -1.800627502651365E-04 -1.796900032508593E-04 -1.793174695948410E-04
 -1.812008375380004E-04 -1.808245733209104E-04 -1.804485330232861E-04
 -1.822292278930150E-04 -1.818495657914530E-04 -1.814701390741366E-04
 -1.831506931840204E-04 -1.827677500982994E-04 -1.823850519288652E-04
 -1.839678991294500E-04 -1.835818074805650E-04 -1.831959674591711E-04
 -1.846833426636590E-04 -1.842942447032770E-04 -1.839054044321104E-04
 -1.852994778923869E-04 -1.849075051915931E-04 -1.845157977698445E-04
 -1.858188493654962E-04 -1.854241160480544E-04 -1.850296565142695E-04
 -1.862440498376079E-04 -1.858466675856190E-04 -1.854495663408355E-04
 -1.865775718260810E-04 -1.861776640607960E-04 -1.857780427849414E-04
 -1.868217666676569E-04 -1.864194617877630E-04 -1.860174490371988E-04
 -1.869789639157006E-04 -1.865743780279623E-04 -1.861700915116196E-04
 -1.870515766662340E-04 -1.866448108451889E-04 -1.862383520963170E-04
 -1.870420454946658E-04 -1.866332013641675E-04 -1.862246702896511E-04
 -1.869527062591069E-04 -1.865418978510920E-04 -1.861314065199379E-04
 -1.867857700662376E-04 -1.863731158501284E-04 -1.859607826587565E-04
 -1.865434375333134E-04 -1.861290447250731E-04 -1.857149780948571E-04
 -1.862279787413443E-04 -1.858119421437475E-04 -1.853962370233026E-04
 -1.858416650968494E-04 -1.854240813904361E-04 -1.850068328436816E-04
 -1.853866545129733E-04 -1.849676312918915E-04 -1.845489453867485E-04
 -1.848649988581532E-04 -1.844446459404852E-04 -1.840246327711288E-04
 -1.842787698533570E-04 -1.838571857121937E-04 -1.834359450252389E-04
 -1.836301329627331E-04 -1.832074054125439E-04 -1.827850251825916E-04
 -1.829212668091428E-04 -1.824974864401325E-04 -1.820740558928664E-04
 -1.821542280145576E-04 -1.817294953006635E-04 -1.813051137693864E-04
 -1.813309213931206E-04 -1.809053381035758E-04 -1.804801078173863E-04
 -1.804531879161131E-04 -1.800268456746201E-04 -1.796008594165242E-04
 -1.795228842603656E-04 -1.790958663588216E-04 -1.786692074676377E-04
 -1.785418749090622E-04 -1.781142683147035E-04 -1.776870225075112E-04
 -1.775119919300224E-04 -1.770838927070133E-04 -1.766561551206167E-04
 -1.764350310067949E-04 -1.760065366573964E-04 -1.755784052550631E-04
 -1.753127382083749E-04 -1.748839390669637E-04 -1.744555051221825E-04
 -1.741467022863114E-04 -1.737176848770237E-04 -1.732890348154156E-04
 -1.729382002763084E-04 -1.725090587182705E-04 -1.720802855614300E-04
 -1.716882544800907E-04 -1.712590950785795E-04 -1.708303043853589E-04
 -1.703981559568681E-04 -1.699690853718921E-04 -1.695403839932451E-04
