  3.444391703679589E+00  3.438210743905664E+00  3.432027062639965E+00

 -2.103106042962848E-03 -2.098274046297217E-03 -2.093443556669557E-03
 -2.153230941254005E-03 -2.148344144217652E-03 -2.143458812915744E-03
 -2.204084043603148E-03 -2.199141104538960E-03 -2.194199556180196E-03
 -2.103614751141198E-03 -2.098781588318860E-03 -2.093949932833852E-03
 -2.153754893106430E-03 -2.148866907005801E-03 -2.143980386916023E-03
 -2.204623457146167E-03 -2.199679305589720E-03 -2.194736544998233E-03
 -2.103869144534793E-03 -2.099035398507778E-03 -2.094203159969870E-03
 -2.154016908053543E-03 -2.149128327303695E-03 -2.144241212702626E-03
 -2.204893202208343E-03 -2.199948444302043E-03 -2.195005077489251E-03
 -2.103869144534793E-03 -2.099035398507778E-03 -2.094203159969870E-03
 -2.154016908053543E-03 -2.149128327303695E-03 -2.144241212702626E-03
 -2.204893202208343E-03 -2.199948444302043E-03 -2.195005077489251E-03
 -2.103614751141198E-03 -2.098781588318860E-03 -2.093949932833852E-03
 -2.153754893106430E-03 -2.148866907005801E-03 -2.143980386916023E-03
 -2.204623457146167E-03 -2.199679305589720E-03 -2.194736544998233E-03
 -2.103106042962848E-03 -2.098274046297217E-03 -2.093443556669557E-03
 -2.153230941254005E-03 -2.148344144217652E-03 -2.143458812915744E-03
 -2.204084043603148E-03 -2.199141104538960E-03 -2.194199556180196E-03
 -2.102343166652419E-03 -2.097512918676827E-03 -2.092684177289012E-03
 -2.152445201404622E-03 -2.147560187435140E-03 -2.142676638788410E-03
 -2.203275111282877E-03 -2.198333990462520E-03 -2.193394259961418E-03
 -2.101326330692163E-03 -2.096498413420293E-03 -2.091672002138305E-03
 -2.151397888249011E-03 -2.146515250821278E-03 -2.141634078168501E-03
 -2.202196879939475E-03 -2.197258182586921E-03 -2.192320875040142E-03
 -2.100055806209987E-03 -2.095230801033999E-03 -2.090407301103550E-03
 -2.150089282158297E-03 -2.145209614103988E-03 -2.140331410141292E-03
 -2.200849638716008E-03 -2.195913969390019E-03 -2.190979689229860E-03
 -2.098531930159417E-03 -2.093710417734082E-03 -2.088890409662028E-03
 -2.148519731476724E-03 -2.143643624852394E-03 -2.138768981502023E-03
 -2.199233747277799E-03 -2.194301709727314E-03 -2.189371060576226E-03
 -2.096755107998569E-03 -2.091937668074103E-03 -2.087121731462517E-03
 -2.146689654787132E-03 -2.141817700717972E-03 -2.136947208971333E-03
 -2.197349637281702E-03 -2.192421834293812E-03 -2.187495418813044E-03
 -2.094725814692408E-03 -2.089913025958858E-03 -2.085101739354467E-03
 -2.144599542019916E-03 -2.139732330539830E-03 -2.134866580295511E-03
 -2.195197813418400E-03 -2.190274846651416E-03 -2.185353266375428E-03
 -2.092444594826698E-03 -2.087637034754943E-03 -2.082830975481639E-03
 -2.142249954785257E-03 -2.137388074670487E-03 -2.132527654572869E-03
 -2.192778853945194E-03 -2.187861323766409E-03 -2.182945178936707E-03
 -2.089912062541126E-03 -2.085110307226048E-03 -2.080310051232700E-03
 -2.139641526500977E-03 -2.134785565113555E-03 -2.129931062391638E-03
 -2.190093411040163E-03 -2.185181916361078E-03 -2.180271805766588E-03
 -2.087128901714012E-03 -2.082333525718806E-03 -2.077539647425102E-03
 -2.136774962647969E-03 -2.131925505767566E-03 -2.127077506070135E-03
 -2.187142211207306E-03 -2.182237349309558E-03 -2.177333870109339E-03
 -2.084095866486417E-03 -2.079307442678159E-03 -2.074520514807420E-03
 -2.133651041245862E-03 -2.128808672912324E-03 -2.123967760147541E-03
 -2.183926055750173E-03 -2.179028422128392E-03 -2.174132169695561E-03
 -2.080813781758169E-03 -2.076032881156485E-03 -2.071253474586309E-03
 -2.130270613442678E-03 -2.125435915787743E-03 -2.120602671957972E-03
 -2.180445821402600E-03 -2.175556009590158E-03 -2.170667577339501E-03
 -2.077283543784491E-03 -2.072510735402283E-03 -2.067739419006795E-03
 -2.126634604066540E-03 -2.121808157157649E-03 -2.116983162201781E-03
 -2.176702460926034E-03 -2.171821062332285E-03 -2.166941041550532E-03
 -2.073506120767398E-03 -2.068741971448366E-03 -2.063979311928525E-03
 -2.122744012275260E-03 -2.117926393947167E-03 -2.113110225570722E-03
 -2.172697003748982E-03 -2.167824607480210E-03 -2.162953587159914E-03
 -2.069482553340571E-03 -2.064727627599590E-03 -2.059974189331873E-03
 -2.118599912129813E-03 -2.113791697812779E-03 -2.108984931321270E-03
 -2.168430556622958E-03 -2.163567749321115E-03 -2.158706315984176E-03
 -2.065213955221743E-03 -2.060468815075058E-03 -2.055725159936376E-03
 -2.114203453211445E-03 -2.109405215772767E-03 -2.104608423907532E-03
 -2.163904304287083E-03 -2.159051669952243E-03 -2.154200407486845E-03
 -2.060701513729221E-03 -2.055966718541841E-03 -2.051233405762809E-03
 -2.109555861245881E-03 -2.104768170816700E-03 -2.099981923583996E-03
 -2.159119510137926E-03 -2.154277629959300E-03 -2.149437119439763E-03
 -2.055946490352550E-03 -2.051222596663183E-03 -2.046500182646915E-03
 -2.104658438679196E-03 -2.099881862483707E-03 -2.095106726985948E-03
 -2.154077516881251E-03 -2.149246969057817E-03 -2.144417788569475E-03
 -2.050950221361115E-03 -2.046237782720737E-03 -2.041526820882860E-03
 -2.099512565380005E-03 -2.094747667565216E-03 -2.089984207826651E-03
 -2.148779747233742E-03 -2.143961106797068E-03 -2.139143831261619E-03
 -2.045714118435946E-03 -2.041013685243041E-03 -2.036314725850733E-03
 -2.094119699206940E-03 -2.089367040669261E-03 -2.084615817467131E-03
 -2.143227704563720E-03 -2.138421543204469E-03 -2.133616744204770E-03
 -2.040239669101266E-03 -2.035551788420042E-03 -2.030865378404626E-03
 -2.088481376591235E-03 -2.083741514806922E-03 -2.079003085497385E-03
 -2.137422973540675E-03 -2.132629859429157E-03 -2.127838105028353E-03
 -2.034528437334531E-03 -2.029853652745810E-03 -2.025180335558671E-03
 -2.082599213142620E-03 -2.077872701988634E-03 -2.073147620331967E-03
 -2.131367220754931E-03 -2.126587718362543E-03 -2.121809572923410E-03
 -2.028582064057841E-03 -2.023920915471701E-03 -2.019261230896448E-03
 -2.076474904129176E-03 -2.071762293711879E-03 -2.067051109697496E-03
 -2.125062195246006E-03 -2.120296865165849E-03 -2.115532889176791E-03
 -2.022402267593545E-03 -2.017755291084046E-03 -2.013109775065837E-03
 -2.070110225049310E-03 -2.065412061525068E-03 -2.060715321195594E-03
 -2.118509729127106E-03 -2.113759127886553E-03 -2.109009877774390E-03
 -2.015990844135468E-03 -2.011358571767263E-03 -2.006727756245098E-03
 -2.063507032074832E-03 -2.058823857473161E-03 -2.054142102742659E-03
 -2.111711738058983E-03 -2.106976417943444E-03 -2.102242445892241E-03
 -2.009349668026739E-03 -2.004732627687456E-03 -2.000117040425169E-03
 -2.056667262454341E-03 -2.051999614498734E-03 -2.047333382981012E-03
 -2.104670221743726E-03 -2.099950730609283E-03 -2.095232584376194E-03
 -2.002480692258599E-03 -1.997879407474836E-03 -1.993279571876763E-03
 -2.049592934887987E-03 -2.044941346821590E-03 -2.040291171647886E-03
 -2.097387264254271E-03 -2.092684145348594E-03 -2.087982368081897E-03
 -1.995385948556987E-03 -1.990800938322756E-03 -1.986217373261693E-03
 -2.042286149799688E-03 -2.037651150202513E-03 -2.033017559844849E-03
 -2.089865034404720E-03 -2.085178826180721E-03 -2.080493956237096E-03
 -1.988067547744562E-03 -1.983499326351993E-03 -1.978932546001388E-03
 -2.034749089624957E-03 -2.030131202231645E-03 -2.025514720315943E-03
 -2.082105786013323E-03 -2.077437021941684E-03 -2.072769592697473E-03
 -1.980527679863461E-03 -1.975976756725311E-03 -1.971427270378676E-03
 -2.026984018930501E-03 -2.022383762457571E-03 -2.017784907593450E-03
 -2.074111858083980E-03 -2.069461066471123E-03 -2.064811606140277E-03
 -1.972768614179659E-03 -1.968235493652742E-03 -1.963703805550247E-03
 -2.018993284511218E-03 -2.014411172471040E-03 -2.009830458066604E-03
 -2.065885674913517E-03 -2.061253378716468E-03 -2.056622410164698E-03
 -1.964792699181317E-03 -1.960277880385862E-03 -1.955764489532998E-03
 -2.010779315389895E-03 -2.006215855914724E-03 -2.001653789998015E-03
 -2.057429746121060E-03 -2.052816462764843E-03 -2.048204503325739E-03
 -1.956602362571722E-03 -1.952106339220797E-03 -1.947611739218398E-03
 -2.002344622763759E-03 -1.997800318417299E-03 -1.993257403450034E-03
 -2.048746666565086E-03 -2.044152907749320E-03 -2.039560469034051E-03
 -1.948200111074175E-03 -1.943723371306868E-03 -1.939248050180324E-03
 -1.993691799834866E-03 -1.989167147438783E-03 -1.984643880141002E-03
 -2.039839116214768E-03 -2.035265387731660E-03 -2.030692975445172E-03
 -1.939588530138617E-03 -1.935131556325146E-03 -1.930675996334039E-03
 -1.984823521496522E-03 -1.980319011954765E-03 -1.975815883129988E-03
 -2.030709859827234E-03 -2.026156661386330E-03 -2.021604775153946E-03
 -1.930770283536718E-03 -1.926333552125173E-03 -1.921898229607317E-03
 -1.975742543983834E-03 -1.971258662101141E-03 -1.966776156455277E-03
 -2.021361746625736E-03 -2.016829571665739E-03 -2.012298704839965E-03
 -1.921748112987761E-03 -1.917332094323346E-03 -1.912917479516782E-03
 -1.966451704417121E-03 -1.961988928718461E-03 -1.957527524679713E-03
 -2.011797709775264E-03 -2.007287045276374E-03 -2.002777684755139E-03
 -1.912524837600538E-03 -1.908129995743546E-03 -1.903736552601003E-03
 -1.956953920244267E-03 -1.952512722796769E-03 -1.948072892335858E-03
 -2.002020765813542E-03 -1.997532092120930E-03 -1.993044718167913E-03
 -1.903103353195632E-03 -1.898730145770260E-03 -1.894358331809798E-03
 -1.947252188537708E-03 -1.942833034784187E-03 -1.938415243247449E-03
 -1.992034013965279E-03 -1.987567804609772E-03 -1.983102890673602E-03
 -1.893486631516621E-03 -1.889135509522798E-03 -1.884785775642414E-03
 -1.937349585177800E-03 -1.932952933757766E-03 -1.928557639690533E-03
 -1.981840635294910E-03 -1.977397356818988E-03 -1.972955369362561E-03
 -1.883677719435314E-03 -1.879349127090898E-03 -1.875021917403194E-03
 -1.927249264005319E-03 -1.922875566585325E-03 -1.918503221560382E-03
 -1.971443891773782E-03 -1.967024003548013E-03 -1.962605401864949E-03
 -1.873679737862284E-03 -1.869374112438772E-03 -1.865069864112834E-03
 -1.916954455738639E-03 -1.912604156840564E-03 -1.908255205287767E-03
 -1.960847125233442E-03 -1.956451079287061E-03 -1.952056315327461E-03
 -1.863495880757638E-03 -1.859213652416848E-03 -1.854932795515546E-03
 -1.906468466893289E-03 -1.902142003728557E-03 -1.897816882767784E-03
 -1.950053756168231E-03 -1.945681997016838E-03 -1.941311515218878E-03
 -1.853129413908342E-03 -1.848871005537595E-03 -1.844613962847673E-03
 -1.895794678490625E-03 -1.891492480800069E-03 -1.887191620079485E-03
 -1.939067282430202E-03 -1.934720246908666E-03 -1.930374484031231E-03
 -1.842583673598103E-03 -1.838349500648251E-03 -1.834116687521822E-03
 -1.884936544710040E-03 -1.880659034593812E-03 -1.876382856124841E-03
 -1.927891277798404E-03 -1.923569394897214E-03 -1.919248779855562E-03
 -1.831862065225549E-03 -1.827652535559691E-03 -1.823444359762228E-03
 -1.873897591425149E-03 -1.869645183185625E-03 -1.865394101180335E-03
 -1.916529390458137E-03 -1.912233081152813E-03 -1.907938034848310E-03
 -1.820968061819243E-03 -1.816783575560930E-03 -1.812600437117834E-03
 -1.862681414585904E-03 -1.858454514573580E-03 -1.854228935292674E-03
 -1.904985341305445E-03 -1.900715018401061E-03 -1.896445953564839E-03
 -1.809905202218160E-03 -1.805746151602272E-03 -1.801588442653916E-03
 -1.851291678510367E-03 -1.847090684967581E-03 -1.842891006567362E-03
 -1.893262922211290E-03 -1.889018990186532E-03 -1.884776311222779E-03
 -1.798677089558459E-03 -1.794543858786477E-03 -1.790411963439582E-03
 -1.839732114066766E-03 -1.835557416988734E-03 -1.831384029374647E-03
 -1.881365994070070E-03 -1.877148848927070E-03 -1.872932951765709E-03
 -1.787287389310253E-03 -1.783180354409748E-03 -1.779074648599267E-03
 -1.828006516752733E-03 -1.823858497738172E-03 -1.819711782421611E-03
 -1.869298484787119E-03 -1.865108513905301E-03 -1.860919785850967E-03
 -1.775739827373603E-03 -1.771659356046378E-03 -1.767580207377981E-03
 -1.816118744640693E-03 -1.811997776742175E-03 -1.807878106690905E-03
 -1.857064387138285E-03 -1.852901969125493E-03 -1.848740788715081E-03
 -1.764038187996565E-03 -1.759984639500653E-03 -1.755932407140594E-03
 -1.804072716262760E-03 -1.799979163862248E-03 -1.795886903368788E-03
 -1.844667756560492E-03 -1.840533261113680E-03 -1.836399997971519E-03
 -1.752186311620328E-03 -1.748160036627663E-03 -1.744135071156868E-03
 -1.791872408312357E-03 -1.787806626982012E-03 -1.783742131534155E-03
 -1.832112708761418E-03 -1.828006496538213E-03 -1.823901511249265E-03
 -1.740188092680996E-03 -1.736189433168430E-03 -1.732192076472573E-03
 -1.779521853324814E-03 -1.775484189703812E-03 -1.771447805854301E-03
 -1.819403417294822E-03 -1.815325839777581E-03 -1.811249483754599E-03
 -1.728047477258468E-03 -1.724076766375668E-03 -1.720107351513819E-03
 -1.767025137260332E-03 -1.763015928928623E-03 -1.759007994172165E-03
 -1.806544110987802E-03 -1.802495510365451E-03 -1.798448125722066E-03
 -1.715768460698527E-03 -1.711826022651680E-03 -1.707884873740967E-03
 -1.754386396958810E-03 -1.750405972327693E-03 -1.746426814989981E-03
 -1.793539071298526E-03 -1.789519780344314E-03 -1.785501699784093E-03
 -1.703355085029316E-03 -1.699441234975632E-03 -1.695528667083586E-03
 -1.741609817494393E-03 -1.737658495686898E-03 -1.733708434805636E-03
 -1.780392629570112E-03 -1.776402971526664E-03 -1.772414518220042E-03
 -1.690811436396646E-03 -1.686926480336976E-03 -1.683042799377231E-03
 -1.728699629497786E-03 -1.724777720245513E-03 -1.720857065467753E-03
 -1.767109164218157E-03 -1.763149452694174E-03 -1.759190940175934E-03
 -1.678141642470828E-03 -1.674285877158821E-03 -1.670431379795187E-03
 -1.715660106370442E-03 -1.711767909915557E-03 -1.707876961398701E-03
 -1.753693097810942E-03 -1.749763636674286E-03 -1.745835368742279E-03
 -1.665349869718461E-03 -1.661523582552282E-03 -1.657698556097664E-03
 -1.702495561457264E-03 -1.698633368455964E-03 -1.694772416770321E-03
 -1.740148894077731E-03 -1.736249977368918E-03 -1.732352247990519E-03
 -1.652440320538588E-03 -1.648643789480886E-03 -1.644848511810205E-03
 -1.689210345089851E-03 -1.685378436522031E-03 -1.681547762563697E-03
 -1.726481054868227E-03 -1.722612966701616E-03 -1.718746059917795E-03
 -1.639417230393270E-03 -1.635650723894630E-03 -1.631885463372588E-03
 -1.675808841589547E-03 -1.672007488678823E-03 -1.668207363586753E-03
 -1.712694117026650E-03 -1.708857131510614E-03 -1.705021321356442E-03
 -1.626284865071145E-03 -1.622548641985079E-03 -1.618813657379357E-03
 -1.662295466282455E-03 -1.658524930420211E-03 -1.654755615500581E-03
 -1.698792649197713E-03 -1.694987030359520E-03 -1.691182580789350E-03
 -1.613047517531413E-03 -1.609341827047084E-03 -1.605637367461293E-03
 -1.648674662397407E-03 -1.644935195073636E-03 -1.641196941733391E-03
 -1.684781248654743E-03 -1.681007250373475E-03 -1.677234415193357E-03
 -1.599709505098605E-03 -1.596034586684436E-03 -1.592360891502205E-03
 -1.634950897961592E-03 -1.631242740702509E-03 -1.627535790381730E-03
 -1.670664538012489E-03 -1.666922403950236E-03 -1.663181426747287E-03
 -1.586275166253748E-03 -1.582631249590499E-03 -1.578988548409082E-03
 -1.621128662544795E-03 -1.617452046851673E-03 -1.613776630969526E-03
 -1.656447161860496E-03 -1.652737125410860E-03 -1.649028239506216E-03
 -1.572748857637135E-03 -1.569136162573919E-03 -1.565524675159548E-03
 -1.607212464118635E-03 -1.603567611426669E-03 -1.599923951332250E-03
 -1.642133783458366E-03 -1.638456067698628E-03 -1.634779496091303E-03
 -1.559134951060456E-03 -1.555553687569407E-03 -1.551973623810694E-03
 -1.593206825855569E-03 -1.589593947482502E-03 -1.585982254409606E-03
 -1.627729081356578E-03 -1.624083898999784E-03 -1.620439854329553E-03
 -1.545437830234659E-03 -1.541888198369980E-03 -1.538339758237599E-03
 -1.579116282823662E-03 -1.575535579935351E-03 -1.571956054966168E-03
 -1.613237746007591E-03 -1.609625299367799E-03 -1.606013983873226E-03
 -1.531661887686002E-03 -1.528144077566488E-03 -1.524627451099539E-03
 -1.564945378716295E-03 -1.561397042304214E-03 -1.557849876344745E-03
 -1.598664476358673E-03 -1.595084957329263E-03 -1.591506562828200E-03
 -1.517811521696991E-03 -1.514325713467746E-03 -1.510841080727703E-03
 -1.550698662633610E-03 -1.547182873485657E-03 -1.543668247241637E-03
 -1.584013976414033E-03 -1.580467566445748E-03 -1.576922274310258E-03
 -1.503891133071245E-03 -1.500437496888015E-03 -1.496985027951466E-03
 -1.536380685768479E-03 -1.532897614457327E-03 -1.529415698415997E-03
 -1.569290951847673E-03 -1.565777821933388E-03 -1.562265803081360E-03
 -1.489905122072453E-03 -1.486483818106716E-03 -1.483063673063923E-03
 -1.521995998159860E-03 -1.518545805036029E-03 -1.515096759465116E-03
 -1.554500106593295E-03 -1.551020417261965E-03 -1.547541832144766E-03
 -1.475857885240263E-03 -1.472469063659429E-03 -1.469081392599464E-03
 -1.507549145410318E-03 -1.504131980598900E-03 -1.500715955539601E-03
 -1.539646139422819E-03 -1.536200040741000E-03 -1.532755039348499E-03
 -1.461753812276847E-03 -1.458397613253752E-03 -1.455042556269320E-03
 -1.493044665456961E-03 -1.489660668858226E-03 -1.486277804127645E-03
 -1.524733740576501E-03 -1.521321372152740E-03 -1.517910094015337E-03
 -1.447597283025753E-03 -1.444273836754584E-03 -1.440951523963060E-03
 -1.478487085353353E-03 -1.475136386665048E-03 -1.471786811878707E-03
 -1.509767588419127E-03 -1.506389079424308E-03 -1.503011653633584E-03
 -1.433392664345156E-03 -1.430102091044503E-03 -1.426812642586887E-03
 -1.463880918055916E-03 -1.460563636789275E-03 -1.457247471375307E-03
 -1.494752346093912E-03 -1.491407815283661E-03 -1.488064360518110E-03
 -1.419144306995908E-03 -1.415886716947830E-03 -1.412630243029708E-03
 -1.449230659268022E-03 -1.445946904774293E-03 -1.442664258002037E-03
 -1.479692658255207E-03 -1.476382213998758E-03 -1.473072838548716E-03
 -1.404856542825488E-03 -1.401632036396329E-03 -1.398408637309093E-03
 -1.434540784359862E-03 -1.431290655863459E-03 -1.428041626874752E-03
 -1.464593147798866E-03 -1.461316888115182E-03 -1.458041689920136E-03
 -1.390533681637398E-03 -1.387342349320445E-03 -1.384152115482319E-03
 -1.419815745199514E-03 -1.416599331840846E-03 -1.413384009694693E-03
 -1.449458412638073E-03 -1.446216425238235E-03 -1.442975491931458E-03
 -1.376180008364131E-03 -1.373021930822336E-03 -1.369864942821148E-03
 -1.405059967187498E-03 -1.401877348065672E-03 -1.398695811780516E-03
 -1.434293022584735E-03 -1.431085384924472E-03 -1.427878793882022E-03
 -1.361799780090987E-03 -1.358675028204380E-03 -1.355551356849119E-03
 -1.390277846256802E-03 -1.387129090484454E-03 -1.383981409092580E-03
 -1.419101516254545E-03 -1.415928295591250E-03 -1.412756113991146E-03
 -1.347397223413494E-03 -1.344305858333067E-03 -1.341215564702906E-03
 -1.375473745962289E-03 -1.372358912729235E-03 -1.369245145341789E-03
 -1.403888398003089E-03 -1.400749651460181E-03 -1.397611936347338E-03
 -1.332976531471468E-03 -1.329918604692313E-03 -1.326861740209615E-03
 -1.360651994580121E-03 -1.357571133216675E-03 -1.354491329083572E-03
 -1.388658134989711E-03 -1.385553909622233E-03 -1.382450707973975E-03
 -1.318541861440885E-03 -1.315517414862834E-03 -1.312494021358553E-03
 -1.345816882367828E-03 -1.342770032419780E-03 -1.339724231009333E-03
 -1.373415154259300E-03 -1.370345487139077E-03 -1.367276835948058E-03
 -1.304097331796401E-03 -1.301106397800568E-03 -1.298116507587849E-03
 -1.330972658794816E-03 -1.327959850098715E-03 -1.324948081170493E-03
 -1.358163839897806E-03 -1.355128758193183E-03 -1.352094684548689E-03
 -1.289647019737604E-03 -1.286689621264285E-03 -1.283733257217327E-03
 -1.316123529902180E-03 -1.313144782673992E-03 -1.310167066365798E-03
 -1.342908530333110E-03 -1.339908051395326E-03 -1.336908572571915E-03
 -1.275194958839504E-03 -1.272271109486551E-03 -1.269348285135350E-03
 -1.301273655769527E-03 -1.298328980693176E-03 -1.295385327616126E-03
 -1.327653515650230E-03 -1.324687647110909E-03 -1.321722770662030E-03
 -1.260745136451898E-03 -1.257854840548069E-03 -1.254965560157762E-03
 -1.286427147953319E-03 -1.283516546281352E-03 -1.280606957611969E-03
 -1.312403034990179E-03 -1.309471774869430E-03 -1.306541498737987E-03
 -1.246301491479665E-03 -1.243444744198884E-03 -1.240589002879896E-03
 -1.271588067121186E-03 -1.268711530772361E-03 -1.265835998357371E-03
 -1.297161274086170E-03 -1.294264610889308E-03 -1.291368923503527E-03
 -1.231867912122271E-03 -1.229044699584888E-03 -1.226222483396994E-03
 -1.256760420728054E-03 -1.253917932400137E-03 -1.251076438863757E-03
 -1.281932362860548E-03 -1.279070275693620E-03 -1.276209156084335E-03
 -1.217448233716070E-03 -1.214658533089794E-03 -1.211869819139604E-03
 -1.241948160761995E-03 -1.239139694036781E-03 -1.236332212891329E-03
 -1.266720373086430E-03 -1.263892831774771E-03 -1.261066249692030E-03
 -1.203046236600389E-03 -1.200290016208437E-03 -1.197534772760010E-03
 -1.227155181586244E-03 -1.224380701053707E-03 -1.221607196818171E-03
 -1.251529316196894E-03 -1.248736281410886E-03 -1.245944197449191E-03
 -1.188665644099477E-03 -1.185942863559892E-03 -1.183221050174607E-03
 -1.212385317892058E-03 -1.209644779273760E-03 -1.206905207603733E-03
 -1.236363141182489E-03 -1.233604564561702E-03 -1.230846930289339E-03
 -1.174310120762945E-03 -1.171620731091665E-03 -1.168932298730495E-03
 -1.197642342798952E-03 -1.194935693068225E-03 -1.192230000870706E-03
 -1.221225732562296E-03 -1.218501556849109E-03 -1.215778314934313E-03
 -1.159983270440215E-03 -1.157327214183115E-03 -1.154672105340047E-03
 -1.182929965938893E-03 -1.180257143461356E-03 -1.177585269035435E-03
 -1.206120908509739E-03 -1.203431067683880E-03 -1.200742152036793E-03
 -1.145688634534083E-03 -1.143065845900013E-03 -1.140443994730780E-03
 -1.168251831680752E-03 -1.165612766349875E-03 -1.162974639527402E-03
 -1.191052418968654E-03 -1.188396838400232E-03 -1.185742174318534E-03
 -1.131429690444375E-03 -1.128840095446784E-03 -1.126251427916013E-03
 -1.153611517434814E-03 -1.151006130818395E-03 -1.148401673101799E-03
 -1.176023943904046E-03 -1.173402540505168E-03 -1.170782044828113E-03
 -1.117209850009008E-03 -1.114653366600861E-03 -1.112097800611182E-03
 -1.139012532076601E-03 -1.136440737558756E-03 -1.133869862274087E-03
 -1.161039091658816E-03 -1.158451774027180E-03 -1.155865355286392E-03
 -1.103032458020720E-03 -1.100508996238757E-03 -1.097986441782093E-03
 -1.124458314544966E-03 -1.121920017459088E-03 -1.119382629884515E-03
 -1.146101397624816E-03 -1.143548066171610E-03 -1.140995624716835E-03
 -1.088900790953123E-03 -1.086410253050109E-03 -1.083920612339652E-03
 -1.109952232616584E-03 -1.107447330372015E-03 -1.104943327866701E-03
 -1.131214323068818E-03 -1.128694870135087E-03 -1.126176298252882E-03
 -1.074818055798290E-03 -1.072360336394882E-03 -1.069903504009400E-03
 -1.095497581698695E-03 -1.093025963938344E-03 -1.090555236093677E-03
 -1.116381253908557E-03 -1.113895563936122E-03 -1.111410746007087E-03
 -1.060787388812053E-03 -1.058362375048531E-03 -1.055938238088758E-03
 -1.081097583396645E-03 -1.078659132214462E-03 -1.076221561065805E-03
 -1.101605499086015E-03 -1.099153448885233E-03 -1.096702261643342E-03
 -1.046811854410983E-03 -1.044419426135969E-03 -1.042027864409219E-03
 -1.066755383976031E-03 -1.064349974160114E-03 -1.061945434423991E-03
 -1.086890288610511E-03 -1.084471747665128E-03 -1.082054060497147E-03
 -1.032894444038117E-03 -1.030534474000593E-03 -1.028175360211024E-03
 -1.052474053017722E-03 -1.050101552240405E-03 -1.047729911522720E-03
 -1.072238772094058E-03 -1.069853602738919E-03 -1.067469277895069E-03
 -1.019038075044523E-03 -1.016710429041488E-03 -1.014383628948129E-03
 -1.038256582931802E-03 -1.035916851825902E-03 -1.033577970706684E-03
 -1.057654018756333E-03 -1.055302076195754E-03 -1.052950968813779E-03
 -1.005245590375623E-03 -1.002950127367168E-03 -1.000655499898634E-03
 -1.024105889043515E-03 -1.021798781301286E-03 -1.019492513421638E-03
 -1.043139018006667E-03 -1.040820150392563E-03 -1.038502108555280E-03
 -9.915197581604797E-04 -9.892563304464102E-04 -9.869937278646165E-04
 -1.010024808415230E-03 -1.007750171167116E-03 -1.005476363561875E-03
 -1.028696677452867E-03 -1.026410726475251E-03 -1.024125591719508E-03
 -9.778632703893325E-04 -9.756317239622302E-04 -9.734009921854564E-04
 -9.960160960012987E-04 -9.937737705112558E-04 -9.915322642856715E-04
 -1.014329816499485E-03 -1.012076618426315E-03 -1.009824226772418E-03
 -9.642787400420800E-04 -9.620789150719065E-04 -9.598798941675097E-04
 -9.820824205170190E-04 -9.798722425764298E-04 -9.776628733922078E-04
 -1.000041160873320E-03 -9.978205468707381E-04 -9.956007293271533E-04
 -9.507686993037050E-04 -9.486004303158479E-04 -9.464329547446764E-04
 -9.682263674397323E-04 -9.660481664879494E-04 -9.638707638787505E-04
 -9.858333502963976E-04 -9.836451445131233E-04 -9.814577254726906E-04
 -9.373356024757106E-04 -9.351987177379777E-04 -9.330626158513528E-04
 -9.544504530558630E-04 -9.523040501545851E-04 -9.501584355520989E-04
 -9.717089635403717E-04 -9.695529796565603E-04 -9.673977734534016E-04
 -9.239818346297329E-04 -9.218761551004159E-04 -9.197712480682880E-04
 -9.407571381399771E-04 -9.386423453090507E-04 -9.365283309994420E-04
 -9.576705375278882E-04 -9.555465783984826E-04 -9.534233882215567E-04
 -9.107097170478418E-04 -9.086350565527022E-04 -9.065611582785742E-04
 -9.271488148992474E-04 -9.250654391981604E-04 -9.229828317195166E-04
 -9.437205366027733E-04 -9.416284021524962E-04 -9.395370268224475E-04
 -8.975214947771892E-04 -8.954776630253395E-04 -8.934345827937602E-04
 -9.136277543223557E-04 -9.115756059701655E-04 -9.095242140481991E-04
 -9.298612599129577E-04 -9.278007603920579E-04 -9.257410076011651E-04
 -8.844193045185076E-04 -8.824061116724563E-04 -8.803936587522291E-04
 -9.001960546821123E-04 -8.981749505640023E-04 -8.961545898857541E-04
 -9.160947694309260E-04 -9.140657280997501E-04 -9.120374195625454E-04
 -8.714051524912529E-04 -8.694224097092748E-04 -8.674403947885630E-04
 -8.868556817358727E-04 -8.848654327877662E-04 -8.828759157215044E-04
 -9.024229897508751E-04 -9.004252174385919E-04 -8.984281672550762E-04
 -8.584809540753011E-04 -8.565284643035771E-04 -8.545766915692120E-04
 -8.736086490521075E-04 -8.716490328183289E-04 -8.696901418535333E-04
 -8.888480278870148E-04 -8.868812772870716E-04 -8.849152467694930E-04
 -8.456486466691318E-04 -8.437261889311018E-04 -8.418044404648999E-04
 -8.604572165064984E-04 -8.585279614150810E-04 -8.565994297966505E-04
 -8.753724606361137E-04 -8.734364098161118E-04 -8.715010837055298E-04
 -8.329102855204848E-04 -8.310176100415523E-04 -8.291256383571911E-04
 -8.474038151215013E-04 -8.455046348133797E-04 -8.436061733228008E-04
 -8.619990968068253E-04 -8.600934216407129E-04 -8.581884680154195E-04
 -8.202679526538487E-04 -8.184048071538330E-04 -8.165423571168555E-04
 -8.344504960404175E-04 -8.325811790394826E-04 -8.307125611138272E-04
 -8.487299724798585E-04 -8.468544994410032E-04 -8.449797176030632E-04
 -8.077233991789274E-04 -8.058895831351473E-04 -8.040564444777128E-04
 -8.215981812747056E-04 -8.197586672568654E-04 -8.179198131758771E-04
 -8.355652034276902E-04 -8.337200097023685E-04 -8.318754475831263E-04
 -7.952776384811352E-04 -7.934730393837099E-04 -7.916690889012438E-04
 -8.088465606312478E-04 -8.070368842541204E-04 -8.052278266816205E-04
 -8.225031620661537E-04 -8.206884304328241E-04 -8.188742768944678E-04
 -7.829310009163028E-04 -7.811555448529955E-04 -7.793807101943649E-04
 -7.961954423225041E-04 -7.944154868116934E-04 -7.926361445747120E-04
 -8.095430984355619E-04 -8.077586759891708E-04 -8.059748471052339E-04
 -7.706840569703684E-04 -7.689375517234525E-04 -7.671916650196393E-04
 -7.836472511580199E-04 -7.818964410127377E-04 -7.801463043131374E-04
 -7.966892163766645E-04 -7.949341538877043E-04 -7.931798075422048E-04
 -7.585391053831836E-04 -7.568210667461547E-04 -7.551036837663622E-04
 -7.712086843083442E-04 -7.694859308066157E-04 -7.677639574270623E-04
 -7.839525492127572E-04 -7.822251569811390E-04 -7.804986578193497E-04
 -7.465009698198935E-04 -7.448106204815078E-04 -7.431209879927414E-04
 -7.588888214013499E-04 -7.571930047397009E-04 -7.554980324502499E-04
 -7.713464665625168E-04 -7.696452701264680E-04 -7.679450369509812E-04
 -7.345755450672405E-04 -7.329121431514411E-04 -7.312494855880077E-04
 -7.466926660961922E-04 -7.450235943788472E-04 -7.433552645142680E-04
 -7.588752635334494E-04 -7.572005913653383E-04 -7.555266544562084E-04
 -7.227656182143421E-04 -7.211290645084239E-04 -7.194931711021775E-04
 -7.346128150192794E-04 -7.329721231970636E-04 -7.313318287167907E-04
 -7.465216322728028E-04 -7.448768184268429E-04 -7.432321389051325E-04
 -7.110656622209032E-04 -7.094570620722129E-04 -7.078488787028849E-04
 -7.226250658640341E-04 -7.210163069737588E-04 -7.194074133323580E-04
 -7.342429346302453E-04 -7.326339608748754E-04 -7.310243016606633E-04
 -6.994590404417254E-04 -6.978807813177358E-04 -6.963025654320264E-04
 -7.106930972242117E-04 -7.091206337047826E-04 -7.075475063356697E-04
 -7.219831832300499E-04 -7.204164014259836E-04 -7.188482460382731E-04
 -6.879206371908963E-04 -6.863757453780900E-04 -6.848305058810323E-04
 -6.987821140890132E-04 -6.972492082624500E-04 -6.957153460918061E-04
 -7.096976300591531E-04 -7.081765853184142E-04 -7.066539665507555E-04
 -6.764249755174612E-04 -6.749159600536295E-04 -6.734063339334820E-04
 -6.868747389292275E-04 -6.853819078193206E-04 -6.838882005802937E-04
 -6.973765367180372E-04 -6.958998109605322E-04 -6.944219287593735E-04
 -6.649561432664547E-04 -6.634839193754810E-04 -6.620110481382602E-04
 -6.749796310474621E-04 -6.735242995791701E-04 -6.720684948696708E-04
 -6.850527221098571E-04 -6.836142869118255E-04 -6.821755357354311E-04
 -6.535141124185923E-04 -6.520776116243459E-04 -6.506406486512490E-04
 -6.631272192774523E-04 -6.617049099595377E-04 -6.602826483429025E-04
 -6.727869223987804E-04 -6.713788901385645E-04 -6.699714012933998E-04
 -6.421138946056594E-04 -6.407105659332798E-04 -6.393070820776282E-04
 -6.513551767881499E-04 -6.499614757219204E-04 -6.485682324282864E-04
 -6.606396353635464E-04 -6.592556956456192E-04 -6.578728178720949E-04
 -6.307783154812399E-04 -6.294051796069600E-04 -6.280321854073928E-04
 -6.396927424734185E-04 -6.383248371585272E-04 -6.369575685877186E-04
 -6.486468508971140E-04 -6.472843157875057E-04 -6.459229085771545E-04
 -6.195289107311582E-04 -6.181835384415066E-04 -6.168385043873298E-04
 -6.281528461414746E-04 -6.268098530877887E-04 -6.254674768309151E-04
 -6.368131888154385E-04 -6.354726937534283E-04 -6.341330922905248E-04
 -6.083799355541244E-04 -6.070608706038593E-04 -6.057422266681946E-04
 -6.167347276219083E-04 -6.154169299414393E-04 -6.140996534572239E-04
 -6.251229836000226E-04 -6.238065487486346E-04 -6.224907329662307E-04
 -5.973377038186544E-04 -5.960442805000980E-04 -5.947512918143381E-04
 -6.054326176230667E-04 -6.041403884706980E-04 -6.028486210209723E-04
 -6.135583122344258E-04 -6.122673635767950E-04 -6.109768997390781E-04
 -5.864038281817275E-04 -5.851356998124480E-04 -5.838680064961308E-04
 -5.942433981844217E-04 -5.929765614235982E-04 -5.917102001341360E-04
 -6.021111864362199E-04 -6.008457334837754E-04 -5.995807913939203E-04
 -5.755790997568070E-04 -5.743358578020779E-04 -5.730930689440873E-04
 -5.831690083987250E-04 -5.819268548920533E-04 -5.806852345054104E-04
 -5.907845969750916E-04 -5.895436363534011E-04 -5.883032839522458E-04
 -5.648655426948491E-04 -5.636466047265716E-04 -5.624281551194071E-04
 -5.722142793391415E-04 -5.709959429769986E-04 -5.697781946435055E-04
 -5.795861678840200E-04 -5.783685474154835E-04 -5.771516105678103E-04
 -5.542663020484935E-04 -5.530710024063409E-04 -5.518762284678937E-04
 -5.613836680722884E-04 -5.601884437020116E-04 -5.589938356056140E-04
 -5.685217046721750E-04 -5.673266743359073E-04 -5.661323476325351E-04
 -5.437845548724647E-04 -5.426122711784252E-04 -5.414405409759505E-04
 -5.506796452293939E-04 -5.495070554148557E-04 -5.483350879557031E-04
 -5.575930077684390E-04 -5.564202316702414E-04 -5.552481440816434E-04
 -5.334227145194255E-04 -5.322729211003624E-04 -5.311236979250371E-04
 -5.401030821689190E-04 -5.389527681331070E-04 -5.378030760338188E-04
 -5.467994170126992E-04 -5.456487029804635E-04 -5.444986600571471E-04
 -5.231823623490630E-04 -5.220546081552186E-04 -5.209274346431842E-04
 -5.296543856815895E-04 -5.285259868506733E-04 -5.273982133934675E-04
 -5.361401547160029E-04 -5.350112339067312E-04 -5.338829807322941E-04
 -5.130646034768151E-04 -5.119584668160588E-04 -5.108529196740904E-04
 -5.193342143650037E-04 -5.182273243252914E-04 -5.171210680024414E-04
 -5.256154189177158E-04 -5.245079012986229E-04 -5.234010593136529E-04
 -5.030703994509923E-04 -5.019854604575192E-04 -5.009011200274202E-04
 -5.091435188169187E-04 -5.080577049379893E-04 -5.069725342327589E-04
 -5.152261411832906E-04 -5.141395816094098E-04 -5.130537077930512E-04
 -4.932006841257446E-04 -4.921365220608765E-04 -4.910729672385714E-04
 -4.990832555545111E-04 -4.980180947031449E-04 -4.969535838742769E-04
 -5.049732997326968E-04 -5.039072721436270E-04 -5.028419356772238E-04
 -4.834563151021181E-04 -4.824125182719102E-04 -4.813693357080662E-04
 -4.891541369890146E-04 -4.881092369887306E-04 -4.870649898543432E-04
 -4.948574649117948E-04 -4.938115957096197E-04 -4.927664166641555E-04
 -4.738379854941771E-04 -4.728141604641822E-04 -4.717909543730743E-04
 -4.793565566548323E-04 -4.783315560881281E-04 -4.773072083411051E-04
 -4.848787342334275E-04 -4.838526932034296E-04 -4.828273378722267E-04
 -4.643461814757151E-04 -4.633419544251382E-04 -4.623383490027328E-04
 -4.696906750691758E-04 -4.686852271548779E-04 -4.676804315135569E-04
 -4.750369432473546E-04 -4.740304104391200E-04 -4.730245597198133E-04
 -4.549812104923845E-04 -4.539962208767278E-04 -4.530118545956317E-04
 -4.601565749162485E-04 -4.591703301436726E-04 -4.581847380858982E-04
 -4.653319462909106E-04 -4.643445836888698E-04 -4.633579024234209E-04
 -4.457432696883047E-04 -4.447771625817604E-04 -4.438116801716190E-04
 -4.507543546355986E-04 -4.497869577599140E-04 -4.488202142812486E-04
 -4.557637371909425E-04 -4.547951898607455E-04 -4.538273239566633E-04
 -4.366324924751946E-04 -4.356849168076156E-04 -4.347379665855621E-04
 -4.414840834325258E-04 -4.405351860853348E-04 -4.395869411791358E-04
 -4.463323164773175E-04 -4.453822389183765E-04 -4.444328403341475E-04
 -4.276489374563189E-04 -4.267195505889645E-04 -4.257907886464754E-04
 -4.323456864887371E-04 -4.314149590889997E-04 -4.304848809256774E-04
 -4.370374751711560E-04 -4.361055503189719E-04 -4.351742988972208E-04
 -4.187925484634914E-04 -4.178810201650664E-04 -4.169701149301099E-04
 -4.233389085798814E-04 -4.224260366203383E-04 -4.215138098199753E-04
 -4.278787609714820E-04 -4.269646890390222E-04 -4.260512846391515E-04
 -4.100631470692173E-04 -4.091691570790676E-04 -4.082757876704991E-04
 -4.144634029805085E-04 -4.135680730798191E-04 -4.126733849073556E-04
 -4.188556610690025E-04 -4.179591346005243E-04 -4.170632716041722E-04
 -4.014604737559236E-04 -4.005837056286174E-04 -3.997075556529818E-04
 -4.057188298997690E-04 -4.048407240036899E-04 -4.039632568153763E-04
 -4.099677562640607E-04 -4.090884551348162E-04 -4.082098140071650E-04
 -3.929842301184892E-04 -3.921243688894978E-04 -3.912651232818625E-04
 -3.971048417839482E-04 -3.962436460077268E-04 -3.953830849192330E-04
 -4.012146486228037E-04 -4.003522603199514E-04 -3.994905264517968E-04
 -3.846340743064570E-04 -3.837908103051091E-04 -3.829481586116893E-04
 -3.886209898829614E-04 -3.877764043904498E-04 -3.869324481005814E-04
 -3.925957785978776E-04 -3.917500140999385E-04 -3.909048962247677E-04
 -3.764095854637239E-04 -3.755826185745570E-04 -3.747562596087052E-04
 -3.802666915542607E-04 -3.794384272949650E-04 -3.786107864167196E-04
 -3.841103952234159E-04 -3.832809777281171E-04 -3.824521995175368E-04
 -3.683102522423292E-04 -3.674992908571468E-04 -3.666889323692173E-04
 -3.720413065015468E-04 -3.712290738248235E-04 -3.704174593990440E-04
 -3.757577224559191E-04 -3.749443648264105E-04 -3.741316414154655E-04
 -3.603355038364910E-04 -3.595402602688987E-04 -3.587456144488531E-04
 -3.639442154083726E-04 -3.631477209695977E-04 -3.623518397574234E-04
 -3.675370896476916E-04 -3.667394922192703E-04 -3.659425245413492E-04
 -3.524847430124581E-04 -3.517049315896388E-04 -3.509257126321763E-04
 -3.559747942678871E-04 -3.551937505054363E-04 -3.544133136755446E-04
 -3.594478492162980E-04 -3.586657208394085E-04 -3.578842154597294E-04
 -3.447573414566574E-04 -3.439926811800037E-04 -3.432286076221929E-04
 -3.481323274608245E-04 -3.473664609111458E-04 -3.466011935702991E-04
 -3.514892047587409E-04 -3.507222777005414E-04 -3.499559643832161E-04
 -3.371526128237608E-04 -3.364028298434232E-04 -3.356536273715605E-04
 -3.404159881354021E-04 -3.396650345654017E-04 -3.389146724284786E-04
 -3.436601932040696E-04 -3.429082119084071E-04 -3.421568351945521E-04
 -3.296698091858969E-04 -3.289346350007880E-04 -3.282000350885801E-04
 -3.328249170855391E-04 -3.320886100476185E-04 -3.313528877237643E-04
 -3.359598426781140E-04 -3.352225429584139E-04 -3.344858405363141E-04
 -3.223081507642291E-04 -3.215873185023180E-04 -3.208670545174371E-04
 -3.253582925272370E-04 -3.246363608707711E-04 -3.239150077236123E-04
 -3.283872839907387E-04 -3.276643913447714E-04 -3.269420893411150E-04
 -3.150668496178755E-04 -3.143600937135074E-04 -3.136539000105494E-04
 -3.180152990196824E-04 -3.173074760628681E-04 -3.166002246171914E-04
 -3.209416686546255E-04 -3.202329163663318E-04 -3.195247465214517E-04
 -3.079450969172274E-04 -3.072521567270697E-04 -3.065597720605557E-04
 -3.107950465516361E-04 -3.101010775385635E-04 -3.094076720224333E-04
 -3.136220221013955E-04 -3.129271622384691E-04 -3.122328752385604E-04
 -3.009420341379946E-04 -3.002626565623271E-04 -2.995838271703987E-04
 -3.036965574385052E-04 -3.030161950849253E-04 -3.023363882547261E-04
 -3.064272452476711E-04 -3.057460370511617E-04 -3.050653929986758E-04
 -2.940567515331509E-04 -2.933906891508577E-04 -2.927251673893117E-04
 -2.967188392888650E-04 -2.960518343899162E-04 -2.953853778044518E-04
 -2.993562599195717E-04 -2.986884527502725E-04 -2.980212029201067E-04
 -2.872883196918144E-04 -2.866353271183402E-04 -2.859828677108122E-04
 -2.898609422567983E-04 -2.892070429025842E-04 -2.885536847392736E-04
 -2.924080914709448E-04 -2.917534266801561E-04 -2.910993126698600E-04
 -2.806358151724353E-04 -2.799956485493344E-04 -2.793560075769239E-04
 -2.831219253074665E-04 -2.824808855508453E-04 -2.818403788533206E-04
 -2.855817770397939E-04 -2.849400058318926E-04 -2.842987770089208E-04
 -2.740983108581851E-04 -2.734707307631754E-04 -2.728436684156597E-04
 -2.765007850870569E-04 -2.758723705695802E-04 -2.752444800097043E-04
 -2.788762354764622E-04 -2.782471275366015E-04 -2.776185520768158E-04
 -2.676748471780920E-04 -2.670596205088489E-04 -2.664449033549644E-04
 -2.699964482527029E-04 -2.693804309364770E-04 -2.687649286327957E-04
 -2.722902833006583E-04 -2.716736147370273E-04 -2.710574693596735E-04
 -2.613644211236838E-04 -2.607613192134392E-04 -2.601587186720598E-04
 -2.636078334524450E-04 -2.630039831132319E-04 -2.624006396548911E-04
 -2.658227706907383E-04 -2.652183089976384E-04 -2.646143626891027E-04
 -2.551660024647442E-04 -2.545747981174059E-04 -2.539840873136383E-04
 -2.573338941952980E-04 -2.567419784513184E-04 -2.561505616390966E-04
 -2.594726470067685E-04 -2.588801540283897E-04 -2.582881686169474E-04
 -2.490785561046795E-04 -2.484990235336973E-04 -2.479199767753378E-04
 -2.511735914382826E-04 -2.505933836672830E-04 -2.500136661371963E-04
 -2.532388731604769E-04 -2.526581209625988E-04 -2.520778668636884E-04
 -2.431010561908732E-04 -2.425329736473965E-04 -2.419653689520667E-04
 -2.451258533836965E-04 -2.445571369298293E-04 -2.439889014296032E-04
 -2.471203153363960E-04 -2.465510921416628E-04 -2.459823565080540E-04
 -2.372325007861408E-04 -2.366756519850348E-04 -2.361192728676854E-04
 -2.391895967193733E-04 -2.386321595722094E-04 -2.380751944908321E-04
 -2.411157721029355E-04 -2.405578702998170E-04 -2.400004464157043E-04
 -2.314719279912830E-04 -2.309261003832090E-04 -2.303807344256031E-04
 -2.333637828930455E-04 -2.328174106616258E-04 -2.322715024646414E-04
 -2.352240906526483E-04 -2.346772942753288E-04 -2.341309676766014E-04
 -2.258184038023819E-04 -2.252833864433494E-04 -2.247488229846734E-04
 -2.276474132557198E-04 -2.271118903710375E-04 -2.265768236696877E-04
 -2.294442032170254E-04 -2.289082921874997E-04 -2.283728428274495E-04
 -2.202709543288069E-04 -2.197465385208244E-04 -2.192225689125411E-04
 -2.220394364554159E-04 -2.215145536603685E-04 -2.209901185709282E-04
 -2.237750345841344E-04 -2.232497989395190E-04 -2.227250155213377E-04
 -2.148284724433880E-04 -2.143144543002168E-04 -2.138008744296685E-04
 -2.165386660707460E-04 -2.160242235161697E-04 -2.155102197598310E-04
 -2.182154194921302E-04 -2.177006632562923E-04 -2.171863491333378E-04
 -2.094896887208938E-04 -2.089858699349780E-04 -2.084824813361049E-04
 -2.111438206040060E-04 -2.106396223360860E-04 -2.101358544126617E-04
 -2.127641574749040E-04 -2.122596872319933E-04 -2.117556500093096E-04
 -2.042532751078525E-04 -2.037594606198664E-04 -2.032660683797803E-04
 -2.058536768231698E-04 -2.053595244661100E-04 -2.048657947678483E-04
 -2.074201430643610E-04 -2.069257577586298E-04 -2.064317977453968E-04
 -1.991180519848014E-04 -1.986340474622350E-04 -1.981504575214202E-04
 -2.006672159601501E-04 -2.001829101046863E-04 -1.996990193409900E-04
 -2.021824084770398E-04 -2.016979044601487E-04 -2.012138179741746E-04
 -1.940831663937753E-04 -1.936087787198084E-04 -1.931347980234202E-04
 -1.955836590079803E-04 -1.951090058699912E-04 -1.946347597060142E-04
 -1.970500387166770E-04 -1.965752221970340E-04 -1.961008142973798E-04
 -1.891481219554929E-04 -1.886831618433506E-04 -1.882186009420771E-04
 -1.906023918604736E-04 -1.901372057554812E-04 -1.896724181984013E-04
 -1.920220892054338E-04 -1.915567783680675E-04 -1.910918667931336E-04
 -1.843125934155821E-04 -1.838568767752332E-04 -1.834015514953707E-04
 -1.857228450413810E-04 -1.852669435322243E-04 -1.848114326082341E-04
 -1.870976259352048E-04 -1.866416401302799E-04 -1.861860452366478E-04
 -1.795762085595372E-04 -1.791295545501606E-04 -1.786832842477791E-04
 -1.809444032138077E-04 -1.804976016181243E-04 -1.800511833377700E-04
 -1.822758489579290E-04 -1.818290000599937E-04 -1.813825348949368E-04
 -1.749382589166736E-04 -1.745004877057085E-04 -1.740630928636337E-04
 -1.762663869859385E-04 -1.758284988946667E-04 -1.753909869858746E-04
 -1.775561716207432E-04 -1.771182685252318E-04 -1.766807419228556E-04
 -1.703981559568681E-04 -1.699690853718921E-04 -1.695403839932451E-04
 -1.716882544800907E-04 -1.712590950785795E-04 -1.708303043853589E-04
 -1.729382002763084E-04 -1.725090587182705E-04 -1.720802855614300E-04
 -1.659553487591967E-04 -1.655347947999005E-04 -1.651146028826988E-04
 -1.672099671176467E-04 -1.667893514451196E-04 -1.663690969488258E-04
 -1.684215932816529E-04 -1.680010364773555E-04 -1.675808398535639E-04
 -1.616136307493610E-04 -1.612013812082434E-04 -1.607894867605980E-04
 -1.628328939298599E-04 -1.624206229170108E-04 -1.620087060760659E-04
 -1.640056304643678E-04 -1.635934766306466E-04 -1.631816754882641E-04
