  3.444391703679589E+00  3.438210743905664E+00  3.432027062639965E+00

  1.043890073805210E+00  6.063065443776886E-01  1.683209211922731E-01
 -3.402590862019241E+00 -3.879381757182398E+00 -4.356090795923913E+00
 -5.965317241139377E+00 -6.460851942303686E+00 -6.956018540039451E+00
 -5.965317241139377E+00 -6.460851942303686E+00 -6.956018540039451E+00
 -3.402590862019241E+00 -3.879381757182398E+00 -4.356090795923913E+00
  1.043890073805210E+00  6.063065443776886E-01  1.683209211922731E-01
  6.240841917332389E+00  5.862722224724247E+00  5.483687884625570E+00
  1.096625880296784E+01  1.066260947330436E+01  1.035770407388616E+01
  1.427714781852653E+01  1.405329358078766E+01  1.382813715437889E+01
  1.573585582643777E+01  1.558624415237314E+01  1.543553912884369E+01
  1.541664588592899E+01  1.532687402049268E+01  1.523631322500903E+01
  1.374145529141422E+01  1.369281580596348E+01  1.364366699014732E+01
  1.128157300364903E+01  1.125701275580658E+01  1.123219495653789E+01
  8.610266145281377E+00  8.598858062729885E+00  8.587443013330804E+00
  6.192314639455338E+00  6.189472864269316E+00  6.186833670714715E+00
  4.297214961907555E+00  4.301452098265686E+00  4.305987680719022E+00
  2.976180583600429E+00  2.985920082678140E+00  2.995923272520556E+00
  2.126047686986099E+00  2.138765120475330E+00  2.151636045694378E+00
  1.593652270635002E+00  1.606746924252164E+00  1.619880826876499E+00
  1.251430979497706E+00  1.263131502323648E+00  1.274792087807359E+00
  1.018756676042104E+00  1.028274775182141E+00  1.037712699351690E+00
  8.505133819594577E-01  8.577229434150166E-01  8.648400215007912E-01
  7.213341641799809E-01  7.264379682204746E-01  7.314535592047006E-01
  6.165065676840896E-01  6.198455076589890E-01  6.231088979624873E-01
  5.278295748241267E-01  5.297841657440210E-01  5.316786397442396E-01
  4.511379998355046E-01  4.520673998494321E-01  4.529513850157011E-01
  3.844124339769574E-01  3.846191096142736E-01  3.847927245445925E-01
  3.265180137701551E-01  3.262369445597007E-01  3.259325223130050E-01
  2.765733592823958E-01  2.759778253698911E-01  2.753663344358377E-01
  2.337342891129066E-01  2.329480919000448E-01  2.321515123483646E-01
  1.971620757829509E-01  1.962718246940813E-01  1.953753793585677E-01
  1.660450371434823E-01  1.651102146166679E-01  1.641723303760706E-01
  1.396245540482063E-01  1.386851447228218E-01  1.377449926273680E-01
  1.172129124386880E-01  1.162950140623542E-01  1.153780581770571E-01
  9.820166599423810E-02  9.732157008371572E-02  9.644360789227452E-02
  8.206242365944018E-02  8.122957526456191E-02  8.039967039325388E-02
  6.834266770160127E-02  6.756181031143957E-02  6.678441687844924E-02
  5.665885643714404E-02  5.593157888841862E-02  5.520807075177137E-02
  4.668838548196703E-02  4.601422464457423E-02  4.534398223073572E-02
  3.816138065957367E-02  3.753859340268730E-02  3.691976177894390E-02
  3.085288481284527E-02  3.027897657421754E-02  2.970898249950690E-02
  2.457574183230361E-02  2.404781998816477E-02  2.352371629831955E-02
  1.917431682844613E-02  1.868932139293328E-02  1.820801105228817E-02
  1.451908510480923E-02  1.407393589426458E-02  1.363231441100263E-02
  1.050205506655466E-02  1.009374326537268E-02  9.688786899299435E-03
  7.032950382753866E-03  6.658593609816463E-03  6.287412025919955E-03
  4.036057337095227E-03  3.692930828842203E-03  3.352796489868990E-03
  1.447638697145325E-03  1.133190809034083E-03  8.215531080387157E-04
 -7.861794031728292E-04 -1.074321999816367E-03 -1.359832602599415E-03
 -2.711130571821890E-03 -2.975164372735286E-03 -3.236738647667683E-03
 -4.366211906081712E-03 -4.608162219846059E-03 -4.847818427360900E-03
 -5.784827071529284E-03 -6.006556061418352E-03 -6.226148444890173E-03
 -6.995716944552986E-03 -7.198932847736601E-03 -7.400161177554984E-03
 -8.023717352456741E-03 -8.209984072514095E-03 -8.394403470004506E-03
 -8.890376338009759E-03 -9.061122914174191E-03 -9.230153485396880E-03
 -9.614457547598935E-03 -9.770987219445556E-03 -9.925923237126766E-03
 -1.021235151161638E-02 -1.035585023731571E-02 -1.049786874241943E-02
 -1.069841255134179E-02 -1.082995692086707E-02 -1.096012569398374E-02
 -1.108523568115370E-02 -1.120580021206433E-02 -1.132508510819251E-02
 -1.138388509091970E-02 -1.149434891912322E-02 -1.160362058260691E-02
 -1.160408352242638E-02 -1.170523651437729E-02 -1.180527650400292E-02
 -1.175437002858080E-02 -1.184691835119397E-02 -1.193842471492545E-02
 -1.184223216161719E-02 -1.192680335562110E-02 -1.201039570375736E-02
 -1.187421751807506E-02 -1.195136513173004E-02 -1.202758926863146E-02
 -1.185602872294341E-02 -1.192623657766547E-02 -1.199556876703019E-02
 -1.179260531946063E-02 -1.185629149773230E-02 -1.191914245570735E-02
 -1.168819560774772E-02 -1.174571627733469E-02 -1.180243501186521E-02
 -1.154642121082093E-02 -1.159807442744698E-02 -1.164895207087357E-02
 -1.137033700777224E-02 -1.141636667010744E-02 -1.146164048408920E-02
 -1.116248902686171E-02 -1.120308919091084E-02 -1.124294695607500E-02
 -1.092497289654634E-02 -1.096029268808749E-02 -1.099487772200025E-02
 -1.065949546273558E-02 -1.068964485145827E-02 -1.071906192248571E-02
 -1.036744213728507E-02 -1.039249884795581E-02 -1.041682126230546E-02
 -1.004995237307899E-02 -1.006997019863791E-02 -1.008924832423161E-02
 -9.708005278896448E-03 -9.723024017014479E-03 -9.737295459922309E-03
 -9.342516697767990E-03 -9.352573844806193E-03 -9.361875400280341E-03
 -8.954447986632754E-03 -8.959592180887994E-03 -8.963973531787402E-03
 -8.544925193431700E-03 -8.545231198123655E-03 -8.544770124530969E-03
 -8.115365338698863E-03 -8.110950099257913E-03 -8.105768700725097E-03
 -7.667604188740781E-03 -7.658643208487825E-03 -7.648924346547298E-03
 -7.204017518433068E-03 -7.190760510007006E-03 -7.176763393926157E-03
 -6.727625816330473E-03 -6.710410358736230E-03 -6.692483979323842E-03
 -6.242171206927519E-03 -6.221433035114655E-03 -6.200026065734564E-03
 -5.752155588852804E-03 -5.728434225140092E-03 -5.704100115494807E-03
 -5.262831012969099E-03 -5.236769755060474E-03 -5.210166075817915E-03
 -4.780137253150902E-03 -4.752477058510810E-03 -4.724358704618870E-03
 -4.310587046391531E-03 -4.282154542361815E-03 -4.253361108484877E-03
 -3.861105853630540E-03 -3.832796452320604E-03 -3.804234845134014E-03
 -3.438839140590660E-03 -3.411596909387996E-03 -3.384220917328365E-03
 -3.050944895539021E-03 -3.025741283808376E-03 -3.000530240984746E-03
 -2.704391317281244E-03 -2.682204945114294E-03 -2.660143683026437E-03
 -2.405778598986857E-03 -2.387577994279009E-03 -2.369639896776327E-03
 -2.161199225405076E-03 -2.147929617640763E-03 -2.135063752514558E-03
 -1.976143335059145E-03 -1.968717388188671E-03 -1.961839398885471E-03
 -1.855444970195478E-03 -1.854735725672411E-03 -1.854720502781336E-03
 -1.803252372142719E-03 -1.810084837902768E-03 -1.817757137127750E-03
 -1.822992600071898E-03 -1.838128707704719E-03 -1.854246223427926E-03
 -1.917290706596038E-03 -1.941401374591055E-03 -1.966623967811067E-03
 -2.087801110559338E-03 -2.121419731337598E-03 -2.156259405694057E-03
 -2.334919060887270E-03 -2.378373687603332E-03 -2.423123284006234E-03
 -2.657367097353558E-03 -2.710694263341946E-03 -2.765338899393328E-03
 -3.051694309868919E-03 -3.114545068970790E-03 -3.178668190228953E-03
 -3.511776587521398E-03 -3.583333043196074E-03 -3.656036414544407E-03
 -4.028448080203934E-03 -4.107373469591833E-03 -4.187234531373168E-03
 -4.589408750456618E-03 -4.673853241115975E-03 -4.758941281368072E-03
 -5.179525790204895E-03 -5.267202139272915E-03 -5.355165622935510E-03
 -5.781576163822496E-03 -5.869905358232792E-03 -5.958128006235187E-03
 -6.377378644453660E-03 -6.463689206307407E-03 -6.549495988815752E-03
 -6.949164888992194E-03 -7.030915733804312E-03 -7.111796954337084E-03
 -7.480972183068263E-03 -7.555962303508601E-03 -7.629778708834269E-03
 -7.959828078849030E-03 -8.026359093404671E-03 -8.091495180459127E-03
 -8.376543355999315E-03 -8.433512090545528E-03 -8.488956977982052E-03
 -8.726018764210419E-03 -8.772932782886027E-03 -8.818284110535441E-03
 -9.007074092490070E-03 -9.043998584769482E-03 -9.079399997528515E-03
 -9.221895227675905E-03 -9.249350752648431E-03 -9.275383721472472E-03
 -9.375245563895757E-03 -9.394080770290251E-03 -9.411635094580604E-03
 -9.473596904675760E-03 -9.484858771602059E-03 -9.495003711100305E-03
 -9.524309814069718E-03 -9.529128218892600E-03 -9.533000020234113E-03
 -9.534949429401007E-03 -9.534445603478704E-03 -9.533159875643356E-03
 -9.512775608829644E-03 -9.507997510338295E-03 -9.502588575047976E-03
 -9.464407491539721E-03 -9.456290459690110E-03 -9.447675469817614E-03
 -9.395638292870198E-03 -9.384986626533368E-03 -9.373949863049841E-03
 -9.311367298962392E-03 -9.298851169234837E-03 -9.286042941284042E-03
 -9.215618086250356E-03 -9.201780137505666E-03 -9.187724746688927E-03
 -9.111616470450905E-03 -9.096883627204906E-03 -9.081991966807290E-03
 -9.001901192396156E-03 -8.986599381759764E-03 -8.971183862776242E-03
 -8.888436148418380E-03 -8.872807681515368E-03 -8.857099297192961E-03
 -8.772697189150603E-03 -8.756920511092815E-03 -8.741088096714105E-03
 -8.655731037146929E-03 -8.639939723663476E-03 -8.624108853737352E-03
 -8.538220829400197E-03 -8.522515547596653E-03 -8.506781106376373E-03
 -8.420607626636652E-03 -8.405056188770372E-03 -8.389483263780015E-03
 -8.303274124526243E-03 -8.287903394314221E-03 -8.272519005438468E-03
 -8.186705430908157E-03 -8.171499977122399E-03 -8.156289514240241E-03
 -8.071478170233928E-03 -8.056402984899977E-03 -8.041329244883133E-03
 -7.957987192221308E-03 -7.943037165441145E-03 -7.928087211968419E-03
 -7.846011783526377E-03 -7.831264700723003E-03 -7.816504221678316E-03
 -7.734425144252580E-03 -7.720058275992476E-03 -7.705654086560639E-03
 -7.621368224928861E-03 -7.607611133666794E-03 -7.593791236701460E-03
 -7.504952577123513E-03 -7.491989437220464E-03 -7.478948624780264E-03
 -7.384167613692740E-03 -7.372043293069504E-03 -7.359845213788067E-03
 -7.259446826194485E-03 -7.248037438103819E-03 -7.236575661539329E-03
 -7.132510485820432E-03 -7.121580370981629E-03 -7.110626527342304E-03
 -7.005566090049194E-03 -6.994875912027181E-03 -6.984185423345920E-03
 -6.880367597671787E-03 -6.869766453717890E-03 -6.859175778297795E-03
 -6.757686734053584E-03 -6.747138702551002E-03 -6.736600175757011E-03
 -6.637411476630861E-03 -6.626956976471339E-03 -6.616505733118450E-03
 -6.519049168296278E-03 -6.508742550556523E-03 -6.498434132575050E-03
 -6.402213580383041E-03 -6.392081652036977E-03 -6.381946725503314E-03
 -6.286815504194966E-03 -6.276853221015643E-03 -6.266889492342447E-03
 -6.172968716911005E-03 -6.163157754379045E-03 -6.153347277514902E-03
 -6.060806510194645E-03 -6.051133248531419E-03 -6.041461377295000E-03
 -5.950377589138058E-03 -5.940838460560443E-03 -5.931300627263782E-03
 -5.841653170705212E-03 -5.832250302582673E-03 -5.822848301349389E-03
 -5.734581271683089E-03 -5.725316721009846E-03 -5.716052780186099E-03
 -5.629125132510048E-03 -5.619998304021998E-03 -5.610872122707772E-03
 -5.525270141167295E-03 -5.516278119252315E-03 -5.507286963895269E-03
 -5.423013382216324E-03 -5.414152428335474E-03 -5.405292557862027E-03
 -5.322350070407544E-03 -5.313617115327559E-03 -5.304885313706272E-03
 -5.223264362773153E-03 -5.214657679769566E-03 -5.206052068462069E-03
 -5.125729697567422E-03 -5.117248267379932E-03 -5.108767815628493E-03
 -5.029718464170068E-03 -5.021360646161823E-03 -5.013003838165100E-03
 -4.935211316196989E-03 -4.926974315062000E-03 -4.918738452933868E-03
 -4.842195535582863E-03 -4.834076309690577E-03 -4.825958295787290E-03
 -4.750654663837647E-03 -4.742651112480448E-03 -4.734648712373890E-03
 -4.660562910206697E-03 -4.652673793704778E-03 -4.644785733973676E-03
 -4.571891687390417E-03 -4.564115420175506E-03 -4.556340221499858E-03
 -4.484619369808619E-03 -4.476953345001966E-03 -4.469288496172878E-03
 -4.398731084341700E-03 -4.391172442941233E-03 -4.383615037494720E-03
 -4.314209112011576E-03 -4.306755876011100E-03 -4.299303812706025E-03
 -4.231027339364510E-03 -4.223678344243777E-03 -4.216330430607093E-03
 -4.149157382304180E-03 -4.141911127199097E-03 -4.134665966210334E-03
 -4.068577751176484E-03 -4.061431778300806E-03 -4.054287001549166E-03
 -3.989273378834825E-03 -3.982225031616280E-03 -3.975177934073762E-03
 -3.911226402854969E-03 -3.904273887700866E-03 -3.897322559405901E-03
 -3.834411170893228E-03 -3.827553447823704E-03 -3.820696827215130E-03
 -3.758800325146196E-03 -3.752036002245778E-03 -3.745272799124503E-03
 -3.684373347181324E-03 -3.677700128103289E-03 -3.671028128646392E-03
 -3.611115720254444E-03 -3.604531156809306E-03 -3.597947863132226E-03
 -3.539010087366249E-03 -3.532512569786688E-03 -3.526016262141346E-03
 -3.468031807888274E-03 -3.461620420632840E-03 -3.455210166799452E-03
 -3.398154967833479E-03 -3.391828434787037E-03 -3.385503056852918E-03
 -3.329360346391138E-03 -3.323116539181217E-03 -3.316873984723452E-03
 -3.261634342609721E-03 -3.255471014807947E-03 -3.249308987816578E-03
 -3.194960554878198E-03 -3.188876261688291E-03 -3.182793214091225E-03
 -3.129315736274538E-03 -3.123309670797337E-03 -3.117304782534025E-03
 -3.064675524342889E-03 -3.058746523099674E-03 -3.052818723993475E-03
 -3.001021825239074E-03 -2.995167929120556E-03 -2.989315329639618E-03
 -2.938341770902179E-03 -2.932560927441530E-03 -2.926781426761440E-03
 -2.876620065114935E-03 -2.870910976585483E-03 -2.865203180687609E-03
 -2.815835497708703E-03 -2.810197448205628E-03 -2.804560630708898E-03
 -2.755966215319005E-03 -2.750398142361247E-03 -2.744831328688234E-03
 -2.696995999366329E-03 -2.691496102567499E-03 -2.685997556187016E-03
 -2.638912544817085E-03 -2.633478951925819E-03 -2.628046754195854E-03
 -2.581700074438685E-03 -2.576331623577937E-03 -2.570964522785382E-03
 -2.525336677417096E-03 -2.520032741805034E-03 -2.514730102163545E-03
 -2.469800446773367E-03 -2.464560065531250E-03 -2.459321008615917E-03
 -2.415076574055751E-03 -2.409898091338133E-03 -2.404721021000601E-03
 -2.361156237974216E-03 -2.356037927263282E-03 -2.350921073930656E-03
 -2.308028912746681E-03 -2.302969713143256E-03 -2.297911931926556E-03
 -2.255677927834845E-03 -2.250677291277354E-03 -2.245678023521944E-03
 -2.204084043603148E-03 -2.199141104538960E-03 -2.194199556180196E-03
 -2.153230941254005E-03 -2.148344144217652E-03 -2.143458812915744E-03
 -2.103106042962848E-03 -2.098274046297217E-03 -2.093443556669557E-03
  1.270208812469458E+00  8.282940818723513E-01  3.860753343836978E-01
 -3.301944722969575E+00 -3.784518611363660E+00 -4.267015174765986E+00
 -5.936686064887949E+00 -6.438841493505260E+00 -6.940709834169568E+00
 -5.936686064887949E+00 -6.438841493505260E+00 -6.940709834169568E+00
 -3.301944722969575E+00 -3.784518611363660E+00 -4.267015174765986E+00
  1.270208812469458E+00  8.282940818723513E-01  3.860753343836978E-01
  6.614428162410091E+00  6.233679585038807E+00  5.852174780174167E+00
  1.147033978427934E+01  1.116553277790096E+01  1.085960649135327E+01
  1.486033501090494E+01  1.463610513846455E+01  1.441062814045655E+01
  1.632902744324095E+01  1.617908922068963E+01  1.602803672788748E+01
  1.595803026979108E+01  1.586770578247398E+01  1.577654619979650E+01
  1.419398618126849E+01  1.414473334845899E+01  1.409493929816480E+01
  1.163333326644045E+01  1.160830324552000E+01  1.158300419180263E+01
  8.866163621380071E+00  8.854481771299154E+00  8.842793718711055E+00
  6.367214477533765E+00  6.364290694549227E+00  6.361577085927260E+00
  4.411217701333833E+00  4.415572060096222E+00  4.420235661755529E+00
  3.049569515825499E+00  3.059598639156420E+00  3.069900624807052E+00
  2.174871409762192E+00  2.187964072484787E+00  2.201214373622009E+00
  1.628141642089706E+00  1.641597764506494E+00  1.655092500452779E+00
  1.277136729448560E+00  1.289125351562718E+00  1.301071002358071E+00
  1.038534627944044E+00  1.048255187729247E+00  1.057892267913083E+00
  8.659610366304793E-01  8.733011580040764E-01  8.805462153771013E-01
  7.334759469588724E-01  7.386583372189762E-01  7.437508335315696E-01
  6.260633681853315E-01  6.294463925110055E-01  6.327529165139572E-01
  5.353393294764308E-01  5.373166103144439E-01  5.392332999059044E-01
  4.570219940940753E-01  4.579616195754783E-01  4.588556073800418E-01
  3.890102023980120E-01  3.892201663344310E-01  3.893969492330323E-01
  3.301041445014822E-01  3.298225827429187E-01  3.295175791252088E-01
  2.793675777983581E-01  2.787695291468775E-01  2.781554475718152E-01
  2.359104385566982E-01  2.351207398662982E-01  2.343205992902433E-01
  1.988568647811729E-01  1.979627909540034E-01  1.970624849918176E-01
  1.673658198862113E-01  1.664272924524816E-01  1.654856867203015E-01
  1.406556241888046E-01  1.397128932276794E-01  1.387694187845896E-01
  1.180203361725308E-01  1.170996236196003E-01  1.161798616080875E-01
  9.883697476098291E-02  9.795459162886302E-02  9.707435312387075E-02
  8.256551859665119E-02  8.173086463188468E-02  8.089916448791773E-02
  6.874418855415013E-02  6.796193226884673E-02  6.718314841234979E-02
  5.698215160028004E-02  5.625380183215646E-02  5.552922830654006E-02
  4.695114392670606E-02  4.627616586628228E-02  4.560511212381717E-02
  3.837695712338783E-02  3.775354892266682E-02  3.713410196774840E-02
  3.103134888764345E-02  3.045696986512966E-02  2.988651071833634E-02
  2.472468960597204E-02  2.419641132522075E-02  2.367195713138505E-02
  1.929948880265094E-02  1.881422337740811E-02  1.833264917200864E-02
  1.462483285113905E-02  1.417947830445711E-02  1.373765772787541E-02
  1.059169299705340E-02  1.018322361886730E-02  9.778115973889100E-03
  7.109021071645225E-03  6.734541633860982E-03  6.363243701612423E-03
  4.100531444065878E-03  3.757307671070352E-03  3.417082380520272E-03
  1.502064860261462E-03  1.187538253948448E-03  8.758281226986135E-04
 -7.405632325558366E-04 -1.028770841236700E-03 -1.314340224852695E-03
 -2.673315455438499E-03 -2.937403966432867E-03 -3.199026819791328E-03
 -4.335358813183027E-03 -4.577355978165102E-03 -4.817053055408578E-03
 -5.760224663437287E-03 -5.981994490000119E-03 -6.201621932366288E-03
 -6.976751778357595E-03 -7.180004009703667E-03 -7.381263146167684E-03
 -8.009853074396802E-03 -8.196152962177362E-03 -8.380600311576602E-03
 -8.881139302929806E-03 -9.051917199192237E-03 -9.220974226058111E-03
 -9.609426984288313E-03 -9.765987488959526E-03 -9.920949868395553E-03
 -1.021115286853198E-02 -1.035468340249674E-02 -1.049672967695352E-02
 -1.070071303377185E-02 -1.083229178632831E-02 -1.096249137158528E-02
 -1.109074126325749E-02 -1.121134450627095E-02 -1.133066504477967E-02
 -1.139233848404075E-02 -1.150284726843065E-02 -1.161216135002784E-02
 -1.161526272493230E-02 -1.171646898823539E-02 -1.181656027051729E-02
 -1.176808718612250E-02 -1.186069930890598E-02 -1.195226807818711E-02
 -1.185833253873093E-02 -1.194298039608867E-02 -1.202664861821369E-02
 -1.189257842879145E-02 -1.196981799356320E-02 -1.204613391432047E-02
 -1.187655829506340E-02 -1.194687586310926E-02 -1.201631823200349E-02
 -1.181524097878272E-02 -1.187905710490789E-02 -1.194203911469658E-02
 -1.171290216926323E-02 -1.177057542549714E-02 -1.182744848357401E-02
 -1.157318845759060E-02 -1.162501915351288E-02 -1.167607662967182E-02
 -1.139917662893966E-02 -1.144541066553414E-02 -1.149089179285723E-02
 -1.119343077807171E-02 -1.123426384042425E-02 -1.127435798002578E-02
 -1.095805984417774E-02 -1.099364217105146E-02 -1.102849368382080E-02
 -1.069477818333384E-02 -1.072522017852814E-02 -1.075493417300476E-02
 -1.040497177228513E-02 -1.043035073721017E-02 -1.045499997535459E-02
 -1.008977249330041E-02 -1.011014075342633E-02 -1.012977398627908E-02
 -9.750142600599785E-03 -9.765537259777760E-03 -9.780189221812556E-03
 -9.386970816806575E-03 -9.397425290957440E-03 -9.407128493467179E-03
 -9.001180459637889E-03 -9.006737804247411E-03 -9.011536123763583E-03
 -8.593848487120288E-03 -8.594576335170676E-03 -8.594540187336084E-03
 -8.166332371072260E-03 -8.162339042896974E-03 -8.157581670201400E-03
 -7.720399367531638E-03 -7.711850419987342E-03 -7.702544523742206E-03
 -7.258350300526883E-03 -7.245484486966724E-03 -7.231878139333201E-03
 -6.783127821465880E-03 -6.766271191711248E-03 -6.748701729946629E-03
 -6.298397781581009E-03 -6.277974529113241E-03 -6.256879029088682E-03
 -5.808592415067481E-03 -5.785131140835232E-03 -5.761052152953927E-03
 -5.318905906555177E-03 -5.293040256842027E-03 -5.266625803159379E-03
 -4.835236747629711E-03 -4.807699898280244E-03 -4.779697270116654E-03
 -4.364076794367371E-03 -4.335689943485126E-03 -4.306933545978340E-03
 -3.912353392219316E-03 -3.884009184819995E-03 -3.855403439214840E-03
 -3.487237251285366E-03 -3.459879753015194E-03 -3.432378746328567E-03
 -3.095933703253023E-03 -3.070537018210272E-03 -3.045123034897182E-03
 -2.745477438608079E-03 -2.723025201396866E-03 -2.700688358522720E-03
 -2.442550043168751E-03 -2.424017722353002E-03 -2.405738577823276E-03
 -2.193335315918991E-03 -2.179676508172874E-03 -2.166412688812385E-03
 -2.003419578854041E-03 -1.995556258298178E-03 -1.988232874752161E-03
 -1.877733470900164E-03 -1.876548547521676E-03 -1.876050498343532E-03
 -1.820518975786516E-03 -1.826847669159338E-03 -1.834010068816635E-03
 -1.835292377119374E-03 -1.849907168691329E-03 -1.865498444067591E-03
 -1.924763497798777E-03 -1.948346390683570E-03 -1.973037726948896E-03
 -2.090668579622416E-03 -2.123764906494816E-03 -2.158080547422141E-03
 -2.333483935115632E-03 -2.376434839484672E-03 -2.420681051308378E-03
 -2.652014091165728E-03 -2.704870411308911E-03 -2.759046927618474E-03
 -3.042890855686376E-03 -3.105318795956823E-03 -3.169024412820675E-03
 -3.500070368023274E-03 -3.571267099282818E-03 -3.643618641447072E-03
 -4.014457967039827E-03 -4.093100249123576E-03 -4.172688387445988E-03
 -4.573806482182021E-03 -4.658054683705433E-03 -4.742958302993238E-03
 -5.163007603211340E-03 -5.250579648467412E-03 -5.338451506624493E-03
 -5.764826211076658E-03 -5.853142016392519E-03 -5.941363731618200E-03
 -6.361028617811597E-03 -6.447409069193482E-03 -6.533296944552824E-03
 -6.933755924003693E-03 -7.015646447357016E-03 -7.096676433730342E-03
 -7.466925247629496E-03 -7.542107140084423E-03 -7.616121725561190E-03
 -7.947427524499853E-03 -8.014182742936853E-03 -8.079546565068823E-03
 -8.365935608120505E-03 -8.423141709159143E-03 -8.478824773458000E-03
 -8.717225087373394E-03 -8.764372775501789E-03 -8.809956295780885E-03
 -9.000013873382538E-03 -9.037155242768744E-03 -9.072770366138735E-03
 -9.216414873772937E-03 -9.244061724779715E-03 -9.270281806206341E-03
 -9.371148075813641E-03 -9.390144496885048E-03 -9.407855365867730E-03
 -9.470668180839643E-03 -9.482060141587787E-03 -9.492330524087387E-03
 -9.522339286965232E-03 -9.527258295160834E-03 -9.531226403805668E-03
 -9.533744198889445E-03 -9.533314802709133E-03 -9.532099762779585E-03
 -9.512168465117651E-03 -9.507442784083145E-03 -9.502083164300186E-03
 -9.464259957193960E-03 -9.456177685115554E-03 -9.447594994644506E-03
 -9.395840087443350E-03 -9.385209627646312E-03 -9.374192199194394E-03
 -9.311833570933119E-03 -9.299328691049526E-03 -9.286530348083815E-03
 -9.216285517168230E-03 -9.202451837459508E-03 -9.188399764452595E-03
 -9.112439058644303E-03 -9.097705847206176E-03 -9.082813189836234E-03
 -9.002846244091093E-03 -8.987541189920937E-03 -8.972122039260002E-03
 -8.889480774296880E-03 -8.873847451755465E-03 -8.858133995474068E-03
 -8.773825429634364E-03 -8.758043143490686E-03 -8.742205021500573E-03
 -8.656931617081363E-03 -8.641134493417644E-03 -8.625297788375206E-03
 -8.539485472135172E-03 -8.523774504333198E-03 -8.508034395638853E-03
 -8.421929837861497E-03 -8.406373010482013E-03 -8.390794736169918E-03
 -8.304648372991476E-03 -8.289272619263637E-03 -8.273883254802715E-03
 -8.188126673207029E-03 -8.172916561673696E-03 -8.157701489174761E-03
 -8.072941655415316E-03 -8.057862130022273E-03 -8.042784095118971E-03
 -7.959488434645133E-03 -7.944534310532858E-03 -7.929580300628212E-03
 -7.847546551205519E-03 -7.832795538252285E-03 -7.818031163951612E-03
 -7.735989336122384E-03 -7.721618656307872E-03 -7.707210681267626E-03
 -7.622957623967063E-03 -7.609196833859997E-03 -7.595373252113633E-03
 -7.506562606725047E-03 -7.493595909879426E-03 -7.480551542046679E-03
 -7.385793283642268E-03 -7.373665583108786E-03 -7.361464116074893E-03
 -7.261082967091720E-03 -7.249670384039479E-03 -7.238205401273143E-03
 -7.134152186138718E-03 -7.123219026754656E-03 -7.112262129945131E-03
 -7.007209107232217E-03 -6.996515970577166E-03 -6.985822520382475E-03
 -6.882008528968857E-03 -6.871404448022044E-03 -6.860810837788240E-03
 -6.759322894903193E-03 -6.748771910482949E-03 -6.738230434985073E-03
 -6.639040616142448E-03 -6.628583143011752E-03 -6.618128930070323E-03
 -6.520669217538817E-03 -6.510359623525338E-03 -6.500048230734794E-03
 -6.403822551793783E-03 -6.393687662938302E-03 -6.383549776068109E-03
 -6.288411526091607E-03 -6.278446308436116E-03 -6.268479645338767E-03
 -6.174550108161834E-03 -6.164736238665603E-03 -6.154922855476724E-03
 -6.062371815833642E-03 -6.052695673228625E-03 -6.043020922290590E-03
 -5.951925562280982E-03 -5.942383578959942E-03 -5.932842892434634E-03
 -5.843182731371428E-03 -5.833777037322822E-03 -5.824372211687336E-03
 -5.736091473598082E-03 -5.726824129365400E-03 -5.717557396428254E-03
 -5.630615146625410E-03 -5.621485559958577E-03 -5.612356621866856E-03
 -5.526739249214164E-03 -5.517744506423075E-03 -5.508750631610090E-03
 -5.424460972363717E-03 -5.415597335847431E-03 -5.406734784221854E-03
 -5.323775631079788E-03 -5.315040032023129E-03 -5.306305587951140E-03
 -5.224667472953348E-03 -5.216058185094177E-03 -5.207449970430145E-03
 -5.127110014379908E-03 -5.118626019239366E-03 -5.110143003944387E-03
 -5.031075711720086E-03 -5.022715369458779E-03 -5.014356038534261E-03
 -4.936545279494271E-03 -4.928305795090601E-03 -4.920067450990040E-03
 -4.843506058450383E-03 -4.835384389965893E-03 -4.827263934761744E-03
 -4.751941645437030E-03 -4.743935691776289E-03 -4.735930890613965E-03
 -4.661826297286310E-03 -4.653934818760079E-03 -4.646044398153869E-03
 -4.573131465782893E-03 -4.565352877009284E-03 -4.557575357827543E-03
 -4.485835560282043E-03 -4.478167254203029E-03 -4.470500125114416E-03
 -4.399923742547909E-03 -4.392362859487678E-03 -4.384803213385626E-03
 -4.315378327128913E-03 -4.307922888385680E-03 -4.300468623300792E-03
 -4.232173228449451E-03 -4.224822069230872E-03 -4.217471992366544E-03
 -4.150280083711923E-03 -4.143031703094802E-03 -4.135784417380861E-03
 -4.069677422110896E-03 -4.062529361924802E-03 -4.055382498621344E-03
 -3.990350196635356E-03 -3.983299799477602E-03 -3.976250652758265E-03
 -3.912280564773331E-03 -3.905326036252179E-03 -3.898372695319968E-03
 -3.835442889553174E-03 -3.828583189323152E-03 -3.821724592205537E-03
 -3.759809823189744E-03 -3.753043559189779E-03 -3.746278415550373E-03
 -3.685360855919203E-03 -3.678685731342207E-03 -3.672011826956064E-03
 -3.612081481791921E-03 -3.605495047573880E-03 -3.598909883708046E-03
 -3.539954355008927E-03 -3.533455000562148E-03 -3.526956856614098E-03
 -3.468954842321111E-03 -3.462541651725212E-03 -3.456129595048303E-03
 -3.399057032561769E-03 -3.392728729534970E-03 -3.386401582062789E-03
 -3.330241707144823E-03 -3.323996162839309E-03 -3.317751871726313E-03
 -3.262495269899161E-03 -3.256330237023184E-03 -3.250166505420999E-03
 -3.195801324806614E-03 -3.189715357765773E-03 -3.183630636770866E-03
 -3.130136627210220E-03 -3.124128918740112E-03 -3.118122387879925E-03
 -3.065476812936386E-03 -3.059546199392700E-03 -3.053616788338662E-03
 -3.001803786190871E-03 -2.995948308010575E-03 -2.990094126825545E-03
 -2.939104679798626E-03 -2.933322283688956E-03 -2.927541230748571E-03
 -2.877364199495061E-03 -2.871653586977452E-03 -2.865944267475302E-03
 -2.816561134213612E-03 -2.810921589049865E-03 -2.805283276227456E-03
 -2.756673626174813E-03 -2.751104085744329E-03 -2.745535804895546E-03
 -2.697685452375873E-03 -2.692184115867300E-03 -2.686684130087188E-03
 -2.639584306103849E-03 -2.634149300493222E-03 -2.628715690386846E-03
 -2.582354409462037E-03 -2.576984572167300E-03 -2.571616085285370E-03
 -2.525973848292505E-03 -2.520668552237537E-03 -2.515364552456274E-03
 -2.470420709200609E-03 -2.465178993402174E-03 -2.459938602199359E-03
 -2.415680177803011E-03 -2.410500386040110E-03 -2.405322006940218E-03
 -2.361743430104897E-03 -2.356623835135989E-03 -2.351505697867672E-03
 -2.308599939022749E-03 -2.303539479292310E-03 -2.298480438275865E-03
 -2.256233030238223E-03 -2.251231157418301E-03 -2.246230653690589E-03
 -2.204623457146167E-03 -2.199679305589720E-03 -2.194736544998233E-03
 -2.153754893106430E-03 -2.148866907005801E-03 -2.143980386916023E-03
 -2.103614751141198E-03 -2.098781588318860E-03 -2.093949932833852E-03
  1.381245721196066E+00  9.378615177413532E-01  4.942957349297011E-01
 -3.254797844655493E+00 -3.739457025608907E+00 -4.223975155940516E+00
 -5.925967123119309E+00 -6.430551609510440E+00 -6.934830400639892E+00
 -5.925967123119309E+00 -6.430551609510440E+00 -6.934830400639892E+00
 -3.254797844655493E+00 -3.739457025608907E+00 -4.223975155940516E+00
  1.381245721196066E+00  9.378615177413532E-01  4.942957349297011E-01
  6.801097898071059E+00  6.419639171078878E+00  6.037576949947169E+00
  1.172525920601552E+01  1.142041623450802E+01  1.111458397312523E+01
  1.515807416485365E+01  1.493411602365526E+01  1.470897731709034E+01
  1.663395171830541E+01  1.648416175710532E+01  1.633326240482965E+01
  1.623743212510529E+01  1.614697288223980E+01  1.605565670107999E+01
  1.442789925967993E+01  1.437836907541413E+01  1.432827988586974E+01
  1.181523553979804E+01  1.178996795737154E+01  1.176442510505865E+01
  8.998545285470419E+00  8.986729857221368E+00  8.974908696518380E+00
  6.457739181225729E+00  6.454781445255325E+00  6.452037457776162E+00
  4.470207283558487E+00  4.474624056737545E+00  4.479355238742971E+00
  3.087473750233018E+00  3.097649807352427E+00  3.108103331500438E+00
  2.200014507590356E+00  2.213298189785644E+00  2.226741689940637E+00
  1.645857496292780E+00  1.659498742525986E+00  1.673178312980722E+00
  1.290319247544261E+00  1.302455727788100E+00  1.314547678925092E+00
  1.048664693696305E+00  1.058489056856756E+00  1.068228239603957E+00
  8.738630612717011E-01  8.812700287722038E-01  8.885806111925402E-01
  7.396790691204519E-01  7.449017018020709E-01  7.500335833180074E-01
  6.309406971150088E-01  6.343463391939339E-01  6.376749952375902E-01
  5.391688540589487E-01  5.411578075621498E-01  5.430859250633215E-01
  4.600205335619740E-01  4.609654309706915E-01  4.618645732927276E-01
  3.913518570243965E-01  3.915635139769555E-01  3.917419248901211E-01
  3.319294079255211E-01  3.316475802312162E-01  3.313422625210433E-01
  2.807887601222446E-01  2.801893953526454E-01  2.795739571461882E-01
  2.370163606949345E-01  2.362248345788050E-01  2.354228354111954E-01
  1.997173639490443E-01  1.988212990245870E-01  1.979189825695601E-01
  1.680357343597713E-01  1.670952810383141E-01  1.661517412562673E-01
  1.411780079628782E-01  1.402335535577854E-01  1.392883556852355E-01
  1.184289240804406E-01  1.175067535989134E-01  1.165855380679006E-01
  9.915806674006235E-02  9.827449989801218E-02  9.739308343655981E-02
  8.281946483171343E-02  8.198387692562718E-02  8.115124819599222E-02
  6.894660355627476E-02  6.816362382918466E-02  6.738412091170101E-02
  5.714492486757496E-02  5.641602069605515E-02  5.569089629642643E-02
  4.708327660074813E-02  4.640787620181890E-02  4.573640316800146E-02
  3.848524023224578E-02  3.786151149602046E-02  3.724174690040961E-02
  3.112089925159645E-02  3.054627767599905E-02  2.997557890537860E-02
  2.479936384772024E-02  2.427090242968710E-02  2.374626811977884E-02
  1.936219833429026E-02  1.887679467230824E-02  1.839508532914886E-02
  1.467778177597619E-02  1.423232253331602E-02  1.379040040345870E-02
  1.063655752872830E-02  1.022800818829219E-02  9.822823740847584E-03
  7.147084914774724E-03  6.772543559169255E-03  6.401186871915754E-03
  4.132787802399291E-03  3.789515211086296E-03  3.449244260470732E-03
  1.529292875112271E-03  1.214726992190431E-03  9.029807290994597E-04
 -7.177417608793037E-04 -1.005981614336082E-03 -1.291580126096119E-03
 -2.654394504480963E-03 -2.918509991183072E-03 -3.180156752549834E-03
 -4.319918092920581E-03 -4.561938226053688E-03 -4.801655277614458E-03
 -5.747908177818031E-03 -5.969697911981045E-03 -6.189342368461235E-03
 -6.967252707932071E-03 -7.170522553013496E-03 -7.371796536117452E-03
 -8.002903231119586E-03 -8.189219118347128E-03 -8.373679851043611E-03
 -8.876501852301877E-03 -9.047294790000847E-03 -9.216364415833376E-03
 -9.606891478387924E-03 -9.763466742826545E-03 -9.918441634223197E-03
 -1.021053189524131E-02 -1.035407763263119E-02 -1.049613707678378E-02
 -1.070183997886666E-02 -1.083343517106011E-02 -1.096364939429422E-02
 -1.109346882073645E-02 -1.121409060936822E-02 -1.133342814056807E-02
 -1.139653765102640E-02 -1.150706803745193E-02 -1.161640243224800E-02
 -1.162082209108484E-02 -1.172205404210679E-02 -1.182217000136834E-02
 -1.177491238040972E-02 -1.186755537832499E-02 -1.195915430262893E-02
 -1.186634573324182E-02 -1.195103081681381E-02 -1.203473584648514E-02
 -1.190171782324503E-02 -1.197900217604642E-02 -1.205536277631348E-02
 -1.188677751928582E-02 -1.195714867522352E-02 -1.202664483966037E-02
 -1.182650835662476E-02 -1.189038811031481E-02 -1.195343427405504E-02
 -1.172519978775452E-02 -1.178294792032797E-02 -1.183989669796466E-02
 -1.158651098196498E-02 -1.163842894072833E-02 -1.168957483217572E-02
 -1.141352979929896E-02 -1.145986450152579E-02 -1.150544774140864E-02
 -1.120882951920609E-02 -1.124977748446787E-02 -1.128998824486968E-02
 -1.097452591849750E-02 -1.101023796715014E-02 -1.104522115658813E-02
 -1.071233732146624E-02 -1.074292410478998E-02 -1.077278503322633E-02
 -1.042365022931029E-02 -1.044918887263047E-02 -1.047400006641406E-02
 -1.010959300514022E-02 -1.013013514039448E-02 -1.014994458319071E-02
 -9.771119757725738E-03 -9.786701185553902E-03 -9.801542220463833E-03
 -9.409105934239432E-03 -9.419758075779312E-03 -9.429661118052169E-03
 -9.024456102968740E-03 -9.030219267042011E-03 -9.035225334958435E-03
 -8.618222910815541E-03 -8.619161206284115E-03 -8.619337074015587E-03
 -8.191734227831468E-03 -8.187951696230282E-03 -8.183406210753608E-03
 -7.746723140512471E-03 -7.738380388352415E-03 -7.729281192514810E-03
 -7.285452972845249E-03 -7.272783282562602E-03 -7.259372886986510E-03
 -6.810827305902076E-03 -6.794150954821930E-03 -6.776760860010269E-03
 -6.326473568591569E-03 -6.306208953769326E-03 -6.285270408869915E-03
 -5.836788749479479E-03 -5.813458968204994E-03 -5.789509028726720E-03
 -5.346937579341228E-03 -5.321171394215579E-03 -5.294853247881016E-03
 -4.862797313977442E-03 -4.835323940969925E-03 -4.807381006598916E-03
 -4.390848743550981E-03 -4.362486591084040E-03 -4.333750602936220E-03
 -3.938019547041948E-03 -3.909659801166306E-03 -3.881033861945646E-03
 -3.511492510580512E-03 -3.484079165748221E-03 -3.456517441657485E-03
 -3.118496192275323E-03 -3.093004619324742E-03 -3.067490810110964E-03
 -2.766098210327947E-03 -2.743514503374041E-03 -2.721041322261116E-03
 -2.461020667447149E-03 -2.442323732022131E-03 -2.423875291870404E-03
 -2.209492975546772E-03 -2.195640572678141E-03 -2.182178761851397E-03
 -2.017149622440048E-03 -2.009068374381298E-03 -2.001523031220340E-03
 -1.888969710569292E-03 -1.887547463871820E-03 -1.886808493909286E-03
 -1.829242317934059E-03 -1.835319405866039E-03 -1.842227111114205E-03
 -1.841528587367606E-03 -1.855882776148223E-03 -1.871210959534329E-03
 -1.928580968761727E-03 -1.951899812942563E-03 -1.976325330622666E-03
 -2.092176833354075E-03 -2.125011643169903E-03 -2.159064866336174E-03
 -2.332833215643765E-03 -2.375531686835963E-03 -2.419525601855670E-03
 -2.649395810952511E-03 -2.702015944525138E-03 -2.755957604449411E-03
 -3.038537971621547E-03 -3.100753565680716E-03 -3.164249462473084E-03
 -3.494256189519516E-03 -3.565271980307079E-03 -3.637446503201475E-03
 -4.007491692518805E-03 -4.085991248924997E-03 -4.165441734860054E-03
 -4.566024112147982E-03 -4.650172966101921E-03 -4.734983163703452E-03
 -5.154757810797568E-03 -5.242276542583048E-03 -5.330101430088977E-03
 -5.756452061773226E-03 -5.844760125244017E-03 -5.932980342053458E-03
 -6.352847329975059E-03 -6.439261855491661E-03 -6.525189431460852E-03
 -6.926039709446088E-03 -7.007999420445144E-03 -7.089103168984117E-03
 -7.459886350063548E-03 -7.535163712319796E-03 -7.609277004421723E-03
 -7.941209824750458E-03 -8.008076954176426E-03 -8.073554483537644E-03
 -8.360613817023873E-03 -8.417938603289933E-03 -8.473740783424588E-03
 -8.712811020936132E-03 -8.760075692134365E-03 -8.805775475493166E-03
 -8.996468044832982E-03 -9.033718095786066E-03 -9.069440328497085E-03
 -9.213660950155722E-03 -9.241403753209374E-03 -9.267717684313672E-03
 -9.369087715165810E-03 -9.388165038694515E-03 -9.405954474244631E-03
 -9.469194260183819E-03 -9.480651540567046E-03 -9.490984912842740E-03
 -9.521346302159601E-03 -9.526315845421206E-03 -9.530332334704746E-03
 -9.533135404723388E-03 -9.532743410329952E-03 -9.531563894229779E-03
 -9.511859943930534E-03 -9.507160612215465E-03 -9.501825784018821E-03
 -9.464182178364719E-03 -9.456117385193032E-03 -9.447550937513809E-03
 -9.395937661179523E-03 -9.385317869197737E-03 -9.374310167954739E-03
 -9.312063872589864E-03 -9.299564655442412E-03 -9.286771289050979E-03
 -9.216616738611990E-03 -9.202785211813731E-03 -9.188734813401008E-03
 -9.112848094194565E-03 -9.098114703901749E-03 -9.083221551453701E-03
 -9.003316677802952E-03 -8.988009998961613E-03 -8.972589028410909E-03
 -8.890001119566152E-03 -8.874365361892645E-03 -8.858649361681443E-03
 -8.774387683889644E-03 -8.758602584598147E-03 -8.742761599419575E-03
 -8.657530132546205E-03 -8.641730094587291E-03 -8.625890462737424E-03
 -8.540116107753621E-03 -8.524402288638412E-03 -8.508659337985988E-03
 -8.422589347531661E-03 -8.407029818459453E-03 -8.391448862712595E-03
 -8.305333993452143E-03 -8.289955722551879E-03 -8.274563865073298E-03
 -8.188835884895575E-03 -8.173623440534726E-03 -8.158406059460607E-03
 -8.073672083967151E-03 -8.058590385875747E-03 -8.043510201027977E-03
 -7.960237837006055E-03 -7.945281662616479E-03 -7.930325623027220E-03
 -7.848312809784493E-03 -7.833559830969986E-03 -7.818793508370317E-03
 -7.736770397649398E-03 -7.722397811875809E-03 -7.707987943939724E-03
 -7.623751376263647E-03 -7.609988736967382E-03 -7.596163313132574E-03
 -7.507366757131733E-03 -7.494398282317886E-03 -7.481352137343030E-03
 -7.386605332207409E-03 -7.374475942383570E-03 -7.362272782171274E-03
 -7.261900323952075E-03 -7.250486144168762E-03 -7.239019559073044E-03
 -7.134972390243502E-03 -7.124037709368759E-03 -7.113079286768618E-03
 -7.008030032067825E-03 -6.997335416867818E-03 -6.986640486696126E-03
 -6.882828468120768E-03 -6.872222919409144E-03 -6.861627842504262E-03
 -6.760140501374786E-03 -6.749588041163232E-03 -6.739045091984071E-03
 -6.639854760077389E-03 -6.629395801057462E-03 -6.618940103919043E-03
 -6.521478860396582E-03 -6.511167778767054E-03 -6.500854899095826E-03
 -6.404626696010033E-03 -6.394490327353294E-03 -6.384350960766927E-03
 -6.289209232319455E-03 -6.279242547813510E-03 -6.269274417892019E-03
 -6.175340532611969E-03 -6.165525209964067E-03 -6.155710373943147E-03
 -6.063154228055295E-03 -6.053476645257790E-03 -6.043800454745898E-03
 -5.952699336133635E-03 -5.943155925672814E-03 -5.933613812766731E-03
 -5.843947324390262E-03 -5.834540217569360E-03 -5.825133979923808E-03
 -5.736846410389664E-03 -5.727577669531442E-03 -5.718309540692565E-03
 -5.631360010610060E-03 -5.622229044972953E-03 -5.613098728612036E-03
 -5.527473679375323E-03 -5.518477576234641E-03 -5.509482341784054E-03
 -5.425184661071033E-03 -5.416319683300529E-03 -5.407455791162606E-03
 -5.324488320970816E-03 -5.315751399968201E-03 -5.307015634713537E-03
 -5.225368952077447E-03 -5.216758361814351E-03 -5.208148845496688E-03
 -5.127800109978213E-03 -5.119314832367609E-03 -5.110830535310612E-03
 -5.031754284624884E-03 -5.023392680230426E-03 -5.015032087836964E-03
 -4.937212221100864E-03 -4.928971495044547E-03 -4.920731909939556E-03
 -4.844161289657889E-03 -4.836038399846605E-03 -4.827916723963425E-03
 -4.752585114900725E-03 -4.744577960044719E-03 -4.736571958312509E-03
 -4.662457977535325E-03 -4.654565317944533E-03 -4.646673716850225E-03
 -4.573751348959397E-03 -4.565971599345410E-03 -4.558192919850643E-03
 -4.486443656054225E-03 -4.478774209271074E-03 -4.471105939985548E-03
 -4.400520078069822E-03 -4.392958074104202E-03 -4.385397307599053E-03
 -4.315962946390034E-03 -4.308506406196087E-03 -4.301051040142250E-03
 -4.232746189421534E-03 -4.225393948070960E-03 -4.218042789508921E-03
 -4.150841455058217E-03 -4.143592011596468E-03 -4.136343663431972E-03
 -4.070227281969794E-03 -4.063078178036773E-03 -4.055930271366666E-03
 -3.990888633253355E-03 -3.983837211031499E-03 -3.976787039630347E-03
 -3.912807676379203E-03 -3.905852141077296E-03 -3.898897793729900E-03
 -3.835958782097993E-03 -3.829098093188494E-03 -3.822238507716619E-03
 -3.760314607665219E-03 -3.753547373013531E-03 -3.746781259014814E-03
 -3.685854647674385E-03 -3.679178570246367E-03 -3.672503713292434E-03
 -3.612564401600580E-03 -3.605977031892404E-03 -3.599390932828274E-03
 -3.540426529262992E-03 -3.533926256279385E-03 -3.527427194074962E-03
 -3.469416401126607E-03 -3.463002308757456E-03 -3.456589350555923E-03
 -3.399508107467277E-03 -3.393178919346205E-03 -3.386850887000163E-03
 -3.330682430807864E-03 -3.324436017851656E-03 -3.318190858308521E-03
 -3.262925777399325E-03 -3.256759891882570E-03 -3.250595307872227E-03
 -3.196221754032865E-03 -3.190134949962616E-03 -3.184049392165491E-03
 -3.130547117189868E-03 -3.124538587119194E-03 -3.118531234857965E-03
 -3.065877501855436E-03 -3.059946082060539E-03 -3.054015864931427E-03
 -3.002194811282530E-03 -2.996338541969753E-03 -2.990483569832736E-03
 -2.939486178742333E-03 -2.933703006206408E-03 -2.927921177035297E-03
 -2.877736310954396E-03 -2.872024936342474E-03 -2.866314854938081E-03
 -2.816923996415401E-03 -2.811283703322949E-03 -2.805644642738917E-03
 -2.757027375137216E-03 -2.751457100871123E-03 -2.745888086336725E-03
 -2.698030221930370E-03 -2.692528165472064E-03 -2.687027459896510E-03
 -2.639920229245877E-03 -2.634484517178501E-03 -2.629050200788910E-03
 -2.582681618852396E-03 -2.577311088245394E-03 -2.571941908223786E-03
 -2.526292474950743E-03 -2.520986498581792E-03 -2.515681818636214E-03
 -2.470730880951645E-03 -2.465488497782070E-03 -2.460247439343107E-03
 -2.415982019560448E-03 -2.410801573182176E-03 -2.405622539609885E-03
 -2.362037065459208E-03 -2.356916828269455E-03 -2.351798048941451E-03
 -2.308885490942448E-03 -2.303824401054522E-03 -2.298764730043723E-03
 -2.256510619821627E-03 -2.251508128771055E-03 -2.246507006958665E-03
 -2.204893202208343E-03 -2.199948444302043E-03 -2.195005077489251E-03
 -2.154016908053543E-03 -2.149128327303695E-03 -2.144241212702626E-03
 -2.103869144534793E-03 -2.099035398507778E-03 -2.094203159969870E-03
