  3.444391703679589E+00  3.438210743905664E+00  3.432027062639965E+00

 -3.157124749147986E-04 -3.149818684850724E-04 -3.142515294479710E-04
 -3.232762414103264E-04 -3.225371246857032E-04 -3.217982698372424E-04
 -3.309847776450775E-04 -3.302368872135226E-04 -3.294892479648886E-04
 -3.157658097347548E-04 -3.150350883239038E-04 -3.143046343343004E-04
 -3.233311016141836E-04 -3.225918670098713E-04 -3.218528943090624E-04
 -3.310412074589471E-04 -3.302931959125183E-04 -3.295454355822284E-04
 -3.157924076177166E-04 -3.150616293430148E-04 -3.143311185037212E-04
 -3.233584888956021E-04 -3.226191957481678E-04 -3.218801645168734E-04
 -3.310694082555947E-04 -3.303213363066473E-04 -3.295735155860652E-04
 -3.157924076177166E-04 -3.150616293430148E-04 -3.143311185037212E-04
 -3.233584888956021E-04 -3.226191957481678E-04 -3.218801645168734E-04
 -3.310694082555947E-04 -3.303213363066473E-04 -3.295735155860652E-04
 -3.157658097347548E-04 -3.150350883239038E-04 -3.143046343343004E-04
 -3.233311016141836E-04 -3.225918670098713E-04 -3.218528943090624E-04
 -3.310412074589471E-04 -3.302931959125183E-04 -3.295454355822284E-04
 -3.157124749147986E-04 -3.149818684850724E-04 -3.142515294479710E-04
 -3.232762414103264E-04 -3.225371246857032E-04 -3.217982698372424E-04
 -3.309847776450775E-04 -3.302368872135226E-04 -3.294892479648886E-04
 -3.156323202706793E-04 -3.149018877669629E-04 -3.141717226069158E-04
 -3.231938442281981E-04 -3.224549053621246E-04 -3.217162283220593E-04
 -3.309000860306394E-04 -3.301523777715722E-04 -3.294049206434178E-04
 -3.155253129755210E-04 -3.147951137602402E-04 -3.140651818117258E-04
 -3.230838801415390E-04 -3.223451794794591E-04 -3.216067405687416E-04
 -3.307871131517416E-04 -3.300396483638754E-04 -3.292924346299672E-04
 -3.153914606650339E-04 -3.146615541482630E-04 -3.139319147925320E-04
 -3.229463508566678E-04 -3.222079488338772E-04 -3.214698084629112E-04
 -3.306458565132822E-04 -3.298986966001796E-04 -3.291517876408066E-04
 -3.152307899171035E-04 -3.145012353570992E-04 -3.137719478265416E-04
 -3.227812756708790E-04 -3.220432326412107E-04 -3.213054511368575E-04
 -3.304763263940146E-04 -3.297295327577615E-04 -3.289829899495027E-04
 -3.150433303949790E-04 -3.143141868667440E-04 -3.135853102109252E-04
 -3.225886793392171E-04 -3.218510555204827E-04 -3.211136930766876E-04
 -3.302785400182133E-04 -3.295321740002856E-04 -3.287860586624556E-04
 -3.148291086521560E-04 -3.141004350944982E-04 -3.133720282266915E-04
 -3.223685862348567E-04 -3.216314417289507E-04 -3.208945584245583E-04
 -3.300525175193438E-04 -3.293066403855826E-04 -3.285610137614848E-04
 -3.145881484279511E-04 -3.138600036852184E-04 -3.131321254250835E-04
 -3.221210196025923E-04 -3.213844144256078E-04 -3.206480702529962E-04
 -3.297982804082480E-04 -3.290529533550027E-04 -3.283078766182014E-04
 -3.143204730771096E-04 -3.135929159312666E-04 -3.128656250381467E-04
 -3.218460029573294E-04 -3.211099970584902E-04 -3.203742519445005E-04
 -3.295158516760253E-04 -3.287711358374087E-04 -3.280266701006366E-04
 -3.140261076990808E-04 -3.132991968798176E-04 -3.125725520606462E-04
 -3.215435616080727E-04 -3.208082148788435E-04 -3.200731286939095E-04
 -3.292052564156567E-04 -3.284612128658551E-04 -3.277174191817027E-04
 -3.137050802249201E-04 -3.129788744028346E-04 -3.122529343048574E-04
 -3.212137235997091E-04 -3.204790958719267E-04 -3.197447284254637E-04
 -3.288665224043036E-04 -3.281232121548450E-04 -3.273801515135754E-04
 -3.133574216901424E-04 -3.126319794761620E-04 -3.119068026876918E-04
 -3.208565200546300E-04 -3.201226710969299E-04 -3.193890821357828E-04
 -3.284996804707753E-04 -3.277571644687614E-04 -3.270148977966123E-04
 -3.129831663283460E-04 -3.122585462697444E-04 -3.115341913161421E-04
 -3.204719853393227E-04 -3.197389748518112E-04 -3.190062240554705E-04
 -3.281047647311007E-04 -3.273631038530319E-04 -3.266216920058694E-04
 -3.125823517060753E-04 -3.118586122751939E-04 -3.111351376070674E-04
 -3.200601572362391E-04 -3.193280448420791E-04 -3.185961918131597E-04
 -3.276818127918393E-04 -3.269410678360027E-04 -3.262005715930170E-04
 -3.121550189147987E-04 -3.114322185075046E-04 -3.107096824992649E-04
 -3.196210771457722E-04 -3.188899223879919E-04 -3.181590266493201E-04
 -3.272308659809552E-04 -3.264910976632889E-04 -3.257515777203938E-04
 -3.117012128184589E-04 -3.109794097481183E-04 -3.102578706919282E-04
 -3.191547903262661E-04 -3.184246526615618E-04 -3.176947736498501E-04
 -3.267519695735118E-04 -3.260132385192497E-04 -3.252747554824563E-04
 -3.112209822611159E-04 -3.105002347503554E-04 -3.097797508482987E-04
 -3.186613461175680E-04 -3.179322849076525E-04 -3.172034819645850E-04
 -3.262451730222755E-04 -3.255075397586670E-04 -3.247701541368102E-04
 -3.107143803425217E-04 -3.099947465176769E-04 -3.092753758758273E-04
 -3.181407982163526E-04 -3.174128727202593E-04 -3.166852050865525E-04
 -3.257105302361480E-04 -3.249740551836678E-04 -3.242378273789672E-04
 -3.101814646355607E-04 -3.094630025157691E-04 -3.087448031332795E-04
 -3.175932049150213E-04 -3.168664742802937E-04 -3.161400010846024E-04
 -3.251480998272311E-04 -3.244128432903236E-04 -3.236778335892324E-04
 -3.096222973975799E-04 -3.089050648872131E-04 -3.081880946489779E-04
 -3.170186293240151E-04 -3.162931525777982E-04 -3.155679328286561E-04
 -3.245579453576000E-04 -3.238239675154005E-04 -3.230902360799550E-04
 -3.090369458301971E-04 -3.083210007104409E-04 -3.076053173783023E-04
 -3.164171396324430E-04 -3.156929756735968E-04 -3.149690682519588E-04
 -3.239401356052114E-04 -3.232074965034124E-04 -3.224751033624273E-04
 -3.084254822860189E-04 -3.077108822056045E-04 -3.069965434100475E-04
 -3.157888093445845E-04 -3.150660169328850E-04 -3.143434805813647E-04
 -3.232947448230497E-04 -3.225635043635266E-04 -3.218325094021076E-04
 -3.077879845298158E-04 -3.070747869949940E-04 -3.063618502237867E-04
 -3.151337175490564E-04 -3.144123552941219E-04 -3.136912486054560E-04
 -3.226218530138303E-04 -3.218920709411480E-04 -3.211625338884589E-04
 -3.071245359790194E-04 -3.064127983397374E-04 -3.057013209252423E-04
 -3.144519491678516E-04 -3.137320755164438E-04 -3.130124569209188E-04
 -3.219215461896141E-04 -3.211932820801653E-04 -3.204652624972610E-04
 -3.064352259110109E-04 -3.057250053506167E-04 -3.050150444589042E-04
 -3.137435951845763E-04 -3.130252684102070E-04 -3.123071961651337E-04
 -3.211939166291198E-04 -3.204672298793007E-04 -3.197407871476755E-04
 -3.057201497156903E-04 -3.050115032409540E-04 -3.043031158615830E-04
 -3.130087528998942E-04 -3.122920310917753E-04 -3.115755632705009E-04
 -3.204390631407258E-04 -3.197140129547583E-04 -3.189892062644395E-04
 -3.049794091180570E-04 -3.042723935462270E-04 -3.035656364801366E-04
 -3.122475261698047E-04 -3.115324672185643E-04 -3.108176616967964E-04
 -3.196570913126066E-04 -3.189337366890584E-04 -3.182106250243418E-04
 -3.042131124027537E-04 -3.035077843468111E-04 -3.028027141910673E-04
 -3.114600256473051E-04 -3.107466872315284E-04 -3.100336016731508E-04
 -3.188481137665259E-04 -3.181265134841244E-04 -3.174051556106270E-04
 -3.034213746543360E-04 -3.027177905123469E-04 -3.020144636493752E-04
 -3.106463690258662E-04 -3.099348085994811E-04 -3.092235004441005E-04
 -3.180122504143097E-04 -3.172924630183656E-04 -3.165729174687180E-04
 -3.026043179645968E-04 -3.019025339041031E-04 -3.012010064862375E-04
 -3.098066812611445E-04 -3.090969560382936E-04 -3.083874824863431E-04
 -3.171496286936584E-04 -3.164317124810050E-04 -3.157140375397103E-04
 -3.017620716256242E-04 -3.010621435684985E-04 -3.003624715028769E-04
 -3.089410947867214E-04 -3.082332617266276E-04 -3.075256797238791E-04
 -3.162603838040572E-04 -3.155443968071276E-04 -3.148286504947382E-04
 -3.008947723448174E-04 -3.001967559544605E-04 -2.994989948906171E-04
 -3.080497497311289E-04 -3.073438655229381E-04 -3.066382317457717E-04
 -3.153446589319564E-04 -3.146306589030758E-04 -3.139168989607081E-04
 -3.000025644550106E-04 -2.993065151198793E-04 -2.986107204325559E-04
 -3.071327941289444E-04 -3.064289151759992E-04 -3.057252860154350E-04
 -3.144026054641789E-04 -3.136906498596939E-04 -3.129789337330897E-04
 -2.990856000817038E-04 -2.983915729001158E-04 -2.976977996741495E-04
 -3.061903841082785E-04 -3.054885665130390E-04 -3.047869980594289E-04
 -3.134343831969405E-04 -3.127245291610850E-04 -3.120149139839890E-04
 -2.981440393161815E-04 -2.974520890802075E-04 -2.967603920946876E-04
 -3.052226840733011E-04 -3.045229836201436E-04 -3.038235316462771E-04
 -3.124401605268313E-04 -3.117324648743053E-04 -3.110250074515917E-04
 -2.971780503832858E-04 -2.964882315615110E-04 -2.957986652726853E-04
 -3.042298668785710E-04 -3.035323390161285E-04 -3.028350589594795E-04
 -3.114201146311128E-04 -3.107146338293745E-04 -3.100093906192263E-04
 -2.961878097925210E-04 -2.955001765134729E-04 -2.948127950380841E-04
 -3.032121139882265E-04 -3.025168138117155E-04 -3.018217607570896E-04
 -3.103744316392711E-04 -3.096712217904209E-04 -3.089682488860480E-04
 -2.951735024909636E-04 -2.944881085262915E-04 -2.938029656242554E-04
 -3.021696156298461E-04 -3.014765978650105E-04 -3.007838265276977E-04
 -3.093033067924669E-04 -3.086024236152782E-04 -3.079017767271533E-04
 -2.941353219712897E-04 -2.934522207186687E-04 -2.927693697764506E-04
 -3.011025709169371E-04 -3.004118899014894E-04 -2.997214546092901E-04
 -3.082069445775642E-04 -3.075084433892355E-04 -3.068101778265064E-04
 -2.930734703883790E-04 -2.923927148531171E-04 -2.917122088650943E-04
 -3.000111879714307E-04 -2.993228976361237E-04 -2.986348523104425E-04
 -3.070855588535813E-04 -3.063894945502982E-04 -3.056936652020095E-04
 -2.919881586659324E-04 -2.913098014419459E-04 -2.906316929918592E-04
 -2.988956840323145E-04 -2.982098378822976E-04 -2.975242360191418E-04
 -3.059393729641156E-04 -3.052458000028013E-04 -3.045524613184053E-04
 -2.908796065814033E-04 -2.902036998338118E-04 -2.895280410769314E-04
 -2.977562855402553E-04 -2.970729366365594E-04 -2.963898312882632E-04
 -3.047686198283830E-04 -3.040775922065041E-04 -3.033867981766686E-04
 -2.897480428321923E-04 -2.890746382792707E-04 -2.884014809240293E-04
 -2.965932282089715E-04 -2.959124291501619E-04 -2.952318729068454E-04
 -3.035735420164556E-04 -3.028851132525055E-04 -3.021969173897259E-04
 -2.885937050781654E-04 -2.879228539718553E-04 -2.872522492609355E-04
 -2.954067570767773E-04 -2.947285599788488E-04 -2.940506049485058E-04
 -3.023543918067153E-04 -3.016686149211899E-04 -3.009830702399184E-04
 -2.874168399910811E-04 -2.867485930980121E-04 -2.860805917892117E-04
 -2.941971265518261E-04 -2.935215830286816E-04 -2.928462808175663E-04
 -3.011114312291714E-04 -3.004283587238754E-04 -2.997455177203150E-04
 -2.862177032764030E-04 -2.855521108593459E-04 -2.848867632069159E-04
 -2.929646004328279E-04 -2.922917615775851E-04 -2.916191632714557E-04
 -2.998449320880676E-04 -2.991646159267380E-04 -2.984845305594461E-04
 -2.849965596790944E-04 -2.843336714771244E-04 -2.836710272118131E-04
 -2.917094519168057E-04 -2.910393682815328E-04 -2.903695244254084E-04
 -2.985551759677204E-04 -2.978776675557040E-04 -2.972003892251255E-04
 -2.837536829644232E-04 -2.830935481739938E-04 -2.824336564843605E-04
 -2.904319635817197E-04 -2.897646851578521E-04 -2.890976457362815E-04
 -2.972424542177736E-04 -2.965678043814264E-04 -2.958933839093035E-04
 -2.824893558896384E-04 -2.818320231463380E-04 -2.811749326604383E-04
 -2.891324273524365E-04 -2.884680035517714E-04 -2.878038179700820E-04
 -2.959070679201875E-04 -2.952353268871825E-04 -2.945638144968808E-04
 -2.812038701687528E-04 -2.805493875277285E-04 -2.798951462931174E-04
 -2.878111444611203E-04 -2.871496240959096E-04 -2.864883411601271E-04
 -2.945493278412413E-04 -2.938805452205056E-04 -2.932119905168457E-04
 -2.798975264069941E-04 -2.792459413221559E-04 -2.785945967858356E-04
 -2.864684253828416E-04 -2.858098566456780E-04 -2.851515245423616E-04
 -2.931695543613143E-04 -2.925037791232377E-04 -2.918382310726947E-04
 -2.785706340187328E-04 -2.779219933248241E-04 -2.772735923147100E-04
 -2.851045897442353E-04 -2.844490201891229E-04 -2.837936864663673E-04
 -2.917680773852107E-04 -2.911053578411369E-04 -2.904428647516370E-04
 -2.772235111316271E-04 -2.765778610267364E-04 -2.759324497341984E-04
 -2.837199662228576E-04 -2.830674427461707E-04 -2.824151542948386E-04
 -2.903452362377030E-04 -2.896856200206020E-04 -2.890262295216727E-04
 -2.758564844826442E-04 -2.752138705074802E-04 -2.745714944669783E-04
 -2.823148924421759E-04 -2.816654612628222E-04 -2.810162642964709E-04
 -2.889013795434613E-04 -2.882449135884873E-04 -2.875886726120665E-04
 -2.744698892906361E-04 -2.738303563102985E-04 -2.731910603807344E-04
 -2.808897148320346E-04 -2.802434214727035E-04 -2.795973615086668E-04
 -2.874368650847599E-04 -2.867835956090977E-04 -2.861305503693250E-04
 -2.730640691046993E-04 -2.724276612907865E-04 -2.717914896377725E-04
 -2.794447884682385E-04 -2.788016777367666E-04 -2.781587995777041E-04
 -2.859520596368239E-04 -2.853020321208128E-04 -2.846522280952119E-04
 -2.716393756486329E-04 -2.710061364606341E-04 -2.703731325378908E-04
 -2.779804769135373E-04 -2.773405928841153E-04 -2.767009405994251E-04
 -2.844473387949201E-04 -2.838005979637166E-04 -2.831540798745954E-04
 -2.701961686539403E-04 -2.695661408212914E-04 -2.689363473526503E-04
 -2.764971520373295E-04 -2.758605380326387E-04 -2.752241549402292E-04
 -2.829230867840848E-04 -2.822796765885714E-04 -2.816364883841935E-04
 -2.687348156645722E-04 -2.681080411691602E-04 -2.674815001310829E-04
 -2.749951938124311E-04 -2.743618923857178E-04 -2.737288210339797E-04
 -2.813796962489706E-04 -2.807396598477346E-04 -2.800998446841457E-04
 -2.672556918346521E-04 -2.666322118935926E-04 -2.660089644978021E-04
 -2.734749901021883E-04 -2.728450430193630E-04 -2.722153251695748E-04
 -2.798175680293217E-04 -2.791809477706159E-04 -2.785445479935053E-04
 -2.657591797089738E-04 -2.651390347575475E-04 -2.645191214341151E-04
 -2.719369364301387E-04 -2.713103846527658E-04 -2.706840612619236E-04
 -2.782371109184485E-04 -2.776039483225581E-04 -2.769710054498000E-04
 -2.642456689969299E-04 -2.636288986727285E-04 -2.630123590541869E-04
 -2.703814357427026E-04 -2.697583194115841E-04 -2.691354306160682E-04
 -2.766387414116509E-04 -2.760090771542668E-04 -2.753796318591498E-04
 -2.627155563348041E-04 -2.621021994612289E-04 -2.614890723661199E-04
 -2.688088981553826E-04 -2.681892565741562E-04 -2.675698416731471E-04
 -2.750228834379900E-04 -2.743967573337709E-04 -2.737708494284547E-04
 -2.611692450254604E-04 -2.605593395952673E-04 -2.599496630113003E-04
 -2.672197406836310E-04 -2.666036123024682E-04 -2.659877097416924E-04
 -2.733899680794272E-04 -2.727674190653447E-04 -2.721450874845355E-04
 -2.596071447664959E-04 -2.590007279272877E-04 -2.583945389972922E-04
 -2.656143869598049E-04 -2.650018093603002E-04 -2.643894567169679E-04
 -2.717404332764938E-04 -2.711214993967097E-04 -2.705027821821431E-04
 -2.580296713785203E-04 -2.574267794190586E-04 -2.568241144270516E-04
 -2.639932669429563E-04 -2.633842768239020E-04 -2.627755107924173E-04
 -2.700747235239866E-04 -2.694594419149453E-04 -2.688443762005015E-04
 -2.564372465212182E-04 -2.558379148563001E-04 -2.552388092122659E-04
 -2.623568166229531E-04 -2.617514497855474E-04 -2.611463061627146E-04
 -2.683932895540705E-04 -2.677816964297044E-04 -2.671703184268918E-04
 -2.548302973872340E-04 -2.542345605436795E-04 -2.536390487697749E-04
 -2.607054777020541E-04 -2.601037690362611E-04 -2.595022827075876E-04
 -2.666965880067154E-04 -2.660887186450953E-04 -2.654810636293263E-04
 -2.532092563985686E-04 -2.526171480034994E-04 -2.520252637222477E-04
 -2.590396972726662E-04 -2.584416807445536E-04 -2.578438856716718E-04
 -2.649850810945876E-04 -2.643809698247660E-04 -2.637770721224098E-04
 -2.515745608993069E-04 -2.509861136669775E-04 -2.503978895879878E-04
 -2.573599274975556E-04 -2.567656361362300E-04 -2.561715653438367E-04
 -2.632592362614411E-04 -2.626589164504552E-04 -2.620588094259279E-04
 -2.499266528280857E-04 -2.493418985477419E-04 -2.487573664556202E-04
 -2.556666252694783E-04 -2.550760911555178E-04 -2.544857767196465E-04
 -2.615195258291728E-04 -2.609230298701970E-04 -2.603267459138010E-04
 -2.482659783882839E-04 -2.476849479139826E-04 -2.471041386580860E-04
 -2.539602518642209E-04 -2.533735061186521E-04 -2.527869791556751E-04
 -2.597664266361510E-04 -2.591737859375003E-04 -2.585813564544562E-04
 -2.465929877162430E-04 -2.460157109555450E-04 -2.454386544388337E-04
 -2.522412725912765E-04 -2.516583453649424E-04 -2.510756360209856E-04
 -2.580004196698676E-04 -2.574116646444154E-04 -2.568231200445682E-04
 -2.449081345392983E-04 -2.443346404435511E-04 -2.437613656127227E-04
 -2.505101564404592E-04 -2.499310769039361E-04 -2.493522143449539E-04
 -2.562219896978780E-04 -2.556371497529862E-04 -2.550525194404569E-04
 -2.432118758363631E-04 -2.426421923916712E-04 -2.420727272282392E-04
 -2.487673757245178E-04 -2.481921720591245E-04 -2.476171844616477E-04
 -2.544316248908122E-04 -2.538507284194360E-04 -2.532700407837289E-04
 -2.415046714884319E-04 -2.409388257073283E-04 -2.403731972190281E-04
 -2.470134057125608E-04 -2.464421051023860E-04 -2.458710196454895E-04
 -2.526298164418524E-04 -2.520528908143660E-04 -2.514761732222951E-04
 -2.397869839221589E-04 -2.392250018354536E-04 -2.386632360482759E-04
 -2.452487242638502E-04 -2.446813528874817E-04 -2.441141957448204E-04
 -2.508170581862510E-04 -2.502441297425111E-04 -2.496714085303438E-04
 -2.380592777656586E-04 -2.375011844149969E-04 -2.369433063659051E-04
 -2.434738114641927E-04 -2.429103944875365E-04 -2.423471908198921E-04
 -2.489938462164525E-04 -2.484249402589450E-04 -2.478562407252438E-04
 -2.363220194911931E-04 -2.357678389235499E-04 -2.352138726546666E-04
 -2.416891492511148E-04 -2.411297108221034E-04 -2.405704847721299E-04
 -2.471606784942611E-04 -2.465958192822519E-04 -2.460311656821165E-04
 -2.345756770543841E-04 -2.340254323163607E-04 -2.334754008693692E-04
 -2.398952210424671E-04 -2.393397842849246E-04 -2.387845589711681E-04
 -2.453180544628796E-04 -2.447572652067106E-04 -2.441966807462286E-04
 -2.328207195429517E-04 -2.322744326748598E-04 -2.317283580851251E-04
 -2.380925113700038E-04 -2.375410983781666E-04 -2.369898958894912E-04
 -2.434664746625673E-04 -2.429097775187873E-04 -2.423532843501459E-04
 -2.310576168238564E-04 -2.305153088560567E-04 -2.299732121489390E-04
 -2.362815055072069E-04 -2.357341373428066E-04 -2.351869787354125E-04
 -2.416064403453492E-04 -2.410538564134778E-04 -2.405014756315798E-04
 -2.292868391860671E-04 -2.287485301354381E-04 -2.282104313227453E-04
 -2.344626891019595E-04 -2.339193857907092E-04 -2.333762910846164E-04
 -2.397384530906176E-04 -2.391900024101122E-04 -2.386417540495810E-04
 -2.275088569906159E-04 -2.269745658576943E-04 -2.264404839348758E-04
 -2.326365478107448E-04 -2.320973283395836E-04 -2.315583165159188E-04
 -2.378630144233556E-04 -2.373187159711115E-04 -2.367746190037645E-04
 -2.257241403216716E-04 -2.251938850892973E-04 -2.246638380339779E-04
 -2.308035669336691E-04 -2.302684492491095E-04 -2.297335382485465E-04
 -2.359806254357573E-04 -2.354404971243912E-04 -2.349005694577251E-04
 -2.239331586354997E-04 -2.234069562667136E-04 -2.228809610367221E-04
 -2.289642310544267E-04 -2.284332320612284E-04 -2.279024387825920E-04
 -2.340917864123602E-04 -2.335558450896006E-04 -2.330201035658802E-04
 -2.221363804279507E-04 -2.216142468654719E-04 -2.210923193981797E-04
 -2.271190236896532E-04 -2.265921592509004E-04 -2.260654995511132E-04
 -2.321969964618194E-04 -2.316652579105229E-04 -2.311337183069814E-04
 -2.203342728879713E-04 -2.198162230547444E-04 -2.192983782676860E-04
 -2.252684269303958E-04 -2.247457118680570E-04 -2.242232005628174E-04
 -2.302967531494591E-04 -2.297692320886204E-04 -2.292419091184739E-04
 -2.185273015615059E-04 -2.180133493612314E-04 -2.174996011527168E-04
 -2.234129210966677E-04 -2.228943691923415E-04 -2.223760200568802E-04
 -2.283915521370425E-04 -2.278682622229981E-04 -2.273451695366143E-04
 -2.167159300324356E-04 -2.162060883511663E-04 -2.156964496017831E-04
 -2.215529844025421E-04 -2.210386083992674E-04 -2.205244341703226E-04
 -2.264818868318643E-04 -2.259628406604005E-04 -2.254439908473897E-04
 -2.149006195997387E-04 -2.143949003083815E-04 -2.138893828834853E-04
 -2.196890926210779E-04 -2.191789042264152E-04 -2.186689166049915E-04
 -2.245682480407386E-04 -2.240534571503806E-04 -2.235388617428554E-04
 -2.130818289573023E-04 -2.125802429141606E-04 -2.120788576664032E-04
 -2.178217187550821E-04 -2.173157286444125E-04 -2.168099382991548E-04
 -2.226511236280423E-04 -2.221405985040171E-04 -2.216302679805990E-04
 -2.112600138847982E-04 -2.107625709395202E-04 -2.102653277128895E-04
 -2.159513327141837E-04 -2.154495505347025E-04 -2.149479671061049E-04
 -2.207309981818352E-04 -2.202247482603851E-04 -2.197186920506533E-04
 -2.094356269463974E-04 -2.089423359445102E-04 -2.084492435788486E-04
 -2.140784010067141E-04 -2.135808353816424E-04 -2.130834674862403E-04
 -2.188083526944003E-04 -2.183063863672488E-04 -2.178046128560749E-04
 -2.076091171983424E-04 -2.071199859855625E-04 -2.066310523208875E-04
 -2.122033864374838E-04 -2.117100449713011E-04 -2.112169002066897E-04
 -2.168836642505446E-04 -2.163859888700992E-04 -2.158885054030367E-04
 -2.057809299049498E-04 -2.052959653330702E-04 -2.048111972153770E-04
 -2.103267478122591E-04 -2.098376370969826E-04 -2.093487220482210E-04
 -2.149574057242213E-04 -2.144640276101245E-04 -2.139708404996945E-04
 -2.039515062561281E-04 -2.034707141893939E-04 -2.029901174770488E-04
 -2.084489396452826E-04 -2.079640652679584E-04 -2.074793855148000E-04
 -2.130300454734335E-04 -2.125409699218789E-04 -2.120520844563906E-04
 -2.021212830986255E-04 -2.016446684209226E-04 -2.011682479918740E-04
 -2.065704118707124E-04 -2.060897784226126E-04 -2.056093385487998E-04
 -2.111020470306626E-04 -2.106172783257486E-04 -2.101326987809330E-04
 -2.002906926719977E-04 -1.998182592948237E-04 -1.993460190545410E-04
 -2.046916095680029E-04 -2.042152206526057E-04 -2.037390242542641E-04
 -2.091738688124312E-04 -2.086934102344435E-04 -2.082131398826012E-04
 -1.984601623503142E-04 -1.979919132206281E-04 -1.975238561102217E-04
 -2.028129727178301E-04 -2.023408309542684E-04 -2.018688806441968E-04
 -2.072459638855063E-04 -2.067698177110474E-04 -2.062938588224986E-04
 -1.966301144174641E-04 -1.961660515237672E-04 -1.957021795263822E-04
 -2.009349360049967E-04 -2.004670430291793E-04 -1.999993404379404E-04
 -2.053187797977262E-04 -2.048469472955650E-04 -2.043753011342879E-04
 -1.948009658598016E-04 -1.943410902380532E-04 -1.938814043844727E-04
 -1.990579286130832E-04 -1.985942850870420E-04 -1.981308308703631E-04
 -2.033927583834298E-04 -2.029252398243287E-04 -2.024579066548583E-04
 -1.929731281407912E-04 -1.925174398866959E-04 -1.920619402664835E-04
 -1.971823739198277E-04 -1.967229795605396E-04 -1.962637734253358E-04
 -2.014683353978931E-04 -2.010051300962467E-04 -2.005421092207157E-04
 -1.911470069228285E-04 -1.906955052153936E-04 -1.902441909991780E-04
 -1.953086890798940E-04 -1.948535427003393E-04 -1.943985834453399E-04
 -1.995459399833813E-04 -1.990870463533686E-04 -1.986283361679067E-04
 -1.893230017590555E-04 -1.888756848863394E-04 -1.884285543520252E-04
 -1.934372846857009E-04 -1.929863842138549E-04 -1.925356697536431E-04
 -1.976259943055271E-04 -1.971714098735672E-04 -1.967170078895398E-04
 -1.875015058696609E-04 -1.870583712371993E-04 -1.866154217814372E-04
 -1.915685647678737E-04 -1.911219072177119E-04 -1.906754345591669E-04
 -1.957089137630958E-04 -1.952586351035535E-04 -1.948085378911259E-04
 -1.856829061029665E-04 -1.852439502216276E-04 -1.848051783492741E-04
 -1.897029270288808E-04 -1.892605084705554E-04 -1.888182736776027E-04
 -1.937951074719377E-04 -1.933491301647638E-04 -1.929033332976550E-04
 -1.838675829433870E-04 -1.834328014344594E-04 -1.829982027579880E-04
 -1.878407625585497E-04 -1.874025782092093E-04 -1.869645764728026E-04
 -1.918849776616757E-04 -1.914432964741320E-04 -1.910017946751490E-04
 -1.820559100912538E-04 -1.816252977730641E-04 -1.811948670869492E-04
 -1.859824542676759E-04 -1.855484987451650E-04 -1.851147246234423E-04
 -1.899789169430142E-04 -1.895415262546877E-04 -1.891043138060691E-04
 -1.802482533598237E-04 -1.798218044047802E-04 -1.793955358404194E-04
 -1.841283749160890E-04 -1.836986424087379E-04 -1.832690900320305E-04
 -1.880773054234891E-04 -1.876441994164881E-04 -1.872112704226656E-04
 -1.784449697208027E-04 -1.780226777024610E-04 -1.776005648033578E-04
 -1.822788878402787E-04 -1.818533717417932E-04 -1.814280345335586E-04
 -1.861805130432117E-04 -1.857516849321289E-04 -1.853230326940392E-04
 -1.766464083026821E-04 -1.762282659056612E-04 -1.758103013860483E-04
 -1.804343527095735E-04 -1.800130446653479E-04 -1.795919144316634E-04
 -1.842889100834659E-04 -1.838643504898774E-04 -1.834399659204493E-04
 -1.748529140408942E-04 -1.744389125210208E-04 -1.740250877322491E-04
 -1.785951323403307E-04 -1.781780216868834E-04 -1.777610879181883E-04
 -1.824028773133552E-04 -1.819825736503812E-04 -1.815624443803140E-04
 -1.730648306703005E-04 -1.726549597331956E-04 -1.722452644386679E-04
 -1.767615891707675E-04 -1.763486643430002E-04 -1.759359153150063E-04
 -1.805227962702138E-04 -1.801067356367274E-04 -1.796908483978176E-04
 -1.712824964979635E-04 -1.708767453963481E-04 -1.704711686980484E-04
 -1.749340636543604E-04 -1.745253156606915E-04 -1.741167417612424E-04
 -1.786490104322520E-04 -1.782371854731058E-04 -1.778255318229079E-04
 -1.695062306936504E-04 -1.691045902260743E-04 -1.687031225369278E-04
 -1.731128488907374E-04 -1.727082734718808E-04 -1.723038698196906E-04
 -1.767817877284954E-04 -1.763741990535832E-04 -1.759667787295406E-04
 -1.677363214702363E-04 -1.673387846146611E-04 -1.669414186321853E-04
 -1.712982003932343E-04 -1.708977935465131E-04 -1.704975565453404E-04
 -1.749213508393851E-04 -1.745179975772692E-04 -1.741148107733093E-04
 -1.659730386578055E-04 -1.655795970719688E-04 -1.651863248650986E-04
 -1.694904087419248E-04 -1.690941548759420E-04 -1.686980709621434E-04
 -1.730680092794752E-04 -1.726688688885967E-04 -1.722698966937047E-04
 -1.642166804662427E-04 -1.638273174971034E-04 -1.634381236980485E-04
 -1.676898935404261E-04 -1.672977564782864E-04 -1.669057918509672E-04
 -1.712223017982656E-04 -1.708273187745883E-04 -1.704325091889560E-04
 -1.624676210895962E-04 -1.620823081854285E-04 -1.616971654398088E-04
 -1.658971952979144E-04 -1.655091294521706E-04 -1.651212380022728E-04
 -1.693849358868017E-04 -1.689940472406249E-04 -1.686033351228036E-04
 -1.607262858778033E-04 -1.603449918835218E-04 -1.599638682236785E-04
 -1.641127592256988E-04 -1.637287469515496E-04 -1.633449050744820E-04
 -1.675563829310530E-04 -1.671695834591907E-04 -1.667829525650495E-04
 -1.589930071517984E-04 -1.586157213734475E-04 -1.582386021520789E-04
 -1.623365960056567E-04 -1.619566857657525E-04 -1.615769329830474E-04
 -1.657363414957227E-04 -1.653537377480932E-04 -1.649712806279874E-04
 -1.572678349696011E-04 -1.568945864068857E-04 -1.565214955512476E-04
 -1.605681661334881E-04 -1.601924595986052E-04 -1.598168946239305E-04
 -1.639236858365078E-04 -1.635454524926796E-04 -1.631673427369794E-04
 -1.555505163552989E-04 -1.551813590529240E-04 -1.548123499678830E-04
 -1.588068753919145E-04 -1.584354295378842E-04 -1.580641222567738E-04
 -1.621174669905024E-04 -1.617436666531324E-04 -1.613699930454562E-04
 -1.538408453349000E-04 -1.534757948437229E-04 -1.531108922011789E-04
 -1.570531453295500E-04 -1.566858319780269E-04 -1.563186824237670E-04
 -1.603187040878341E-04 -1.599490688327779E-04 -1.595796107477562E-04
 -1.521393092156544E-04 -1.517782617453013E-04 -1.514173791359598E-04
 -1.553092825870651E-04 -1.549457354786332E-04 -1.545824019142849E-04
 -1.585314971195712E-04 -1.581653999805545E-04 -1.577995626223184E-04
 -1.504475325452530E-04 -1.500902462162151E-04 -1.497331550541698E-04
 -1.535789440423649E-04 -1.532187306607215E-04 -1.528587704348836E-04
 -1.567615469474197E-04 -1.563983602977077E-04 -1.560354833648970E-04
 -1.487678185801512E-04 -1.484140338353769E-04 -1.480604650623231E-04
 -1.518645577284013E-04 -1.515075823389733E-04 -1.511508343812584E-04
 -1.550114777608912E-04 -1.546512580552488E-04 -1.542912775414752E-04
 -1.471014650936668E-04 -1.467511611219128E-04 -1.464010497809590E-04
 -1.501636051030368E-04 -1.498105391237071E-04 -1.494575682301308E-04
 -1.532750689314283E-04 -1.529191656828645E-04 -1.525632618542528E-04
 -1.454464388762091E-04 -1.451001021397956E-04 -1.447538644883820E-04
 -1.484661726027402E-04 -1.481185846738804E-04 -1.477708635142277E-04
 -1.515346233807518E-04 -1.511856795318420E-04 -1.508363723516091E-04
 -1.437958353493331E-04 -1.434545481711003E-04 -1.431132011207645E-04
 -1.467562084259697E-04 -1.464161778016325E-04 -1.460757628263814E-04
 -1.497649498562978E-04 -1.494260472893437E-04 -1.490864366526601E-04
 -1.421385466499734E-04 -1.418037675080553E-04 -1.414687466594808E-04
 -1.450169129272614E-04 -1.446862343400757E-04 -1.443550001894554E-04
 -1.479434443600570E-04 -1.476167332624052E-04 -1.472891507917489E-04
 -1.404624308837979E-04 -1.401355196280539E-04 -1.398082246919752E-04
 -1.432377784878068E-04 -1.429171839394940E-04 -1.425960150443302E-04
 -1.460610422354345E-04 -1.457466506251019E-04 -1.454314894819795E-04
 -1.387586395179887E-04 -1.384403612825696E-04 -1.381216467969182E-04
 -1.414191896170711E-04 -1.411080609942294E-04 -1.407964886806277E-04
 -1.441271875364133E-04 -1.438231300753532E-04 -1.435186159242342E-04
 -1.370248039975103E-04 -1.367150849670150E-04 -1.364049754270448E-04
 -1.395717026640693E-04 -1.392684546503321E-04 -1.389649675637626E-04
 -1.421652961594595E-04 -1.418684762974043E-04 -1.415715641627478E-04
 -1.352653244782105E-04 -1.349633870196487E-04 -1.346611687756613E-04
 -1.377104961087200E-04 -1.374133748130605E-04 -1.371161945853839E-04
 -1.402013916579548E-04 -1.399090655842645E-04 -1.396168999265488E-04
 -1.334887523767658E-04 -1.331935253929393E-04 -1.328981370433499E-04
 -1.358485428857874E-04 -1.355563390966179E-04 -1.352641697295740E-04
 -1.382530122488866E-04 -1.379638146980456E-04 -1.376748468626090E-04
 -1.317039707569757E-04 -1.314145207361054E-04 -1.311249959260981E-04
 -1.339925130604042E-04 -1.337048072883196E-04 -1.334171432996193E-04
 -1.363247451121593E-04 -1.360387586584784E-04 -1.357529309937689E-04
 -1.299173428984078E-04 -1.296331020849632E-04 -1.293488279627427E-04
 -1.321430865884843E-04 -1.318600069786189E-04 -1.315769360031612E-04
 -1.344116404422544E-04 -1.341296873845632E-04 -1.338477851181746E-04
 -1.281320136023205E-04 -1.278527500301422E-04 -1.275734637344209E-04
 -1.302982516109193E-04 -1.300200357374504E-04 -1.297418032975187E-04
 -1.325065056347516E-04 -1.322292985134539E-04 -1.319520804648265E-04
 -1.263490034153073E-04 -1.260746431940138E-04 -1.258002624834016E-04
 -1.284566647410085E-04 -1.281833562474258E-04 -1.279100348766183E-04
 -1.306055768127387E-04 -1.303332831475029E-04 -1.300609831590851E-04
 -1.245688031130547E-04 -1.242992649902247E-04 -1.240297146829946E-04
 -1.266190201427453E-04 -1.263504333277418E-04 -1.260818580194646E-04
 -1.287097105185905E-04 -1.284420430823916E-04 -1.281744097253350E-04
 -1.227923465077630E-04 -1.225274792626261E-04 -1.222626158091140E-04
 -1.247873975292476E-04 -1.245232561633274E-04 -1.242591525511042E-04
 -1.268221253301481E-04 -1.265586821138216E-04 -1.262953097601713E-04
 -1.210210787267253E-04 -1.207606887251674E-04 -1.205003205231881E-04
 -1.229639214022129E-04 -1.227039985296792E-04 -1.224441299065218E-04
 -1.249456401963550E-04 -1.246861587454423E-04 -1.244267634344786E-04
 -1.192565399421094E-04 -1.190004434593631E-04 -1.187443836227070E-04
 -1.211499720608529E-04 -1.208941332919471E-04 -1.206383557320395E-04
 -1.230814916255219E-04 -1.228258854299877E-04 -1.225703645996948E-04
 -1.175000062452136E-04 -1.172480565347661E-04 -1.169961539126522E-04
 -1.193462399589771E-04 -1.190944068658118E-04 -1.188426384009236E-04
 -1.212297901313338E-04 -1.209780489090530E-04 -1.207263894708257E-04
 -1.157524200236727E-04 -1.155045022075901E-04 -1.152566391384772E-04
 -1.175531710612690E-04 -1.173052705139655E-04 -1.170574391398752E-04
 -1.193904821745719E-04 -1.191425750541462E-04 -1.188947511298397E-04
 -1.140145181251972E-04 -1.137705313809464E-04 -1.135266062191000E-04
 -1.157712942424391E-04 -1.155272356440746E-04 -1.152832528351037E-04
 -1.175638835303670E-04 -1.173197306145926E-04 -1.170756672964347E-04
 -1.122869732642591E-04 -1.120468183521990E-04 -1.118067319352616E-04
 -1.140012726279782E-04 -1.137609528168410E-04 -1.135207161555555E-04
 -1.157506449502351E-04 -1.155101392870912E-04 -1.152697310775593E-04
 -1.105704531595821E-04 -1.103340300113359E-04 -1.100976822302086E-04
 -1.122437989085441E-04 -1.120071162604134E-04 -1.117705233046493E-04
 -1.139514842130942E-04 -1.137145224420915E-04 -1.134776644212755E-04
 -1.088656079123247E-04 -1.086328191240542E-04 -1.084001120242441E-04
 -1.104994878723375E-04 -1.102663521069466E-04 -1.100333110151584E-04
 -1.121669825595534E-04 -1.119334811888550E-04 -1.117000873049221E-04
 -1.071730343279030E-04 -1.069437891279964E-04 -1.067146310376896E-04
 -1.087688343333501E-04 -1.085391678483077E-04 -1.083095997408771E-04
 -1.103975347314729E-04 -1.101674290376393E-04 -1.099374328914586E-04
 -1.054932544571202E-04 -1.052674698510500E-04 -1.050417769437898E-04
 -1.070522384443221E-04 -1.068259705806055E-04 -1.065998044451528E-04
 -1.086434198005122E-04 -1.084166513881927E-04 -1.081899946652312E-04
 -1.038267223510190E-04 -1.036043209593258E-04 -1.033820154005443E-04
 -1.053500669036563E-04 -1.051271265157244E-04 -1.049042915638360E-04
 -1.069049163239129E-04 -1.066814204482173E-04 -1.064580395388841E-04
 -1.021738502627644E-04 -1.019547570825447E-04 -1.017357637185733E-04
 -1.036626976782543E-04 -1.034430107415283E-04 -1.032234331388980E-04
 -1.051823663209368E-04 -1.049620701653291E-04 -1.047418927898412E-04
 -1.005350300998742E-04 -1.003191712796938E-04 -1.001034160570406E-04
 -1.019905097076936E-04 -1.017740037534342E-04 -1.015576104659537E-04
 -1.034761346624000E-04 -1.032589672068838E-04 -1.030419214585221E-04
 -9.891063209221561E-05 -9.869793648436832E-05 -9.848534778488833E-05
 -1.003338362261947E-04 -1.001204457199627E-04 -9.990717027594211E-05
 -1.017865178372004E-04 -1.015724189811915E-04 -1.013584434013794E-04
 -9.730098851348054E-05 -9.709138950905328E-05 -9.688190016605463E-05
 -9.869294209120862E-05 -9.848260790757015E-05 -9.827239071401088E-05
 -1.001137144273161E-04 -9.990263220747179E-05 -9.969167447312846E-05
 -9.570638722711538E-05 -9.549982218649307E-05 -9.529336924818332E-05
 -9.706805413341207E-05 -9.686071799919637E-05 -9.665350098748779E-05
 -9.845789131103069E-05 -9.824977152746347E-05 -9.804177813669580E-05
 -9.412708583917381E-05 -9.392349366272587E-05 -9.372001600556337E-05
 -9.545940452542578E-05 -9.525500578451272E-05 -9.505072851572072E-05
 -9.681925576601764E-05 -9.661403806769458E-05 -9.640894907366467E-05
 -9.256332978588156E-05 -9.236264961639473E-05 -9.216208634521416E-05
 -9.386723181028099E-05 -9.366571038500187E-05 -9.346431242714395E-05
 -9.519803940986320E-05 -9.499566457979187E-05 -9.479342003487278E-05
 -9.101535303314468E-05 -9.081752550665461E-05 -9.061981695722190E-05
 -9.229174346154646E-05 -9.209304432847694E-05 -9.189447000627909E-05
 -9.359442247803122E-05 -9.339484012807040E-05 -9.319538860780267E-05
 -8.948336389940032E-05 -8.928833297446769E-05 -8.909342265869326E-05
 -9.073309564728405E-05 -9.053716837389954E-05 -9.034136699454093E-05
 -9.200850738700458E-05 -9.181167307024885E-05 -9.161497007553300E-05
 -8.796753787911330E-05 -8.777525068120198E-05 -8.758308542778035E-05
 -8.919141921525887E-05 -8.899821333812546E-05 -8.880513467140084E-05
 -9.044037848234142E-05 -9.024624435082782E-05 -9.005224287222245E-05
 -8.646802830610541E-05 -8.627843326942898E-05 -8.608896144284116E-05
 -8.766685514687219E-05 -8.747631802034965E-05 -8.728590953089090E-05
 -8.889016364190164E-05 -8.869867578843228E-05 -8.850732229673163E-05
 -8.498498075088153E-05 -8.479802657556815E-05 -8.461119682508114E-05
 -8.615955067657647E-05 -8.597163073245171E-05 -8.578384040470058E-05
 -8.735801299522203E-05 -8.716911905137037E-05 -8.698036037700459E-05
 -8.351853299379917E-05 -8.333416957175759E-05 -8.314993158915974E-05
 -8.466962407294535E-05 -8.448427468045503E-05 -8.429905525647432E-05
 -8.584402775777785E-05 -8.565768398891669E-05 -8.547147531162697E-05
 -8.206880358607873E-05 -8.188698321384325E-05 -8.170528905184171E-05
 -8.319714993756734E-05 -8.301432827151220E-05 -8.283163678005591E-05
 -8.434824039271994E-05 -8.416440854962466E-05 -8.398071148875568E-05
 -8.063588765360825E-05 -8.045656457760296E-05 -8.027736839559536E-05
 -8.174218665160409E-05 -8.156184908258675E-05 -8.138164225086099E-05
 -8.287067248239732E-05 -8.268931113539281E-05 -8.250808497796912E-05
 -7.921986725019268E-05 -7.904299611242383E-05 -7.886625260497685E-05
 -8.030480798538052E-05 -8.012690831520128E-05 -7.994914017098463E-05
 -8.141138804754859E-05 -8.123245046215201E-05 -8.105364882592491E-05
 -7.782082240886107E-05 -7.764635778288776E-05 -7.747202148985206E-05
 -7.888509624046781E-05 -7.870958896505864E-05 -7.853421369762170E-05
 -7.997047010206254E-05 -7.979391102845381E-05 -7.961748807602359E-05
 -7.643882818956263E-05 -7.626672584863954E-05 -7.609475230243821E-05
 -7.748310917850604E-05 -7.730995295623928E-05 -7.713692874019349E-05
 -7.854795817787876E-05 -7.837373943202306E-05 -7.819965626979658E-05
 -7.507394294496535E-05 -7.490416106909262E-05 -7.473450815416861E-05
 -7.609886863309136E-05 -7.592802512843280E-05 -7.575731353532562E-05
 -7.714383700900550E-05 -7.697192394826071E-05 -7.680014607764141E-05
 -7.372620510901607E-05 -7.355870376229160E-05 -7.339133140779129E-05
 -7.473238627905357E-05 -7.456381624348761E-05 -7.439537829641021E-05
 -7.575809087467759E-05 -7.558844504731555E-05 -7.541893474420855E-05
 -7.239564356765399E-05 -7.223038320041743E-05 -7.206525187429714E-05
 -7.338368971640363E-05 -7.321735193827110E-05 -7.305114650850856E-05
 -7.439074553242963E-05 -7.422332400242928E-05 -7.405603853371616E-05
 -7.108228801580841E-05 -7.091922902148369E-05 -7.075629908922164E-05
 -7.205281350967696E-05 -7.188866798585460E-05 -7.172465469120893E-05
 -7.304184029339951E-05 -7.287660241838881E-05 -7.271150045111728E-05
 -6.978616651284304E-05 -6.962527029162785E-05 -6.946450298112462E-05
 -7.073977040524161E-05 -7.057778109627769E-05 -7.041592344511143E-05
 -7.171137287244727E-05 -7.154828485408768E-05 -7.138533186936532E-05
 -6.850729538401152E-05 -6.834852526199100E-05 -6.818988371507831E-05
 -6.944454457388709E-05 -6.928467785603805E-05 -6.912494218948446E-05
 -7.039929571227274E-05 -7.023832670792731E-05 -7.007749196633070E-05
 -6.724567604539619E-05 -6.708899670171905E-05 -6.693244556614897E-05
 -6.816711536367781E-05 -6.800933645019039E-05 -6.785168827201223E-05
 -6.910556678313903E-05 -6.894668235489626E-05 -6.878793201401492E-05
 -6.600130223878494E-05 -6.584667845052228E-05 -6.569218258674662E-05
 -6.690747654335331E-05 -6.675174887757414E-05 -6.659615172849100E-05
 -6.783018122728995E-05 -6.767334333046871E-05 -6.751663944127330E-05
 -6.477416684216930E-05 -6.462156327393560E-05 -6.446908736116723E-05
 -6.566562436773093E-05 -6.551191262926180E-05 -6.535833088679550E-05
 -6.657314032928486E-05 -6.641831350361863E-05 -6.626361996706279E-05
 -6.356426024067775E-05 -6.341364247508813E-05 -6.326315196931020E-05
 -6.444153427774695E-05 -6.428980658560185E-05 -6.413820804302869E-05
 -6.533440490597037E-05 -6.518155969842382E-05 -6.502884650707399E-05
 -6.237156657263518E-05 -6.222290185694485E-05 -6.207436386706869E-05
 -6.323516312576382E-05 -6.308538935401159E-05 -6.293574393999703E-05
 -6.411390180282244E-05 -6.396301071111596E-05 -6.381225057774041E-05
 -6.119606767030109E-05 -6.104932434027330E-05 -6.090270719169001E-05
 -6.204647711383391E-05 -6.189862580786557E-05 -6.175090236819291E-05
 -6.291157625560379E-05 -6.276260811739927E-05 -6.261377046683429E-05
 -6.003775116847225E-05 -5.989289761571667E-05 -5.974816977294048E-05
 -6.087546716140401E-05 -6.072950540113672E-05 -6.058367109782718E-05
 -6.172741796704047E-05 -6.158033862980608E-05 -6.143338938909671E-05
 -5.889660854705756E-05 -5.875361320321230E-05 -5.861074309643033E-05
 -5.972212729536134E-05 -5.957802357518288E-05 -5.943404663090613E-05
 -6.056142441140366E-05 -6.041620244632458E-05 -6.027110963806954E-05
 -5.777261828776958E-05 -5.763145061942248E-05 -5.749040759282905E-05
 -5.858641925575497E-05 -5.844414526426720E-05 -5.830199710591756E-05
 -5.941354886741156E-05 -5.927015816210552E-05 -5.912689526330294E-05
 -5.666572907987702E-05 -5.652636017402526E-05 -5.638711519500826E-05
 -5.746826436948449E-05 -5.732779326092725E-05 -5.718744712447078E-05
 -5.828369773033614E-05 -5.814211352171965E-05 -5.800065604059101E-05
 -5.557586308186341E-05 -5.543826500781959E-05 -5.530079014451618E-05
 -5.636757089886303E-05 -5.622887459561914E-05 -5.609030267178470E-05
 -5.717177435388010E-05 -5.703196850639401E-05 -5.689228883791081E-05
 -5.450294187867427E-05 -5.436708671351228E-05 -5.423135411033993E-05
 -5.528426727629444E-05 -5.514731652942239E-05 -5.501048961951759E-05
 -5.607771194492979E-05 -5.593965400718346E-05 -5.580172173345685E-05
 -5.344691677668969E-05 -5.331277659764281E-05 -5.317875833051418E-05
 -5.421831457680199E-05 -5.408308151459048E-05 -5.394797149789665E-05
 -5.500146592688933E-05 -5.486512816550936E-05 -5.472891506172443E-05
 -5.240778184799506E-05 -5.227532963238290E-05 -5.214299857694934E-05
 -5.316970143621431E-05 -5.303616095732120E-05 -5.290274252034782E-05
 -5.394299664760968E-05 -5.380835589163585E-05 -5.367383846870277E-05
 -5.138556209984905E-05 -5.125477228087281E-05 -5.112410277913555E-05
 -5.213843597535967E-05 -5.200656418330000E-05 -5.187481352182403E-05
 -5.290227689790408E-05 -5.276931086775131E-05 -5.263646712138146E-05
 -5.038028483353186E-05 -5.025113282882107E-05 -5.012210031246566E-05
 -5.112453318071191E-05 -5.099430523849376E-05 -5.086419774957859E-05
 -5.187930655053478E-05 -5.174799009095390E-05 -5.161679531448602E-05
 -4.939194818074741E-05 -4.926440964800549E-05 -4.913698984770296E-05
 -5.012798828379213E-05 -4.999937869930259E-05 -4.987088892789247E-05
 -5.087409336822756E-05 -5.074439979846719E-05 -5.061482730755567E-05
 -4.842050529684369E-05 -4.829455618295980E-05 -4.816872506130628E-05
 -4.914874963635348E-05 -4.902173447488146E-05 -4.889483828960680E-05
 -4.988660632984639E-05 -4.975851182881842E-05 -4.963053740040000E-05
 -4.746587744055070E-05 -4.734149463758787E-05 -4.721722900699525E-05
 -4.818672844272424E-05 -4.806128627850021E-05 -4.793596210145569E-05
 -4.891676231115390E-05 -4.879024717221635E-05 -4.866385088856344E-05
 -4.652801280031265E-05 -4.640517417797424E-05 -4.628245184083936E-05
 -4.724186781768212E-05 -4.711797727715656E-05 -4.699420380755668E-05
 -4.796448356643746E-05 -4.783952708849403E-05 -4.771468843471493E-05
