  3.444391703679589E+00  3.438210743905664E+00  3.432027062639965E+00

 -1.904059151547492E-03 -1.041609431380632E-03 -1.795312291897427E-04
  7.593396152698752E-03  8.500159654120033E-03  9.406896627733157E-03
  1.280112401874113E-02  1.373118325130726E-02  1.466170063808512E-02
 -2.541448527999798E-03 -1.644541168160473E-03 -7.469743053128089E-04
  6.916744473557967E-03  7.863912256881017E-03  8.811343224545255E-03
  1.210917688499027E-02  1.308379674937464E-02  1.405795194696660E-02
 -2.885836325644155E-03 -1.973245411905452E-03 -1.051558610052115E-03
  6.545137726874785E-03  7.520073597646155E-03  8.500337751861081E-03
  1.172764382459204E-02  1.274314389636719E-02  1.375994262616924E-02
 -2.885836325644155E-03 -1.973245411905452E-03 -1.051558610052115E-03
  6.545137726874785E-03  7.520073597646155E-03  8.500337751861081E-03
  1.172764382459204E-02  1.274314389636719E-02  1.375994262616924E-02
 -2.541448527999798E-03 -1.644541168160473E-03 -7.469743053128089E-04
  6.916744473557967E-03  7.863912256881017E-03  8.811343224545255E-03
  1.210917688499027E-02  1.308379674937464E-02  1.405795194696660E-02
 -1.904059151547492E-03 -1.041609431380632E-03 -1.795312291897427E-04
  7.593396152698752E-03  8.500159654120033E-03  9.406896627733157E-03
  1.280112401874113E-02  1.373118325130726E-02  1.466170063808512E-02
 -9.568081846674254E-04 -1.123887226879910E-04  7.324318134497887E-04
  8.559392505061623E-03  9.442941490842079E-03  1.032686445168644E-02
  1.376942932896745E-02  1.467175754523622E-02  1.557443899666606E-02
  3.029212139374982E-04  1.154828662322248E-03  2.005935915764925E-03
  9.851133366590700E-03  1.074854746291885E-02  1.164632258583624E-02
  1.506969151345659E-02  1.598891678837561E-02  1.690946084281930E-02
  1.866305971640667E-03  2.756859165934471E-03  3.645606762054020E-03
  1.159998200051777E-02  1.255515644053115E-02  1.350994883477310E-02
  1.694663049055510E-02  1.793807379284591E-02  1.893045437991937E-02
  3.820235663600477E-03  4.776202907406649E-03  5.729531359981301E-03
  1.394591038363408E-02  1.497926844959638E-02  1.600999997623230E-02
  1.958561629719141E-02  2.066655348703221E-02  2.174497804251110E-02
  6.267726220177006E-03  7.289291955366157E-03  8.307588908988165E-03
  1.686244162827265E-02  1.795845992039937E-02  1.905015218978185E-02
  2.283841643806880E-02  2.398181152885130E-02  2.511992103960243E-02
  9.372976789172751E-03  1.043963184407928E-02  1.150410082961937E-02
  2.042081350307897E-02  2.155830547091984E-02  2.269283124653578E-02
  2.666103955257324E-02  2.784515009793499E-02  2.902538187423666E-02
  1.376509802242453E-02  1.485691310245841E-02  1.594907960723109E-02
  2.538160302800037E-02  2.655490898955874E-02  2.772808735360267E-02
  3.186485524366033E-02  3.309384399980891E-02  3.432202954065293E-02
  2.066181195604499E-02  2.175422863626393E-02  2.284819713977044E-02
  3.308199364176258E-02  3.426970894454211E-02  3.545735479911623E-02
  3.984333142480151E-02  4.109586960046121E-02  4.234702099578994E-02
  3.130274755702019E-02  3.234736873826046E-02  3.339117312354491E-02
  4.440145390003843E-02  4.552772694780208E-02  4.664931759398384E-02
  5.123185087854196E-02  5.240934793352098E-02  5.357958267359055E-02
  4.611219194367876E-02  4.703475522262168E-02  4.795068763072125E-02
  5.872430326756577E-02  5.966191568629046E-02  6.058734884618052E-02
  6.477717950613547E-02  6.571307134503888E-02  6.663345041297634E-02
  6.362838307185925E-02  6.432857327199180E-02  6.501454968339242E-02
  7.303344703581220E-02  7.362178900272716E-02  7.419074463726621E-02
  7.657760329751900E-02  7.707114229865135E-02  7.754267813805772E-02
  7.869347889474029E-02  7.901639683388594E-02  7.931833186230729E-02
  8.031866578999358E-02  8.035361064148812E-02  8.036555076446804E-02
  7.864149901710055E-02  7.846481297404001E-02  7.826516156791576E-02
  8.048580697995017E-02  8.018008446644077E-02  7.985139539149921E-02
  6.776761783161117E-02  6.699101586790018E-02  6.619574825995499E-02
  5.721180087146743E-02  5.612786339772225E-02  5.503010929469700E-02
  5.258164932454028E-02  5.131943929189784E-02  5.004293952447441E-02
  1.755020379361983E-02  1.574673750864596E-02  1.394290295468099E-02
 -5.773097610680901E-03 -7.858429134536962E-03 -9.932993342386370E-03
 -2.206472225746669E-02 -2.450098234388384E-02 -2.692600359168659E-02
 -8.573778573716595E-02 -8.844680255831149E-02 -9.112099729618174E-02
 -1.233335293955499E-01 -1.260353346046564E-01 -1.286878316937656E-01
 -1.495645143988151E-01 -1.529636829608245E-01 -1.563103597569077E-01
 -2.401988365336692E-01 -2.430768970029992E-01 -2.458801293336748E-01
 -2.871205455778144E-01 -2.894078905200302E-01 -2.916139255896628E-01
 -3.122293641904488E-01 -3.158871982523141E-01 -3.194517694869604E-01
 -4.162075592043293E-01 -4.182018516318756E-01 -4.201023564870109E-01
 -4.610638329816689E-01 -4.618335420498116E-01 -4.625235355040564E-01
 -4.692348639296497E-01 -4.724529748226764E-01 -4.755559296609457E-01
 -5.688592438475456E-01 -5.694300698895374E-01 -5.699180537662666E-01
 -6.018023863134255E-01 -6.007732603038112E-01 -5.996961329230391E-01
 -5.769026115024448E-01 -5.795563441599219E-01 -5.820909525312834E-01
 -6.647025605190564E-01 -6.642028464498406E-01 -6.636406973521576E-01
 -6.850891989482579E-01 -6.829146902523154E-01 -6.807235317336108E-01
 -6.088563887277066E-01 -6.113882981635110E-01 -6.138021486104017E-01
 -6.911773022314838E-01 -6.904840572306624E-01 -6.897371541823739E-01
 -7.063760872590391E-01 -7.040925346588375E-01 -7.018028407626291E-01
 -5.597299029465882E-01 -5.626908484803824E-01 -5.655367944166764E-01
 -6.463331248500912E-01 -6.463305484145568E-01 -6.462704413049932E-01
 -6.650308422322839E-01 -6.635985553710957E-01 -6.621519019616440E-01
 -4.457925284533980E-01 -4.493309756177088E-01 -4.527678894655680E-01
 -5.371179613490163E-01 -5.382627100127051E-01 -5.393476990943685E-01
 -5.629026625656595E-01 -5.628743259615555E-01 -5.628206526539307E-01
 -3.082532278508071E-01 -3.119419838740055E-01 -3.155549328289418E-01
 -3.938304325448729E-01 -3.958635350909820E-01 -3.978471316098689E-01
 -4.231534433966332E-01 -4.243564991112156E-01 -4.255343779948139E-01
 -1.951416605062090E-01 -1.983884213796351E-01 -2.015852001062310E-01
 -2.650053884778599E-01 -2.672307967336352E-01 -2.694226886391657E-01
 -2.920468737552052E-01 -2.937597926174758E-01 -2.954553490715380E-01
 -1.290265033791038E-01 -1.315367892885312E-01 -1.340126669749454E-01
 -1.816147749689341E-01 -1.835049972799885E-01 -1.853716467604717E-01
 -2.036889727995240E-01 -2.052758766942117E-01 -2.068495311661721E-01
 -1.022315475640564E-01 -1.040109026600139E-01 -1.057619432077116E-01
 -1.411710200862727E-01 -1.425491034743940E-01 -1.439059085548743E-01
 -1.585402250631719E-01 -1.597277497124466E-01 -1.609001657989962E-01
 -9.638563960084302E-02 -9.755443456251563E-02 -9.869762097275846E-02
 -1.255726823712759E-01 -1.264564158340733E-01 -1.273187359597456E-01
 -1.392122706057073E-01 -1.399617367101542E-01 -1.406931133442516E-01
 -9.747258197347335E-02 -9.817767472221010E-02 -9.886118784850882E-02
 -1.194973660043854E-01 -1.199816365763668E-01 -1.204465204185737E-01
 -1.301326867234969E-01 -1.305109856290046E-01 -1.308714379666411E-01
 -9.915851459053512E-02 -9.954925236912586E-02 -9.992378492934773E-02
 -1.156256614198940E-01 -1.158373277604907E-01 -1.160340181168862E-01
 -1.237380947601033E-01 -1.238609665848140E-01 -1.239695405767821E-01
 -1.000886406843143E-01 -1.002739070252922E-01 -1.004454717119266E-01
 -1.122266663654932E-01 -1.122717717780535E-01 -1.123045664885667E-01
 -1.182609534510942E-01 -1.182340148946137E-01 -1.181953822571333E-01
 -1.001444682875496E-01 -1.001341244447104E-01 -1.001056986248603E-01
 -1.091490649068325E-01 -1.090447434108580E-01 -1.089244895645670E-01
 -1.136252674729067E-01 -1.134707157883708E-01 -1.133012355588181E-01
 -9.824212288464150E-02 -9.793871785583998E-02 -9.760762754643119E-02
 -1.052851585741700E-01 -1.049371601925330E-01 -1.045639111192615E-01
 -1.087674843857028E-01 -1.083942770282997E-01 -1.079970550142846E-01
 -9.243953197749508E-02 -9.172515891533463E-02 -9.097698263369525E-02
 -9.846048511506880E-02 -9.773811305203792E-02 -9.698330218172527E-02
 -1.014287023858557E-01 -1.007010298528518E-01 -9.994172149517498E-02
 -8.163060084633887E-02 -8.051344992865694E-02 -7.937110800632942E-02
 -8.711078255371520E-02 -8.599227478425858E-02 -8.484743753581525E-02
 -8.982701659384423E-02 -8.870871196518434E-02 -8.756369170753987E-02
 -6.731114825526416E-02 -6.604062586507026E-02 -6.477488063350949E-02
 -7.219240975350014E-02 -7.088972033003405E-02 -6.958755472307469E-02
 -7.464565423182347E-02 -7.332970055642639E-02 -7.201231711652156E-02
 -5.410945108005754E-02 -5.317634043811513E-02 -5.229521049866643E-02
 -5.790916667883851E-02 -5.688408672897118E-02 -5.590451941868473E-02
 -5.986405565740707E-02 -5.879669177930359E-02 -5.777168218672504E-02
 -4.853300414720636E-02 -4.851975596243813E-02 -4.860625383190133E-02
 -5.063026282070657E-02 -5.046100618990656E-02 -5.038524024286165E-02
 -5.176611716288765E-02 -5.152183554714219E-02 -5.136783594999755E-02
 -5.629346548232096E-02 -5.762258806107424E-02 -5.907711652922706E-02
 -5.629042810496461E-02 -5.742671017471961E-02 -5.868521681143608E-02
 -5.638429783211493E-02 -5.742497331828680E-02 -5.858605916483443E-02
 -7.950737799329131E-02 -8.221954980381146E-02 -8.504478911952210E-02
 -7.749662538105058E-02 -8.002790298796422E-02 -8.267389936311446E-02
 -7.656636668628958E-02 -7.900527377086368E-02 -8.155944134824972E-02
 -1.153360409385254E-01 -1.190256085824258E-01 -1.227780657593277E-01
 -1.119381473560305E-01 -1.155081935176078E-01 -1.191474121028767E-01
 -1.102724529461363E-01 -1.137785968634316E-01 -1.173568195191953E-01
 -1.567801114074779E-01 -1.607224562596444E-01 -1.646562534848043E-01
 -1.529507961298273E-01 -1.568647690123334E-01 -1.607790556850431E-01
 -1.510201891321932E-01 -1.549149702145017E-01 -1.588143999597797E-01
 -1.951910395970135E-01 -1.986027044657945E-01 -2.019388747301194E-01
 -1.919034898313963E-01 -1.953771445823688E-01 -1.987837962435343E-01
 -1.902029456949173E-01 -1.937033272549779E-01 -1.971410203531085E-01
 -2.233350675438803E-01 -2.256462518098943E-01 -2.278417487455009E-01
 -2.212831422842400E-01 -2.237189349310566E-01 -2.260448149850297E-01
 -2.201788824852774E-01 -2.226745650691949E-01 -2.250634018861278E-01
 -2.375781371196394E-01 -2.385821632727809E-01 -2.394642400444855E-01
 -2.370316264386064E-01 -2.381842198710855E-01 -2.392172007005653E-01
 -2.366799122230900E-01 -2.379064462604158E-01 -2.390147377145008E-01
 -2.382157976601287E-01 -2.380347511506419E-01 -2.377502964843418E-01
 -2.390663557917695E-01 -2.390253313178430E-01 -2.388804610381491E-01
 -2.394288330015833E-01 -2.394590565006063E-01 -2.393853762063596E-01
 -2.281565828959746E-01 -2.270858794913262E-01 -2.259392541597442E-01
 -2.300741114687171E-01 -2.291159950943138E-01 -2.280797950969263E-01
 -2.309933418601607E-01 -2.300936228150669E-01 -2.291148398396485E-01
 -2.111069771260912E-01 -2.094591237383849E-01 -2.077600337074483E-01
 -2.136900239773336E-01 -2.121196367563374E-01 -2.104948548215943E-01
 -2.149661206817510E-01 -2.134368314568695E-01 -2.118516134460970E-01
 -1.903144097121142E-01 -1.883388775101999E-01 -1.863305897750384E-01
 -1.931765834090404E-01 -1.912415348161417E-01 -1.892699495772396E-01
 -1.946129235906276E-01 -1.927003061630347E-01 -1.907492592360652E-01
 -1.681683125273289E-01 -1.660473581066161E-01 -1.639083169750753E-01
 -1.709730279339908E-01 -1.688566638918828E-01 -1.667181431514363E-01
 -1.723954767017769E-01 -1.702831106297366E-01 -1.681465108322104E-01
 -1.463436595878454E-01 -1.442205472210040E-01 -1.420935015171365E-01
 -1.488218544667084E-01 -1.466715541831619E-01 -1.445134600055884E-01
 -1.500889532064771E-01 -1.479260844291276E-01 -1.457534213455776E-01
 -1.260509546708606E-01 -1.240509570183151E-01 -1.220616657070749E-01
 -1.280181535060846E-01 -1.259669204004635E-01 -1.239233387072821E-01
 -1.290310093158603E-01 -1.269544671116415E-01 -1.248839677140585E-01
 -1.081662895533336E-01 -1.063967882894611E-01 -1.046514263545466E-01
 -1.095341003715755E-01 -1.077000034478948E-01 -1.058882918132656E-01
 -1.102433821337291E-01 -1.083766848622330E-01 -1.065314209840192E-01
 -9.323501222561560E-02 -9.177088379687243E-02 -9.034007399245489E-02
 -9.400944618315943E-02 -9.247921392439849E-02 -9.098207949159953E-02
 -9.441512054419238E-02 -9.285111214822749E-02 -9.132003505469054E-02
 -8.142207767096488E-02 -8.028877060893912E-02 -7.919114336179313E-02
 -8.168917870197687E-02 -8.049914880928728E-02 -7.934600161991716E-02
 -8.183313784198527E-02 -8.061381295051466E-02 -7.943194251402175E-02
 -7.247889443864039E-02 -7.164498194034366E-02 -7.084177661201559E-02
 -7.238128418026282E-02 -7.150788332507360E-02 -7.066736585285595E-02
 -7.233519287495321E-02 -7.144111690764562E-02 -7.058101278305680E-02
 -6.578776873796703E-02 -6.517475185012098E-02 -6.458223802038700E-02
 -6.549334088284743E-02 -6.486122040045096E-02 -6.425207621285407E-02
 -6.534270833779797E-02 -6.470030173350708E-02 -6.408213547542310E-02
 -6.051640828900257E-02 -6.002463353749547E-02 -5.954173708582712E-02
 -6.018217485985444E-02 -5.968964919357483E-02 -5.920809877292918E-02
 -6.000797299448062E-02 -5.951466496566995E-02 -5.903342380848774E-02
 -5.584430723818277E-02 -5.538373178625114E-02 -5.492263763187626E-02
 -5.558484479136303E-02 -5.513591958310297E-02 -5.468776084153661E-02
 -5.544711663194379E-02 -5.500395944313893E-02 -5.456225430859761E-02
 -5.116287631874487E-02 -5.067464901952366E-02 -5.018069156128244E-02
 -5.103450549427369E-02 -5.056296029472070E-02 -5.008606659324347E-02
 -5.096367031658693E-02 -5.050067407016596E-02 -5.003255001858337E-02
 -4.616542405649161E-02 -4.562728975689192E-02 -4.508236404101098E-02
 -4.617006871086670E-02 -4.564734164857106E-02 -4.511749606738959E-02
 -4.616831111156034E-02 -4.565361949609463E-02 -4.513165733308609E-02
 -4.081623747844182E-02 -4.023463544114420E-02 -3.964802183871390E-02
 -4.091937148788943E-02 -4.034811069657289E-02 -3.977113648675017E-02
 -4.096955331760840E-02 -4.040378456032349E-02 -3.983194699115138E-02
 -3.525014670857520E-02 -3.464680551499279E-02 -3.404144244629780E-02
 -3.540296044606837E-02 -3.480383865195438E-02 -3.420194782352175E-02
 -3.548002306833715E-02 -3.488323497918799E-02 -3.428329038752669E-02
 -2.966415711838411E-02 -2.906374818822604E-02 -2.846418018185916E-02
 -2.982197290573976E-02 -2.922070445864181E-02 -2.861971806810866E-02
 -2.990259465541582E-02 -2.930099345131542E-02 -2.869937878757160E-02
 -2.423645444102743E-02 -2.365820971857130E-02 -2.308271358326260E-02
 -2.436968155266519E-02 -2.378764730488697E-02 -2.320809436639476E-02
 -2.443814167327920E-02 -2.385419973199945E-02 -2.327259275579964E-02
 -1.908048273975058E-02 -1.853409161485336E-02 -1.799108354335152E-02
 -1.917779774899209E-02 -1.862696565543397E-02 -1.807952330446094E-02
 -1.922780803161275E-02 -1.867467663498135E-02 -1.812493184766572E-02
 -1.422988690048631E-02 -1.371511887816481E-02 -1.320321997248165E-02
 -1.429521015142833E-02 -1.377703109381130E-02 -1.326190282751423E-02
 -1.432848782151015E-02 -1.380850839009795E-02 -1.329167036313404E-02
 -9.648659592773886E-03 -9.157918732026538E-03 -8.668830491080788E-03
 -9.694503459647112E-03 -9.202120938895410E-03 -8.711622097480090E-03
 -9.717393113526960E-03 -9.224117061487055E-03 -8.732844167979582E-03
 -5.259418933088853E-03 -4.782010127937329E-03 -4.304909919709192E-03
 -5.299597996473586E-03 -4.822171913252505E-03 -4.345233456965545E-03
 -5.319284218498361E-03 -4.841816118155071E-03 -4.364930382195712E-03
 -9.788333610281346E-04 -5.052991713678307E-04 -3.108832537592383E-05
 -1.023117539822972E-03 -5.505086204203141E-04 -7.730210870484417E-05
 -1.044787389031367E-03 -5.726437831027146E-04 -9.994620518961996E-05
  3.252785212201585E-03  3.727770979065183E-03  4.203817673105919E-03
  3.200756773222096E-03  3.674657199861515E-03  4.149632994968174E-03
  3.175076654616598E-03  3.648411217201389E-03  4.122826547341075E-03
  7.457148847284285E-03  7.934058998329533E-03  8.411846017102738E-03
  7.398944598330516E-03  7.875160678076545E-03  8.352321397241853E-03
  7.369968487746487E-03  7.845811234209868E-03  8.322632780917832E-03
  1.162063731122905E-02  1.209625486501416E-02  1.257221832776512E-02
  1.156046328600999E-02  1.203597036650311E-02  1.251189816030525E-02
  1.153033418020288E-02  1.200576830313460E-02  1.248166196643506E-02
  1.570831012724265E-02  1.617779912484655E-02  1.664702652943728E-02
  1.565038820738045E-02  1.612024437524589E-02  1.658988919338204E-02
  1.562130606102364E-02  1.609134012132015E-02  1.656118948065817E-02
  1.968045326160770E-02  2.013925763167059E-02  2.059731557917238E-02
  1.962742219015620E-02  2.008682621386191E-02  2.054550009672275E-02
  1.960078779561026E-02  2.006049507770255E-02  2.051948131681562E-02
  2.350434891991213E-02  2.394923263598630E-02  2.439308093619646E-02
  2.345695209086864E-02  2.390243939945454E-02  2.434688193271694E-02
  2.343318080183305E-02  2.387897701593687E-02  2.432372400183994E-02
  2.715825052210224E-02  2.758736325642107E-02  2.801530846663773E-02
  2.711593495013805E-02  2.754553166483111E-02  2.797394162218222E-02
  2.709475452506819E-02  2.752459937577699E-02  2.795324756353048E-02
  3.062881459348631E-02  3.104110777261383E-02  3.145216239351723E-02
  3.059062489662670E-02  3.100327337571380E-02  3.141466788145574E-02
  3.057153811834068E-02  3.098436720576566E-02  3.139593415000266E-02
  3.390554730636761E-02  3.430002174061524E-02  3.469315476706495E-02
  3.387081871049513E-02  3.426558282740883E-02  3.465900061967723E-02
  3.385346865077513E-02  3.424837746305433E-02  3.464193712599223E-02
  3.697578374962794E-02  3.735094815228588E-02  3.772458421561951E-02
  3.694442648318655E-02  3.731989482079661E-02  3.769384008346484E-02
  3.692875117400204E-02  3.730436956619256E-02  3.767846735614695E-02
  3.982218476708611E-02  4.017587959254476E-02  4.052777107635810E-02
  3.979461237751331E-02  4.014868257866359E-02  4.050096057019840E-02
  3.978081264045167E-02  4.013506831291363E-02  4.048753736186012E-02
  4.242294825688871E-02  4.275248390325560E-02  4.307988277110435E-02
  4.239983017634109E-02  4.272983360041907E-02  4.305771241347583E-02
  4.238824321892253E-02  4.271847892192897E-02  4.304659620457740E-02
  4.475377270007779E-02  4.505622617482604E-02  4.535619175037030E-02
  4.473578659784219E-02  4.503879205226000E-02  4.533931969964489E-02
  4.472675722404418E-02  4.503003788902616E-02  4.533084589854817E-02
  4.679032706359142E-02  4.706284237582235E-02  4.733253490653896E-02
  4.677800864977429E-02  4.705113847671503E-02  4.732145267804241E-02
  4.677181010000920E-02  4.704524700034732E-02  4.731587191072475E-02
  4.851032872212838E-02  4.875033093202914E-02  4.898721121906407E-02
  4.850403148491199E-02  4.874468933046687E-02  4.898223015831019E-02
  4.850084347092523E-02  4.874182917664488E-02  4.897970032480592E-02
  4.989489415073219E-02  5.010020234735343E-02  5.030213219928999E-02
  4.989481886044563E-02  5.010080922333711E-02  5.030342502695746E-02
  4.989474246528296E-02  5.010107391326775E-02  5.030403267496329E-02
  5.092927728720771E-02  5.109815152853376E-02  5.126343489716990E-02
  5.093551921963892E-02  5.110509404921892E-02  5.127108142126683E-02
  5.093860164622555E-02  5.110852664803459E-02  5.127486587874334E-02
  5.160330729493595E-02  5.173447754494306E-02  5.186189015879326E-02
  5.161588534058803E-02  5.174776898878424E-02  5.187589813137270E-02
  5.162213561777758E-02  5.175437577746467E-02  5.188286298944934E-02
  5.191180301930425E-02  5.200451289473512E-02  5.209334989683913E-02
  5.193066010232018E-02  5.202408901566767E-02  5.211364749271928E-02
  5.194004991874687E-02  5.203383820739767E-02  5.212375728666486E-02
  5.185508180694015E-02  5.190915374549031E-02  5.195929817676281E-02
  5.188006549235798E-02  5.193485137936009E-02  5.198571095235331E-02
  5.189251953689510E-02  5.194766238487059E-02  5.199887953338093E-02
  5.143951128338984E-02  5.145541829381376E-02  5.146741325946708E-02
  5.147035085764634E-02  5.148695277840214E-02  5.149964220419573E-02
  5.148573504630784E-02  5.150268457196827E-02  5.151572139724186E-02
  5.067795224529491E-02  5.065687287944303E-02  5.063197374688119E-02
  5.071424547830640E-02  5.069382656738917E-02  5.066958566422432E-02
  5.073235996682193E-02  5.071227158293702E-02  5.068836011057890E-02
  4.958993211413611E-02  4.953376934770810E-02  4.947395783696105E-02
  4.963114703544791E-02  4.957559534931748E-02  4.951639101719543E-02
  4.965172687055924E-02  4.959648113986472E-02  4.953758082457384E-02
  4.820144791270541E-02  4.811280333013032E-02  4.802075648054663E-02
  4.824693790149311E-02  4.815884201319227E-02  4.806733850784464E-02
  4.826966049681396E-02  4.818183945273606E-02  4.809060812556095E-02
  4.654438037105564E-02  4.642648560542946E-02  4.630550272244859E-02
  4.659340759443326E-02  4.647598872373529E-02  4.635547520631010E-02
  4.661790448463908E-02  4.650072411507113E-02  4.638044584114906E-02
  4.465556748878526E-02  4.451218116618617E-02  4.436607742365898E-02
  4.470733003616996E-02  4.456433920251848E-02  4.441862351237875E-02
  4.473320050093460E-02  4.459040800354254E-02  4.444488693711889E-02
  4.257562007470169E-02  4.241090019895215E-02  4.224387673493934E-02
  4.262928008044626E-02  4.246487052447633E-02  4.229814931222361E-02
  4.265610523685107E-02  4.249185145349765E-02  4.232528198403093E-02
  4.034756884780330E-02  4.016592970349237E-02  3.998242904842148E-02
  4.040228054651265E-02  4.022086466292591E-02  4.003757885889753E-02
  4.042963737933972E-02  4.024833374044144E-02  4.006515597835193E-02
  3.801542781369614E-02  3.782138936529761E-02  3.762594406755094E-02
  3.807036499848971E-02  3.787646374840289E-02  3.768114720067579E-02
  3.809784008485369E-02  3.790400802859430E-02  3.770875645022487E-02
  3.562275370518547E-02  3.542079119248000E-02  3.521787339250526E-02
  3.567713571920096E-02  3.547522812977974E-02  3.527235706610807E-02
  3.570433823322088E-02  3.550245865985089E-02  3.529961151608314E-02
  3.321127896719746E-02  3.300568062974130E-02  3.279956060944307E-02
  3.326439386895057E-02  3.305877448308112E-02  3.285262576166566E-02
  3.329096719372136E-02  3.308533778055876E-02  3.287917520090396E-02
  3.081969190637368E-02  3.061443261274211E-02  3.040905409699517E-02
  3.087091534295670E-02  3.066556739595723E-02  3.046009333363930E-02
  3.089654655137950E-02  3.069115470479941E-02  3.048563329030564E-02
  2.848262724097321E-02  2.828126463468886E-02  2.808014331129494E-02
  2.853143593710710E-02  2.832992693246567E-02  2.812865324266386E-02
  2.855586258549048E-02  2.835428073182460E-02  2.815293120209832E-02
  2.622991202624945E-02  2.603550966442297E-02  2.584165914392621E-02
  2.627589143541506E-02  2.608129567466391E-02  2.588724681571131E-02
  2.629890543477782E-02  2.610421324526263E-02  2.591006548047273E-02
  2.408608861033237E-02  2.390116797662169E-02  2.371705478938437E-02
  2.412893490061668E-02  2.394378491443081E-02  2.375943850827792E-02
  2.415038354802850E-02  2.396511907820618E-02  2.378065624783538E-02
  2.207021262871628E-02  2.189673344458713E-02  2.172426025199771E-02
  2.210972962832674E-02  2.193599597332509E-02  2.176326550895175E-02
  2.212951410997669E-02  2.195565333852188E-02  2.178279435014686E-02
  2.019590410923316E-02  2.003527043234688E-02  1.987578476033785E-02
  2.023199609171638E-02  2.007109302179079E-02  1.991133616974546E-02
  2.025006789798770E-02  2.008903018383151E-02  1.992913778749817E-02
  1.847161555967828E-02  1.832470386107271E-02  1.817902843167542E-02
  1.850427685705047E-02  1.835709006918656E-02  1.821113869063817E-02
  1.852063260413601E-02  1.837330826591110E-02  1.822721890123719E-02
  1.690107261079586E-02  1.676827730593350E-02  1.663675737664945E-02
  1.693037505973509E-02  1.679730699145123E-02  1.666551425327640E-02
  1.694505022067461E-02  1.681184571665916E-02  1.667991651507376E-02
  1.548383955182151E-02  1.536513121169447E-02  1.524769412208353E-02
  1.550991873331295E-02  1.539094663503327E-02  1.527324642701089E-02
  1.552298075922836E-02  1.540387668967432E-02  1.528604482624527E-02
  1.421596287042084E-02  1.411095444759075E-02  1.400717671344079E-02
  1.423900400837520E-02  1.413374611757320E-02  1.402972010341623E-02
  1.425054527362340E-02  1.414516252838216E-02  1.404101225071662E-02
  1.309064976906065E-02  1.299866654003943E-02  1.290784422996070E-02
  1.311087401739362E-02  1.301865952333336E-02  1.292760754728487E-02
  1.312100495471364E-02  1.302867468870319E-02  1.293750773809637E-02
  1.209894470651154E-02  1.201909417035472E-02  1.194031285796749E-02
  1.211659639320552E-02  1.203653541685110E-02  1.195754554341110E-02
  1.212543910453621E-02  1.204527275800261E-02  1.196617845264650E-02
  1.123037427208088E-02  1.116161289977043E-02  1.109381414600971E-02
  1.124570950319131E-02  1.117675997109195E-02  1.110877509662417E-02
  1.125339204884611E-02  1.118434828330303E-02  1.111627019435854E-02
  1.047353794672984E-02  1.041473241549942E-02  1.035677447043628E-02
  1.048681482058313E-02  1.042784385229555E-02  1.036972256342008E-02
  1.049346631298911E-02  1.043441247509259E-02  1.037620936327926E-02
  9.816628679893191E-03  9.766609988329974E-03  9.717321160260368E-03
  9.828099231768184E-03  9.777937424091448E-03  9.728507538202188E-03
  9.833845794663851E-03  9.783612284993940E-03  9.734111726807418E-03
  9.247872859046350E-03  9.205482359180017E-03  9.163706151588947E-03
  9.257776751266921E-03  9.215264385142129E-03  9.173368263392901E-03
  9.262738352382484E-03  9.220164919784413E-03  9.178208708539783E-03
  8.755885215449930E-03  8.720011968669393E-03  8.684643479024364E-03
  8.764445104610571E-03  8.728469673180849E-03  8.693000791644733E-03
  8.768733228098185E-03  8.732706583900521E-03  8.697187387161073E-03
  8.329940909107573E-03  8.299549934275643E-03  8.269563168952210E-03
  8.337359359108114E-03  8.306883978493154E-03  8.276814405088317E-03
  8.341075452313215E-03  8.310557762548576E-03  8.280446680180086E-03
  7.960172452035976E-03  7.934323771360371E-03  7.908789811296222E-03
  7.966630218594234E-03  7.940712821079516E-03  7.915111527194605E-03
  7.969864826168729E-03  7.943912978573655E-03  7.918277927507581E-03
  7.637699534432598E-03  7.615558837584494E-03  7.593655620275423E-03
  7.643355023364865E-03  7.621159148573666E-03  7.599201916248477E-03
  7.646187509906676E-03  7.623963968777988E-03  7.601979652943281E-03
  7.354694362232432E-03  7.335537363705386E-03  7.316553093425583E-03
  7.359684054520720E-03  7.340483310246677E-03  7.321456243558709E-03
  7.362182812188383E-03  7.342960131117110E-03  7.323911603577688E-03
  7.104380437407323E-03  7.087593440362590E-03  7.070926226672472E-03
  7.108820069099049E-03  7.091998774434148E-03  7.075298014544273E-03
  7.111043104171966E-03  7.094204608980040E-03  7.077487025420145E-03
  6.880970067125641E-03  6.866047704590002E-03  6.851202708119195E-03
  6.884956344895116E-03  6.870007328700229E-03  6.855136253832569E-03
  6.886952133568591E-03  6.871989749561642E-03  6.857105595501681E-03
  6.679568274056023E-03  6.666106462632874E-03  6.652688908145780E-03
  6.683180905512474E-03  6.669698498421396E-03  6.656260772169823E-03
  6.684989408209868E-03  6.671496671459863E-03  6.658048828322678E-03
  6.496090851825871E-03  6.483771706199411E-03  6.471472427027328E-03
  6.499394693479810E-03  6.487059662720853E-03  6.474744796428403E-03
  6.501048428985227E-03  6.488705431427362E-03  6.476382748000865E-03
  6.327231492535425E-03  6.315800591069532E-03  6.304373764454421E-03
  6.330278680441014E-03  6.318835495969296E-03  6.307396583356585E-03
  6.331803792077787E-03  6.320354447996005E-03  6.308909474782055E-03
  6.170454672693055E-03  6.159698925307379E-03  6.148939278934395E-03
  6.173286681630952E-03  6.162521363536824E-03  6.151752266405203E-03
  6.174703968188055E-03  6.163933851440616E-03  6.153160015999909E-03
  6.023923054916752E-03  6.013662861812845E-03  6.003395807537502E-03
  6.026572680209798E-03  6.016304921136375E-03  6.006030366381097E-03
  6.027898588522421E-03  6.017627036845267E-03  6.007348722488440E-03
  5.886263190839314E-03  5.876367346145637E-03  5.866461722986196E-03
  5.888756420763197E-03  5.878854451093267E-03  5.868942733860481E-03
  5.890003983743175E-03  5.880098944705236E-03  5.870184173725798E-03
  5.756176786618218E-03  5.746591643210763E-03  5.736988761524090E-03
  5.758534451172530E-03  5.748944179151692E-03  5.739336180087994E-03
  5.759714114055501E-03  5.750121272828760E-03  5.740510710279549E-03
  5.632067479210666E-03  5.622834438612336E-03  5.613568830139705E-03
  5.634306509131535E-03  5.625069006153138E-03  5.615798935175042E-03
  5.635426760709966E-03  5.626187023028219E-03  5.616914717338951E-03
  5.511938334709827E-03  5.503172682765232E-03  5.494356398346163E-03
  5.514072530891290E-03  5.505302872034469E-03  5.496482571507630E-03
  5.515140289703375E-03  5.506368624812652E-03  5.497546313680209E-03
  5.393706429129198E-03  5.385533140773310E-03  5.377295714081228E-03
  5.395746825430206E-03  5.387569887221629E-03  5.379328791899039E-03
  5.396767622336836E-03  5.388588857249238E-03  5.380345925663092E-03
  5.275808358906759E-03  5.268283661537339E-03  5.260693160360623E-03
  5.277763441251917E-03  5.270235431514648E-03  5.262641590338004E-03
  5.278741529878742E-03  5.271211862425943E-03  5.263616349707951E-03
  5.157728032238844E-03  5.150792911896828E-03  5.143803948967561E-03
  5.159604103224612E-03  5.152666013679229E-03  5.145674049228915E-03
  5.160542642931541E-03  5.153603067550346E-03  5.146609601088366E-03
  5.040078189284377E-03  5.033574108147237E-03  5.027036537654220E-03
  5.041879994224959E-03  5.035373269633649E-03  5.028833025196423E-03
  5.042781363720906E-03  5.036273316395106E-03  5.029731733957524E-03
  4.924146396518166E-03  4.917883257470865E-03  4.911606358727473E-03
  4.925877872926799E-03  4.919612357572249E-03  4.913333059383878E-03
  4.926744045588426E-03  4.920477341248484E-03  4.914196842485899E-03
  4.811176341189966E-03  4.805008699622821E-03  4.798839205622426E-03
  4.812841213441079E-03  4.806671379912365E-03  4.800499679895153E-03
  4.813674055126529E-03  4.807503124914543E-03  4.801330321171226E-03
  4.701817302493773E-03  4.695683445841725E-03  4.689550235080470E-03
  4.703419321693258E-03  4.697283383832295E-03  4.691148084639528E-03
  4.704220711037179E-03  4.698083731960265E-03  4.691947387928772E-03
  4.596019509996237E-03  4.589928625818790E-03  4.583835049653920E-03
  4.597562360549824E-03  4.591469465042713E-03  4.585373873168783E-03
  4.598334142425694E-03  4.592240240705487E-03  4.586143640421710E-03
  4.493322934100929E-03  4.487311734764738E-03  4.481293778464562E-03
  4.494810009090939E-03  4.488796860089451E-03  4.482776949550063E-03
  4.495553882352819E-03  4.489539758021426E-03  4.483518869860118E-03
  4.393251525961623E-03  4.387345540612293E-03  4.381431109662762E-03
  4.394685784747877E-03  4.388777918569600E-03  4.382861601137142E-03
  4.395403231063464E-03  4.389494424017399E-03  4.383577162885471E-03
  4.295542075550423E-03  4.289742680135550E-03  4.283935600180460E-03
  4.296926064896012E-03  4.291124862182473E-03  4.285315968850311E-03
  4.297618359314009E-03  4.291816252539567E-03  4.286006452104902E-03
  4.200136477635263E-03  4.194430245020823E-03  4.188717952265866E-03
  4.201472455020596E-03  4.195764483951988E-03  4.190050447123254E-03
  4.202140727690495E-03  4.196431887024640E-03  4.190716977786349E-03
  4.107049879670564E-03  4.101423403557449E-03  4.095791993702027E-03
  4.108339931293516E-03  4.102711775088416E-03  4.097078680277229E-03
  4.108985226518692E-03  4.103356229932771E-03  4.097722292307304E-03
  4.016262550904369E-03  4.010709841063957E-03  4.005152515109930E-03
  4.017508646321034E-03  4.011954304851782E-03  4.006395342920248E-03
  4.018131949954005E-03  4.012576792364901E-03  4.007017012138597E-03
  3.927697438203964E-03  3.922218551734427E-03  3.916734956218735E-03
  3.928901433555175E-03  3.923420957762442E-03  3.917935768744026E-03
  3.929503674617551E-03  3.924022403881907E-03  3.918536417829193E-03
  3.841253298813639E-03  3.835849838114508E-03  3.830441611334120E-03
  3.842416928140400E-03  3.837011917379256E-03  3.831602136349127E-03
  3.842998974490511E-03  3.837593188436569E-03  3.832182630018683E-03
  3.756839429710363E-03  3.751511655945536E-03  3.746179274893288E-03
  3.757964308176007E-03  3.752635021810756E-03  3.747301123967468E-03
  3.758526968140043E-03  3.753196925229011E-03  3.747862268744833E-03
  3.674387405242384E-03  3.669133834546929E-03  3.663875990106060E-03
  3.675475044041190E-03  3.670219996459067E-03  3.664960671029122E-03
  3.676019073888911E-03  3.670763287632450E-03  3.665503221474728E-03
  3.593845400912538E-03  3.588663702780064E-03  3.583478109405780E-03
  3.594897224888637E-03  3.589714083579920E-03  3.584527043103581E-03
  3.595423337648035E-03  3.590239474530353E-03  3.585051710281678E-03
  3.515167347956294E-03  3.510055477688140E-03  3.504940010767085E-03
  3.516184710115713E-03  3.511071428282920E-03  3.505954546097757E-03
  3.516693582827512E-03  3.511579595002762E-03  3.506462004974151E-03
  3.438304071689840E-03  3.433260977678503E-03  3.428214462908400E-03
  3.439288262475662E-03  3.434243786733531E-03  3.429195886739864E-03
  3.439780540864969E-03  3.434735374055059E-03  3.429686781247011E-03
  3.363200637886463E-03  3.358226070616531E-03  3.353248208619949E-03
  3.364152888900691E-03  3.359176968655119E-03  3.354197750343096E-03
  3.364629189224592E-03  3.359652592297912E-03  3.354672695632228E-03
  3.289801382922745E-03  3.284894966808951E-03  3.279985444317402E-03
  3.290722867590111E-03  3.285815126812168E-03  3.280904276441727E-03
  3.291183776990427E-03  3.286275373690003E-03  3.281363859190125E-03
  3.218057489257748E-03  3.213218038114586E-03  3.208375752334599E-03
  3.218949325324183E-03  3.214108577452456E-03  3.209264991895740E-03
  3.219395403069815E-03  3.214554006650170E-03  3.209709771019866E-03
  3.147928400991529E-03  3.143154270940739E-03  3.138377566115287E-03
  3.148791656958259E-03  3.144016257366332E-03  3.139238280167527E-03
  3.149223437667023E-03  3.144447403125575E-03  3.139668789559988E-03
  3.079375188705433E-03  3.074665201224795E-03  3.069952799585639E-03
  3.080210890742622E-03  3.075499659958271E-03  3.070786012392452E-03
  3.080628887842927E-03  3.075917035233040E-03  3.071202764529672E-03
  3.012354207618919E-03  3.007707927096128E-03  3.003059329362317E-03
  3.013163342131297E-03  3.008515843920324E-03  3.003866026026370E-03
  3.013568049147604E-03  3.008919941923440E-03  3.004269513778941E-03
  2.946819181814638E-03  2.942236187772414E-03  2.937651017941052E-03
  2.947602694042914E-03  2.943018507766778E-03  2.938432143342980E-03
  2.947994583904238E-03  2.943409801345469E-03  2.938822839459058E-03
  2.882728623371553E-03  2.878207778567638E-03  2.873684976068069E-03
  2.883487417325331E-03  2.878965405580766E-03  2.874441433920257E-03
  2.883866942321307E-03  2.879344346944605E-03  2.874819790542022E-03
  2.820048314646957E-03  2.815588027226650E-03  2.811125990666838E-03
  2.820783257324688E-03  2.816321827668553E-03  2.811858646832851E-03
  2.821150851225375E-03  2.816688850294387E-03  2.812225097163596E-03
  2.758745468511395E-03  2.754344568821071E-03  2.749942035945582E-03
  2.759457395144401E-03  2.755055377094376E-03  2.750651723988300E-03
  2.759813475832091E-03  2.755410898449016E-03  2.751006685073152E-03
  2.698782690993289E-03  2.694440701144735E-03  2.690097137123228E-03
  2.699472406461630E-03  2.695129321578060E-03  2.690784660760242E-03
  2.699817376614917E-03  2.695473744064490E-03  2.691128534698233E-03
  2.640120028387474E-03  2.635836462578031E-03  2.631551428245147E-03
  2.640788305148384E-03  2.636503667472021E-03  2.632217559587376E-03
  2.641122551229924E-03  2.636837377474496E-03  2.632550732666055E-03
  2.582722055599786E-03  2.578495740068604E-03  2.574268135390433E-03
  2.583369633203570E-03  2.579142268768216E-03  2.574913613603319E-03
  2.583693525202957E-03  2.579465636173928E-03  2.575236455623693E-03
  2.526560026027558E-03  2.522389384496334E-03  2.518217621647814E-03
  2.527187614804530E-03  2.523015946705752E-03  2.518843155848695E-03
  2.527501508101415E-03  2.523329326580135E-03  2.519156021579325E-03
  2.471606138897841E-03  2.467490032145945E-03  2.463372883613053E-03
  2.472214424438702E-03  2.468097312620349E-03  2.463979157707207E-03
  2.472518662021563E-03  2.468401047535890E-03  2.464282389298103E-03
  2.417827984230109E-03  2.413765929490328E-03  2.409702863047953E-03
  2.418417628133778E-03  2.414354589281033E-03  2.410290537484123E-03
  2.418712540991930E-03  2.414649009952445E-03  2.410584465347250E-03
  2.365190832791740E-03  2.361182310742427E-03  2.357172856685547E-03
  2.365762470343479E-03  2.361752984955500E-03  2.357742566362048E-03
  2.366048376301954E-03  2.362038409116074E-03  2.358027508126478E-03
  2.313664403125196E-03  2.309708232211713E-03  2.305751279878343E-03
  2.314218642785175E-03  2.310261529056444E-03  2.306303632785945E-03
  2.314495846244652E-03  2.310538260982509E-03  2.306579892616793E-03
  2.263224590911276E-03  2.259319236943491E-03  2.255413238845038E-03
  2.263762017781561E-03  2.259855740863092E-03  2.255948818803586E-03
  2.264030811450823E-03  2.260124072935552E-03  2.256216688774220E-03
  2.213847821392283E-03  2.209992196989093E-03  2.206135981785028E-03
  2.214369001191696E-03  2.210512472873688E-03  2.206655352842132E-03
  2.214629668086067E-03  2.210772687693142E-03  2.206915115130288E-03
  2.165505958046073E-03  2.161699596720175E-03  2.157892654787235E-03
  2.166011437416819E-03  2.162204190683993E-03  2.158396362475900E-03
  2.166264251005027E-03  2.162456561453869E-03  2.158648289994083E-03
  2.118168771496589E-03  2.114411149149256E-03  2.110653007317912E-03
  2.118659075571256E-03  2.114900586141667E-03  2.111141576382836E-03
  2.118904298558882E-03  2.115145375476735E-03  2.111385931641793E-03
  2.071810371851691E-03  2.068100331709122E-03  2.064389900795769E-03
  2.072286003768056E-03  2.068575114602544E-03  2.064863833875489E-03
  2.072523887852828E-03  2.068812574067169E-03  2.065100868324787E-03
  2.026410608344243E-03  2.022746681593672E-03  2.019082478604395E-03
  2.026872052526034E-03  2.023207294157708E-03  2.019542258851380E-03
  2.027102840048147E-03  2.023437665765628E-03  2.019772214195625E-03
  1.981949576264866E-03  1.978330737050383E-03  1.974711656927856E-03
  1.982397302013518E-03  1.978777647785933E-03  1.975157752028436E-03
  1.982621227750501E-03  1.979001165914205E-03  1.975380862236050E-03
  1.938402900393373E-03  1.934828705863669E-03  1.931254267745193E-03
  1.938837361888742E-03  1.935262368452226E-03  1.931687130831680E-03
  1.939054653041990E-03  1.935479260052974E-03  1.931903622581762E-03
  1.895744208189929E-03  1.892214146075172E-03  1.888683888198195E-03
  1.896165841978191E-03  1.892634996897431E-03  1.889103955466389E-03
  1.896376716929243E-03  1.892845480266292E-03  1.889314046958964E-03
  1.853951185021467E-03  1.850464145612845E-03  1.846977022027991E-03
  1.854360409501224E-03  1.850872602805500E-03  1.847384711387035E-03
  1.854565077556534E-03  1.851076887121164E-03  1.847588611689581E-03
  1.813006827554541E-03  1.809561422551757E-03  1.806116030556024E-03
  1.813404046081832E-03  1.809957888839290E-03  1.806511744133885E-03
  1.813602709019280E-03  1.810156175563190E-03  1.806709654409535E-03
  1.772894366496087E-03  1.769489635248052E-03  1.766084940010857E-03
  1.773279970713437E-03  1.769874501514660E-03  1.766469067918822E-03
  1.773472824449349E-03  1.770066986185299E-03  1.766661183319134E-03
  1.733593033247813E-03  1.730228557377828E-03  1.726864106727334E-03
  1.733967402983436E-03  1.730602202990082E-03  1.727237027823907E-03
  1.734154637524419E-03  1.730789075381731E-03  1.727423537869326E-03
  1.695080384350703E-03  1.691755669528332E-03  1.688431018190462E-03
  1.695443885175453E-03  1.692118459909459E-03  1.688793097733359E-03
  1.695625683385005E-03  1.692299902811131E-03  1.688974185129770E-03
  1.657337613683225E-03  1.654051605749636E-03  1.650765759530604E-03
  1.657690596295723E-03  1.654403891356358E-03  1.651117347768808E-03
  1.657867133619964E-03  1.654580080094093E-03  1.651293187739281E-03
  1.620350221872306E-03  1.617101616956947E-03  1.613853257971102E-03
  1.620693024840293E-03  1.617443735757705E-03  1.614194692308841E-03
  1.620864470633509E-03  1.617614839384706E-03  1.614365453621496E-03
  1.584103071735904E-03  1.580890975020709E-03  1.577679139057909E-03
  1.584436024300523E-03  1.581223255539248E-03  1.578010747286492E-03
  1.584602543261181E-03  1.581389438397020E-03  1.578176593919311E-03
  1.548576813703720E-03  1.545400836220563E-03  1.542225103481782E-03
  1.548900235412670E-03  1.545723597577788E-03  1.542547204251655E-03
  1.549061987387374E-03  1.545885019298735E-03  1.542708295599805E-03
  1.513750883796555E-03  1.510610558471801E-03  1.507470508694006E-03
  1.514065082171436E-03  1.510924108062412E-03  1.507783409256164E-03
  1.514222220995830E-03  1.511080922417567E-03  1.507939899019940E-03
  1.479609288610216E-03  1.476503618813690E-03  1.473398312255057E-03
  1.479914558918426E-03  1.476808251687398E-03  1.473702307474118E-03
  1.480067232285744E-03  1.476960606262458E-03  1.473854343147642E-03
  1.446141530672507E-03  1.443069283082576E-03  1.439997474058415E-03
  1.446438158983528E-03  1.443365284743523E-03  1.440292848909459E-03
  1.446586509998799E-03  1.443513322361020E-03  1.440440573048113E-03
  1.413337439201736E-03  1.410297765572951E-03  1.407258541098738E-03
  1.413625705427734E-03  1.410585415253108E-03  1.407545574118551E-03
  1.413769874106623E-03  1.410729275586651E-03  1.407689126049446E-03
  1.381182552186518E-03  1.378175086165701E-03  1.375168049389219E-03
  1.381462729596002E-03  1.378454656722326E-03  1.375447012982037E-03
  1.381602852635835E-03  1.378594476264440E-03  1.375586528970675E-03
  1.349659520850229E-03  1.346683815059439E-03  1.343708558955185E-03
  1.349931873103460E-03  1.346955570024136E-03  1.343979716507886E-03
  1.350068082391080E-03  1.347091480596530E-03  1.344115328303953E-03
  1.318752880128317E-03  1.315807966700343E-03  1.312863576918832E-03
  1.319017660060575E-03  1.316072158703977E-03  1.313127180893873E-03
  1.319150082068161E-03  1.316204286678499E-03  1.313259014785047E-03
  1.288451970839163E-03  1.285536868214376E-03  1.282622347817043E-03
  1.288709424134560E-03  1.285793742436437E-03  1.282878642905222E-03
  1.288838181757321E-03  1.285922210455228E-03  1.283006821288971E-03
