  3.444391703679589E+00  3.438210743905664E+00  3.432027062639965E+00

  7.876684636194078E-01  7.874980603015089E-01  7.873829111752801E-01
  7.871358078776147E-01  7.870951528876660E-01  7.871139471032347E-01
  7.876211488674016E-01  7.876604906272089E-01  7.877616910142411E-01
  7.838267763102318E-01  7.836448936223925E-01  7.835216840861646E-01
  7.830637901253377E-01  7.829965256576481E-01  7.829933824976590E-01
  7.834236005507722E-01  7.834267886046623E-01  7.834971995067883E-01
  7.819221562976429E-01  7.820531755259540E-01  7.822611398285327E-01
  7.813761320086597E-01  7.814785367858955E-01  7.815984804026231E-01
  7.820827160232912E-01  7.821112278778130E-01  7.820675131028131E-01
  7.819221562976429E-01  7.820531755259540E-01  7.822611398285327E-01
  7.813761320086597E-01  7.814785367858955E-01  7.815984804026231E-01
  7.820827160232912E-01  7.821112278778130E-01  7.820675131028131E-01
  7.838267763102318E-01  7.836448936223925E-01  7.835216840861646E-01
  7.830637901253377E-01  7.829965256576481E-01  7.829933824976590E-01
  7.834236005507722E-01  7.834267886046623E-01  7.834971995067883E-01
  7.876684636194078E-01  7.874980603015089E-01  7.873829111752801E-01
  7.871358078776147E-01  7.870951528876660E-01  7.871139471032347E-01
  7.876211488674016E-01  7.876604906272089E-01  7.877616910142411E-01
  7.932526752187445E-01  7.931010657746453E-01  7.929959216521981E-01
  7.931165435666684E-01  7.931091052484658E-01  7.931512835890429E-01
  7.938385881773694E-01  7.939190994204749E-01  7.940513116212361E-01
  8.000847956703971E-01  7.999569463263478E-01  7.998670552781906E-01
  8.004764555381398E-01  8.004996476066513E-01  8.005616128703374E-01
  8.015379179555220E-01  8.016525081474614E-01  8.018065121215422E-01
  8.075178247047304E-01  8.074181014795861E-01  8.073481571995628E-01
  8.084387019909508E-01  8.084825218720291E-01  8.085548162335757E-01
  8.098530893297863E-01  8.099800825630143E-01  8.101345454545059E-01
  8.146223176064129E-01  8.145469895150985E-01  8.144943840419648E-01
  8.159478404628754E-01  8.160043069711826E-01  8.160818426646749E-01
  8.176284148769443E-01  8.177554701676748E-01  8.179021903523032E-01
  8.202760524060904E-01  8.202219657763410E-01  8.201863339127224E-01
  8.218744263718532E-01  8.219512915324660E-01  8.220458212530196E-01
  8.237238551464119E-01  8.238672326125673E-01  8.240274246480414E-01
  8.234409596968756E-01  8.234109590366088E-01  8.233982505689024E-01
  8.252446120271155E-01  8.253592449860238E-01  8.254910137145712E-01
  8.272113051397869E-01  8.274007362688232E-01  8.276068612542000E-01
  8.233419800116780E-01  8.233359467311074E-01  8.233482648192253E-01
  8.252319582060575E-01  8.253916448731933E-01  8.255694436492351E-01
  8.272236526626942E-01  8.274735173813120E-01  8.277409579944223E-01
  8.195377694668764E-01  8.195485031352658E-01  8.195801555542712E-01
  8.211324968877327E-01  8.213354599394838E-01  8.215589629605480E-01
  8.228706600403319E-01  8.231837519028727E-01  8.235167708190368E-01
  8.120545808353229E-01  8.120808446108254E-01  8.121316279917848E-01
  8.126519511084982E-01  8.129150764764594E-01  8.132028121879962E-01
  8.136592471803115E-01  8.140638470400430E-01  8.144928584377445E-01
  8.013796349526242E-01  8.014428113595943E-01  8.015343822780261E-01
  8.001644254328661E-01  8.005460352671392E-01  8.009570601219319E-01
  7.999569916341812E-01  8.005326698102402E-01  8.011382995320363E-01
  7.880560760813755E-01  7.882093212980891E-01  7.883943344496182E-01
  7.844816799505643E-01  7.850807219594494E-01  7.857131728710248E-01
  7.828753410165488E-01  7.837446392986049E-01  7.846483299584257E-01
  7.722864207005091E-01  7.726187040583729E-01  7.729852947730613E-01
  7.665118212063717E-01  7.674533754977927E-01  7.684304247292971E-01
  7.639260777857841E-01  7.652282696555833E-01  7.665665484800742E-01
  7.539225054533230E-01  7.545509900522015E-01  7.552154255816605E-01
  7.471873820753442E-01  7.485991103133967E-01  7.500460538946464E-01
  7.448526869893636E-01  7.467118735435050E-01  7.486054070721542E-01
  7.325387988318870E-01  7.335782915637827E-01  7.346542808668688E-01
  7.272931420549567E-01  7.292674756540121E-01  7.312741083529868E-01
  7.272346380632055E-01  7.297192137080902E-01  7.322327379240562E-01
  7.075693525588848E-01  7.090878502493391E-01  7.106417748405125E-01
  7.071493070072505E-01  7.096990298283717E-01  7.122751459373552E-01
  7.117797640449354E-01  7.148585768679871E-01  7.179572467465282E-01
  6.790551469521482E-01  6.810376497867929E-01  6.830523115041247E-01
  6.867270994073785E-01  6.897545015438957E-01  6.927995555742587E-01
  6.979553266919520E-01  7.014727620870854E-01  7.049982535547120E-01
  6.485671509962574E-01  6.509039309332321E-01  6.532676943959124E-01
  6.660157752217324E-01  6.693215012234945E-01  6.726351671532136E-01
  6.841852996782152E-01  6.878906986483926E-01  6.915926305442860E-01
  6.188630104758366E-01  6.213747088884801E-01  6.239080605346147E-01
  6.449412972959006E-01  6.482882846142271E-01  6.516355845198193E-01
  6.684227099631783E-01  6.720606935127007E-01  6.756873473855478E-01
  5.923682201754089E-01  5.948626350766176E-01  5.973752121804786E-01
  6.231768775492682E-01  6.263710144085451E-01  6.295617407061008E-01
  6.490069574742370E-01  6.524016950605482E-01  6.557820162011286E-01
  5.703252651267413E-01  5.726465568721981E-01  5.749850713596857E-01
  6.005426138515436E-01  6.034664691202105E-01  6.063869022412679E-01
  6.254453126137222E-01  6.285156360079295E-01  6.315723197161333E-01
  5.533794720055041E-01  5.554212375952077E-01  5.574812030036939E-01
  5.778980195962495E-01  5.804895275063527E-01  5.830802810912538E-01
  5.989883095058558E-01  6.017084717074384E-01  6.044184544454384E-01
  5.421409247113204E-01  5.438472911445620E-01  5.455732954058807E-01
  5.575764169618335E-01  5.598010689904138E-01  5.620290213244555E-01
  5.728454268944008E-01  5.752050667927384E-01  5.775596427018855E-01
  5.360718739305610E-01  5.374553152218775E-01  5.388587036883701E-01
  5.419157549026328E-01  5.437766566204602E-01  5.456446273588945E-01
  5.507720775731101E-01  5.527787851476849E-01  5.547857356058209E-01
  5.320642117442196E-01  5.332082692739097E-01  5.343708010608668E-01
  5.305817385391087E-01  5.321418256055555E-01  5.337111466665508E-01
  5.340264043046247E-01  5.357331613858123E-01  5.374441506003630E-01
  5.255602185412405E-01  5.265739526183726E-01  5.276033152430400E-01
  5.202886930110914E-01  5.216462741658303E-01  5.230134046707677E-01
  5.202944702272082E-01  5.217878412990146E-01  5.232874892375184E-01
  5.131402394750049E-01  5.141037181512128E-01  5.150792322336960E-01
  5.072916541718496E-01  5.085288416049621E-01  5.097743579068590E-01
  5.058906056335722E-01  5.072456344022384E-01  5.086070801960472E-01
  4.936380344997310E-01  4.945820850616776E-01  4.955344116140689E-01
  4.892457549561837E-01  4.904024796405016E-01  4.915652955719794E-01
  4.879083584547459E-01  4.891627859710874E-01  4.904222710165231E-01
  4.676611089000234E-01  4.685801422682712E-01  4.695042203727769E-01
  4.654321880865592E-01  4.665133981849370E-01  4.675982816182619E-01
  4.648506871288851E-01  4.660101151211153E-01  4.671726259179366E-01
  4.367730878040991E-01  4.376502343718012E-01  4.385302228506779E-01
  4.364376368624205E-01  4.374355981820521E-01  4.384354341399354E-01
  4.366572180320962E-01  4.377155234507893E-01  4.387752931606537E-01
  4.028794574736643E-01  4.037022047954983E-01  4.045263330026304E-01
  4.037530581868397E-01  4.046635979915300E-01  4.055748505029579E-01
  4.044942373364483E-01  4.054495511662841E-01  4.064052762632652E-01
  3.677656447407787E-01  3.685222558613445E-01  3.692784620632862E-01
  3.692102673315661E-01  3.700306542151586E-01  3.708503050342469E-01
  3.701659672188145E-01  3.710190571375429E-01  3.718712495491288E-01
  3.327439859044564E-01  3.334109153780265E-01  3.340744136805253E-01
  3.343689744027863E-01  3.350847011787047E-01  3.357969793714890E-01
  3.353491382230663E-01  3.360897368187258E-01  3.368268764500558E-01
  2.985259228646526E-01  2.990656665555249E-01  2.995980815455632E-01
  3.001698370238221E-01  3.007499418234210E-01  3.013228282044369E-01
  3.011060133808313E-01  3.017065900347122E-01  3.023000120195332E-01
  2.654063334643960E-01  2.657851292134872E-01  2.661537092835538E-01
  2.670243874797927E-01  2.674372489810793E-01  2.678398517032040E-01
  2.679108656543552E-01  2.683411157901338E-01  2.687611059270943E-01
  2.336459021768646E-01  2.338609760904794E-01  2.340661505024217E-01
  2.352068460918467E-01  2.354481117267212E-01  2.356790923499414E-01
  2.360431618315663E-01  2.362980383497110E-01  2.365424584068252E-01
  2.037736062665805E-01  2.038678802842341E-01  2.039564810139044E-01
  2.052159173232304E-01  2.053261146994307E-01  2.054299538446806E-01
  2.059812714577336E-01  2.061000135466099E-01  2.062120652726496E-01
  1.765907863700805E-01  1.766418141322082E-01  1.766938861651479E-01
  1.778357716050551E-01  1.778920170587721E-01  1.779485438317948E-01
  1.784953168140796E-01  1.785546638088302E-01  1.786139071508788E-01
  1.529146232006896E-01  1.530066388892093E-01  1.531065534950173E-01
  1.539008782629434E-01  1.539895144599522E-01  1.540854214058214E-01
  1.544250066602921E-01  1.545122618410978E-01  1.546064624449436E-01
  1.332975576242027E-01  1.334972835081384E-01  1.337102537087647E-01
  1.340019485206700E-01  1.341930026186504E-01  1.343968926741615E-01
  1.343791505863162E-01  1.345659979531925E-01  1.347654650720372E-01
  1.179095445269569E-01  1.182570004501745E-01  1.186210640265932E-01
  1.183454829694720E-01  1.186820259982439E-01  1.190349811079537E-01
  1.185827377374976E-01  1.189138226300770E-01  1.192612112636803E-01
  1.065773757493846E-01  1.070870861345382E-01  1.076148097776116E-01
  1.067826178728473E-01  1.072815863897357E-01  1.077985772012398E-01
  1.068993845069193E-01  1.073928873269440E-01  1.079044068761788E-01
  9.886823753880461E-02  9.953164500563097E-02  1.002124138228574E-01
  9.889524213173168E-02  9.955015208355028E-02  1.002226527370364E-01
  9.891834711066226E-02  9.956884024259684E-02  1.002370290199142E-01
  9.414943054864770E-02  9.493608350402469E-02  9.573729562238799E-02
  9.406022486622387E-02  9.484243838924554E-02  9.563965351645251E-02
  9.402121555256210E-02  9.480099269419628E-02  9.559598548609680E-02
  9.164356106124875E-02  9.250504341475575E-02  9.337652544970519E-02
  9.150411695641224E-02  9.236636915878392E-02  9.323920598913939E-02
  9.143661011946523E-02  9.229902441898108E-02  9.317231378168804E-02
  9.051920608810748E-02  9.139848800232539E-02  9.228241404272465E-02
  9.039063561490868E-02  9.127595990147981E-02  9.216653916716337E-02
  9.032604863273228E-02  9.121421395858657E-02  9.210794347281062E-02
  9.001059640001730E-02  9.085388470592470E-02  9.169674261282497E-02
  8.993983601237833E-02  9.079342221191766E-02  9.164710244414977E-02
  8.990267357782322E-02  9.076130678099255E-02  9.162030438077028E-02
  8.951847249485177E-02  9.028416933024129E-02  9.104534975541008E-02
  8.953260838794226E-02  9.031116556783110E-02  9.108556905452872E-02
  8.953743807347109E-02  9.032241368055452E-02  9.110342703329756E-02
  8.865424554451307E-02  8.931641133634072E-02  8.997120802537945E-02
  8.875998413029178E-02  8.943568217503614E-02  9.010417663231161E-02
  8.881098362087737E-02  8.949351586182079E-02  9.016893681898813E-02
  8.722876333851180E-02  8.777637003423724E-02  8.831497836895515E-02
  8.741585591367619E-02  8.797594124614184E-02  8.852699504837222E-02
  8.750840730761500E-02  8.807485317016643E-02  8.863225785744673E-02
  8.521062308439625E-02  8.564502263878071E-02  8.606993643197186E-02
  8.545745977626569E-02  8.590197707181363E-02  8.633680759613441E-02
  8.558091479773829E-02  8.603063081535474E-02  8.647056266137453E-02
  8.267600730319281E-02  8.300793073860012E-02  8.333089426838107E-02
  8.295593900620056E-02  8.329489194227005E-02  8.362457452339903E-02
  8.309683686731204E-02  8.343943105157885E-02  8.377259891452182E-02
  7.976112496734573E-02  8.000748610405956E-02  8.024620444005029E-02
  8.004818374688680E-02  8.029837342955214E-02  8.054057251293330E-02
  8.019323355893812E-02  8.044542947352715E-02  8.068945732239846E-02
  7.662254841324868E-02  7.680314591157439E-02  7.697788003878088E-02
  7.689550109582631E-02  7.707713131833059E-02  7.725258123773365E-02
  7.703373811661546E-02  7.721593397844555E-02  7.739178611183589E-02
  7.340793094855015E-02  7.354228557668280E-02  7.367262970068958E-02
  7.365236895600633E-02  7.378571027827857E-02  7.391480539608768E-02
  7.377628564131503E-02  7.390912910589775E-02  7.403760350577415E-02
  7.023671475933865E-02  7.034138922831742E-02  7.044362084897286E-02
  7.044555270777655E-02  7.054806778070376E-02  7.064800989882337E-02
  7.055138631445214E-02  7.065279896277533E-02  7.075156959384415E-02
  6.718932352203351E-02  6.727615354116777E-02  6.736159175671387E-02
  6.736214370253138E-02  6.744652774761120E-02  6.752949190157094E-02
  6.744956290848095E-02  6.753268268962262E-02  6.761436618715649E-02
  6.430449262460160E-02  6.438009271730880E-02  6.445478658071971E-02
  6.444596836273811E-02  6.451949255250854E-02  6.459215817946494E-02
  6.451728836223151E-02  6.458972887760042E-02  6.466133412741107E-02
  6.158485742515349E-02  6.165141535183038E-02  6.171710265403485E-02
  6.170252865643899E-02  6.176773904622928E-02  6.183216468768614E-02
  6.176158579380524E-02  6.182608403079801E-02  6.188984137184340E-02
  5.900898742717857E-02  5.906589376747093E-02  5.912171671694446E-02
  5.911091382900821E-02  5.916725932937014E-02  5.922260981306728E-02
  5.916185850879344E-02  5.921789924287013E-02  5.927299082514628E-02
  5.654562508555917E-02  5.659124113879779E-02  5.663550965193302E-02
  5.663853550019081E-02  5.668421614270884E-02  5.672861577180865E-02
  5.668486312833186E-02  5.673056668031989E-02  5.677502421008791E-02
  5.416553951311333E-02  5.419853255595485E-02  5.422999539541275E-02
  5.425386887789752E-02  5.428728910891330E-02  5.431921409894964E-02
  5.429790180810683E-02  5.433153778721775E-02  5.436369728495005E-02
  5.184837797494197E-02  5.186839389395588E-02  5.188683229811249E-02
  5.193420270443522E-02  5.195475165806689E-02  5.197372914804171E-02
  5.197703992594792E-02  5.199786376686551E-02  5.201711980366264E-02
  4.958445961646992E-02  4.959220884621510E-02  4.959845986561717E-02
  4.966805447952468E-02  4.967626004795947E-02  4.968295442263360E-02
  4.970985085081510E-02  4.971829417093328E-02  4.972521986025245E-02
  4.737302653392739E-02  4.737000084285489E-02  4.736563879731363E-02
  4.745367398520463E-02  4.745094237604931E-02  4.744685405866660E-02
  4.749405760860746E-02  4.749148047701636E-02  4.748753614917564E-02
  4.521877823879696E-02  4.520681958993033E-02  4.519371467378977E-02
  4.529552087951579E-02  4.528369255051073E-02  4.527069960639349E-02
  4.533398576875233E-02  4.532222653345486E-02  4.530929307642627E-02
  4.312816505401025E-02  4.310905501304146E-02  4.308897085679236E-02
  4.320031620889352E-02  4.318122263608225E-02  4.316114366638010E-02
  4.323649167156789E-02  4.321740704557936E-02  4.319733101655165E-02
  4.110644791632088E-02  4.108162509750606E-02  4.105595515980420E-02
  4.117380414084589E-02  4.114894899602566E-02  4.112324323353007E-02
  4.120756963909074E-02  4.118269701965033E-02  4.115697182867115E-02
  3.915608272053801E-02  3.912653408184183E-02  3.909621464314772E-02
  3.921888540992439E-02  3.918930821473168E-02  3.915896225712875E-02
  3.925035394533397E-02  3.922076049991404E-02  3.919039926950440E-02
  3.727651591884645E-02  3.724282674081762E-02  3.720840400279615E-02
  3.733526959709865E-02  3.730158266733791E-02  3.726716644637251E-02
  3.736469480188268E-02  3.733100736898750E-02  3.729659284541672E-02
  3.546503708447368E-02  3.542753774017876E-02  3.538932266329073E-02
  3.552030163750113E-02  3.548283773626258E-02  3.544466183568119E-02
  3.554796959645772E-02  3.551052257652672E-02  3.547236552614604E-02
  3.371807367600136E-02  3.367700471915006E-02  3.363523686292131E-02
  3.377031501042475E-02  3.372930186795282E-02  3.368759160619018E-02
  3.379646539204986E-02  3.375548005954854E-02  3.371379858149873E-02
  3.203232936727476E-02  3.198796276510173E-02  3.194292425684290E-02
  3.208186054765385E-02  3.203755338078722E-02  3.199257406001701E-02
  3.210665454368769E-02  3.206237743497294E-02  3.201742808946377E-02
  3.040541012539552E-02  3.035810027824599E-02  3.031015822180087E-02
  3.045240876208006E-02  3.040514942805338E-02  3.035725635468245E-02
  3.047593706089783E-02  3.042870342635832E-02  3.038083528887144E-02
  2.883589600315356E-02  2.878606952180357E-02  2.873565954022586E-02
  2.888045986880954E-02  2.883066972529010E-02  2.878029419956404E-02
  2.890277112314120E-02  2.885299947304721E-02  2.880264147902195E-02
  2.732304633378982E-02  2.727115960749138E-02  2.721874106788326E-02
  2.736524967799864E-02  2.731338604299832E-02  2.726098902760887E-02
  2.738637984272552E-02  2.733452788887843E-02  2.728214174670478E-02
  2.586639879735714E-02  2.581289364660980E-02  2.575890627378730E-02
  2.590632734520963E-02  2.585283606597252E-02  2.579886156259511E-02
  2.592631817359473E-02  2.587283381538533E-02  2.581886571546935E-02
  2.446546123419481E-02  2.441073746506808E-02  2.435557646513573E-02
  2.450322195843421E-02  2.444850700840405E-02  2.439335430605351E-02
  2.452212638251147E-02  2.446741575834841E-02  2.441226711540901E-02
  2.311957542106530E-02  2.306398449029486E-02  2.300799671167037E-02
  2.315528911432988E-02  2.309970457553857E-02  2.304372291207213E-02
  2.317316755686976E-02  2.311758613195534E-02  2.306160744621954E-02
  2.182792865496005E-02  2.177178230824022E-02  2.171527632926109E-02
  2.186171664753986E-02  2.180557505570909E-02  2.174907357628061E-02
  2.187863015183324E-02  2.182249089300285E-02  2.176599162435059E-02
  2.058963961362015E-02  2.053322388243111E-02  2.047648426467744E-02
  2.062161308151150E-02  2.056520000524845E-02  2.050846268283806E-02
  2.063761769981679E-02  2.058120594786825E-02  2.052446977483004E-02
  1.940384756229266E-02  1.934743445261686E-02  1.929073289314948E-02
  1.943410281333076E-02  1.937768935716959E-02  1.932098696477972E-02
  1.944924707585043E-02  1.939283347028635E-02  1.933613068787261E-02
  1.826976446523351E-02  1.821361788477497E-02  1.815721836470432E-02
  1.829838352066365E-02  1.824223285618013E-02  1.818582867940336E-02
  1.831270867066431E-02  1.825655599767310E-02  1.820014952653450E-02
  1.718668248230414E-02  1.713105868932351E-02  1.707521731199004E-02
  1.721373643292960E-02  1.715810449362982E-02  1.710225436736817E-02
  1.722727813157539E-02  1.717164215072384E-02  1.711578768096974E-02
  1.615394992273804E-02  1.609909471966329E-02  1.604405662300216E-02
  1.617950263240884E-02  1.612463526795390E-02  1.606958441819094E-02
  1.619229286702647E-02  1.613741944767930E-02  1.608236224638050E-02
  1.517093440196247E-02  1.511707946327781E-02  1.506307515050254E-02
  1.519504518486355E-02  1.514117432271664E-02  1.508715352196459E-02
  1.520711365500452E-02  1.515323485242761E-02  1.509920582858660E-02
  1.423698754406719E-02  1.418434740221178E-02  1.413158987214620E-02
  1.425971255234098E-02  1.420705302727589E-02  1.415427557519565E-02
  1.427108738641441E-02  1.421841818955163E-02  1.416563079631014E-02
  1.335141769948223E-02  1.330018784066376E-02  1.324887083305191E-02
  1.337281043305412E-02  1.332155800269495E-02  1.327021790300238E-02
  1.338351844436063E-02  1.333225474871786E-02  1.328090312374752E-02
  1.251347063025224E-02  1.246382641295433E-02  1.241412340715046E-02
  1.253358214541885E-02  1.248391240450872E-02  1.243418336850687E-02
  1.254364892683691E-02  1.249396644577198E-02  1.244422441659540E-02
  1.172231497190759E-02  1.167441083916278E-02  1.162647427102941E-02
  1.174119419183918E-02  1.169326182092134E-02  1.164529652408790E-02
  1.175064426104745E-02  1.170269779303328E-02  1.165471815396641E-02
  1.097702927628552E-02  1.093099787542292E-02  1.088495822178931E-02
  1.099472352990839E-02  1.094866145390693E-02  1.090259065775896E-02
  1.100358059375308E-02  1.095750320120227E-02  1.091141685477041E-02
  1.027658918495543E-02  1.023254030657290E-02  1.018850499245415E-02
  1.029314489220442E-02  1.024906323857312E-02  1.020499471374548E-02
  1.030143218961769E-02  1.025733416728338E-02  1.021324905584730E-02
  9.619855252214390E-03  9.577874750985623E-03  9.535927069782298E-03
  9.635318596896630E-03  9.593303612888879E-03  9.551321052995564E-03
  9.643059238679138E-03  9.601027029424490E-03  9.559027046083990E-03
  9.005563124515097E-03  8.965712088790939E-03  8.925910407612850E-03
  9.019980586027449E-03  8.980093790596068E-03  8.940255998580799E-03
  9.027197824521068E-03  8.987293162318048E-03  8.947437327691991E-03
  8.432317920445626E-03  8.394632322967539E-03  8.357009794830977E-03
  8.445736609173096E-03  8.408014422409538E-03  8.370355001501403E-03
  8.452454008759549E-03  8.414713537318489E-03  8.377035679701890E-03
  7.898594043356551E-03  7.863084999801146E-03  7.827649894316760E-03
  7.911061847181254E-03  7.875515830622334E-03  7.840043497370644E-03
  7.917303359112567E-03  7.881738862930964E-03  7.846247922375109E-03
  7.402740808349135E-03  7.369395464959471E-03  7.336132127393868E-03
  7.414306386205658E-03  7.380924116818394E-03  7.347623647018345E-03
  7.420096346221779E-03  7.386695617694500E-03  7.353376585325818E-03
  6.942993571372437E-03  6.911776575575825E-03  6.880646962955991E-03
  6.953706229640063E-03  6.922452759984944E-03  6.891286514536848E-03
  6.959069296817614E-03  6.927797591185189E-03  6.896613029960170E-03
  6.517489649044564E-03  6.488345128435053E-03  6.459290846992715E-03
  6.527399125324079E-03  6.498218953534427E-03  6.469128906887466E-03
  6.532360174683794E-03  6.503162175537531E-03  6.474054244212980E-03
  6.124288146768254E-03  6.097142113191067E-03  6.070086873782819E-03
  6.133444317466236E-03  6.106263783128501E-03  6.079173970488067E-03
  6.138028294525214E-03  6.110830505595150E-03  6.083723401835332E-03
  5.761392737320451E-03  5.736155826028152E-03  5.711008226473057E-03
  5.769845265032950E-03  5.744575281389528E-03  5.719394574208552E-03
  5.774077010142699E-03  5.748790484009521E-03  5.723593216437011E-03
  5.426776366900630E-03  5.403346809405050E-03  5.380003340357714E-03
  5.434574307870033E-03  5.411113329813805E-03  5.387738437042835E-03
  5.438478360358304E-03  5.415001663991373E-03  5.391611051096624E-03
  5.118406803599646E-03  5.096673520761376E-03  5.075021679683153E-03
  5.125598199497662E-03  5.103835314474865E-03  5.082153894647844E-03
  5.129198593707318E-03  5.107420898245299E-03  5.085724679501057E-03
  4.834271923001271E-03  4.814117619086412E-03  4.794039012063791E-03
  4.840903401891277E-03  4.820721424496038E-03  4.800615188385640E-03
  4.844223467582357E-03  4.824027643173899E-03  4.803907582087087E-03
  4.572403682857096E-03  4.553707825867704E-03  4.535081142946066E-03
  4.578520091222469E-03  4.559798546431277E-03  4.541146235542944E-03
  4.581582269346421E-03  4.562847869820866E-03  4.544182733991730E-03
  4.330899879245101E-03  4.313541467254408E-03  4.296245232474125E-03
  4.336543961918658E-03  4.319161856159368E-03  4.301841997704050E-03
  4.339369644239150E-03  4.321975680531839E-03  4.304643999084728E-03
  4.107942977942121E-03  4.091803011899532E-03  4.075718030561461E-03
  4.113155117249171E-03  4.096993417230301E-03  4.080886777568718E-03
  4.115764515509045E-03  4.099591937495395E-03  4.083474457605249E-03
  3.901815543147485E-03  3.886779149687911E-03  3.871790598635004E-03
  3.906633563529426E-03  3.891577325889304E-03  3.876569007765958E-03
  3.909045611327052E-03  3.893979440886817E-03  3.878961228484794E-03
  3.710912011601963E-03  3.696870181986348E-03  3.682869311235600E-03
  3.715371051686411E-03  3.701311169175873E-03  3.687292320666809E-03
  3.717603340072166E-03  3.703534420890979E-03  3.689506573268121E-03
  3.533746764312280E-03  3.520597696310750E-03  3.507483130912774E-03
  3.537879214812591E-03  3.524713765456526E-03  3.511582889143142E-03
  3.539947960818972E-03  3.526774311189550E-03  3.513635269828524E-03
  3.368958620754777E-03  3.356608668445343E-03  3.344287317434455E-03
  3.372794123662678E-03  3.360429327553660E-03  3.348093196467766E-03
  3.374714169520831E-03  3.362341942636856E-03  3.349998412657534E-03
  3.215312018230016E-03  3.203676269914398E-03  3.192063864248495E-03
  3.218877520536454E-03  3.207228324200146E-03  3.195602526182202E-03
  3.220662360211550E-03  3.209006431762456E-03  3.197373929494124E-03
  3.071695242553037E-03  3.060697758903191E-03  3.049719051996311E-03
  3.075015096221887E-03  3.064005416474148E-03  3.053014560359980E-03
  3.076676925136789E-03  3.065661140025852E-03  3.054664202026885E-03
  2.937116147693951E-03  2.926689900760341E-03  2.916278573476574E-03
  2.940212246802001E-03  2.929774914603750E-03  2.919352539990075E-03
  2.941762030209322E-03  2.931319148838158E-03  2.920891244053779E-03
  2.810695842405318E-03  2.800782401786983E-03  2.790880719103394E-03
  2.813587788163553E-03  2.803664238709465E-03  2.793752476447931E-03
  2.815035343521505E-03  2.805106733844507E-03  2.795189926022883E-03
  2.691660830696920E-03  2.682209846897258E-03  2.672768116784853E-03
  2.694366115357013E-03  2.684905874407625E-03  2.675454908367343E-03
  2.695720204207295E-03  2.686255329558258E-03  2.676799740460170E-03
  2.579334072687780E-03  2.570302609713525E-03  2.561278496522141E-03
  2.581868273987761E-03  2.572828292529369E-03  2.563795674945575E-03
  2.583136699155014E-03  2.574092453943393E-03  2.565055579678725E-03
  2.473125395220850E-03  2.464477163672547E-03  2.455834907435099E-03
  2.475502373904725E-03  2.466846262447293E-03  2.458196134337768E-03
  2.476692078278614E-03  2.468032022896554E-03  2.459377954902125E-03
  2.372521647532268E-03  2.364226184246784E-03  2.355935772217815E-03
  2.374753741515195E-03  2.366450950180299E-03  2.358153213240091E-03
  2.375870905191860E-03  2.367564446329462E-03  2.359263043446433E-03
  2.277076975072513E-03  2.269108806730025E-03  2.261145134635387E-03
  2.279175184961312E-03  2.271200166884263E-03  2.263229644451629E-03
  2.280225318090960E-03  2.272246872039756E-03  2.264272921341353E-03
  2.186403551206698E-03  2.178741372203023E-03  2.171083424702161E-03
  2.188377713105461E-03  2.180709101574294E-03  2.173044718294871E-03
  2.189365742402411E-03  2.181693911830562E-03  2.174026307890011E-03
  2.100163016900555E-03  2.092788911764620E-03  2.085418990395034E-03
  2.102021959696286E-03  2.094641789432780E-03  2.087265798019335E-03
  2.102952307200574E-03  2.095569101867668E-03  2.088190072927475E-03
  2.018058721129174E-03  2.010957467020776E-03  2.003860498844892E-03
  2.019810406661232E-03  2.012703414909029E-03  2.005600703346848E-03
  2.020687059947584E-03  2.013577197089035E-03  2.006471611546610E-03
  1.939828708385626E-03  1.932987190649495E-03  1.926150149995811E-03
  1.941480353915788E-03  1.934633394449744E-03  1.927790906175000E-03
  1.942306927450654E-03  1.935457245015046E-03  1.928612030819966E-03
  1.865239404670851E-03  1.858646153348171E-03  1.852057606961198E-03
  1.866797587802191E-03  1.860199165897798E-03  1.853605443398723E-03
  1.867577375520126E-03  1.860976366367301E-03  1.854380053847744E-03
  1.794080165682292E-03  1.787724977425766E-03  1.781374721011382E-03
  1.795550912419118E-03  1.789190805338030E-03  1.782835625275247E-03
  1.796286931858513E-03  1.789924363529586E-03  1.783566719799315E-03
  1.726159092623449E-03  1.720032674324430E-03  1.713911396552344E-03
  1.727547949833093E-03  1.721416849183209E-03  1.715290885142837E-03
  1.728242978461535E-03  1.722109534904381E-03  1.715981225990086E-03
  1.661300431861104E-03  1.655394031780716E-03  1.649492963719766E-03
  1.662612526135646E-03  1.656701667883482E-03  1.650796138724684E-03
  1.663269130860775E-03  1.657356041881873E-03  1.651448280525651E-03
  1.599343240874962E-03  1.593648324135715E-03  1.587958918468885E-03
  1.600583326473330E-03  1.594884165431425E-03  1.589190513535028E-03
  1.601203887681460E-03  1.595502602929909E-03  1.589806826353393E-03
  1.540140124658256E-03  1.534648238194353E-03  1.529162016441759E-03
  1.541312623349660E-03  1.535816697252378E-03  1.530326434900889E-03
  1.541899354881681E-03  1.536401407486542E-03  1.530909123348289E-03
  1.483554512178486E-03  1.478257470116696E-03  1.472966177938499E-03
  1.484663547024207E-03  1.479362661258305E-03  1.474067525302101E-03
  1.485218513110828E-03  1.479915704085443E-03  1.474618644827649E-03
  1.429455822963930E-03  1.424346182637208E-03  1.419242247686998E-03
  1.430505246645638E-03  1.425391949954643E-03  1.420284359351562E-03
  1.431030376106610E-03  1.425915249897495E-03  1.420805830127835E-03
  1.377713746660887E-03  1.372785320910251E-03  1.367862382427650E-03
  1.378707163841676E-03  1.373775260682432E-03  1.368848846136842E-03
  1.379204261294039E-03  1.374270618164117E-03  1.369342464317464E-03
  1.328194443532378E-03  1.323442483949616E-03  1.318695630710943E-03
  1.329135226903682E-03  1.324379960958617E-03  1.319629803149463E-03
  1.329605980806482E-03  1.324849060481802E-03  1.320097249186622E-03
  1.280761294949244E-03  1.276182115463534E-03  1.271607574399942E-03
  1.281652596159933E-03  1.277070274139262E-03  1.272492592585602E-03
  1.282098584293726E-03  1.277514689873366E-03  1.272935436940853E-03
  1.235280546806034E-03  1.230870689284169E-03  1.226465026162075E-03
  1.236125305270280E-03  1.231712462452910E-03  1.227303816178287E-03
  1.236547999152705E-03  1.232133662619915E-03  1.227723523700328E-03
  1.191629174677005E-03  1.187384524067715E-03  1.183143739666653E-03
  1.192430127775873E-03  1.188182642804586E-03  1.183939026195531E-03
  1.192830897771171E-03  1.188581994613931E-03  1.184336960895321E-03
  1.149700764236420E-03  1.145616068387972E-03  1.141535056569726E-03
  1.150460460954283E-03  1.146373075218235E-03  1.142289375656260E-03
  1.150840583100373E-03  1.146751851476188E-03  1.142666807097744E-03
  1.109406395839053E-03  1.105475390407783E-03  1.101547997281865E-03
  1.110127213259007E-03  1.106193655549652E-03  1.102263712293763E-03
  1.110487877524489E-03  1.106553042789952E-03  1.102621823582921E-03
  1.070670628103735E-03  1.066886598670455E-03  1.063106152429246E-03
  1.071354788185492E-03  1.067568336877944E-03  1.063785470927925E-03
  1.071697106867654E-03  1.067909443792227E-03  1.064125367157238E-03
  1.033425423759403E-03  1.029781822103722E-03  1.026141760773259E-03
  1.034075007711072E-03  1.030429107339591E-03  1.026786749467434E-03
  1.034400022631552E-03  1.030752972123796E-03  1.027109465202733E-03
  9.976053975732013E-04  9.940961942169659E-04  9.905904540921367E-04
  9.982223566994686E-04  9.947109708279870E-04  9.912030503431413E-04
  9.985310446360518E-04  9.950185667778047E-04  9.915095553842271E-04
  9.631460858271970E-04  9.597657883136991E-04  9.563888533422649E-04
  9.637322496130425E-04  9.603498792946259E-04  9.569708736244537E-04
  9.640255263484442E-04  9.606421189445873E-04  9.572620772425339E-04
  9.299846572667853E-04  9.267281406028285E-04  9.234748827032586E-04
  9.305417403250228E-04  9.272832545462397E-04  9.240280295697146E-04
  9.308204641266463E-04  9.275609931506796E-04  9.243047839964091E-04
  8.980613124205588E-04  8.949236556851205E-04  8.917891635042386E-04
  8.985909215154101E-04  8.954513937147914E-04  8.923150324325897E-04
  8.988558966528084E-04  8.957154327202381E-04  8.925781362885200E-04
  8.673200038579260E-04  8.642964302510514E-04  8.612759373162150E-04
  8.678236452372906E-04  8.647982932735876E-04  8.617760238739565E-04
  8.680756256539772E-04  8.650493839502567E-04  8.620262257571242E-04
  8.377082258200860E-04  8.347941255403768E-04  8.318830272211562E-04
  8.381873124308404E-04  8.352715214325479E-04  8.323587342184695E-04
  8.384270053571348E-04  8.355103684731713E-04  8.325967362857801E-04
  8.091763894772706E-04  8.063673584465368E-04  8.035612515789317E-04
  8.096322476098656E-04  8.068216087069259E-04  8.040138957244985E-04
  8.098603168905328E-04  8.070488735579738E-04  8.042403570250944E-04
  7.816773251989189E-04  7.789691776974970E-04  7.762638765070484E-04
  7.821112004316055E-04  7.794015233985200E-04  7.766946943682731E-04
  7.823282695023635E-04  7.796178272405712E-04  7.769102338280108E-04
  7.551660771462661E-04  7.525548320166768E-04  7.499463563896887E-04
  7.555791397179183E-04  7.529664391695922E-04  7.503565097512104E-04
  7.557857942964267E-04  7.531723656044237E-04  7.505617088564815E-04
  7.295998675223984E-04  7.270817256842174E-04  7.245662789143863E-04
  7.299932173037860E-04  7.274736901908973E-04  7.249568597109790E-04
  7.301900078788907E-04  7.276697877209913E-04  7.251522649787896E-04
  7.049380735303363E-04  7.025093997933432E-04  7.000833497026713E-04
  7.053127446815418E-04  7.028827520818157E-04  7.004553846327758E-04
  7.055001888457944E-04  7.030695364319104E-04  7.006415099212964E-04
  6.811421496378865E-04  6.787994624025863E-04  6.764593302200588E-04
  6.814991149713057E-04  6.791551717708583E-04  6.768137850700901E-04
  6.816776996055955E-04  6.793331280629887E-04  6.769911137438949E-04
  6.581754971555436E-04  6.559154643905174E-04  6.536579202268380E-04
  6.585156722005602E-04  6.562544430563359E-04  6.539957039055662E-04
  6.586858555094082E-04  6.564240278376764E-04  6.541646908558112E-04
  6.360033108795934E-04  6.338227480658533E-04  6.316446089684531E-04
  6.363275576441414E-04  6.341458549172934E-04  6.319665772463139E-04
  6.364897710395236E-04  6.343074980384567E-04  6.321276507633723E-04
  6.145924443440593E-04  6.124883093095763E-04  6.103865346991376E-04
  6.149015747801774E-04  6.127963533612174E-04  6.106934936551177E-04
  6.150562246165702E-04  6.129504597066351E-04  6.108470571543047E-04
  5.939113236635057E-04  5.918807066944697E-04  5.898523889242496E-04
  5.942061028666840E-04  5.921744502758937E-04  5.901450981239081E-04
  5.943535720430307E-04  5.923214013603200E-04  5.902915317367256E-04
  5.739298973881249E-04  5.719700106309424E-04  5.700123641695151E-04
  5.742110465771485E-04  5.722501723534668E-04  5.702915396188315E-04
  5.743516960292702E-04  5.723903278078491E-04  5.704312016724229E-04
  5.546195761924023E-04  5.527277475155214E-04  5.508381022203296E-04
  5.548877755029302E-04  5.529950050533986E-04  5.511044191343345E-04
  5.550219456016768E-04  5.531287040168203E-04  5.512376475371057E-04
  5.359531365910224E-04  5.341268077463637E-04  5.323026068373789E-04
  5.362090276835793E-04  5.343818004360451E-04  5.325567022303209E-04
  5.363370395410650E-04  5.345093628575957E-04  5.326838157692701E-04
  5.179046156245486E-04  5.161413394431076E-04  5.143801371399892E-04
  5.181488040964557E-04  5.163846706891148E-04  5.146226122251132E-04
  5.182709607734150E-04  5.165063985322049E-04  5.147439117670984E-04
  5.004492400196254E-04  4.987466732963853E-04  4.970461281587449E-04
  5.006822976329041E-04  4.989789127922056E-04  4.972775505625261E-04
  5.007988852542310E-04  4.990950911466081E-04  4.973933201629630E-04
  4.835633914795849E-04  4.819192864996562E-04  4.802771528099712E-04
  4.837858582396343E-04  4.821409722971175E-04  4.804980586324121E-04
  4.838971470350455E-04  4.822518704149725E-04  4.806085665667251E-04
  4.672245667205919E-04  4.656367664401185E-04  4.640508888647704E-04
  4.674369528338049E-04  4.658484068979643E-04  4.642617846187507E-04
  4.675431981179445E-04  4.659542791693443E-04  4.643672843533398E-04
  4.514113049737846E-04  4.498777420244040E-04  4.483460544480137E-04
  4.516140926818280E-04  4.500798176365829E-04  4.485474188812738E-04
  4.517155357725754E-04  4.501809045048043E-04  4.486481499856576E-04
  4.361031059061498E-04  4.346218006911869E-04  4.331423247117520E-04
  4.362967511842502E-04  4.348147657813204E-04  4.333346104975461E-04
  4.363936202528173E-04  4.349112945911574E-04  4.334307994906680E-04
  4.212803774465100E-04  4.198494323459375E-04  4.184202718789505E-04
  4.214653115724507E-04  4.200337166314815E-04  4.186039071756460E-04
  4.215578224289370E-04  4.201259024122590E-04  4.186957683066828E-04
  4.069244145760295E-04  4.055420070205607E-04  4.041613412263118E-04
  4.071010455996763E-04  4.057180170752882E-04  4.043367311330428E-04
  4.071894024289128E-04  4.058060632732341E-04  4.044244671103447E-04
  3.930173716604221E-04  3.916817505383464E-04  3.903478297613052E-04
  3.931860857944891E-04  3.918498711763979E-04  3.905153576951163E-04
  3.932704818518335E-04  3.919339703470522E-04  3.905991603751429E-04
  3.795422051258707E-04  3.782516904820858E-04  3.769628358176661E-04
  3.797033680521293E-04  3.784122860601042E-04  3.771228648112976E-04
  3.797839863177663E-04  3.784926205206020E-04  3.772029158487493E-04
  3.664826084528180E-04  3.652355901681081E-04  3.639901925137261E-04
  3.666365665312843E-04  3.653890057921608E-04  3.641430664202763E-04
  3.667135803152215E-04  3.654657482250656E-04  3.642195378707698E-04
  3.538229742647226E-04  3.526179072136083E-04  3.514144227730538E-04
  3.539700556506660E-04  3.527644698526953E-04  3.515604673762742E-04
  3.540436291521440E-04  3.528377838636892E-04  3.516335222524315E-04
  3.415483825599851E-04  3.403837808940051E-04  3.392207253096624E-04
  3.416888982540568E-04  3.405238004247754E-04  3.393602493633944E-04
  3.417591870869784E-04  3.405938410653574E-04  3.394300421549143E-04
  3.296445810437239E-04  3.285190155353499E-04  3.273949608127913E-04
  3.297788258907544E-04  3.286527857357654E-04  3.275282570293522E-04
  3.298459775838343E-04  3.287197000008354E-04  3.275949341979380E-04
  3.180979384602919E-04  3.170100366767738E-04  3.159236112574838E-04
  3.182261920897561E-04  3.171378361638682E-04  3.160509572424591E-04
  3.182903465570985E-04  3.172017634609660E-04  3.161146576895696E-04
  3.068953924235233E-04  3.058438378210321E-04  3.047937260194544E-04
  3.070179201186116E-04  3.059659309186932E-04  3.049153851382013E-04
  3.070792100948348E-04  3.060270035024508E-04  3.049762406388749E-04
  2.960244228197198E-04  2.950079506635619E-04  2.939928888880945E-04
  2.961414763202529E-04  2.951245882029422E-04  2.941091110639142E-04
  2.962000277624426E-04  2.951829315757996E-04  2.941672466663547E-04
  2.854730482831705E-04  2.844904408850589E-04  2.835092127270360E-04
  2.855848665441169E-04  2.846018609587942E-04  2.836202351912273E-04
  2.856407990113135E-04  2.846575942483363E-04  2.836757695920642E-04
  2.752298135685339E-04  2.742798983095132E-04  2.733313321924911E-04
  2.753366234856546E-04  2.743863269934335E-04  2.734373802019507E-04
  2.753900505021966E-04  2.744395633137622E-04  2.734904261055457E-04
  2.652837497248072E-04  2.643653995395832E-04  2.634483691249451E-04
  2.653857668192721E-04  2.644670515755147E-04  2.635496566429547E-04
  2.654367962174146E-04  2.645178983689625E-04  2.636003211021158E-04
  2.556243263776422E-04  2.547364591943113E-04  2.538498831320148E-04
  2.557217554253888E-04  2.548335386188380E-04  2.539466134564086E-04
  2.557704896602816E-04  2.548820979706326E-04  2.539949981867524E-04
  2.462414263168193E-04  2.453830016610371E-04  2.445258404549222E-04
  2.463344619272221E-04  2.454757023823639E-04  2.446182067933955E-04
  2.463809983665386E-04  2.455220713093761E-04  2.446644084613123E-04
  2.371253457748847E-04  2.362953607825185E-04  2.354666126633675E-04
  2.372141729393407E-04  2.363838671256459E-04  2.355547986753397E-04
  2.372586041379509E-04  2.364281378493316E-04  2.355989091692811E-04
  2.282667975642189E-04  2.274642854176585E-04  2.266629844491947E-04
  2.283515921884529E-04  2.275487726535493E-04  2.267471647716897E-04
  2.283940061547087E-04  2.275910328646816E-04  2.267892714652620E-04
  2.196568999707459E-04  2.188809304250518E-04  2.181061469675610E-04
  2.197378293855877E-04  2.189615652801787E-04  2.181864877233366E-04
  2.197783098370249E-04  2.190018983939310E-04  2.182266737296732E-04
  2.112871550571792E-04  2.105368340332146E-04  2.097876746149420E-04
  2.113643784935789E-04  2.106137751643966E-04  2.098643338871587E-04
  2.114030050946301E-04  2.106522605579635E-04  2.099026782964504E-04
  2.031494207859921E-04  2.024238876001607E-04  2.016994923736019E-04
  2.032230898087839E-04  2.024972860270640E-04  2.017726206372869E-04
  2.032599383878532E-04  2.025339992560959E-04  2.018091987326942E-04
  1.952358642773235E-04  1.945342885469957E-04  1.938338280659807E-04
  1.953061231814329E-04  1.946042880456674E-04  1.939035685789682E-04
  1.953412659291947E-04  1.946393010412488E-04  1.939384520323213E-04
  1.875388871369943E-04  1.868604678904185E-04  1.861831419286996E-04
  1.876058733077106E-04  1.869272053511426E-04  1.862496310869567E-04
  1.876393789574774E-04  1.869605865989386E-04  1.862828881366161E-04
  1.800510551579963E-04  1.793950216122820E-04  1.787400598904378E-04
  1.801148993952241E-04  1.794586273631068E-04  1.788034275506646E-04
  1.801468333851099E-04  1.794904420651615E-04  1.788351231628633E-04
  1.727651038955322E-04  1.721307150590841E-04  1.714973770952015E-04
  1.728259307190139E-04  1.721913131710722E-04  1.715577468801561E-04
  1.728563553449294E-04  1.722216233988282E-04  1.715879429020522E-04
  1.656740706504902E-04  1.650606125032896E-04  1.644481849930729E-04
  1.657319986272222E-04  1.651183211168985E-04  1.645056746170930E-04
  1.657609732063526E-04  1.651471859741558E-04  1.645344299393099E-04
  1.587715133410206E-04  1.581782956185735E-04  1.575860891044250E-04
  1.588266554728768E-04  1.582332273288903E-04  1.576408107563611E-04
  1.588542365380289E-04  1.582607031449402E-04  1.576681815049522E-04
  1.520516714662383E-04  1.514780266253384E-04  1.509053742018771E-04
  1.521041356290960E-04  1.515302889190873E-04  1.509574349798715E-04
  1.521303771481710E-04  1.515564294671492E-04  1.509834747336613E-04
  1.455093679325016E-04  1.449546521056411E-04  1.444009103264515E-04
  1.455592572741540E-04  1.450043477586718E-04  1.444504126348376E-04
  1.455842108492832E-04  1.450292044548053E-04  1.444751726240237E-04
  1.391394640561786E-04  1.386030575158376E-04  1.380676070844899E-04
  1.391868771892561E-04  1.386502847865683E-04  1.381146488277703E-04
  1.392105921532652E-04  1.386739067863969E-04  1.381381780309237E-04
  1.329357437498304E-04  1.324170494722490E-04  1.318992939889829E-04
  1.329807745384228E-04  1.324619018879258E-04  1.319439683578943E-04
  1.330032978480489E-04  1.324843359796726E-04  1.319663133948911E-04
  1.268892063663526E-04  1.263876474162459E-04  1.258870105711023E-04
  1.269319431071917E-04  1.264302129518093E-04  1.259294052192387E-04
  1.269533189343010E-04  1.264515031463567E-04  1.259506099402028E-04
