  3.444391703679589E+00  3.438210743905664E+00  3.432027062639965E+00

 -2.058139452484475E-01 -2.059005818282969E-01 -2.059874365812683E-01
 -2.077820991802793E-01 -2.078637684830746E-01 -2.079457119717955E-01
 -2.087910421293432E-01 -2.088700133548929E-01 -2.089492785272683E-01
 -2.142919439391639E-01 -2.143786658849621E-01 -2.144656072882568E-01
 -2.163308234564947E-01 -2.164125661155800E-01 -2.164945845583327E-01
 -2.173753845243220E-01 -2.174544231870909E-01 -2.175337575187168E-01
 -2.185864221991072E-01 -2.186731852720019E-01 -2.187601684149028E-01
 -2.206612558498874E-01 -2.207430337813440E-01 -2.208250882610473E-01
 -2.217239235175296E-01 -2.218029945655994E-01 -2.218823621081125E-01
 -2.185864221991072E-01 -2.186731852720019E-01 -2.187601684149028E-01
 -2.206612558498874E-01 -2.207430337813440E-01 -2.208250882610473E-01
 -2.217239235175296E-01 -2.218029945655994E-01 -2.218823621081125E-01
 -2.142919439391639E-01 -2.143786658849621E-01 -2.144656072882568E-01
 -2.163308234564947E-01 -2.164125661155800E-01 -2.164945845583327E-01
 -2.173753845243220E-01 -2.174544231870909E-01 -2.175337575187168E-01
 -2.058139452484475E-01 -2.059005818282969E-01 -2.059874365812683E-01
 -2.077820991802793E-01 -2.078637684830746E-01 -2.079457119717955E-01
 -2.087910421293432E-01 -2.088700133548929E-01 -2.089492785272683E-01
 -1.933688378186330E-01 -1.934553383071028E-01 -1.935420548834602E-01
 -1.952337787850467E-01 -1.953153307639843E-01 -1.953971543514144E-01
 -1.961907410642680E-01 -1.962696042062638E-01 -1.963487585253138E-01
 -1.772679272941342E-01 -1.773542305529938E-01 -1.774407468019102E-01
 -1.790003977603474E-01 -1.790817789470587E-01 -1.791634279509997E-01
 -1.798906408174795E-01 -1.799693461650492E-01 -1.800483386330595E-01
 -1.579026553797569E-01 -1.579886851358031E-01 -1.580749234677147E-01
 -1.594773569529891E-01 -1.595584999497701E-01 -1.596399054306082E-01
 -1.602881315280787E-01 -1.603666160025133E-01 -1.604453819208788E-01
 -1.357268365990682E-01 -1.358124957544707E-01 -1.358983573537395E-01
 -1.371229011494582E-01 -1.372037191924522E-01 -1.372847924210083E-01
 -1.378436813795391E-01 -1.379218631729129E-01 -1.380003186884293E-01
 -1.112373060062957E-01 -1.113224700146384E-01 -1.114078281160496E-01
 -1.124384910214032E-01 -1.125188715225868E-01 -1.125994974227081E-01
 -1.130610678149414E-01 -1.131388399433394E-01 -1.132168755063280E-01
 -8.495447756573421E-02 -8.503898716597699E-02 -8.512367966933850E-02
 -8.594909484433175E-02 -8.602889203811945E-02 -8.610892170463731E-02
 -8.646753256563461E-02 -8.654475540376882E-02 -8.662222817272897E-02
 -5.740423246436813E-02 -5.748788597917786E-02 -5.757170757702148E-02
 -5.818484177769566E-02 -5.826386827999020E-02 -5.834311035513659E-02
 -5.859531348811010E-02 -5.867180583691933E-02 -5.874853055605560E-02
 -2.910229753317541E-02 -2.918484247974719E-02 -2.926753607617942E-02
 -2.966520624799451E-02 -2.974322294051967E-02 -2.982143334775139E-02
 -2.996572627245410E-02 -3.004125413039639E-02 -3.011699178008211E-02
 -5.418465211665796E-04 -6.229706789167338E-04 -7.042184145917754E-04
 -8.864561382873353E-04 -9.631612854679566E-04 -1.040032488921298E-03
 -1.076531096222049E-03 -1.150795628165861E-03 -1.225241667194140E-03
  2.781548862142385E-02  2.773616354638135E-02  2.765674625651988E-02
  2.768742753500524E-02  2.761240416291182E-02  2.753724832577311E-02
  2.760718363400719E-02  2.753455125244939E-02  2.746177111939859E-02
  5.554555145358592E-02  5.546846466600532E-02  5.539132301357654E-02
  5.563062022245816E-02  5.555770613059672E-02  5.548469801983014E-02
  5.565878998773555E-02  5.558821273915594E-02  5.551752542846398E-02
  8.226516390115780E-02  8.219078494225344E-02  8.211639280470495E-02
  8.255854777360401E-02  8.248818533983585E-02  8.241776999453966E-02
  8.269291752228448E-02  8.262482215533967E-02  8.255665599087682E-02
  1.076335290858571E-01  1.075622917003906E-01  1.074910845902109E-01
  1.081283837107872E-01  1.080609516959647E-01  1.079935084206498E-01
  1.083654138036653E-01  1.083001457774078E-01  1.082348462749605E-01
  1.313514467932193E-01  1.312836593109504E-01  1.312159457235876E-01
  1.320371267828104E-01  1.319728525934750E-01  1.319086098234342E-01
  1.323709011424924E-01  1.323086444035826E-01  1.322463975765638E-01
  1.531594987332588E-01  1.530952880473201E-01  1.530311968567796E-01
  1.540196474422658E-01  1.539585950857654E-01  1.538976225048627E-01
  1.544411274641798E-01  1.543819297657820E-01  1.543227913083201E-01
  1.728401082358174E-01  1.727794746577673E-01  1.727190117774091E-01
  1.738533628502814E-01  1.737955591591836E-01  1.737378927094095E-01
  1.743515386075154E-01  1.742954726894262E-01  1.742395251740129E-01
  1.902280650067890E-01  1.901709900062962E-01  1.901141407813977E-01
  1.913724882539876E-01  1.913180077637771E-01  1.912637251319895E-01
  1.919371542642673E-01  1.918843520889148E-01  1.918317285019280E-01
  2.052220045423299E-01  2.051684212328786E-01  2.051151147946030E-01
  2.064785379110194E-01  2.064273328130228E-01  2.063763799698338E-01
  2.071012569544479E-01  2.070516464840502E-01  2.070022674240758E-01
  2.177831456628315E-01  2.177328365498585E-01  2.176828460152744E-01
  2.191342415205128E-01  2.190859754713432E-01  2.190380085166235E-01
  2.198065197194466E-01  2.197596577954584E-01  2.197130752973962E-01
  2.279232606096517E-01  2.278759472470441E-01  2.278289832168313E-01
  2.293504247201920E-01  2.293046412523267E-01  2.292591983882911E-01
  2.300623517467388E-01  2.300176626194930E-01  2.299733004519268E-01
  2.356934342765246E-01  2.356490421038552E-01  2.356050155715639E-01
  2.371776103950258E-01  2.371341056897882E-01  2.370909731456445E-01
  2.379186995189664E-01  2.378759015363141E-01  2.378334718485739E-01
  2.411773714259551E-01  2.411362220279747E-01  2.410954370030574E-01
  2.427003775517709E-01  2.426594700593554E-01  2.426189476570711E-01
  2.434610045881440E-01  2.434204085645784E-01  2.433802038961939E-01
  2.444898772550199E-01  2.444526466056419E-01  2.444157659251124E-01
  2.460336275769350E-01  2.459961500246554E-01  2.459590513585276E-01
  2.468049241959069E-01  2.467674429919730E-01  2.467303539014029E-01
  2.457806516776086E-01  2.457480920543742E-01  2.457158587611204E-01
  2.473255719903482E-01  2.472925498349975E-01  2.472598864838021E-01
  2.480981778457791E-01  2.480649875878840E-01  2.480321727095785E-01
  2.452333702198628E-01  2.452058450354432E-01  2.451785961638522E-01
  2.467602558938709E-01  2.467323562309420E-01  2.467047699013168E-01
  2.475246234433507E-01  2.474965611160505E-01  2.474688310947791E-01
  2.430496620075236E-01  2.430265621321563E-01  2.430036283604772E-01
  2.445440620593975E-01  2.445209482917659E-01  2.444980442875950E-01
  2.452926346949343E-01  2.452695140314668E-01  2.452466249820647E-01
  2.394277832590347E-01  2.394072088051350E-01  2.393866237378016E-01
  2.408817440002325E-01  2.408616726099399E-01  2.408416356796368E-01
  2.416102363071768E-01  2.415904065249864E-01  2.415706336970021E-01
  2.345559613137120E-01  2.345352797308666E-01  2.345143990122605E-01
  2.359651572277780E-01  2.359454270097636E-01  2.359255313042226E-01
  2.366713856566381E-01  2.366521270392361E-01  2.366327200808743E-01
  2.286243421569306E-01  2.286014267852454E-01  2.285781818142723E-01
  2.299836569745502E-01  2.299618771279270E-01  2.299397820928256E-01
  2.306652390773504E-01  2.306440355803373E-01  2.306225244657884E-01
  2.218355208575844E-01  2.218092316127705E-01  2.217825192665207E-01
  2.231376572118600E-01  2.231124692765704E-01  2.230868638514335E-01
  2.237910316818115E-01  2.237664067429733E-01  2.237413667358691E-01
  2.143896100648248E-01  2.143583138358899E-01  2.143263838800494E-01
  2.156282029262132E-01  2.155980573276009E-01  2.155673000353784E-01
  2.162500131438334E-01  2.162204422616569E-01  2.161902693127670E-01
  2.064455329493439E-01  2.064045082365095E-01  2.063623499080776E-01
  2.076196301663285E-01  2.075801877426260E-01  2.075396680463109E-01
  2.082090587664624E-01  2.081703864344653E-01  2.081306635708867E-01
  1.980913528106173E-01  1.980317950597436E-01  1.979703416590547E-01
  1.992064732987699E-01  1.991492729605661E-01  1.990902529650034E-01
  1.997660446081113E-01  1.997099953021602E-01  1.996521647059997E-01
  1.893603316767535E-01  1.892723408934989E-01  1.891817926651421E-01
  1.904238082248650E-01  1.903387930162527E-01  1.902512639244007E-01
  1.909572915501135E-01  1.908737608901658E-01  1.907877415844776E-01
  1.802979681363250E-01  1.801769816395940E-01  1.800534352902730E-01
  1.813109803056774E-01  1.811927354468379E-01  1.810718821117815E-01
  1.818193995688921E-01  1.817025738469976E-01  1.815831211312143E-01
  1.710397829235362E-01  1.708923673767585E-01  1.707434112736566E-01
  1.719919289555042E-01  1.718458006527333E-01  1.716979692291175E-01
  1.724705830220686E-01  1.723251995138828E-01  1.721780371774435E-01
  1.618408694632449E-01  1.616852941796046E-01  1.615300753009024E-01
  1.627117649230465E-01  1.625550733269141E-01  1.623984952563943E-01
  1.631507108795150E-01  1.629935891058147E-01  1.628364624546509E-01
  1.530325231196182E-01  1.528935198776937E-01  1.527571022471808E-01
  1.537992006885273E-01  1.536564227938507E-01  1.535159674470738E-01
  1.541868382198968E-01  1.540422939816822E-01  1.538999408181733E-01
  1.449395926280585E-01  1.448412843949916E-01  1.447475811413153E-01
  1.455841338991333E-01  1.454797591072152E-01  1.453797521195732E-01
  1.459111449940602E-01  1.458038284713151E-01  1.457007591749729E-01
  1.378142454188168E-01  1.377754975479007E-01  1.377428927112692E-01
  1.383274907172728E-01  1.382810445979153E-01  1.382405528773632E-01
  1.385888791103044E-01  1.385386365221369E-01  1.384942506392733E-01
  1.318104986798366E-01  1.318433282340570E-01  1.318832744355096E-01
  1.321923497269200E-01  1.322166194029974E-01  1.322478851032225E-01
  1.323876727876978E-01  1.324076700643608E-01  1.324345981486796E-01
  1.269830332966299E-01  1.270919684704269E-01  1.272083316587194E-01
  1.272421687975162E-01  1.273425977507029E-01  1.274504313897942E-01
  1.273753849057436E-01  1.274715163587785E-01  1.275750344606850E-01
  1.232878306145912E-01  1.234689923178332E-01  1.236571069578734E-01
  1.234419007685422E-01  1.236156787364545E-01  1.237965080295111E-01
  1.235214833456465E-01  1.236914731757078E-01  1.238685569048619E-01
  1.205853544300501E-01  1.208263852208699E-01  1.210731274285145E-01
  1.206601870031008E-01  1.208959774690494E-01  1.211376956077449E-01
  1.206988216384878E-01  1.209318586793777E-01  1.211709266142023E-01
  1.186615933419381E-01  1.189438867557048E-01  1.192301375522214E-01
  1.186879837472126E-01  1.189678522784628E-01  1.192519758650592E-01
  1.187010648179229E-01  1.189795781851967E-01  1.192624937254256E-01
  1.172700032333063E-01  1.175727230788114E-01  1.178774958346636E-01
  1.172787781446285E-01  1.175820406442559E-01  1.178876823562471E-01
  1.172819604362351E-01  1.175853717399483E-01  1.178913271586061E-01
  1.161772085067525E-01  1.164810345923952E-01  1.167851338923376E-01
  1.161946121813461E-01  1.165016158236405E-01  1.168091961820627E-01
  1.162014305937571E-01  1.165099426476803E-01  1.168191876617533E-01
  1.151926094692451E-01  1.154817431749716E-01  1.157696172691123E-01
  1.152374225829920E-01  1.155316934048200E-01  1.158249427265782E-01
  1.152577380386726E-01  1.155545492228470E-01  1.158504639523256E-01
  1.141769697037147E-01  1.144396060884347E-01  1.146997442963816E-01
  1.142594124056425E-01  1.145282694501990E-01  1.147947692500731E-01
  1.142987608818392E-01  1.145707504424352E-01  1.148404593124904E-01
  1.130390649130512E-01  1.132674046009374E-01  1.134923702408189E-01
  1.131609416330564E-01  1.133956344061934E-01  1.136269799337012E-01
  1.132205352253410E-01  1.134584656895321E-01  1.136930672064733E-01
  1.117309230833823E-01  1.119213940097611E-01  1.121080793044037E-01
  1.118866822347349E-01  1.120827503946177E-01  1.122749494516828E-01
  1.119639016567531E-01  1.121628508907900E-01  1.123578920721025E-01
  1.102450161577604E-01  1.103985298082370E-01  1.105483769705411E-01
  1.104236782081598E-01  1.105813600530546E-01  1.107352086601184E-01
  1.105130328075920E-01  1.106728829339428E-01  1.108288167759819E-01
  1.086102423361309E-01  1.087318763525841E-01  1.088504461936073E-01
  1.087980802969513E-01  1.089221216054766E-01  1.090428933176807E-01
  1.088925743157277E-01  1.090178881342260E-01  1.091398278086981E-01
  1.068824816258587E-01  1.069801994350435E-01  1.070757559816105E-01
  1.070660277432714E-01  1.071644489074876E-01  1.072605142111641E-01
  1.071587124300660E-01  1.072575279381518E-01  1.073538870947625E-01
  1.051290911116998E-01  1.052117024413431E-01  1.052930959581925E-01
  1.052977834987246E-01  1.053797811712511E-01  1.054604168528142E-01
  1.053831408226270E-01  1.054648452853484E-01  1.055451121728192E-01
  1.034113054839202E-01  1.034863675960296E-01  1.035609592242292E-01
  1.035591040074312E-01  1.036328055692808E-01  1.037059622373694E-01
  1.036339119797528E-01  1.037069224994183E-01  1.037793480690647E-01
  1.017705855531009E-01  1.018430036530496E-01  1.019153728175756E-01
  1.018962204391728E-01  1.019671064924138E-01  1.020379360465840E-01
  1.019597168062739E-01  1.020298112167356E-01  1.020998437111846E-01
  1.002232439036102E-01  1.002949550347275E-01  1.003667148987456E-01
  1.003292440538690E-01  1.003996872655339E-01  1.004702190374521E-01
  1.003826528955029E-01  1.004524324435317E-01  1.005223201460971E-01
  9.876369816660685E-02  9.883430718476903E-02  9.890483772767762E-02
  9.885472247628069E-02  9.892455182345188E-02  9.899436364649521E-02
  9.890040643986087E-02  9.896982091911539E-02  9.903924904999505E-02
  9.737318695965844E-02  9.744108125578499E-02  9.750867870281116E-02
  9.745429358193401E-02  9.752191564020128E-02  9.758929918688189E-02
  9.749485872294511E-02  9.756232915981972E-02  9.762959146768324E-02
  9.602952441101877E-02  9.609295423884527E-02  9.615589108504029E-02
  9.610487347037057E-02  9.616841464078746E-02  9.623150333697773E-02
  9.614248713199673E-02  9.620607871021847E-02  9.626923928665881E-02
  9.471445507394823E-02  9.477225073883104E-02  9.482944430565265E-02
  9.478667253668388E-02  9.484477910631067E-02  9.490230127432052E-02
  9.482271883631341E-02  9.488098344119834E-02  9.493867336059594E-02
  9.341718937492489E-02  9.346902889694855E-02  9.352025853976957E-02
  9.348735824380019E-02  9.353953728741195E-02  9.359110476941730E-02
  9.352241999002368E-02  9.357477540842646E-02  9.362651880442735E-02
  9.213447240238505E-02  9.218078756974668E-02  9.222656429424937E-02
  9.220254687727999E-02  9.224911753841490E-02  9.229513677000553E-02
  9.223661199678798E-02  9.228331742313434E-02  9.232946487929826E-02
  9.086845698953695E-02  9.091013735221230E-02  9.095139034533531E-02
  9.093383852750753E-02  9.097564870375434E-02  9.101701591346092E-02
  9.096659663977508E-02  9.100847675788627E-02  9.104990581154941E-02
  8.962378676399718E-02  8.966183756841503E-02  8.969957185055123E-02
  8.968583788427942E-02  8.972390878779823E-02  8.976165130317160E-02
  8.971694936754650E-02  8.975503254011007E-02  8.979278103600377E-02
  8.840499137156176E-02  8.844026065192863E-02  8.847529592582901E-02
  8.846335436772361E-02  8.849858065298878E-02  8.853356750784784E-02
  8.849262046787859E-02  8.852782508553979E-02  8.856278729250848E-02
  8.721483738842796E-02  8.724787298694993E-02  8.728071778564958E-02
  8.726952872408648E-02  8.730250802788350E-02  8.733529697762464E-02
  8.729694512065442E-02  8.732989478791207E-02  8.736265420265604E-02
  8.605381390061570E-02  8.608485623891911E-02  8.611571652773545E-02
  8.610514625413541E-02  8.613615329095443E-02  8.616698210933882E-02
  8.613086552727216E-02  8.616185320420662E-02  8.619266458852173E-02
  8.492054910785340E-02  8.494962195152762E-02  8.497850157545198E-02
  8.496897216629529E-02  8.499804307444785E-02  8.502692517535360E-02
  8.499322202917950E-02  8.502229076738774E-02  8.505117298902518E-02
  8.381272627698474E-02  8.383976611790822E-02  8.386659804824696E-02
  8.385867331559002E-02  8.388573891489655E-02  8.391259963507457E-02
  8.388167623877325E-02  8.390875425948330E-02  8.393562901275244E-02
  8.272803220797122E-02  8.275300065403196E-02  8.277775497094479E-02
  8.277182634113489E-02  8.279683362972325E-02  8.282162775246872E-02
  8.279374940093079E-02  8.281877625357931E-02  8.284359048756226E-02
  8.166480220770170E-02  8.168774828125641E-02  8.171048725027572E-02
  8.170663481822089E-02  8.172961830693283E-02  8.175239396150379E-02
  8.172757707823751E-02  8.175057970317873E-02  8.177337415121204E-02
  8.062223731041292E-02  8.064330476804640E-02  8.066418364659335E-02
  8.066219955928741E-02  8.068329412953910E-02  8.070419858536006E-02
  8.068220755481333E-02  8.070331610317080E-02  8.072423375755032E-02
  7.960026238748981E-02  7.961965867510228E-02  7.963889104338424E-02
  7.963839766772002E-02  7.965780872993465E-02  7.967705438340343E-02
  7.965749239839431E-02  7.967691109850883E-02  7.969616361861707E-02
  7.859920030942012E-02  7.861715219704621E-02  7.863496523715455E-02
  7.863554968669846E-02  7.865350686813401E-02  7.867132425019650E-02
  7.865375041429382E-02  7.867171029735837E-02  7.868952988097112E-02
  7.761944345679357E-02  7.763616056047201E-02  7.765276048556746E-02
  7.765406973258857E-02  7.767078730406442E-02  7.768738736172989E-02
  7.767140684411504E-02  7.768812457322059E-02  7.770472460790806E-02
  7.666123981454184E-02  7.667689658715318E-02  7.669245325831900E-02
  7.669422995236179E-02  7.670988627780466E-02  7.672544258715545E-02
  7.671074652893023E-02  7.672640251224078E-02  7.674195852058090E-02
  7.572462484108963E-02  7.573936062051231E-02  7.575400964818377E-02
  7.575607921018190E-02  7.577081561971824E-02  7.578546550855134E-02
  7.577182558930294E-02  7.578656221822894E-02  7.580121244718799E-02
  7.480946317716773E-02  7.482339297404381E-02  7.483724738030272E-02
  7.483948188570037E-02  7.485341357818856E-02  7.486727005194324E-02
  7.485450856026460E-02  7.486844115263747E-02  7.488229861874499E-02
  7.391553569154002E-02  7.392876291529416E-02  7.394192564630936E-02
  7.394420913424170E-02  7.395743871993191E-02  7.397060384749794E-02
  7.395856175627494E-02  7.397179251526420E-02  7.398495883776690E-02
  7.304261496225993E-02  7.305523991188206E-02  7.306781153376944E-02
  7.307002087864577E-02  7.308264774223361E-02  7.309522120171369E-02
  7.308373863276545E-02  7.309636646447389E-02  7.310894085513146E-02
  7.219049993390309E-02  7.220262206525949E-02  7.221470221732471E-02
  7.221670549063020E-02  7.222882858548851E-02  7.224090958567854E-02
  7.222982210946839E-02  7.224194569674545E-02  7.225402713075101E-02
  7.135900949687189E-02  7.137072490204117E-02  7.138240930036921E-02
  7.138407537393221E-02  7.139579080352573E-02  7.140747513620775E-02
  7.139662123678259E-02  7.140833667932779E-02  7.142002097833144E-02
  7.054795251626424E-02  7.055934953894000E-02  7.057072552763814E-02
  7.057193642735626E-02  7.058333288187547E-02  7.059470826817145E-02
  7.058394039451524E-02  7.059533655569887E-02  7.060671163034377E-02
  6.975709513841273E-02  6.976825069213510E-02  6.977939377301964E-02
  6.978005361178777E-02  6.979120843472300E-02  6.980235080437901E-02
  6.979154396560734E-02  6.980269840864731E-02  6.981384040776212E-02
  6.898613922197062E-02  6.899711704513370E-02  6.900808941617638E-02
  6.900812777374853E-02  6.901910504130876E-02  6.903007691144179E-02
  6.901913232079926E-02  6.903010929575955E-02  6.904108090080041E-02
  6.823471560179963E-02  6.824556635471819E-02  6.825641721058485E-02
  6.825578809085728E-02  6.826663865575636E-02  6.827748939449416E-02
  6.826633383006232E-02  6.827718428854126E-02  6.828803495667844E-02
  6.750238838195562E-02  6.751315076766982E-02  6.752391749330261E-02
  6.752259632602005E-02  6.753335897440882E-02  6.754412603934347E-02
  6.753270908958825E-02  6.754347185956733E-02  6.755423908470590E-02
  6.678866388099344E-02  6.679936593747905E-02  6.681007537519949E-02
  6.680805614140922E-02  6.681875894992453E-02  6.682946922040814E-02
  6.681776042477924E-02  6.682846360120312E-02  6.683917428008682E-02
  6.609299931685857E-02  6.610365940925279E-02  6.611432879354381E-02
  6.611162216851300E-02  6.612228354383697E-02  6.613295429881370E-02
  6.612094116156092E-02  6.613160317076285E-02  6.614227460348780E-02
  6.541480938404290E-02  6.542543685932017E-02  6.543607443381343E-02
  6.543270677618246E-02  6.544333612405102E-02  6.545397566881885E-02
  6.544166249621722E-02  6.545229277273446E-02  6.546293329494364E-02
  6.475347135060784E-02  6.476406706594767E-02  6.477467261206675E-02
  6.477068515400713E-02  6.478128339762633E-02  6.479189158016789E-02
  6.477929857392928E-02  6.478989807397803E-02  6.480050756699850E-02
  6.410833021207767E-02  6.411888716647528E-02  6.412945266291192E-02
  6.412490034869296E-02  6.413546054319469E-02  6.414602939650932E-02
  6.413319146517796E-02  6.414375327225025E-02  6.415432379654767E-02
  6.347870500975825E-02  6.348920918737387E-02  6.349971968773180E-02
  6.349466946836951E-02  6.350517763244683E-02  6.351569224171014E-02
  6.350265731086177E-02  6.351316746121417E-02  6.352368411803480E-02
  6.286389646743373E-02  6.287432786497206E-02  6.288476254973237E-02
  6.287929126402489E-02  6.288972740476625E-02  6.290016695795897E-02
  6.288699387459133E-02  6.289743238066575E-02  6.290787436188032E-02
  6.226319535866884E-02  6.227352909635240E-02  6.228386239392716E-02
  6.227805449970331E-02  6.228839372736501E-02  6.229873264068925E-02
  6.228548891386773E-02  6.229583088096777E-02  6.230617259668978E-02
  6.167589079543362E-02  6.168609821294826E-02  6.169630089525469E-02
  6.169024627305456E-02  6.170045990249308E-02  6.171066892138580E-02
  6.169742851690865E-02  6.170764524744447E-02  6.171785742983586E-02
  6.110127783027280E-02  6.111132751236717E-02  6.112136771640544E-02
  6.111515965017125E-02  6.112521623052330E-02  6.113526345500578E-02
  6.112210475425611E-02  6.113216477952562E-02  6.114221551008879E-02
  6.053866411581573E-02  6.054852283712597E-02  6.055836700690764E-02
  6.055210034511949E-02  6.056196660661681E-02  6.057181843495494E-02
  6.055882236860373E-02  6.056869239662573E-02  6.057854805074687E-02
  5.998737564151865E-02  5.999700924456738E-02  6.000662300866248E-02
  6.000039246464057E-02  6.001003419731471E-02  6.001965620418279E-02
  6.000690452350182E-02  6.001655031806745E-02  6.002617644347972E-02
  5.944676168817652E-02  5.945613591172576E-02  5.946548491260406E-02
  5.945938346487263E-02  5.946876634734669E-02  5.947812411364314E-02
  5.946569776110495E-02  5.947508497077383E-02  5.948444711759561E-02
  5.891619914372982E-02  5.892528041144167E-02  5.893433109502794E-02
  5.892844846872314E-02  5.893753885755570E-02  5.894659876071068E-02
  5.893457632024044E-02  5.894367126801701E-02  5.895273577942755E-02
  5.839509628430797E-02  5.840385245617224E-02  5.841257282308676E-02
  5.840699404928117E-02  5.841575973130451E-02  5.842448969747197E-02
  5.841294592096682E-02  5.842171635709422E-02  5.843045112200294E-02
  5.788289609208913E-02  5.789129717721039E-02  5.789965749390872E-02
  5.789446154989217E-02  5.790287245592111E-02  5.791124267205009E-02
  5.790024708577773E-02  5.790866290191099E-02  5.791703806749842E-02
  5.737907916458732E-02  5.738709799223702E-02  5.739507145873596E-02
  5.739032999438759E-02  5.739835887107753E-02  5.740634245344650E-02
  5.739595805032064E-02  5.740399195179170E-02  5.741198059245149E-02
  5.688316625362278E-02  5.689077909705260E-02  5.689834246529178E-02
  5.689411862562943E-02  5.690174166003494E-02  5.690931527337834E-02
  5.689959730174800E-02  5.690722543249738E-02  5.691480416934549E-02
  5.639472044225041E-02  5.640190758529533E-02  5.640904171744669E-02
  5.640538908163244E-02  5.641258646865789E-02  5.641973088536663E-02
  5.641072575441569E-02  5.641792826486509E-02  5.642507782538378E-02
  5.591334892410303E-02  5.592009515490997E-02  5.592678550521348E-02
  5.592374717500923E-02  5.593050361224618E-02  5.593720419537283E-02
  5.592894852936606E-02  5.593571007180734E-02  5.594241577343213E-02
  5.543870430302301E-02  5.544499931425574E-02  5.545123631322785E-02
  5.544884419463860E-02  5.545514928402742E-02  5.546139637301608E-02
  5.545391625699120E-02  5.546022638797376E-02  5.546647852458150E-02
  5.497048529534518E-02  5.497632396766855E-02  5.498210328543496E-02
  5.498037761233632E-02  5.498622614545572E-02  5.499201532133773E-02
  5.498532578586819E-02  5.499117925238908E-02  5.499697336042359E-02
  5.450843670262329E-02  5.451381924903504E-02  5.451914191582900E-02
  5.451809106218829E-02  5.452348316667589E-02  5.452881537469946E-02
  5.452292016538501E-02  5.452831705235281E-02  5.453365403451849E-02
  5.405234853247216E-02  5.405728048522133E-02  5.406215285175301E-02
  5.406177346969278E-02  5.406671459842384E-02  5.407159611070476E-02
  5.406648777902062E-02  5.407143349956369E-02  5.407631958861700E-02
  5.360205417824562E-02  5.360654620725933E-02  5.361097973525576E-02
  5.361125724062234E-02  5.361575799242336E-02  5.362020020076842E-02
  5.361586053779731E-02  5.362036565512157E-02  5.362481220783675E-02
  5.315742762016323E-02  5.316149518144943E-02  5.316550606450609E-02
  5.316641547124804E-02  5.317049124144662E-02  5.317451028032012E-02
  5.317091109504336E-02  5.317499097405679E-02  5.317901409525155E-02
  5.271837967557939E-02  5.272204249910981E-02  5.272565112516924E-02
  5.272715820645711E-02  5.273082867659611E-02  5.273444488736992E-02
  5.273154910845700E-02  5.273522340640224E-02  5.273884341407616E-02
  5.228485339691000E-02  5.228813483487893E-02  5.229136511300128E-02
  5.229342784325818E-02  5.229671633070635E-02  5.229995358969795E-02
  5.229771664640624E-02  5.230100866315065E-02  5.230424941716036E-02
  5.185681878458500E-02  5.185974505136903E-02  5.186262363564901E-02
  5.186519384607177E-02  5.186812654472624E-02  5.187101148775455E-02
  5.186938290441270E-02  5.187231882352570E-02  5.187520695046444E-02
  5.143426704073656E-02  5.143686638401939E-02  5.143942183521630E-02
  5.144244699888269E-02  5.144505215034915E-02  5.144761333430805E-02
  5.144653845655320E-02  5.144914651651851E-02  5.145171057126515E-02
  5.101720462978068E-02  5.101950647708382E-02  5.102176840674524E-02
  5.102519346015125E-02  5.102750049962923E-02  5.102976754585443E-02
  5.102918930755569E-02  5.103149894733764E-02  5.103376855604901E-02
  5.060564742894114E-02  5.060768155462229E-02  5.060967979666105E-02
  5.061344890368555E-02  5.061548762567278E-02  5.061749039012476E-02
  5.061735102887268E-02  5.061939205297673E-02  5.062139708257659E-02
  5.019961524219512E-02  5.020141099680105E-02  5.020317484768268E-02
  5.020723301954149E-02  5.020903280535567E-02  5.021080061689613E-02
  5.021104325305787E-02  5.021284505813899E-02  5.021461485364108E-02
  4.979912691611682E-02  4.980071255326574E-02  4.980227011472930E-02
  4.980656461428985E-02  4.980815375673908E-02  4.980971475758519E-02
  4.981028476626195E-02  4.981187566469019E-02  4.981343838851993E-02
  4.940419624052893E-02  4.940559836705941E-02  4.940697601551076E-02
  4.941145749468683E-02  4.941286264580564E-02  4.941424325848529E-02
  4.941508938339735E-02  4.941649604978759E-02  4.941787814751863E-02
  4.901482874918981E-02  4.901607191319735E-02  4.901729390867787E-02
  4.902191725110387E-02  4.902316300776176E-02  4.902438754165640E-02
  4.902546272295319E-02  4.902670977855841E-02  4.902793558424087E-02
  4.863101946503080E-02  4.863212588490149E-02  4.863321412109375E-02
  4.863793898640328E-02  4.863904761706003E-02  4.864013801615859E-02
  4.864139992765726E-02  4.864250966598307E-02  4.864360114876980E-02
  4.825275156847576E-02  4.825374099554016E-02  4.825471488199855E-02
  4.825950596962990E-02  4.826049727499417E-02  4.826147299817399E-02
  4.826288431085308E-02  4.826387655731622E-02  4.826485320076657E-02
  4.787999590997748E-02  4.788088560929642E-02  4.788176206926980E-02
  4.788658913639859E-02  4.788748042859092E-02  4.788835844587440E-02
  4.788988685077505E-02  4.789077894105227E-02  4.789165773860275E-02
  4.751271124136577E-02  4.751351607022240E-02  4.751430963284018E-02
  4.751914731088529E-02  4.751995349072161E-02  4.752074837431588E-02
  4.752236640786078E-02  4.752317326456534E-02  4.752396880999367E-02
  4.715084500746938E-02  4.715157756925093E-02  4.715230053336115E-02
  4.715712799099610E-02  4.715786170107745E-02  4.715858578848069E-02
  4.716027050666505E-02  4.716100479203818E-02  4.716172944220125E-02
  4.679433452472991E-02  4.679500537606845E-02  4.679566802365304E-02
  4.680046852322343E-02  4.680114035466758E-02  4.680180396172958E-02
  4.680353650882641E-02  4.680420883126202E-02  4.680487291897686E-02
  4.644310838157720E-02  4.644372627169988E-02  4.644433711029999E-02
  4.644909750160540E-02  4.644971623331493E-02  4.645032789662459E-02
  4.645209301130544E-02  4.645271216457587E-02  4.645332424098729E-02
  4.609708792498191E-02  4.609766004764700E-02  4.609822606292511E-02
  4.610293625474200E-02  4.610350910551487E-02  4.610407583517139E-02
  4.610586133361807E-02  4.610643454907035E-02  4.610700163652472E-02
  4.575618873898180E-02  4.575672097951604E-02  4.575724788125003E-02
  4.576190032611926E-02  4.576243320204227E-02  4.576296072802877E-02
  4.576475699906408E-02  4.576529019319121E-02  4.576581803179999E-02
  4.542032205845393E-02  4.542081922202739E-02  4.542131167025964E-02
  4.542590089060083E-02  4.542639861379155E-02  4.542689161260545E-02
  4.542869115256465E-02  4.542918915598041E-02  4.542968243049063E-02
  4.508939608309914E-02  4.508986209561480E-02  4.509032389866609E-02
  4.509484607159964E-02  4.509531258161216E-02  4.509577487480187E-02
  4.509757187943940E-02  4.509803863854243E-02  4.509850117713492E-02
  4.476331716171521E-02  4.476375524049213E-02  4.476418952220355E-02
  4.476864212871934E-02  4.476908065374632E-02  4.476951537567245E-02
  4.477130539471850E-02  4.477174414315392E-02  4.477217908546409E-02
  4.444199081629282E-02  4.444240361230816E-02  4.444281295048177E-02
  4.444719448510275E-02  4.444760768470668E-02  4.444801742146774E-02
  4.444979707212571E-02  4.445021047376122E-02  4.445062041004793E-02
  4.412532258205153E-02  4.412571229761943E-02  4.412609883784845E-02
  4.413040857043935E-02  4.413079865367251E-02  4.413118555736931E-02
  4.413295228858651E-02  4.413334255585333E-02  4.413372964148093E-02
  4.381321865773596E-02  4.381358714331508E-02  4.381395269224753E-02
  4.381819047384340E-02  4.381855929643946E-02  4.381892517881455E-02
  4.382067707837449E-02  4.382104606965156E-02  4.382141211891737E-02
  4.350558638326994E-02  4.350593521592960E-02  4.350628131674956E-02
  4.351044742362326E-02  4.351079656678755E-02  4.351114297502211E-02
  4.351287861396444E-02  4.351322791253111E-02  4.351357447462053E-02
  4.320233457774169E-02  4.320266512305284E-02  4.320299311501688E-02
  4.320708812696228E-02  4.320741895952898E-02  4.320774723603720E-02
  4.320946554655151E-02  4.320979652287803E-02  4.321012494178846E-02
  4.290337377353395E-02  4.290368723278205E-02  4.290399829662352E-02
  4.290802300534214E-02  4.290833673119884E-02  4.290864805923699E-02
  4.291034824212837E-02  4.291066210140686E-02  4.291097356165930E-02
  4.260861637481256E-02  4.260891382001707E-02  4.260920901156087E-02
  4.261316435398835E-02  4.261346204726035E-02  4.261375748470040E-02
  4.261543894140795E-02  4.261573675881920E-02  4.261603231931160E-02
  4.231797675841448E-02  4.231825915797597E-02  4.231853943267657E-02
  4.232242644344968E-02  4.232270907427219E-02  4.232298957825954E-02
  4.232465186174834E-02  4.232493460829681E-02  4.232521522702193E-02
  4.203137132866760E-02  4.203163956622104E-02  4.203190579714577E-02
  4.203572557487080E-02  4.203599402833518E-02  4.203626047336153E-02
  4.203790325266053E-02  4.203817181416734E-02  4.203843836633059E-02
  4.174871853567015E-02  4.174897342409226E-02  4.174922641527387E-02
  4.175298009855753E-02  4.175323518878758E-02  4.175348838010896E-02
  4.175511141450845E-02  4.175536660572196E-02  4.175561989719195E-02
  4.146993886657144E-02  4.147018115846419E-02  4.147042165491431E-02
  4.147411040540239E-02  4.147435288608750E-02  4.147459356978491E-02
  4.147619669001777E-02  4.147643926517205E-02  4.147668004256546E-02
  4.119495481867205E-02  4.119518521423230E-02  4.119541390948551E-02
  4.119903890003918E-02  4.119926947233996E-02  4.119949834289796E-02
  4.120108143744438E-02  4.120131209818257E-02  4.120154105645960E-02
  4.092369086120849E-02  4.092391001417517E-02  4.092412755601382E-02
  4.092768996259854E-02  4.092790928111938E-02  4.092812698717506E-02
  4.092968999232768E-02  4.092990939368756E-02  4.093012718191319E-02
  4.065607339045305E-02  4.065628191268324E-02  4.065648890756084E-02
  4.065998990374536E-02  4.066019858112888E-02  4.066040572991240E-02
  4.066194862248836E-02  4.066215737750570E-02  4.066236460329890E-02
  4.039203068103205E-02  4.039222914613359E-02  4.039242616270013E-02
  4.039586691589746E-02  4.039606552646995E-02  4.039626268734243E-02
  4.039778547920570E-02  4.039798416256646E-02  4.039818139564431E-02
  4.013149283526361E-02  4.013168178159633E-02  4.013186935362324E-02
  4.013525102244753E-02  4.013544010522944E-02  4.013562781261674E-02
  4.013713054637710E-02  4.013731969743251E-02  4.013750747254851E-02
  3.987439173173366E-02  3.987457166498976E-02  3.987475029389577E-02
  3.987807402621397E-02  3.987825408750764E-02  3.987843284343295E-02
  3.987991558890159E-02  3.988009571425923E-02  3.988027453373898E-02
  3.962066097393740E-02  3.962083236942449E-02  3.962100252652095E-02
  3.962426945795297E-02  3.962444097363046E-02  3.962461124996458E-02
  3.962607410113565E-02  3.962624567695019E-02  3.962641601294470E-02
  3.937023583975104E-02  3.937039914443859E-02  3.937056127295090E-02
  3.937377252569840E-02  3.937393594325257E-02  3.937409818373983E-02
  3.937554125616673E-02  3.937570473019297E-02  3.937586702670614E-02
  3.912305323219732E-02  3.912320886656488E-02  3.912336338346287E-02
  3.912652006540966E-02  3.912667580580580E-02  3.912683042789748E-02
  3.912825385638628E-02  3.912840964983261E-02  3.912856432455673E-02
  3.887905163176758E-02  3.887919999149742E-02  3.887934728917145E-02
  3.888245049315807E-02  3.888259895252943E-02  3.888274634906304E-02
  3.888415028563786E-02  3.888429879486323E-02  3.888444624085961E-02
  3.863817105019141E-02  3.863831250774855E-02  3.863845295557372E-02
  3.864150375878861E-02  3.864164531001917E-02  3.864178585078512E-02
  3.864317046279563E-02  3.864331206089378E-02  3.864345264816074E-02
  3.840035298555842E-02  3.840048789168002E-02  3.840062183749135E-02
  3.840362130093149E-02  3.840375629514762E-02  3.840389032836690E-02
  3.840525579673683E-02  3.840539083502888E-02  3.840552491198049E-02
  3.816554037881797E-02  3.816566906390795E-02  3.816579683538430E-02
  3.816874600338237E-02  3.816887477134982E-02  3.816900262505987E-02
  3.817034914265902E-02  3.817047795209175E-02  3.817060584694500E-02
  3.793367757174065E-02  3.793380034716278E-02  3.793392225311028E-02
  3.793682215297615E-02  3.793694500639495E-02  3.793706698973531E-02
  3.793839475990743E-02  3.793851765234927E-02  3.793863967441051E-02
  3.770471026638055E-02  3.770482742565853E-02  3.770494375720073E-02
  3.770779539894478E-02  3.770791263165128E-02  3.770802903605545E-02
  3.770933827128115E-02  3.770945554072486E-02  3.770957198158273E-02
  3.747858548585193E-02  3.747869730579687E-02  3.747880833749098E-02
  3.748161271360523E-02  3.748172460270136E-02  3.748183570301485E-02
  3.748312662367961E-02  3.748323854737261E-02  3.748334968201688E-02
  3.725525153630215E-02  3.725535827807652E-02  3.725546426896748E-02
  3.725822235423702E-02  3.725832916115572E-02  3.725843521669163E-02
  3.725970804993337E-02  3.725981488944403E-02  3.725992097732195E-02
  3.703465797003637E-02  3.703475988014739E-02  3.703486107475321E-02
  3.703757382613620E-02  3.703767579763641E-02  3.703777705316226E-02
  3.703903203181760E-02  3.703913403403081E-02  3.703923532003486E-02
  3.681675554989731E-02  3.681685286111362E-02  3.681694949033500E-02
  3.681961784691079E-02  3.681971521599547E-02  3.681981190264425E-02
  3.682104926429923E-02  3.682114666233522E-02  3.682124337771466E-02
  3.660149621486231E-02  3.660158914706328E-02  3.660168142902471E-02
  3.660430631199491E-02  3.660439929876164E-02  3.660449163487424E-02
  3.660571162103388E-02  3.660580463509944E-02  3.660589699830339E-02
  3.638883304673104E-02  3.638892180770524E-02  3.638900994854499E-02
  3.639159226128068E-02  3.639168107372134E-02  3.639176926563764E-02
  3.639297212093828E-02  3.639306095912700E-02  3.639314917659622E-02
  3.617872023779728E-02  3.617880502399735E-02  3.617888921861481E-02
  3.618142984670095E-02  3.618151468145773E-02  3.618159892426491E-02
  3.618278489575637E-02  3.618286975480531E-02  3.618295402172099E-02
  3.597111305948731E-02  3.597119405673291E-02  3.597127448948574E-02
  3.597377430082285E-02  3.597385534389199E-02  3.597393582212291E-02
  3.597510515860777E-02  3.597518622460157E-02  3.597526672558433E-02
  3.576596783205924E-02  3.576604521618205E-02  3.576612206152689E-02
  3.576858190647099E-02  3.576865933384909E-02  3.576873622212382E-02
  3.576988917359188E-02  3.576996662260960E-02  3.577004353236121E-02
  3.556324189534488E-02  3.556331583278495E-02  3.556338925586753E-02
  3.556580996741854E-02  3.556588394569943E-02  3.556595740931639E-02
  3.556709422643758E-02  3.556716822515009E-02  3.556724170904531E-02
  3.536289358040651E-02  3.536296422877398E-02  3.536303438598494E-02
  3.536541677998371E-02  3.536548746692116E-02  3.536555766241330E-02
  3.536667859608211E-02  3.536674930231504E-02  3.536681951695813E-02
  3.516488218202856E-02  3.516494969063723E-02  3.516501673013980E-02
  3.516736160546693E-02  3.516742915050905E-02  3.516749622617273E-02
  3.516860152707216E-02  3.516866909034071E-02  3.516873618409461E-02
  3.496916793201792E-02  3.496923244238365E-02  3.496929650460823E-02
  3.497160464340445E-02  3.497166918819239E-02  3.497173328458238E-02
  3.497282320279547E-02  3.497288776480362E-02  3.497295187828535E-02
  3.477571197342096E-02  3.477577361971879E-02  3.477583483781706E-02
  3.477810700572587E-02  3.477816868455205E-02  3.477822993493636E-02
  3.477930471961699E-02  3.477936641471583E-02  3.477942768125152E-02
  3.458447633559047E-02  3.458453524507724E-02  3.458459374534063E-02
  3.458683069178917E-02  3.458688963202007E-02  3.458694816279890E-02
  3.458800806188533E-02  3.458806701749622E-02  3.458812556354057E-02
  3.439542391006591E-02  3.439548020347932E-02  3.439553610573371E-02
  3.439773856420392E-02  3.439779488667998E-02  3.439785081778109E-02
  3.439889607773736E-02  3.439895241475215E-02  3.439900836028392E-02
  3.420851842713757E-02  3.420857221907663E-02  3.420862563705885E-02
  3.421079432535957E-02  3.421084814477589E-02  3.421090159003138E-02
  3.421193245560442E-02  3.421198628876632E-02  3.421203974766537E-02
  3.402372443312796E-02  3.402377583240839E-02  3.402382687411903E-02
  3.402596249466442E-02  3.402601391992680E-02  3.402606498742668E-02
  3.402708170143022E-02  3.402713313969005E-02  3.402718422009100E-02
  3.384100726842307E-02  3.384105637840387E-02  3.384110514643169E-02
  3.384320838653552E-02  3.384325752108742E-02  3.384330631350421E-02
  3.384430911663751E-02  3.384435826348102E-02  3.384440706809834E-02
  3.366033304623922E-02  3.366037996512547E-02  3.366042655694729E-02
  3.366249808913457E-02  3.366254503126023E-02  3.366259164614928E-02
  3.366358077685360E-02  3.366362773060461E-02  3.366367435703285E-02
  3.348166863206786E-02  3.348171345319861E-02  3.348175796146383E-02
  3.348379844377084E-02  3.348384328688354E-02  3.348388781696789E-02
  3.348486351128922E-02  3.348490836539818E-02  3.348495290639732E-02
  3.330498162369758E-02  3.330502443582124E-02  3.330506694862460E-02
  3.330707702489068E-02  3.330711985780849E-02  3.330716239125203E-02
  3.330812488271417E-02  3.330816772603400E-02  3.330821026980251E-02
  3.313024033185146E-02  3.313028121938328E-02  3.313032182052067E-02
  3.313230212068724E-02  3.313234302789083E-02  3.313238364855431E-02
  3.313333316804994E-02  3.313337408509407E-02  3.313341471552522E-02
  3.295741376145826E-02  3.295745280471632E-02  3.295749157391947E-02
  3.295944271433590E-02  3.295948177620489E-02  3.295952056388100E-02
  3.296045733959018E-02  3.296049641076899E-02  3.296053520768596E-02
  3.278647159355581E-02  3.278650886898005E-02  3.278654588213319E-02
  3.278846846586692E-02  3.278850575889902E-02  3.278854278952940E-02
  3.278946704685429E-02  3.278950434869435E-02  3.278954138806738E-02
  3.261738416773187E-02  3.261741974809369E-02  3.261745507744075E-02
  3.261934969458429E-02  3.261938529160517E-02  3.261942063748766E-02
  3.262033259900114E-02  3.262036820435531E-02  3.262040355850920E-02
  3.245012246508538E-02  3.245015641968953E-02  3.245019013403430E-02
  3.245205736200100E-02  3.245209133236650E-02  3.245212506235549E-02
  3.245302494773811E-02  3.245305892598784E-02  3.245309266380242E-02
  3.228465809169104E-02  3.228469048656546E-02  3.228472265145990E-02
  3.228656305525800E-02  3.228659546504417E-02  3.228662764473929E-02
  3.228751567074488E-02  3.228754808799023E-02  3.228758027508903E-02
  3.212096326259866E-02  3.212099416066804E-02  3.212102483858504E-02
  3.212283897113257E-02  3.212286988330933E-02  3.212290057522851E-02
  3.212377695564946E-02  3.212380787488309E-02  3.212383857380646E-02
  3.195901078639690E-02  3.195904024764352E-02  3.195906949813650E-02
  3.196085790054957E-02  3.196088737514192E-02  3.196091663888083E-02
  3.196178158454289E-02  3.196181106581106E-02  3.196184033617583E-02
  3.179877405023025E-02  3.179880213184851E-02  3.179883001170380E-02
  3.180059321359009E-02  3.180062130783258E-02  3.180064920021747E-02
  3.180150291896956E-02  3.180153101952695E-02  3.180155891817935E-02
  3.164022700524390E-02  3.164025376178977E-02  3.164028032517475E-02
  3.164201884491216E-02  3.164204561339872E-02  3.164207218863458E-02
  3.164291488533862E-02  3.164294165979811E-02  3.164296824096202E-02
  3.148334415244094E-02  3.148336963597319E-02  3.148339493457660E-02
  3.148510927959577E-02  3.148513477442094E-02  3.148516008423208E-02
  3.148599196075067E-02  3.148601746122470E-02  3.148604277664210E-02
  3.132810052893981E-02  3.132812478914872E-02  3.132814887230898E-02
  3.132983953940036E-02  3.132986381028822E-02  3.132988790404651E-02
  3.133070915921576E-02  3.133073343544529E-02  3.133075753450482E-02
