  3.444391703679589E+00  3.438210743905664E+00  3.432027062639965E+00

 -2.058139452484475E-01 -2.059005818282969E-01 -2.059874365812683E-01
 -2.077820991802793E-01 -2.078637684830746E-01 -2.079457119717955E-01
 -2.087910421293432E-01 -2.088700133548929E-01 -2.089492785272683E-01
 -2.087910421293432E-01 -2.088700133548929E-01 -2.089492785272683E-01
 -2.077820991802793E-01 -2.078637684830746E-01 -2.079457119717955E-01
 -2.058139452484475E-01 -2.059005818282969E-01 -2.059874365812683E-01
 -2.029748674166851E-01 -2.030678902928186E-01 -2.031610055086746E-01
 -1.993681557956808E-01 -1.994676689420815E-01 -1.995670384069640E-01
 -1.950813617786261E-01 -1.951856912010182E-01 -1.952895124126541E-01
 -1.901628861767844E-01 -1.902684503662438E-01 -1.903730489139540E-01
 -1.846207958961028E-01 -1.847227064839264E-01 -1.848231932461548E-01
 -1.784452705651300E-01 -1.785385848253627E-01 -1.786301265420500E-01
 -1.716383935953864E-01 -1.717193720951979E-01 -1.717984139959508E-01
 -1.642313579930144E-01 -1.642980755108660E-01 -1.643628851464607E-01
 -1.562830382736497E-01 -1.563351702283780E-01 -1.563855602560917E-01
 -1.478677205400932E-01 -1.479057774871518E-01 -1.479423092979229E-01
 -1.390619901681844E-01 -1.390864830186873E-01 -1.391096444657293E-01
 -1.299367108670876E-01 -1.299476840083647E-01 -1.299574640148369E-01
 -1.205559130053819E-01 -1.205529987181959E-01 -1.205489829008322E-01
 -1.109809474067711E-01 -1.109637611589447E-01 -1.109455466041606E-01
 -1.012760760645782E-01 -1.012446344419011E-01 -1.012122441537761E-01
 -9.151181726315155E-02 -9.146675515575045E-02 -9.142084099922911E-02
 -8.176440145263296E-02 -8.170694717271565E-02 -8.164875233774943E-02
 -7.211209135526836E-02 -7.204388680727604E-02 -7.197506019228264E-02
 -6.263037575695897E-02 -6.255325685395423E-02 -6.247563348826786E-02
 -5.338779754236175E-02 -5.330361093635846E-02 -5.321903118986559E-02
 -4.444323473174210E-02 -4.435371597931082E-02 -4.426390618971674E-02
 -3.584466997852463E-02 -3.575137671477437E-02 -3.565788390874868E-02
 -2.762911006602145E-02 -2.753339366223561E-02 -2.743755797370942E-02
 -1.982324273674188E-02 -1.972624356161930E-02 -1.962919388726602E-02
 -1.244448747444964E-02 -1.234714379551933E-02 -1.224980702905529E-02
 -5.502203887252087E-03 -5.405268565482780E-03 -5.308386662604150E-03
  1.001085448455715E-03  1.097023939943470E-03  1.192872574246360E-03
  7.068535906833980E-03  7.163030516080746E-03  7.257407772326796E-03
  1.270792381455838E-02  1.280064585261891E-02  1.289323070236518E-02
  1.793070679554590E-02  1.802142422802075E-02  1.811199099674886E-02
  2.275120353031716E-02  2.283976159082684E-02  2.292816065971329E-02
  2.718588744853511E-02  2.727219205716527E-02  2.735833343119297E-02
  3.125278477593024E-02  3.133678882426472E-02  3.142062858637293E-02
  3.497096558086360E-02  3.505265785394822E-02  3.513418724707381E-02
  3.836011628029937E-02  3.843951263713800E-02  3.851874938212267E-02
  4.144018287783360E-02  4.151731927875871E-02  4.159430071401921E-02
  4.423107551255032E-02  4.430600251981989E-02  4.438078019265090E-02
  4.675242630504105E-02  4.682520475046126E-02  4.689784015891024E-02
  4.902339374642058E-02  4.909409132788034E-02  4.916465257937053E-02
  5.106250787587410E-02  5.113119649958198E-02  5.119975570575844E-02
  5.288755122671061E-02  5.295430495118277E-02  5.302093621641335E-02
  5.451547104456904E-02  5.458036450951753E-02  5.464514239693000E-02
  5.596231866760653E-02  5.602542591070186E-02  5.608842428934889E-02
  5.724321227153763E-02  5.730460585224784E-02  5.736589704535938E-02
  5.837231946599870E-02  5.843206983014035E-02  5.849172399900471E-02
  5.936285650562873E-02  5.942103153726774E-02  5.947911624832140E-02
  6.022710115773278E-02  6.028376587636457E-02  6.034034581028041E-02
  6.097641654854691E-02  6.103163291878930E-02  6.108676968950479E-02
  6.162128358901410E-02  6.167511041734904E-02  6.172886247611521E-02
  6.217133985557143E-02  6.222383275422479E-02  6.227625535917328E-02
  6.263542306857019E-02  6.268663447080657E-02  6.273777970662009E-02
  6.302161756791648E-02  6.307159678221919E-02  6.312151361761646E-02
  6.333730242950845E-02  6.338609572260478E-02  6.343483009579601E-02
  6.358920009443467E-02  6.363685079510863E-02  6.368444571932266E-02
  6.378342459323896E-02  6.382997321046995E-02  6.387646889322780E-02
  6.392552863799043E-02  6.397101298825471E-02  6.401644695933438E-02
  6.402054902436936E-02  6.406500436399713E-02  6.410941160807690E-02
  6.407304993412215E-02  6.411650909347251E-02  6.415992218429288E-02
  6.408716385539137E-02  6.412965737233077E-02  6.417210660592736E-02
  6.406662994551414E-02  6.410818619629152E-02  6.414969972145076E-02
  6.401482974930138E-02  6.405547507542926E-02  6.409607902002810E-02
  6.393482025709925E-02  6.397457908728850E-02  6.401429767960948E-02
  6.382936434294918E-02  6.386825930951655E-02  6.390711499399690E-02
  6.370095866583401E-02  6.373901071531084E-02  6.377702426248474E-02
  6.355185914801255E-02  6.358908764593453E-02  6.362627825657605E-02
  6.338410416584074E-02  6.342052699589801E-02  6.345691239956290E-02
  6.319953560170491E-02  6.323516925957902E-02  6.327076580788660E-02
  6.299981791245962E-02  6.303467759477112E-02  6.306950034985499E-02
  6.278645537125721E-02  6.282055506008974E-02  6.285461787868515E-02
  6.256080763713279E-02  6.259416018058803E-02  6.262747579419733E-02
  6.232410380103113E-02  6.235672099018124E-02  6.238930108166429E-02
  6.207745504890608E-02  6.210934769134056E-02  6.214120296808887E-02
  6.182186607259449E-02  6.185304406247330E-02  6.188418432602215E-02
  6.155824534777283E-02  6.158871773186771E-02  6.161915194334449E-02
  6.128741438556954E-02  6.131718942415953E-02  6.134692576431682E-02
  6.101011605044171E-02  6.103920127108007E-02  6.106824719276996E-02
  6.072702202161120E-02  6.075542426264842E-02  6.078378653241165E-02
  6.043873945862147E-02  6.046646489790621E-02  6.049414962182786E-02
  6.014581691323249E-02  6.017287107558129E-02  6.019988370267070E-02
  5.984874950993292E-02  5.987513724475470E-02  5.990148253883800E-02
  5.954798339580598E-02  5.957370881372639E-02  5.959939078225105E-02
  5.924391943809136E-02  5.926898579269108E-02  5.929400755809334E-02
  5.893691612563801E-02  5.896132562378417E-02  5.898568922048150E-02
  5.862729161108465E-02  5.865104513331398E-02  5.867475121151912E-02
  5.831532481794674E-02  5.833842152976848E-02  5.836146894704704E-02
  5.800125553697004E-02  5.802369237400276E-02  5.804607765809781E-02
  5.768528345778524E-02  5.770705447401668E-02  5.772877114771886E-02
  5.736756613710475E-02  5.738866171852591E-02  5.740969949162910E-02
  5.704821600860085E-02  5.706862197673920E-02  5.708896583416015E-02
  5.672729670909128E-02  5.674699337315910E-02  5.676662262459779E-02
  5.640481924323035E-02  5.642378050670071E-02  5.644266791231835E-02
  5.608073882974324E-02  5.609893151404439E-02  5.611704265850607E-02
  5.575495362788380E-02  5.577233723246806E-02  5.578963037493439E-02
  5.542730684415308E-02  5.544383399985933E-02  5.546026066023272E-02
  5.509759382865444E-02  5.511321169513282E-02  5.512871822160758E-02
  5.476557552823318E-02  5.478022831231621E-02  5.479475858916427E-02
  5.443099895125195E-02  5.444463157021912E-02  5.445813085945287E-02
  5.409362411378232E-02  5.410618680831219E-02  5.411860649172071E-02
  5.375325545150742E-02  5.376470890983022E-02  5.377601165539932E-02
  5.340977423989208E-02  5.342009459185641E-02  5.343025927766391E-02
  5.306316760098268E-02  5.307235054643454E-02  5.308137620233334E-02
  5.271354956563661E-02  5.272161296166046E-02  5.272952107503013E-02
  5.236117056996432E-02  5.236815501919526E-02  5.237498979112486E-02
  5.200641355602761E-02  5.201238086748057E-02  5.201820734689497E-02
  5.164977709874469E-02  5.165480685159426E-02  5.165970723151547E-02
  5.129184812495718E-02  5.129603286419764E-02  5.130010150742499E-02
  5.093326830266093E-02  5.093670806520013E-02  5.094004597319122E-02
  5.057469874851962E-02  5.057749563299053E-02  5.058020506288601E-02
  5.021678731358180E-02  5.021904068650416E-02  5.022122048296608E-02
  4.986014160270038E-02  4.986194432943902E-02  4.986368632551702E-02
  4.950530944562233E-02  4.950674530914129E-02  4.950813192590823E-02
  4.915276714765182E-02  4.915390942345305E-02  4.915501241100761E-02
  4.880291477504645E-02  4.880382579679897E-02  4.880470593553810E-02
  4.845607708960244E-02  4.845680857303827E-02  4.845751609682002E-02
  4.811250851643668E-02  4.811310239808700E-02  4.811367789706761E-02
  4.777240060405660E-02  4.777289017737384E-02  4.777336576843841E-02
  4.743589068794664E-02  4.743630186344359E-02  4.743670246184094E-02
  4.710307078710483E-02  4.710342335109823E-02  4.710376792475252E-02
  4.677399607267848E-02  4.677430486259224E-02  4.677460759294715E-02
  4.644869251008793E-02  4.644896845935844E-02  4.644923976641496E-02
  4.612716347791657E-02  4.612741450973720E-02  4.612766192388299E-02
  4.580939531047792E-02  4.580962707783572E-02  4.580985595819739E-02
  4.549536180534951E-02  4.549557828650190E-02  4.549579239638429E-02
  4.518502779314672E-02  4.518523175833523E-02  4.518543371431668E-02
  4.487835189497388E-02  4.487854526310266E-02  4.487873687682888E-02
  4.457528860194761E-02  4.457547270632908E-02  4.457565523811361E-02
  4.427578980745217E-02  4.427596558855968E-02  4.427613993053110E-02
  4.397980591033418E-02  4.397997405161995E-02  4.398014085614389E-02
  4.368728658943555E-02  4.368744761018589E-02  4.368760737714531E-02
  4.339818132997852E-02  4.339833564704760E-02  4.339848878144485E-02
  4.311243976429842E-02  4.311258773229890E-02  4.311273458145101E-02
  4.283001187645202E-02  4.283015381352751E-02  4.283029469076409E-02
  4.255084811270534E-02  4.255098431656885E-02  4.255111951596317E-02
  4.227489943501690E-02  4.227503019196824E-02  4.227515999666357E-02
  4.200211734821909E-02  4.200224293676990E-02  4.200236762234291E-02
  4.173245392117521E-02  4.173257461174022E-02  4.173269444584744E-02
  4.146586180959075E-02  4.146597786197464E-02  4.146609310183674E-02
  4.120229427814874E-02  4.120240593862907E-02  4.120251682806681E-02
  4.094170521606281E-02  4.094181271538684E-02  4.094191948273649E-02
  4.068404914282638E-02  4.068415269558152E-02  4.068425555300412E-02
  4.042928120618119E-02  4.042938101123784E-02  4.042948015516065E-02
  4.017735717731917E-02  4.017745341874603E-02  4.017754903082976E-02
  3.992823344780693E-02  3.992832629581318E-02  3.992841854396245E-02
  3.968186702964686E-02  3.968195664142936E-02  3.968204568068959E-02
  3.943821555731429E-02  3.943830207789815E-02  3.943838805131576E-02
  3.919723728983732E-02  3.919732085300656E-02  3.919740389255766E-02
  3.895889111170934E-02  3.895897184102839E-02  3.895905206863097E-02
  3.872313653249752E-02  3.872321454235279E-02  3.872329207089961E-02
  3.848993368547080E-02  3.849000908205892E-02  3.849008401639779E-02
  3.825924332548668E-02  3.825931620771034E-02  3.825938864553079E-02
  3.803102682620069E-02  3.803109728646494E-02  3.803116731908438E-02
  3.780524617651983E-02  3.780531430143946E-02  3.780538201449757E-02
  3.758186397623552E-02  3.758192984726599E-02  3.758199532134260E-02
  3.736084343081954E-02  3.736090712482196E-02  3.736097043598921E-02
  3.714214834547461E-02  3.714220993521437E-02  3.714227115552454E-02
  3.692574311857950E-02  3.692580267315591E-02  3.692586187106255E-02
  3.671159273468570E-02  3.671165031989489E-02  3.671170756060788E-02
  3.649966275710592E-02  3.649971843575026E-02  3.649977378153748E-02
  3.628991932011336E-02  3.628997315227215E-02  3.629002666272279E-02
  3.608232912077202E-02  3.608238116404049E-02  3.608243289629763E-02
  3.587685941048525E-02  3.587690972017876E-02  3.587695972913958E-02
  3.567347798637593E-02  3.567352661570066E-02  3.567357495418312E-02
  3.547215318255833E-02  3.547220018275572E-02  3.547224690163928E-02
  3.527285386127889E-02  3.527289928175417E-02  3.527294443010474E-02
  3.507554940391762E-02  3.507559329235548E-02  3.507563691753816E-02
  3.488020970195342E-02  3.488025210441747E-02  3.488029425219436E-02
  3.468680514790745E-02  3.468684610892283E-02  3.468688682353398E-02
  3.449530662633115E-02  3.449534618895618E-02  3.449538551318940E-02
  3.430568550479126E-02  3.430572371068497E-02  3.430576168594139E-02
  3.411791362484082E-02  3.411795051432714E-02  3.411798718068400E-02
  3.393196329304150E-02  3.393199890516511E-02  3.393203430143119E-02
  3.374780727206690E-02  3.374784164463903E-02  3.374787580840009E-02
  3.356541877191313E-02  3.356545194155265E-02  3.356548490921142E-02
  3.338477144115688E-02  3.338480344333127E-02  3.338483525014724E-02
  3.320583935827832E-02  3.320587022734547E-02  3.320590090747595E-02
  3.302859702305595E-02  3.302862679230181E-02  3.302865637883948E-02
  3.285301934808264E-02  3.285304804975261E-02  3.285307657475692E-02
  3.267908165040941E-02  3.267910931573662E-02  3.267913681026157E-02
  3.250675964327795E-02  3.250678630251335E-02  3.250681279663670E-02
  3.233602942792542E-02  3.233605511036871E-02  3.233608063322263E-02
  3.216686748548855E-02  3.216689221951678E-02  3.216691679931637E-02
  3.199925066904176E-02  3.199927448213362E-02  3.199929814620136E-02
  3.183315619574907E-02  3.183317911450784E-02  3.183320188929610E-02
  3.166856163912302E-02  3.166858368930127E-02  3.166860560041645E-02
  3.150544492136201E-02  3.150546612788737E-02  3.150548720011538E-02
  3.134378430579100E-02  3.134380469278977E-02  3.134382495011993E-02
  3.118355838943033E-02  3.118357798024790E-02  3.118359744589337E-02
  3.102474609567405E-02  3.102476491289394E-02  3.102478360931039E-02
  3.086732666706797E-02  3.086734473253307E-02  3.086736268143955E-02
  3.071127965816037E-02  3.071129699299530E-02  3.071131421539637E-02
  3.055658492845914E-02  3.055660155309093E-02  3.055661806929735E-02
  3.040322263549824E-02  3.040323856967407E-02  3.040325439932090E-02
  3.025117322801473E-02  3.025118849081865E-02  3.025120365288150E-02
  3.010041743922603E-02  3.010043204909701E-02  3.010044656190990E-02
  2.995093628016302E-02  2.995095025491422E-02  2.995096413618862E-02
  2.980271103308580E-02  2.980272438992241E-02  2.980273765676524E-02
  2.965572324497501E-02  2.965573600050964E-02  2.965574866943857E-02
 -2.142919439391639E-01 -2.143786658849621E-01 -2.144656072882568E-01
 -2.163308234564947E-01 -2.164125661155800E-01 -2.164945845583327E-01
 -2.173753845243220E-01 -2.174544231870909E-01 -2.175337575187168E-01
 -2.173753845243220E-01 -2.174544231870909E-01 -2.175337575187168E-01
 -2.163308234564947E-01 -2.164125661155800E-01 -2.164945845583327E-01
 -2.142919439391639E-01 -2.143786658849621E-01 -2.144656072882568E-01
 -2.113480113398427E-01 -2.114411370115137E-01 -2.115343556605706E-01
 -2.076036835269792E-01 -2.077033190772638E-01 -2.078028104507144E-01
 -2.031481862213147E-01 -2.032526535757594E-01 -2.033566105905789E-01
 -1.980318595150696E-01 -1.981375659664862E-01 -1.982423027036879E-01
 -1.922649861894688E-01 -1.923670267565767E-01 -1.924676375179946E-01
 -1.858402465084804E-01 -1.859336593422525E-01 -1.860252922609327E-01
 -1.787624662741911E-01 -1.788434948308358E-01 -1.789225790994805E-01
 -1.710657708336007E-01 -1.711324810712654E-01 -1.711972768200460E-01
 -1.628121439211807E-01 -1.628642147165214E-01 -1.629145391947800E-01
 -1.540791390545363E-01 -1.541170942507838E-01 -1.541535225197225E-01
 -1.449466881772410E-01 -1.449710552864759E-01 -1.449940915114043E-01
 -1.354889763774416E-01 -1.354998154739985E-01 -1.355094637828995E-01
 -1.257732638339140E-01 -1.257702222699731E-01 -1.257660829852996E-01
 -1.158640075263473E-01 -1.158467164166628E-01 -1.158284019236137E-01
 -1.058284056486796E-01 -1.057968960710543E-01 -1.057644433009167E-01
 -9.573966294110312E-02 -9.569457890034994E-02 -9.564864803179982E-02
 -8.567636117954831E-02 -8.561893138281616E-02 -8.556076520750233E-02
 -7.571872828981979E-02 -7.565058640683738E-02 -7.558182509987903E-02
 -6.594383262884115E-02 -6.586680104644285E-02 -6.578926606391766E-02
 -5.642144989373233E-02 -5.633736093141645E-02 -5.625287862892720E-02
 -4.721139443644876E-02 -4.712197199855090E-02 -4.703225754466600E-02
 -3.836232951720808E-02 -3.826912376065216E-02 -3.817571715388809E-02
 -2.991171155421345E-02 -2.981607026540049E-02 -2.972030835731948E-02
 -2.188646031939236E-02 -2.178952295884009E-02 -2.169253387527220E-02
 -1.430401999911035E-02 -1.420672528330042E-02 -1.410943638546158E-02
 -7.173581198702993E-03 -7.076682860748378E-03 -6.979836941585432E-03
 -4.973233031995729E-04 -4.014106732729554E-04 -3.055869577259767E-04
  5.728401747033889E-03  5.822880847903593E-03  5.917243496240848E-03
  1.151198494106087E-02  1.160470105177845E-02  1.169728082402415E-02
  1.686559272051787E-02  1.695631293388234E-02  1.704688326224917E-02
  2.180432047428779E-02  2.189288901926435E-02  2.198129926021079E-02
  2.634546253871432E-02  2.643178423614482E-02  2.651794328369776E-02
  3.050788948028569E-02  3.059191610060926E-02  3.067577891519540E-02
  3.431152129599857E-02  3.439324055324137E-02  3.447479731354414E-02
  3.777688484971747E-02  3.785631163145627E-02  3.793557909800725E-02
  4.092474466421473E-02  4.100191408085093E-02  4.107892875427417E-02
  4.377579750881625E-02  4.385075939472551E-02  4.392557210561678E-02
  4.635042262366974E-02  4.642323719393377E-02  4.649590883317786E-02
  4.866848064862295E-02  4.873921508148128E-02  4.880981324493317E-02
  5.074915528155486E-02  5.081788104790310E-02  5.088647741890952E-02
  5.261083239043644E-02  5.267762318766141E-02  5.274429151575602E-02
  5.427101181033550E-02  5.433594198305045E-02  5.440075654200415E-02
  5.574624744568215E-02  5.580939079529979E-02  5.587242522311604E-02
  5.705211162912774E-02  5.711354053076428E-02  5.717486697095508E-02
  5.820317999818852E-02  5.826296475833180E-02  5.832265323688211E-02
  5.921303345731518E-02  5.927124185903782E-02  5.932935984481232E-02
  6.009427410059049E-02  6.015097109448687E-02  6.020758320211696E-02
  6.085855227793557E-02  6.091379978620925E-02  6.096896758957854E-02
  6.151660229209201E-02  6.157045910040575E-02  6.162424103187510E-02
  6.207828451148740E-02  6.213080622864869E-02  6.218325754449183E-02
  6.255263197235078E-02  6.260387104204145E-02  6.265504383860498E-02
  6.294789981911146E-02  6.299790557105281E-02  6.304784883927381E-02
  6.327161619226195E-02  6.332043492270323E-02  6.336919463106858E-02
  6.353063341482398E-02  6.357830848823569E-02  6.362592768622669E-02
  6.373117854986268E-02  6.377775051532152E-02  6.382426945096557E-02
  6.387890260057807E-02  6.392440931763281E-02  6.396986556406144E-02
  6.397892780054878E-02  6.402340457041605E-02  6.406783315737137E-02
  6.403589259455032E-02  6.407937229336182E-02  6.412280584045121E-02
  6.405399404077741E-02  6.409650725232600E-02  6.413897610154055E-02
  6.403702747435164E-02  6.407860262039705E-02  6.412013496601217E-02
  6.398842336141609E-02  6.402908682813015E-02  6.406970884262134E-02
  6.391128134463490E-02  6.395105760420967E-02  6.399079355925093E-02
  6.380840153659989E-02  6.384731326341694E-02  6.388618564539915E-02
  6.368231315947882E-02  6.372038134054980E-02  6.375841096036179E-02
  6.353530065934043E-02  6.357254469898500E-02  6.360975079604941E-02
  6.336942744366715E-02  6.340586526259601E-02  6.344226560334874E-02
  6.318655740266260E-02  6.322220553178330E-02  6.325781650292740E-02
  6.298837438034317E-02  6.302324804970658E-02  6.305808474666609E-02
  6.277639976172177E-02  6.281051298507416E-02  6.284458929611271E-02
  6.255200833874089E-02  6.258537399413606E-02  6.261870268058473E-02
  6.231644261080189E-02  6.234907251764688E-02  6.238166529059379E-02
  6.207082566677451E-02  6.210273065951596E-02  6.213459825312857E-02
  6.181617278460963E-02  6.184736278298799E-02  6.187851502433830E-02
  6.155340187245977E-02  6.158388594783505E-02  6.161433182264821E-02
  6.128334286192881E-02  6.131312929856956E-02  6.134287701167174E-02
  6.100674614947448E-02  6.103584249885969E-02  6.106489952721478E-02
  6.072429016622485E-02  6.075270329127957E-02  6.078107642632566E-02
  6.043658813932010E-02  6.046432424404725E-02  6.049201961852637E-02
  6.014419408920737E-02  6.017125872735061E-02  6.019828181993268E-02
  5.984760808703246E-02  5.987400614119821E-02  5.990036174993160E-02
  5.954728077451358E-02  5.957301639463888E-02  5.959870856766586E-02
  5.924361712598900E-02  5.926869361329735E-02  5.929372552251109E-02
  5.893697940993065E-02  5.896139902985933E-02  5.898577277056399E-02
  5.862768928748420E-02  5.865145299300283E-02  5.867516929072309E-02
  5.831602897253133E-02  5.833913601860671E-02  5.836219382384119E-02
  5.800224137723330E-02  5.802468880912730E-02  5.804708476331769E-02
  5.768652918788909E-02  5.770831119218656E-02  5.773003895525504E-02
  5.736905286980760E-02  5.739015998980559E-02  5.741120943363696E-02
  5.704992770232016E-02  5.707034594140346E-02  5.709070223739966E-02
  5.672922011270522E-02  5.674892998323019E-02  5.676857264807209E-02
  5.640694382377359E-02  5.642591944587164E-02  5.644482145854442E-02
  5.608305665021402E-02  5.610126506186047E-02  5.611939222298388E-02
  5.575745913597362E-02  5.577486003275943E-02  5.579217079312331E-02
  5.542999653162980E-02  5.544654269350439E-02  5.546298871270789E-02
  5.510046572897013E-02  5.511610438686079E-02  5.513163206957302E-02
  5.476862854009275E-02  5.478330386351507E-02  5.479785703685880E-02
  5.443423200797081E-02  5.444788874357354E-02  5.446141247549662E-02
  5.409703525802254E-02  5.410962333050383E-02  5.412206866226875E-02
  5.375684091300156E-02  5.376832055544192E-02  5.377964967745493E-02
  5.341352763840656E-02  5.342387441325488E-02  5.343406561924841E-02
  5.306707939761184E-02  5.307628837090514E-02  5.308534004822524E-02
  5.271760685795210E-02  5.272569524500323E-02  5.273362824030323E-02
  5.236535727436199E-02  5.237236508955982E-02  5.237922302632362E-02
  5.201071095559499E-02  5.201669952727887E-02  5.202254699224036E-02
  5.165416467367500E-02  5.165921324576436E-02  5.166413212009620E-02
  5.129630454004025E-02  5.130050548440054E-02  5.130458998269575E-02
  5.093777241212487E-02  5.094122574993638E-02  5.094457688119760E-02
  5.057923049296348E-02  5.058203844222679E-02  5.058475860221229E-02
  5.022132841962388E-02  5.022359056787187E-02  5.022577883617922E-02
  4.986467604160238E-02  4.986648553936193E-02  4.986823404254260E-02
  4.950982365057651E-02  4.951126459467809E-02  4.951265607099049E-02
  4.915725002213891E-02  4.915839600138161E-02  4.915950251357068E-02
  4.880735754313163E-02  4.880827118272665E-02  4.880915379933172E-02
  4.846047304393270E-02  4.846120631637216E-02  4.846191552301420E-02
  4.811685271469818E-02  4.811744777248275E-02  4.811802436963675E-02
  4.777668955414528E-02  4.777717986521466E-02  4.777765613863439E-02
  4.744012204989816E-02  4.744053366062776E-02  4.744093465627811E-02
  4.710724310859322E-02  4.710759590741069E-02  4.710794069088695E-02
  4.677810856585760E-02  4.677841746425268E-02  4.677872028741593E-02
  4.645274487107358E-02  4.645302085422943E-02  4.645329218595261E-02
  4.613115574605896E-02  4.613140677183780E-02  4.613165417499891E-02
  4.581332776232577E-02  4.581355950580365E-02  4.581378836002909E-02
  4.549923487732384E-02  4.549945132993410E-02  4.549966541059070E-02
  4.518884202693742E-02  4.518904596604508E-02  4.518924789608740E-02
  4.488210790021676E-02  4.488230124793922E-02  4.488249284175092E-02
  4.457898703158728E-02  4.457917112208099E-02  4.457935364053798E-02
  4.427943134203439E-02  4.427960711531016E-02  4.427978144992869E-02
  4.398339124838092E-02  4.398355938681987E-02  4.398372618882981E-02
  4.369081644176101E-02  4.369097746340095E-02  4.369113723142407E-02
  4.340165641642272E-02  4.340181073693642E-02  4.340196387480919E-02
  4.311586081185553E-02  4.311600878486072E-02  4.311615563893377E-02
  4.283337961811461E-02  4.283352156098711E-02  4.283366244385441E-02
  4.255416328660304E-02  4.255429949651045E-02  4.255443470172974E-02
  4.227816278363107E-02  4.227829354652137E-02  4.227842335690950E-02
  4.200532961754361E-02  4.200545521173240E-02  4.200557990268949E-02
  4.173561585978545E-02  4.173573655560833E-02  4.173585639472603E-02
  4.146897416763613E-02  4.146909022490010E-02  4.146920546941082E-02
  4.120535780629143E-02  4.120546947132797E-02  4.120558036511178E-02
  4.094472066438862E-02  4.094482816802709E-02  4.094493493950486E-02
  4.068701725977576E-02  4.068712081669638E-02  4.068722367812244E-02
  4.043220273750322E-02  4.043230254666846E-02  4.043240169456101E-02
  4.018023286509032E-02  4.018032911065263E-02  4.018042472675421E-02
  3.993106402950282E-02  3.993115688174274E-02  3.993124913402687E-02
  3.968465323729892E-02  3.968474285347053E-02  3.968483189703718E-02
  3.944095811674975E-02  3.944104464192105E-02  3.944113061985691E-02
  3.919993691998663E-02  3.920002048797082E-02  3.920010353227869E-02
  3.896154852401285E-02  3.896162925839121E-02  3.896170949100385E-02
  3.872575243036864E-02  3.872583044553397E-02  3.872590797934862E-02
  3.849250876384357E-02  3.849258416599008E-02  3.849265910585037E-02
  3.826177827042457E-02  3.826185115844551E-02  3.826192360203026E-02
  3.803352231456542E-02  3.803359278085103E-02  3.803366281946160E-02
  3.780770287569081E-02  3.780777100683705E-02  3.780783872609347E-02
  3.758428254388064E-02  3.758434842132138E-02  3.758441390178122E-02
  3.736322451471362E-02  3.736328821528658E-02  3.736335153299796E-02
  3.714449258334751E-02  3.714455417979383E-02  3.714461540678436E-02
  3.692805113800628E-02  3.692811069940069E-02  3.692816990409905E-02
  3.671386515300129E-02  3.671392274511565E-02  3.671397999270722E-02
  3.650190018135505E-02  3.650195586696812E-02  3.650201121969710E-02
  3.629212234701985E-02  3.629217618618846E-02  3.629222970362136E-02
  3.608449833672598E-02  3.608455038702382E-02  3.608460212628233E-02
  3.587899539155420E-02  3.587904570827661E-02  3.587909572423773E-02
  3.567558129833603E-02  3.567562993467051E-02  3.567567828013360E-02
  3.547422438093057E-02  3.547427138810137E-02  3.547431811392877E-02
  3.527489349137681E-02  3.527493891877347E-02  3.527498407401545E-02
  3.507755800092344E-02  3.507760189621628E-02  3.507764552822366E-02
  3.488218779098339E-02  3.488223020022322E-02  3.488227235474531E-02
  3.468875324410269E-02  3.468879421180310E-02  3.468883493306846E-02
  3.449722523494451E-02  3.449726480415360E-02  3.449730413493993E-02
  3.430757512128225E-02  3.430761333365003E-02  3.430765131534952E-02
  3.411977473498362E-02  3.411981163082611E-02  3.411984830350816E-02
  3.393379637302714E-02  3.393383199138217E-02  3.393386739384883E-02
  3.374961278861642E-02  3.374964716728954E-02  3.374968133712091E-02
  3.356719718239026E-02  3.356723035799535E-02  3.356726333158922E-02
  3.338652319368843E-02  3.338655520168892E-02  3.338658701430080E-02
  3.320756489187130E-02  3.320759576662183E-02  3.320762645240585E-02
  3.303029676771678E-02  3.303032654250072E-02  3.303035613454703E-02
  3.285469372493915E-02  3.285472243199995E-02  3.285475096236603E-02
  3.268073107183425E-02  3.268075874240372E-02  3.268078624214239E-02
  3.250838451301163E-02  3.250841117733994E-02  3.250843767652811E-02
  3.233763014119511E-02  3.233765582858158E-02  3.233768135635104E-02
  3.216844442913203E-02  3.216846916795377E-02  3.216849375251982E-02
  3.200080422163261E-02  3.200082803936882E-02  3.200085170805441E-02
  3.183468672771270E-02  3.183470965096743E-02  3.183473243022576E-02
  3.167006951285605E-02  3.167009156738301E-02  3.167011348282159E-02
  3.150693049135064E-02  3.150695170207877E-02  3.150697277848485E-02
  3.134524791872999E-02  3.134526830978720E-02  3.134528857115179E-02
  3.118500038433402E-02  3.118501997906750E-02  3.118503944860546E-02
  3.102616680399641E-02  3.102618562499162E-02  3.102620432516060E-02
  3.086872641280475E-02  3.086874448190666E-02  3.086876243442784E-02
  3.071265875796282E-02  3.071267609629833E-02  3.071269332217843E-02
  3.055794369173780E-02  3.055796031973630E-02  3.055797683928848E-02
  3.040456136452748E-02  3.040457730193848E-02  3.040459313480019E-02
  3.025249221803664E-02  3.025250748394668E-02  3.025252264909603E-02
  3.010171697854704E-02  3.010173159139764E-02  3.010174610717117E-02
  2.995221665024653E-02  2.995223062785335E-02  2.995224451196510E-02
  2.980397250865016E-02  2.980398586822110E-02  2.980399913778053E-02
  2.965696609408619E-02  2.965697885223632E-02  2.965699152376363E-02
 -2.185864221991072E-01 -2.186731852720019E-01 -2.187601684149028E-01
 -2.206612558498874E-01 -2.207430337813440E-01 -2.208250882610473E-01
 -2.217239235175296E-01 -2.218029945655994E-01 -2.218823621081125E-01
 -2.217239235175296E-01 -2.218029945655994E-01 -2.218823621081125E-01
 -2.206612558498874E-01 -2.207430337813440E-01 -2.208250882610473E-01
 -2.185864221991072E-01 -2.186731852720019E-01 -2.187601684149028E-01
 -2.155891853023475E-01 -2.156823605919190E-01 -2.157756291592846E-01
 -2.117749005958555E-01 -2.118745953118907E-01 -2.119741456044441E-01
 -2.072336506155363E-01 -2.073381847045346E-01 -2.074422074168622E-01
 -2.020167703907188E-01 -2.021225457328697E-01 -2.022273493833558E-01
 -1.961356804581400E-01 -1.962377840686467E-01 -1.963384549733914E-01
 -1.895843439287040E-01 -1.896778047316372E-01 -1.897694820431201E-01
 -1.823689908698276E-01 -1.824500439969550E-01 -1.825291491001408E-01
 -1.745252446857117E-01 -1.745919517286254E-01 -1.746567410673666E-01
 -1.661166738114438E-01 -1.661687152502907E-01 -1.662190082331855E-01
 -1.572224937213759E-01 -1.572603998292080E-01 -1.572967781378275E-01
 -1.479243358026415E-01 -1.479486421734489E-01 -1.479716179173525E-01
 -1.382980695328853E-01 -1.383088439024002E-01 -1.383184286378381E-01
 -1.284125908809882E-01 -1.284094879799880E-01 -1.284052892301689E-01
 -1.183339276757166E-01 -1.183165862857731E-01 -1.182982239309908E-01
 -1.081307608871650E-01 -1.080992191769113E-01 -1.080667369591873E-01
 -9.787765054963202E-02 -9.783255695617678E-02 -9.778661909018242E-02
 -8.765436424206012E-02 -8.759694760711807E-02 -8.753879662840597E-02
 -7.754212116571574E-02 -7.747401105427099E-02 -7.740528279513315E-02
 -6.761878675901900E-02 -6.754179887337899E-02 -6.746430808651852E-02
 -5.795475890915833E-02 -5.787071852256668E-02 -5.778628467833910E-02
 -4.861032423945497E-02 -4.852094956184715E-02 -4.843128237478705E-02
 -3.963448864350143E-02 -3.954132620929130E-02 -3.944796227681799E-02
 -3.106493391300890E-02 -3.096932979947281E-02 -3.087360441057070E-02
 -2.292869472068962E-02 -2.283178797795664E-02 -2.273482891236708E-02
 -1.524322501738199E-02 -1.514595459526581E-02 -1.504868945382936E-02
 -8.017627111980407E-03 -7.920747165514337E-03 -7.823919144411103E-03
 -1.253904082533033E-03 -1.158004346661904E-03 -1.062193057252541E-03
  5.051843824021767E-03  5.146315166676637E-03  5.240670505705764E-03
  1.090832068637062E-02  1.100103380543404E-02  1.109361101068435E-02
  1.632805334456644E-02  1.641877490637790E-02  1.650934697258796E-02
  2.132653163339579E-02  2.141510536967110E-02  2.150352114567110E-02
  2.592146643949171E-02  2.600779662426361E-02  2.609396445140166E-02
  3.013215652240405E-02  3.021619436793722E-02  3.030006864791870E-02
  3.397895272139387E-02  3.406068540889837E-02  3.414225579110586E-02
  3.748280779354781E-02  3.756224972773286E-02  3.764153249543944E-02
  4.066490092822877E-02  4.074208679705218E-02  4.081911803447451E-02
  4.354632731092357E-02  4.362130658662587E-02  4.369613676773582E-02
  4.614784450620330E-02  4.622067709646351E-02  4.629336680943832E-02
  4.848966863840994E-02  4.856042146186238E-02  4.863103804692783E-02
  5.059131428298386E-02  5.066005859257326E-02  5.072867351859619E-02
  5.247147266276461E-02  5.253828197473424E-02  5.260496881323913E-02
  5.414792324229357E-02  5.421287175301341E-02  5.427770463239900E-02
  5.563747420414882E-02  5.570063559619114E-02  5.576368803823016E-02
  5.695592763161728E-02  5.701737418723669E-02  5.707871824490222E-02
  5.811806554530093E-02  5.817786750067649E-02  5.823757313166242E-02
  5.913765326250649E-02  5.919587834961604E-02  5.925401297340735E-02
  6.002745687049595E-02  6.008417000493581E-02  6.014079820260007E-02
  6.079927192617030E-02  6.085453500844376E-02  6.090971833334913E-02
  6.146396081195594E-02  6.151783261688053E-02  6.157162949151191E-02
  6.203149648730155E-02  6.208403262159730E-02  6.213649830092592E-02
  6.251101067413704E-02  6.256226358637111E-02  6.261345017225697E-02
  6.291084479975247E-02  6.296086382999255E-02  6.301082032421325E-02
  6.323860228892643E-02  6.328743374795541E-02  6.333620613391235E-02
  6.350120104592183E-02  6.354888831586575E-02  6.359651966098176E-02
  6.370492519383447E-02  6.375150884366543E-02  6.379803941607054E-02
  6.385547534228626E-02  6.390099325296562E-02  6.394646064734665E-02
  6.395801683373671E-02  6.400250432882588E-02  6.404694359736030E-02
  6.401722557400334E-02  6.406071555244321E-02  6.410415933759647E-02
  6.403733118456584E-02  6.407985425305344E-02  6.412233291973653E-02
  6.402215732432645E-02  6.406374192733287E-02  6.410528369252275E-02
  6.397515911838604E-02  6.401583166438109E-02  6.405646272282191E-02
  6.389945770305472E-02  6.393924268594982E-02  6.397898733099069E-02
  6.379787195178407E-02  6.383679206698029E-02  6.387567280597674E-02
  6.367294748818184E-02  6.371102374292481E-02  6.374906140693715E-02
  6.352698312181450E-02  6.356423493981525E-02  6.360144878759033E-02
  6.336205486202173E-02  6.339850018250487E-02  6.343490799892249E-02
  6.318003767636218E-02  6.321569304785504E-02  6.325131123716705E-02
  6.298262516507624E-02  6.301750583435395E-02  6.305234950863874E-02
  6.277134732268735E-02  6.280546731933748E-02  6.283955038263292E-02
  6.254758655351210E-02  6.258095877057446E-02  6.261429399913555E-02
  6.231259210063417E-02  6.234522837169149E-02  6.237782749072836E-02
  6.206749303837025E-02  6.209940421130248E-02  6.213127796837465E-02
  6.181330996704888E-02  6.184450597438632E-02  6.187566420933249E-02
  6.155096553642019E-02  6.158145546180840E-02  6.161190717264259E-02
  6.128129391026797E-02  6.131108604995127E-02  6.134083945351550E-02
  6.100504927006462E-02  6.103415118745258E-02  6.106321377273181E-02
  6.072291343936465E-02  6.075133200962101E-02  6.077971058045039E-02
  6.043550269337749E-02  6.046324413351505E-02  6.049094483589391E-02
  6.014337379924443E-02  6.017044367738118E-02  6.019747200471647E-02
  5.984702931210715E-02  5.987343252733556E-02  5.989979329466905E-02
  5.954692213019051E-02  5.957266285196500E-02  5.959836012764260E-02
  5.924345928927713E-02  5.926854084247715E-02  5.929357782294942E-02
  5.893700495440331E-02  5.896142963355852E-02  5.898580844437398E-02
  5.862788254671979E-02  5.865165134079688E-02  5.867537274491089E-02
  5.831637593015724E-02  5.833948813860885E-02  5.836255113273855E-02
  5.800272958170945E-02  5.802518230436008E-02  5.804758358653374E-02
  5.768714768951949E-02  5.770893517899028E-02  5.773066847743274E-02
  5.736979217627056E-02  5.739090505426795E-02  5.741196032167004E-02
  5.705077974697367E-02  5.707120410761965E-02  5.709156660844544E-02
  5.673017822703522E-02  5.674989468416534E-02  5.676954403851377E-02
  5.640800270165745E-02  5.642698548379731E-02  5.644589478016267E-02
  5.608421228761350E-02  5.610242854130161E-02  5.612056368861489E-02
  5.575870872650647E-02  5.577611824597920E-02  5.579343779147545E-02
  5.543133829775490E-02  5.544789393841949E-02  5.546434961250868E-02
  5.510189867241455E-02  5.511754770206214E-02  5.513308593893235E-02
  5.477015210500794E-02  5.478483867597785E-02  5.479940327570075E-02
  5.443584566636687E-02  5.444951444159695E-02  5.446305037670738E-02
  5.409873804686888E-02  5.411133879459994E-02  5.412379693761002E-02
  5.375863097156507E-02  5.377012369854244E-02  5.378146600225124E-02
  5.341540180692075E-02  5.342576179263574E-02  5.343596625925673E-02
  5.306903293914506E-02  5.307825493283672E-02  5.308731962846244E-02
  5.271963335177952E-02  5.272773424730967E-02  5.273567969755830E-02
  5.236744870318786E-02  5.237446821966382E-02  5.238133775796912E-02
  5.201285797650231E-02  5.201885720035025E-02  5.202471518071727E-02
  5.165635703171376E-02  5.166141503746601E-02  5.166634318336310E-02
  5.129853156190788E-02  5.130274063316004E-02  5.130683308338731E-02
  5.094002350990401E-02  5.094348365851813E-02  5.094684142443885E-02
  5.058149561485998E-02  5.058430911744124E-02  5.058703466310145E-02
  5.022359840252628E-02  5.022586495645385E-02  5.022805747832000E-02
  4.986694284307598E-02  4.986875574119014E-02  4.987050751235195E-02
  4.951208045976542E-02  4.951352395588103E-02  4.951491787328403E-02
  4.915949126559978E-02  4.916063910543951E-02  4.916174738845598E-02
  4.880957881097393E-02  4.881049376592430E-02  4.881137762758492E-02
  4.846267096422442E-02  4.846340513561165E-02  4.846411518787824E-02
  4.811902480165681E-02  4.811962045041155E-02  4.812019759936170E-02
  4.777883405039914E-02  4.777932473210462E-02  4.777980134831984E-02
  4.744223777696517E-02  4.744264960626408E-02  4.744305080139447E-02
  4.710932933409465E-02  4.710968225073698E-02  4.711002713947129E-02
  4.678016489143030E-02  4.678047384414064E-02  4.678077671374204E-02
  4.645477114165161E-02  4.645504714163166E-02  4.645531848554705E-02
  4.613315197913351E-02  4.613340300167901E-02  4.613365039912479E-02
  4.581529409463822E-02  4.581552582593332E-02  4.581575466684486E-02
  4.550117152598182E-02  4.550138796408533E-02  4.550160202989485E-02
  4.519074926195307E-02  4.519095318781136E-02  4.519115510467885E-02
  4.488398602574187E-02  4.488417936308658E-02  4.488437094677098E-02
  4.458083637352433E-02  4.458102045693445E-02  4.458120296859241E-02
  4.428125224014594E-02  4.428142800939767E-02  4.428160234023541E-02
  4.398518405145066E-02  4.398535218838439E-02  4.398551898905873E-02
  4.369258150473830E-02  4.369274252676202E-02  4.369290229525839E-02
  4.340339409879260E-02  4.340354842098323E-02  4.340370156055008E-02
  4.311757147669697E-02  4.311771945217036E-02  4.311786630867093E-02
  4.283506363152804E-02  4.283520557727270E-02  4.283534646292971E-02
  4.255582101728068E-02  4.255595723018873E-02  4.255609243829969E-02
  4.227979460246428E-02  4.227992536830585E-02  4.228005518152241E-02
  4.200693589720648E-02  4.200706149419792E-02  4.200718618783088E-02
  4.173719697427020E-02  4.173731767270670E-02  4.173743751431436E-02
  4.147053049174728E-02  4.147064655143649E-02  4.147076179825659E-02
  4.120688971511597E-02  4.120700138241606E-02  4.120711227835826E-02
  4.094622853274908E-02  4.094633603853035E-02  4.094644281205767E-02
  4.068850146169589E-02  4.068860502068510E-02  4.068870788409861E-02
  4.043366364568151E-02  4.043376345688705E-02  4.043386260675048E-02
  4.018167085040497E-02  4.018176709802136E-02  4.018186271611815E-02
  3.993247946055545E-02  3.993257231489900E-02  3.993266456923726E-02
  3.968604647998719E-02  3.968613609834062E-02  3.968622514404777E-02
  3.944232953387784E-02  3.944241606133064E-02  3.944250204151344E-02
  3.920128687093066E-02  3.920137044131069E-02  3.920145348798543E-02
  3.896287736440976E-02  3.896295810130682E-02  3.896303833641361E-02
  3.872706051185670E-02  3.872713852966671E-02  3.872721606610501E-02
  3.849379643383009E-02  3.849387183874616E-02  3.849394678135761E-02
  3.826304587189230E-02  3.826311876280291E-02  3.826319120926087E-02
  3.803477018590132E-02  3.803484065518934E-02  3.803491069678726E-02
  3.780893135054977E-02  3.780899948480166E-02  3.780906720714960E-02
  3.758549195107163E-02  3.758555783171046E-02  3.758562331535486E-02
  3.736441517809945E-02  3.736447888195116E-02  3.736454220292813E-02
  3.714566482177648E-02  3.714572642157009E-02  3.714578765189486E-02
  3.692920526525433E-02  3.692926483005227E-02  3.692932403814102E-02
  3.671500147772844E-02  3.671505907329043E-02  3.671511632431636E-02
  3.650301900708239E-02  3.650307469617530E-02  3.650313005237064E-02
  3.629322397210628E-02  3.629327781477563E-02  3.629333133569555E-02
  3.608558305436885E-02  3.608563510817762E-02  3.608568685093302E-02
  3.588006348979576E-02  3.588011381002925E-02  3.588016382948715E-02
  3.567663306007267E-02  3.567668169990899E-02  3.567673004885935E-02
  3.547526008393249E-02  3.547530709458727E-02  3.547535382388386E-02
  3.527591340831477E-02  3.527595883916958E-02  3.527600399785472E-02
  3.507856239939910E-02  3.507860629811723E-02  3.507864993353471E-02
  3.488317693357437E-02  3.488321934620003E-02  3.488326150409269E-02
  3.468972738839380E-02  3.468976835943489E-02  3.468980908402557E-02
  3.449818463358297E-02  3.449822420608244E-02  3.449826354014372E-02
  3.430852002201674E-02  3.430855823762004E-02  3.430859622253964E-02
  3.412070538072184E-02  3.412074227974109E-02  3.412077895558453E-02
  3.393471300188467E-02  3.393474862335425E-02  3.393478402892009E-02
  3.375051563397734E-02  3.375055001569992E-02  3.375058418856540E-02
  3.356808647295660E-02  3.356811965154352E-02  3.356815262810408E-02
  3.338739915354653E-02  3.338743116445929E-02  3.338746297996838E-02
  3.320842774054917E-02  3.320845861814069E-02  3.320848930675073E-02
  3.303114672023957E-02  3.303117649779195E-02  3.303120609259191E-02
  3.285553099189406E-02  3.285555970164972E-02  3.285558823469620E-02
  3.268155585943083E-02  3.268158353262100E-02  3.268161103496605E-02
  3.250919702314233E-02  3.250922369001669E-02  3.250925019173685E-02
  3.233843057149619E-02  3.233845626135387E-02  3.233848179158079E-02
  3.216923297304897E-02  3.216925771426721E-02  3.216928230121623E-02
  3.200158106847276E-02  3.200160488853087E-02  3.200162855952517E-02
  3.183545206271291E-02  3.183547498821544E-02  3.183549776970859E-02
  3.167082351723750E-02  3.167084557393863E-02  3.167086749153868E-02
  3.150767334237770E-02  3.150769455520707E-02  3.150771563370208E-02
  3.134597978977031E-02  3.134600018285662E-02  3.134602044623831E-02
  3.118572144491933E-02  3.118574104161062E-02  3.118576051309470E-02
  3.102687721987376E-02  3.102689604275656E-02  3.102691474480173E-02
  3.086942634599346E-02  3.086944441691378E-02  3.086946237124223E-02
  3.071334836680750E-02  3.071336570689326E-02  3.071338293451288E-02
  3.055862313096470E-02  3.055863976064651E-02  3.055865628187157E-02
  3.040523078529244E-02  3.040524672432102E-02  3.040526255879016E-02
  3.025315176797914E-02  3.025316703544222E-02  3.025318220213481E-02
  3.010236680183754E-02  3.010238141617791E-02  3.010239593343176E-02
  2.995285688763838E-02  2.995287086667308E-02  2.995288475220352E-02
  2.980460329752478E-02  2.980461665846292E-02  2.980462992938065E-02
  2.965758756852075E-02  2.965760032797873E-02  2.965761300080536E-02
