  3.444391703679589E+00  3.438210743905664E+00  3.432027062639965E+00

  2.965572324497501E-02  2.965573600050964E-02  2.965574866943857E-02
  2.980271103308580E-02  2.980272438992241E-02  2.980273765676524E-02
  2.995093628016302E-02  2.995095025491422E-02  2.995096413618862E-02
  2.965696609408619E-02  2.965697885223632E-02  2.965699152376363E-02
  2.980397250865016E-02  2.980398586822110E-02  2.980399913778053E-02
  2.995221665024653E-02  2.995223062785335E-02  2.995224451196510E-02
  2.965758756852075E-02  2.965760032797873E-02  2.965761300080536E-02
  2.980460329752478E-02  2.980461665846292E-02  2.980462992938065E-02
  2.995285688763838E-02  2.995287086667308E-02  2.995288475220352E-02
  2.965758756852075E-02  2.965760032797873E-02  2.965761300080536E-02
  2.980460329752478E-02  2.980461665846292E-02  2.980462992938065E-02
  2.995285688763838E-02  2.995287086667308E-02  2.995288475220352E-02
  2.965696609408619E-02  2.965697885223632E-02  2.965699152376363E-02
  2.980397250865016E-02  2.980398586822110E-02  2.980399913778053E-02
  2.995221665024653E-02  2.995223062785335E-02  2.995224451196510E-02
  2.965572324497501E-02  2.965573600050964E-02  2.965574866943857E-02
  2.980271103308580E-02  2.980272438992241E-02  2.980273765676524E-02
  2.995093628016302E-02  2.995095025491422E-02  2.995096413618862E-02
  2.965385922053140E-02  2.965387197214289E-02  2.965388463717434E-02
  2.980081907513912E-02  2.980083242787442E-02  2.980084569064255E-02
  2.994901598675231E-02  2.994902995722011E-02  2.994904383423871E-02
  2.965137431944265E-02  2.965138706582360E-02  2.965139972565873E-02
  2.979829694117033E-02  2.979831028843756E-02  2.979832354577301E-02
  2.994645608398999E-02  2.994647004874684E-02  2.994648392009114E-02
  2.964826894037520E-02  2.964828168021857E-02  2.964829433355885E-02
  2.979514503960976E-02  2.979515838004225E-02  2.979517163058731E-02
  2.994325699038110E-02  2.994327094799966E-02  2.994328481225154E-02
  2.964454358105447E-02  2.964455631305356E-02  2.964456895860085E-02
  2.979136388073058E-02  2.979137721296215E-02  2.979139045535947E-02
  2.993941922882788E-02  2.993943317788102E-02  2.993944703362254E-02
  2.964019883856991E-02  2.964021156141848E-02  2.964022419787514E-02
  2.978695407654777E-02  2.978696739921256E-02  2.978698063210516E-02
  2.993494342649005E-02  2.993495736555095E-02  2.993497121136447E-02
  2.963523540911454E-02  2.963524812150685E-02  2.963526074757572E-02
  2.978191634064280E-02  2.978192965237544E-02  2.978194287440685E-02
  2.992983031460011E-02  2.992984424224239E-02  2.992985807671075E-02
  2.962965408762663E-02  2.962966678825769E-02  2.962967940264232E-02
  2.977625148794985E-02  2.977626478738556E-02  2.977627799719983E-02
  2.992408072826203E-02  2.992409464305974E-02  2.992410846476621E-02
  2.962345576800420E-02  2.962346845556978E-02  2.962348105697451E-02
  2.976996043458845E-02  2.976997372036320E-02  2.976998691660519E-02
  2.991769560622222E-02  2.991770950675009E-02  2.991772331427856E-02
  2.961664144240350E-02  2.961665411560018E-02  2.961666670273020E-02
  2.976304419753801E-02  2.976305746828844E-02  2.976307064960373E-02
  2.991067599058733E-02  2.991068987542073E-02  2.991070366735574E-02
  2.960921220117660E-02  2.960922485870212E-02  2.960923743026369E-02
  2.975550389436686E-02  2.975551714873069E-02  2.975553031376584E-02
  2.990302302652753E-02  2.990303689424260E-02  2.990305066916962E-02
  2.960116923245606E-02  2.960118187300925E-02  2.960119442770981E-02
  2.974734074289760E-02  2.974735397951352E-02  2.974736712691616E-02
  2.989473796194441E-02  2.989475181111831E-02  2.989476556762367E-02
  2.959251382206902E-02  2.959252644435008E-02  2.959253898089843E-02
  2.973855606088102E-02  2.973856927838903E-02  2.973858240680804E-02
  2.988582214710190E-02  2.988583597631288E-02  2.988584971298403E-02
  2.958324735234579E-02  2.958325995505645E-02  2.958327247216285E-02
  2.972915126552405E-02  2.972916446256548E-02  2.972917757065115E-02
  2.987627703424220E-02  2.987629084206973E-02  2.987630455749544E-02
  2.957337130323704E-02  2.957338388508063E-02  2.957339638145704E-02
  2.971912787329537E-02  2.971914104851319E-02  2.971915413491733E-02
  2.986610417718069E-02  2.986611796220579E-02  2.986613165497631E-02
  2.956288725039416E-02  2.956289981007602E-02  2.956291228443638E-02
  2.970848749927672E-02  2.970850065131572E-02  2.970851371469209E-02
  2.985530523083357E-02  2.985531899163887E-02  2.985533266034604E-02
  2.955179686551965E-02  2.955180940174722E-02  2.955182185280748E-02
  2.969723185679116E-02  2.969724498429806E-02  2.969725802330227E-02
  2.984388195073340E-02  2.984389568590338E-02  2.984390932914097E-02
  2.954010191578892E-02  2.954011442727190E-02  2.954012685375045E-02
  2.968536275689161E-02  2.968537585851545E-02  2.968538887180551E-02
  2.983183619251473E-02  2.983184990063605E-02  2.983186351699995E-02
  2.952780426306287E-02  2.952781674851362E-02  2.952782914913132E-02
  2.967288210778701E-02  2.967289518217933E-02  2.967290816841568E-02
  2.981916991135239E-02  2.981918359101407E-02  2.981919717910262E-02
  2.951490586353786E-02  2.951491832167161E-02  2.951493069515234E-02
  2.965979191429562E-02  2.965980496011077E-02  2.965981791795661E-02
  2.980588516138317E-02  2.980589881117694E-02  2.980591236959113E-02
  2.950140876711263E-02  2.950142119664776E-02  2.950143354171839E-02
  2.964609427726679E-02  2.964610729316219E-02  2.964612022128389E-02
  2.979198409509552E-02  2.979199771361607E-02  2.979201124095986E-02
  2.948731511701939E-02  2.948732751667769E-02  2.948733983206867E-02
  2.963179139298235E-02  2.963180437761877E-02  2.963181727468603E-02
  2.977746896268698E-02  2.977748254853232E-02  2.977749604341295E-02
  2.947262714868840E-02  2.947263951719548E-02  2.947265180164098E-02
  2.961688555242989E-02  2.961689850447186E-02  2.961691136915814E-02
  2.976234211137446E-02  2.976235566314627E-02  2.976236912417463E-02
  2.945734718990102E-02  2.945735952598660E-02  2.945737177822478E-02
  2.960137914070918E-02  2.960139205882531E-02  2.960140488980808E-02
  2.974660598468282E-02  2.974661950098673E-02  2.974663292677774E-02
  2.944147765884683E-02  2.944148996124499E-02  2.944150218001854E-02
  2.958527463612457E-02  2.958528751898788E-02  2.958530031494909E-02
  2.973026312167384E-02  2.973027660111988E-02  2.973028999029281E-02
  2.942502106454841E-02  2.942503333199816E-02  2.942504551605461E-02
  2.956857460960044E-02  2.956858745588881E-02  2.956860021551514E-02
  2.971331615618540E-02  2.971332959738848E-02  2.971334294856745E-02
  2.940798000558712E-02  2.940799223683267E-02  2.940800438492473E-02
  2.955128172384747E-02  2.955129453224407E-02  2.955130725422750E-02
  2.969576781602146E-02  2.969578121760160E-02  2.969579452941592E-02
  2.939035716939238E-02  2.939036936318345E-02  2.939038147406934E-02
  2.953339873252866E-02  2.953341150172217E-02  2.953342418476034E-02
  2.967762092208881E-02  2.967763428267182E-02  2.967764755375641E-02
  2.937215533144645E-02  2.937216748653891E-02  2.937217955898294E-02
  2.951492847939984E-02  2.951494120808518E-02  2.951495385088176E-02
  2.965887838751472E-02  2.965889170573251E-02  2.965890493472846E-02
  2.935337735409628E-02  2.935338946925240E-02  2.935340150202528E-02
  2.949587389738050E-02  2.949588658425906E-02  2.949589918552426E-02
  2.963954321672412E-02  2.963955649121519E-02  2.963956967677027E-02
  2.933402618636649E-02  2.933403826035550E-02  2.933405025223482E-02
  2.947623800774886E-02  2.947625065152915E-02  2.947626320998017E-02
  2.961961850450579E-02  2.961963173391585E-02  2.961964487468476E-02
  2.931410486237499E-02  2.931411689397340E-02  2.931412884374410E-02
  2.945602391908615E-02  2.945603651848416E-02  2.945604903284574E-02
  2.959910743500946E-02  2.959912061799184E-02  2.959913371263703E-02
  2.929361650068488E-02  2.929362848867717E-02  2.929364039513198E-02
  2.943523482632075E-02  2.943524738006045E-02  2.943525984906530E-02
  2.957801328073181E-02  2.957802641594799E-02  2.957803946314000E-02
  2.927256430332282E-02  2.927257624650172E-02  2.927258810844174E-02
  2.941387400971206E-02  2.941388651652601E-02  2.941389893891528E-02
  2.955633940145752E-02  2.955635248757773E-02  2.955636548599584E-02
  2.925095155442786E-02  2.925096345159495E-02  2.925097526782997E-02
  2.939194483376583E-02  2.939195729239570E-02  2.939196966691968E-02
  2.953408924317354E-02  2.953410227887731E-02  2.953411522721007E-02
  2.922878161990283E-02  2.922879346986905E-02  2.922880523921822E-02
  2.936945074625713E-02  2.936946315545413E-02  2.936947548087264E-02
  2.951126633696663E-02  2.951127932094340E-02  2.951129221788908E-02
  2.920605794581594E-02  2.920606974740207E-02  2.920608146869438E-02
  2.934639527702538E-02  2.934640763555098E-02  2.934641991063401E-02
  2.948787429784673E-02  2.948788722879640E-02  2.948790007306380E-02
  2.918278405718693E-02  2.918279580922424E-02  2.918280748129896E-02
  2.932278203677414E-02  2.932279434340055E-02  2.932280656692866E-02
  2.946391682354792E-02  2.946392970018143E-02  2.946394249049036E-02
  2.915896355692228E-02  2.915897525825292E-02  2.915898687996023E-02
  2.929861471594502E-02  2.929862696945574E-02  2.929863914022083E-02
  2.943939769331981E-02  2.943941051435978E-02  2.943942324944160E-02
  2.913460012530136E-02  2.913461177477889E-02  2.913462334498037E-02
  2.927389708360200E-02  2.927390928279237E-02  2.927392139959817E-02
  2.941432076669293E-02  2.941433353087432E-02  2.941434620947266E-02
  2.910969751778993E-02  2.910970911428004E-02  2.910972063184926E-02
  2.924863298604327E-02  2.924864512972119E-02  2.924865719138377E-02
  2.938868998217157E-02  2.938870268824218E-02  2.938871530911358E-02
  2.908425956445701E-02  2.908427110683795E-02  2.908428257066096E-02
  2.922282634560285E-02  2.922283843258920E-02  2.922285043793775E-02
  2.936250935592029E-02  2.936252200264163E-02  2.936253456455602E-02
  2.905829016856381E-02  2.905830165572689E-02  2.905831306470284E-02
  2.919648115932817E-02  2.919649318845761E-02  2.919650513633483E-02
  2.933578298041103E-02  2.933579556655871E-02  2.933580806830021E-02
  2.903179330503355E-02  2.903180473588384E-02  2.903181608892547E-02
  2.916960149761088E-02  2.916961346773224E-02  2.916962535699495E-02
  2.930851502303506E-02  2.930852754739953E-02  2.930853998776691E-02
  2.900477301941273E-02  2.900478439286962E-02  2.900479568890383E-02
  2.914219150285549E-02  2.914220341283255E-02  2.914221524235251E-02
  2.928070972469990E-02  2.928072218608709E-02  2.928073456389464E-02
  2.897723342655559E-02  2.897724474155320E-02  2.897725597952163E-02
  2.911425538810377E-02  2.911426723681572E-02  2.911427900547989E-02
  2.925237139839329E-02  2.925238379562525E-02  2.925239610970325E-02
  2.894917870885602E-02  2.894918996434393E-02  2.894920114320354E-02
  2.908579743554367E-02  2.908580922188580E-02  2.908582092859724E-02
  2.922350442769873E-02  2.922351675961427E-02  2.922352900880956E-02
  2.892061311535472E-02  2.892062431029831E-02  2.892063542902187E-02
  2.905682199514722E-02  2.905683371803138E-02  2.905684536170961E-02
  2.919411326532057E-02  2.919412553077590E-02  2.919413771395273E-02
  2.889154095993823E-02  2.889155209331951E-02  2.889156315089612E-02
  2.902733348315681E-02  2.902734514151221E-02  2.902735672109397E-02
  2.916420243154970E-02  2.916421462941908E-02  2.916422674545951E-02
  2.886196662036640E-02  2.886197769118437E-02  2.886198868662012E-02
  2.899733638063328E-02  2.899734797340695E-02  2.899735948784665E-02
  2.913377651271273E-02  2.913378864188902E-02  2.913380068969371E-02
  2.883189453603708E-02  2.883190554330820E-02  2.883191647562662E-02
  2.896683523181096E-02  2.896684675796823E-02  2.896685820623855E-02
  2.910284015958558E-02  2.910285221898097E-02  2.910286419746974E-02
  2.880132920720182E-02  2.880134014996076E-02  2.880135101820331E-02
  2.893583464264515E-02  2.893584610117047E-02  2.893585748226298E-02
  2.907139808578957E-02  2.907141007433604E-02  2.907142198244841E-02
  2.877027519279008E-02  2.877028607009017E-02  2.877029687331689E-02
  2.890433927916903E-02  2.890435066906627E-02  2.890436198199190E-02
  2.903945506616268E-02  2.903946698281273E-02  2.903947881950858E-02
  2.873873710988625E-02  2.873874792079984E-02  2.873875865808976E-02
  2.887235386602385E-02  2.887236518631700E-02  2.887237643010667E-02
  2.900701593512288E-02  2.900702777885009E-02  2.900703954311023E-02
  2.870671963077990E-02  2.870673037439904E-02  2.870674104485068E-02
  2.883988318463429E-02  2.883989443436798E-02  2.883990560807313E-02
  2.897408558496748E-02  2.897409735476709E-02  2.897410904559388E-02
  2.867422748227500E-02  2.867423815771185E-02  2.867424876044367E-02
  2.880693207170907E-02  2.880694324994911E-02  2.880695435264215E-02
  2.894066896420129E-02  2.894068065909070E-02  2.894069227550852E-02
  2.864126544441489E-02  2.864127605080218E-02  2.864128658495321E-02
  2.877350541764479E-02  2.877351652347853E-02  2.877352755425338E-02
  2.890677107582493E-02  2.890678269484435E-02  2.890679423590013E-02
  2.860783834773654E-02  2.860784888422808E-02  2.860785934895814E-02
  2.873960816466109E-02  2.873961919719815E-02  2.873963015517069E-02
  2.887239697558101E-02  2.887240851779382E-02  2.887241998255765E-02
  2.857395107254170E-02  2.857396153831284E-02  2.857397193280320E-02
  2.870524530521962E-02  2.870525626359217E-02  2.870526714790080E-02
  2.883755177021144E-02  2.883756323470490E-02  2.883757462227056E-02
  2.853960854660967E-02  2.853961894085765E-02  2.853962926431132E-02
  2.867042188026926E-02  2.867043276363250E-02  2.867044357343857E-02
  2.880224061569297E-02  2.880225200157861E-02  2.880226331106392E-02
  2.850481574454486E-02  2.850482606648931E-02  2.850483631813157E-02
  2.863514297765641E-02  2.863515378518924E-02  2.863516451967743E-02
  2.876646871546774E-02  2.876648002188178E-02  2.876649125242916E-02
  2.846957768481387E-02  2.846958793369710E-02  2.846959811277570E-02
  2.859941373017818E-02  2.859942446108329E-02  2.859943511946207E-02
  2.873024131862066E-02  2.873025254472461E-02  2.873026369550154E-02
  2.843389942877234E-02  2.843390960385980E-02  2.843391970964547E-02
  2.856323931392493E-02  2.856324996742939E-02  2.856326054893138E-02
  2.869356371807012E-02  2.869357486305105E-02  2.869358593325047E-02
  2.839778607891134E-02  2.839779617949196E-02  2.839780621127884E-02
  2.852662494652207E-02  2.852663552187774E-02  2.852664602576015E-02
  2.865644124874983E-02  2.865645231182089E-02  2.865646330066158E-02
  2.836124277699157E-02  2.836125280237804E-02  2.836126275948377E-02
  2.848957588532526E-02  2.848958638180899E-02  2.848959680735394E-02
  2.861887928576828E-02  2.861889026616913E-02  2.861890117289611E-02
  2.832427470220790E-02  2.832428465173705E-02  2.832429453350331E-02
  2.845209742560906E-02  2.845210784252322E-02  2.845211818903806E-02
  2.858088324256612E-02  2.858089413956305E-02  2.858090496344798E-02
  2.828688706964571E-02  2.828689694267885E-02  2.828690674847155E-02
  2.841419489882543E-02  2.841420523549812E-02  2.841421550231585E-02
  2.854245856907127E-02  2.854246938195778E-02  2.854248012229923E-02
  2.824908512879759E-02  2.824909492472057E-02  2.824910465393004E-02
  2.837587367083995E-02  2.837588392662523E-02  2.837589411310455E-02
  2.850361074985374E-02  2.850362147795079E-02  2.850363213407463E-02
  2.821087416110290E-02  2.821088387932659E-02  2.821089353136805E-02
  2.833713913999788E-02  2.833714931427613E-02  2.833715941980196E-02
  2.846434530224461E-02  2.846435594490085E-02  2.846436651616043E-02
  2.817225947854655E-02  2.817226911850703E-02  2.817227869282058E-02
  2.829799673539911E-02  2.829800682757724E-02  2.829801685156081E-02
  2.842466777447650E-02  2.842467833106858E-02  2.842468881684503E-02
  2.813324642267349E-02  2.813325598383208E-02  2.813326547988302E-02
  2.825845191518893E-02  2.825846192470061E-02  2.825847186657968E-02
  2.838458374383384E-02  2.838459421376655E-02  2.838460461346902E-02
  2.809384036125041E-02  2.809384984309399E-02  2.809385926037298E-02
  2.821851016449381E-02  2.821852009079965E-02  2.821852995003878E-02
  2.834409881474511E-02  2.834410919745168E-02  2.834411951051754E-02
  2.805404668774365E-02  2.805405608978481E-02  2.805406542780804E-02
  2.817817699377553E-02  2.817818683636324E-02  2.817819661245386E-02
  2.830321861692690E-02  2.830322891186923E-02  2.830323913776426E-02
  2.801387081904557E-02  2.801388014082273E-02  2.801388939913199E-02
  2.813745793697506E-02  2.813746769535962E-02  2.813747738782030E-02
  2.826194880351726E-02  2.826195901018592E-02  2.826196914840439E-02
  2.797331819403312E-02  2.797332743511063E-02  2.797333661327347E-02
  2.809635854973297E-02  2.809636822345672E-02  2.809637783183311E-02
  2.822029504921786E-02  2.822030516713235E-02  2.822031521719725E-02
  2.793239427129428E-02  2.793240343126243E-02  2.793241252887218E-02
  2.805488440749536E-02  2.805489399612806E-02  2.805490351999312E-02
  2.817826304841558E-02  2.817827307712428E-02  2.817828303858731E-02
  2.789110452785030E-02  2.789111360632556E-02  2.789112262300153E-02
  2.801304110380360E-02  2.801305060694262E-02  2.801306004589663E-02
  2.813585851334219E-02  2.813586845242253E-02  2.813587832486429E-02
  2.784945445735757E-02  2.784946345398250E-02  2.784947238936985E-02
  2.797083424848615E-02  2.797084366575628E-02  2.797085301942684E-02
  2.809308717223268E-02  2.809309702129121E-02  2.809310680432108E-02
  2.780744956822463E-02  2.780745848266786E-02  2.780746733643769E-02
  2.792826946584165E-02  2.792827879689534E-02  2.792828806493747E-02
  2.804995476746587E-02  2.804996452613821E-02  2.804997421939452E-02
  2.776509538183459E-02  2.776510421379086E-02  2.776511298564028E-02
  2.788535239283159E-02  2.788536163734884E-02  2.788537081944488E-02
  2.800646705373394E-02  2.800647672168477E-02  2.800648632483465E-02
  2.772239743079488E-02  2.772240617998505E-02  2.772241486963689E-02
  2.784208867732324E-02  2.784209783501151E-02  2.784210693087116E-02
  2.796262979622306E-02  2.796263937314614E-02  2.796264888588559E-02
  2.767936125766894E-02  2.767936992383983E-02  2.767937853104288E-02
  2.779848397639626E-02  2.779849304699050E-02  2.779850205635071E-02
  2.791844876881098E-02  2.791845825442894E-02  2.791846767648275E-02
  2.763599241258577E-02  2.763600099551012E-02  2.763600952003892E-02
  2.775454395449453E-02  2.775455293775709E-02  2.775456186038197E-02
  2.787392975226797E-02  2.787393914633238E-02  2.787394847745394E-02
  2.759229645212300E-02  2.759230495159952E-02  2.759231339325417E-02
  2.771027428177113E-02  2.771028317749164E-02  2.771029201317237E-02
  2.782907853247701E-02  2.782908783476822E-02  2.782909707473955E-02
  2.754827893743958E-02  2.754828735329259E-02  2.754829571189885E-02
  2.766568063234319E-02  2.766568944033833E-02  2.766569818889308E-02
  2.778390089866224E-02  2.778391010898915E-02  2.778391925762057E-02
  2.750394543245262E-02  2.750395376453199E-02  2.750396203994082E-02
  2.762076868254280E-02  2.762077740265630E-02  2.762078606392989E-02
  2.773840264163267E-02  2.773841175983265E-02  2.773842081696286E-02
  2.745930150226243E-02  2.745930975044342E-02  2.745931794253118E-02
  2.757554410925555E-02  2.757555274135782E-02  2.757556131522183E-02
  2.769258955205765E-02  2.769259857799638E-02  2.769260754349203E-02
  2.741435271182968E-02  2.741436087601285E-02  2.741436898468075E-02
  2.753001258828842E-02  2.753002113227663E-02  2.753002961862891E-02
  2.764646741875030E-02  2.764647635232144E-02  2.764648522607714E-02
  2.736910462379929E-02  2.736911270391007E-02  2.736912072908427E-02
  2.748417979264812E-02  2.748418824844571E-02  2.748419664721038E-02
  2.760004202697916E-02  2.760005086810429E-02  2.760005965004215E-02
  2.732356279755940E-02  2.732357079354814E-02  2.732357873517939E-02
  2.743805139099390E-02  2.743805975855044E-02  2.743806806967753E-02
  2.755331915679646E-02  2.755332790542457E-02  2.755333659549405E-02
  2.727773278704114E-02  2.727774069888260E-02  2.727774855694589E-02
  2.739163304595209E-02  2.739164132524305E-02  2.739164954870830E-02
  2.750630458138446E-02  2.750631323749188E-02  2.750632183566962E-02
  2.723162013983458E-02  2.723162796752779E-02  2.723163574202230E-02
  2.734493041260582E-02  2.734493860363217E-02  2.734494673943667E-02
  2.745900406543385E-02  2.745901262902380E-02  2.745902113531311E-02
  2.718523039494794E-02  2.718523813851591E-02  2.718524582946457E-02
  2.729794913681686E-02  2.729795723960494E-02  2.729796528777486E-02
  2.741142336351658E-02  2.741143183461903E-02  2.741144024904964E-02
  2.713856908163126E-02  2.713857674112076E-02  2.713858434857004E-02
  2.725069485374148E-02  2.725070286834258E-02  2.725071082892890E-02
  2.736356821852243E-02  2.736357659719352E-02  2.736358491982140E-02
  2.709164171832306E-02  2.709164929380411E-02  2.709165681782367E-02
  2.720317318637150E-02  2.720318111286150E-02  2.720318898593968E-02
  2.731544436010474E-02  2.731545264642675E-02  2.731546087733358E-02
  2.704445381014386E-02  2.704446130170965E-02  2.704446874239199E-02
  2.715538974387289E-02  2.715539758235206E-02  2.715540536802172E-02
  2.726705750313234E-02  2.726706569721305E-02  2.726707383650592E-02
  2.699701084845733E-02  2.699701825622369E-02  2.699702561368396E-02
  2.710735012027282E-02  2.710735787086528E-02  2.710736556924971E-02
  2.721841334620299E-02  2.721842144817541E-02  2.721842949598653E-02
  2.694931830894632E-02  2.694932563305137E-02  2.694933290742675E-02
  2.705905989295140E-02  2.705906755580472E-02  2.705907516705059E-02
  2.716951757017164E-02  2.716952558019340E-02  2.716953353667933E-02
  2.690138165040415E-02  2.690138889100792E-02  2.690139608245742E-02
  2.701052462125691E-02  2.701053219654163E-02  2.701053972081833E-02
  2.712037583670599E-02  2.712038375495879E-02  2.712039162030011E-02
  2.685320631349072E-02  2.685321347077474E-02  2.685322057947861E-02
  2.696174984510527E-02  2.696175733301449E-02  2.696176477051384E-02
  2.707099378686204E-02  2.707100161355121E-02  2.707100938795189E-02
  2.680479771873771E-02  2.680480479290448E-02  2.680481181906392E-02
  2.691274108353025E-02  2.691274848427938E-02  2.691275583521527E-02
  2.702137703967729E-02  2.702138477503196E-02  2.702139245871944E-02
  2.675616126620767E-02  2.675616825748069E-02  2.675617520131756E-02
  2.686350383348933E-02  2.686351114731612E-02  2.686351841192464E-02
  2.697153119083199E-02  2.697153883510504E-02  2.697154642833035E-02
  2.670730233343187E-02  2.670730924205523E-02  2.670731610381193E-02
  2.681404356846445E-02  2.681405079562887E-02  2.681405797416805E-02
  2.692146181130646E-02  2.692146936477447E-02  2.692147686781213E-02
  2.665822627478304E-02  2.665823310102123E-02  2.665823988096038E-02
  2.676436573724285E-02  2.676437287802623E-02  2.676437997077540E-02
  2.687117444608877E-02  2.687118190905073E-02  2.687118932219773E-02
  2.660893841938202E-02  2.660894516351913E-02  2.660895186192285E-02
  2.671447576258098E-02  2.671448281728398E-02  2.671448982454215E-02
  2.682067461290765E-02  2.682068198568184E-02  2.682068930925494E-02
  2.655944407114997E-02  2.655945073348801E-02  2.655945735065648E-02
  2.666437904015840E-02  2.666438600909785E-02  2.666439293118052E-02
  2.676996780102849E-02  2.676997508394770E-02  2.676998231827874E-02
  2.650974850626702E-02  2.650975508712326E-02  2.650976162337231E-02
  2.661408093722807E-02  2.661408782073247E-02  2.661409465796739E-02
  2.671905947007601E-02  2.671906666348100E-02  2.671907380891083E-02
  2.645985697306516E-02  2.645986347276848E-02  2.645986992842595E-02
  2.656358679165035E-02  2.656359359005501E-02  2.656360034277727E-02
  2.666795504890823E-02  2.666796215314191E-02  2.666796921001405E-02
  2.640977469094676E-02  2.640978110983359E-02  2.640978748523541E-02
  2.651290191079522E-02  2.651290862443768E-02  2.651291529298521E-02
  2.661665993451220E-02  2.661666694991439E-02  2.661667391856989E-02
  2.635950684860630E-02  2.635951318701676E-02  2.635951948250283E-02
  2.646203157033226E-02  2.646203819954892E-02  2.646204478425863E-02
  2.656517949088774E-02  2.656518641779232E-02  2.656519329856634E-02
  2.630905860320581E-02  2.630906486148029E-02  2.630907107739121E-02
  2.641098101321360E-02  2.641098755833732E-02  2.641099405954281E-02
  2.651351904798604E-02  2.651352588671949E-02  2.651353267993978E-02
  2.625843508007718E-02  2.625844125855380E-02  2.625844739522799E-02
  2.635975544878517E-02  2.635976191014364E-02  2.635976832817334E-02
  2.646168390069603E-02  2.646169065157686E-02  2.646169735756303E-02
  2.620764137089477E-02  2.620764746990713E-02  2.620765352767879E-02
  2.630836005168100E-02  2.630836642959519E-02  2.630837276477088E-02
  2.640967930781846E-02  2.640968597115609E-02  2.640969259021874E-02
  2.615668253317987E-02  2.615668855305534E-02  2.615669453225233E-02
  2.625679996090816E-02  2.625680625569052E-02  2.625681250832571E-02
  2.635751049111013E-02  2.635751706720348E-02  2.635752359964279E-02
  2.610556358944238E-02  2.610556953050014E-02  2.610557543144252E-02
  2.620508027894647E-02  2.620508649089904E-02  2.620509266129681E-02
  2.630518263434287E-02  2.630518912347783E-02  2.630519556958114E-02
  2.605428952587904E-02  2.605429538842824E-02  2.605430121142606E-02
  2.615320607079441E-02  2.615321220020657E-02  2.615321828865755E-02
  2.625270088240583E-02  2.625270728485324E-02  2.625271364489301E-02
  2.600286529214015E-02  2.600287107647810E-02  2.600287682182969E-02
  2.610118236317580E-02  2.610118841032259E-02  2.610119441710317E-02
  2.620007034043478E-02  2.620007665644856E-02  2.620008293068046E-02
  2.595129579955659E-02  2.595130150596691E-02  2.595130717395705E-02
  2.604901414359946E-02  2.604902010874008E-02  2.604902603411091E-02
  2.614729607296844E-02  2.614730230278456E-02  2.614730849144620E-02
  2.589958592165152E-02  2.589959155040276E-02  2.589959714130122E-02
  2.599670635975586E-02  2.599671224313246E-02  2.599671808733724E-02
  2.609438310316895E-02  2.609438924700449E-02  2.609439535031464E-02
  2.584774049235943E-02  2.584774604370362E-02  2.584775155776380E-02
  2.594426391858672E-02  2.594426972042299E-02  2.594427548368686E-02
  2.604133641202730E-02  2.604134247007853E-02  2.604134848823533E-02
  2.579576430551432E-02  2.579576977968554E-02  2.579577521714290E-02
  2.589169168557344E-02  2.589169740607271E-02  2.589170308860076E-02
  2.598816093762522E-02  2.598816691006603E-02  2.598817284324522E-02
  2.574366211438711E-02  2.574366751159994E-02  2.574367287267050E-02
  2.583899448407698E-02  2.583900012342119E-02  2.583900572539699E-02
  2.593486157443274E-02  2.593486746141340E-02  2.593487330976720E-02
  2.569143863077337E-02  2.569144395122189E-02  2.569144923610134E-02
  2.578617709463292E-02  2.578618265298249E-02  2.578618817456799E-02
  2.588144317262767E-02  2.588144897427579E-02  2.588145473793336E-02
  2.563909852465840E-02  2.563910376851624E-02  2.563910897737955E-02
  2.573324425432725E-02  2.573324973182215E-02  2.573325517315861E-02
  2.582791053742672E-02  2.582791625384959E-02  2.582792193291939E-02
  2.558664642309707E-02  2.558665159051757E-02  2.558665672351933E-02
  2.568020065608871E-02  2.568020605284913E-02  2.568021141405794E-02
  2.577426842843276E-02  2.577427405971836E-02  2.577427965428950E-02
  2.553408690993555E-02  2.553409200105174E-02  2.553409705832618E-02
  2.562705094815863E-02  2.562705626428271E-02  2.562706154546365E-02
  2.572052155907588E-02  2.572052710528868E-02  2.572053261542746E-02
  2.548142452548434E-02  2.548142954040648E-02  2.548143452206552E-02
  2.557379973360840E-02  2.557380496916649E-02  2.557381017039219E-02
  2.566667459611573E-02  2.566668005728718E-02  2.566668548302819E-02
  2.542866376546310E-02  2.542866870427456E-02  2.542867361040373E-02
  2.552045156977559E-02  2.552045672480365E-02  2.552046184611292E-02
  2.561273215919949E-02  2.561273753531872E-02  2.561274287665486E-02
  2.537580908096430E-02  2.537581394371773E-02  2.537581877437188E-02
  2.546701096785194E-02  2.546701604235127E-02  2.546702108374774E-02
  2.555869882038782E-02  2.555870411140444E-02  2.555870936828759E-02
  2.532286487790276E-02  2.532286966462166E-02  2.532287441982590E-02
  2.541348239235170E-02  2.541348738630235E-02  2.541349234776573E-02
  2.550457910357124E-02  2.550458430942031E-02  2.550458948178341E-02
  2.526983551615627E-02  2.526984022684685E-02  2.526984490660689E-02
  2.535987026043423E-02  2.535987517382507E-02  2.535988005533941E-02
  2.545037748371356E-02  2.545038260436384E-02  2.545038769216688E-02
  2.521672530990831E-02  2.521672994458320E-02  2.521673454890760E-02
  2.530617894131330E-02  2.530618377418221E-02  2.530618857577552E-02
  2.539609838599399E-02  2.539610342150635E-02  2.539610842479420E-02
  2.516353852573709E-02  2.516354308444578E-02  2.516354761337615E-02
  2.525241275537320E-02  2.525241750784443E-02  2.525242222962705E-02
  2.534174618498479E-02  2.534175113555671E-02  2.534175605450685E-02
  2.511027938329824E-02  2.511028386615618E-02  2.511028831979681E-02
  2.519857597373831E-02  2.519858064604246E-02  2.519858528822963E-02
  2.528732520410439E-02  2.528733007008230E-02  2.528733490502134E-02
  2.505695205355949E-02  2.505695646076521E-02  2.505696083930191E-02
  2.514467281775500E-02  2.514467741022558E-02  2.514468197313669E-02
  2.523283971537874E-02  2.523284449723361E-02  2.523284924861664E-02
  2.500356065967330E-02  2.500356499151007E-02  2.500356929521375E-02
  2.509070745900042E-02  2.509071197205198E-02  2.509071645609019E-02
  2.517829393952025E-02  2.517829863780151E-02  2.517830330616760E-02
  2.495010927561200E-02  2.495011353243614E-02  2.495011776165233E-02
  2.503668401909638E-02  2.503668845319673E-02  2.503669285882141E-02
  2.512369204606467E-02  2.512369666135559E-02  2.512370124728191E-02
  2.489660192708078E-02  2.489660610930432E-02  2.489661026443600E-02
  2.498260656981346E-02  2.498261092546303E-02  2.498261525316772E-02
  2.506903815345318E-02  2.506904268634590E-02  2.506904719041991E-02
  2.484304259050582E-02  2.484304669858121E-02  2.484305078007308E-02
  2.492847913286207E-02  2.492848341058498E-02  2.492848766088727E-02
  2.501433632891792E-02  2.501434078001088E-02  2.501434520282565E-02
  2.478943519371251E-02  2.478943922812348E-02  2.478944323645219E-02
  2.487430567984010E-02  2.487430988018483E-02  2.487431405362612E-02
  2.495959058826807E-02  2.495959495817644E-02  2.495959930034020E-02
  2.473578361548993E-02  2.473578757674849E-02  2.473579151241892E-02
  2.482009013201499E-02  2.482009425555785E-02  2.482009835270686E-02
  2.490480489562699E-02  2.490480918499315E-02  2.490481344714029E-02
  2.468209168541643E-02  2.468209557406209E-02  2.468209943760648E-02
  2.476583636012216E-02  2.476584040746836E-02  2.476584442892269E-02
  2.484998316323847E-02  2.484998737273517E-02  2.484999155553038E-02
  2.462836318374365E-02  2.462836700034274E-02  2.462837079232027E-02
  2.471154818424606E-02  2.471155215602753E-02  2.471155610241173E-02
  2.479512925135295E-02  2.479513338167953E-02  2.479513748581463E-02
  2.457460184102958E-02  2.457460558617332E-02  2.457460930716816E-02
  2.465722937372985E-02  2.465723327060124E-02  2.465723714256302E-02
  2.474024696819958E-02  2.474025102007614E-02  2.474025504626414E-02
  2.452081133885522E-02  2.452081501315706E-02  2.452081866377581E-02
  2.460288364724550E-02  2.460288746988092E-02  2.460289126808747E-02
  2.468534006998133E-02  2.468534404414452E-02  2.468534799311531E-02
  2.446699530884069E-02  2.446699891293363E-02  2.446700249380259E-02
  2.454851467264047E-02  2.454851842173142E-02  2.454852214686742E-02
  2.463041226084412E-02  2.463041615804569E-02  2.463042003054412E-02
  2.441315733341192E-02  2.441316086794652E-02  2.441316437970975E-02
  2.449412606700416E-02  2.449412974325820E-02  2.449413339602460E-02
  2.457546719286804E-02  2.457547101387436E-02  2.457547481065991E-02
  2.435930094511250E-02  2.435930441075534E-02  2.435930785407291E-02
  2.443972139658200E-02  2.443972500072190E-02  2.443972858183477E-02
  2.452050846607285E-02  2.452051221166456E-02  2.452051593351098E-02
  2.430542962702222E-02  2.430543302445468E-02  2.430543640000151E-02
  2.438530417686804E-02  2.438530770963053E-02  2.438531121981991E-02
  2.446553962844979E-02  2.446554329942054E-02  2.446554694711473E-02
  2.425154681311244E-02  2.425155014302941E-02  2.425155345149401E-02
  2.433087787266941E-02  2.433088133480365E-02  2.433088477481226E-02
  2.441056417602072E-02  2.441056777317576E-02  2.441057134751616E-02
  2.419765588714557E-02  2.419765915025402E-02  2.419766239233710E-02
  2.427644589799938E-02  2.427644929026569E-02  2.427645266084734E-02
  2.435558555288900E-02  2.435558907704353E-02  2.435559257883885E-02
  2.414376018394545E-02  2.414376338096334E-02  2.414376655737665E-02
  2.422201161632359E-02  2.422201493949219E-02  2.422201824141078E-02
  2.430060715135193E-02  2.430061060333008E-02  2.430061403339781E-02
  2.408986298881965E-02  2.408986612047466E-02  2.408986923193977E-02
  2.416757834058767E-02  2.416758159543772E-02  2.416758482946601E-02
  2.424563231201472E-02  2.424563569264852E-02  2.424563905181424E-02
  2.403596753791966E-02  2.403597060494813E-02  2.403597365219526E-02
  2.411314933334026E-02  2.411315252065872E-02  2.411315568757752E-02
  2.419066432389773E-02  2.419066763402648E-02  2.419067092312292E-02
  2.398207701811304E-02  2.398208002125915E-02  2.398208300502651E-02
  2.405872780683047E-02  2.405873092741152E-02  2.405873402800868E-02
  2.413570642458915E-02  2.413570966505834E-02  2.413571288492468E-02
  2.392819456738457E-02  2.392819750739933E-02  2.392820042843194E-02
  2.400431692318387E-02  2.400431997782762E-02  2.400432301289711E-02
  2.408076180039987E-02  2.408076497206029E-02  2.408076812354093E-02
  2.387432327465750E-02  2.387432615229786E-02  2.387432901134677E-02
  2.394991979453611E-02  2.394992278404785E-02  2.394992575438892E-02
  2.402583358654230E-02  2.402583669024906E-02  2.402583977419278E-02
  2.382046618051674E-02  2.382046899654470E-02  2.382047179436614E-02
  2.389553948326194E-02  2.389554240845134E-02  2.389554531486760E-02
  2.397092486732214E-02  2.397092790393389E-02  2.397093092119318E-02
  2.376662627652982E-02  2.376662903171172E-02  2.376663176906616E-02
  2.384117900204608E-02  2.384118186372632E-02  2.384118470702503E-02
  2.391603867632916E-02  2.391604164670740E-02  2.391604459813755E-02
  2.371280650600234E-02  2.371280920110806E-02  2.371281187875965E-02
  2.378684131417986E-02  2.378684411316712E-02  2.378684689415848E-02
  2.386117799667734E-02  2.386118090168592E-02  2.386118378814466E-02
  2.365900976450498E-02  2.365901240030722E-02  2.365901501902308E-02
  2.373252933383918E-02  2.373253207095182E-02  2.373253479044835E-02
  2.380634576123907E-02  2.380634860174333E-02  2.380635142408995E-02
  2.360523889924450E-02  2.360524147651826E-02  2.360524403706768E-02
  2.367824592617252E-02  2.367824860223045E-02  2.367825126104621E-02
  2.375154485288031E-02  2.375154762974634E-02  2.375155038884087E-02
  2.355149670987536E-02  2.355149922939717E-02  2.355150173255116E-02
  2.362399390760495E-02  2.362399652342886E-02  2.362399912237888E-02
  2.369677810470965E-02  2.369678081880368E-02  2.369678351550649E-02
  2.349778594840916E-02  2.349778841095649E-02  2.349779085748696E-02
  2.356977604606293E-02  2.356977860247390E-02  2.356978114237348E-02
  2.364204830036238E-02  2.364205095255030E-02  2.364205358772137E-02
  2.344410931964981E-02  2.344411172600044E-02  2.344411411667982E-02
  2.351559506128795E-02  2.351559755910679E-02  2.351560004077112E-02
  2.358735817428618E-02  2.358736076543307E-02  2.358736333993165E-02
  2.339046948176770E-02  2.339047183269931E-02  2.339047416829983E-02
  2.346145362515361E-02  2.346145606520034E-02  2.346145848944390E-02
  2.353271041204463E-02  2.353271294301407E-02  2.353271545769800E-02
  2.333686904586079E-02  2.333687134215044E-02  2.333687362344381E-02
  2.340735436182021E-02  2.340735674491359E-02  2.340735911254960E-02
  2.347810765059419E-02  2.347811012224784E-02  2.347811257797301E-02
  2.328331057656538E-02  2.328331281898884E-02  2.328331504674564E-02
  2.335329984809513E-02  2.335330217505203E-02  2.335330448689194E-02
  2.342355247861628E-02  2.342355489181326E-02  2.342355728943318E-02
  2.322979659261311E-02  2.322979878194463E-02  2.322980095693384E-02
  2.329929261378769E-02  2.329929488542281E-02  2.329929714227588E-02
  2.336904743684899E-02  2.336904979244569E-02  2.336905213281108E-02
  2.317632956681653E-02  2.317633170382835E-02  2.317633382681699E-02
  2.324533514198720E-02  2.324533735911263E-02  2.324533956178557E-02
  2.331459501841776E-02  2.331459731726726E-02  2.331459960122571E-02
  2.312291192639669E-02  2.312291401185843E-02  2.312291608361104E-02
  2.319142986938941E-02  2.319143203281418E-02  2.319143418211075E-02
  2.326019766918096E-02  2.326019991213261E-02  2.326020214052807E-02
  2.306954605361530E-02  2.306954808829388E-02  2.306955010957230E-02
  2.313757918667010E-02  2.313758129719974E-02  2.313758339392025E-02
  2.320585778808602E-02  2.320585997598514E-02  2.320586214965742E-02
  2.301623428551398E-02  2.301623627017304E-02  2.301623824173592E-02
  2.308378543873390E-02  2.308378749717004E-02  2.308378954211101E-02
  2.315157772751835E-02  2.315157986120571E-02  2.315158198099034E-02
  2.296297891475019E-02  2.296298085014970E-02  2.296298277275213E-02
  2.303005092516061E-02  2.303005293230086E-02  2.303005492625471E-02
  2.309735979368466E-02  2.309736187399638E-02  2.309736394072408E-02
  2.290978218992297E-02  2.290978407681912E-02  2.290978595121232E-02
  2.297637790056386E-02  2.297637985720130E-02  2.297638180095605E-02
  2.304320624699153E-02  2.304320827475865E-02  2.304321028925526E-02
  2.285664631556180E-02  2.285664815470649E-02  2.285664998163755E-02
  2.292276857489944E-02  2.292277048182239E-02  2.292277237616133E-02
  2.298911930242443E-02  2.298912127847264E-02  2.298912324155866E-02
  2.280357345304700E-02  2.280357524518768E-02  2.280357702539925E-02
  2.286922511390959E-02  2.286922697190118E-02  2.286922881760258E-02
  2.293510112993481E-02  2.293510305508399E-02  2.293510496757425E-02
  2.275056572011161E-02  2.275056746599085E-02  2.275056920022083E-02
  2.281574963937943E-02  2.281575144921750E-02  2.281575324705431E-02
  2.288115385482706E-02  2.288115572989121E-02  2.288115759259468E-02
  2.269762519220707E-02  2.269762689256246E-02  2.269762858154383E-02
  2.276234422966721E-02  2.276234599212399E-02  2.276234774286360E-02
  2.282727955818060E-02  2.282728138396754E-02  2.282728319768694E-02
  2.264475390212824E-02  2.264475555769213E-02  2.264475720215253E-02
  2.270901091999953E-02  2.270901263584148E-02  2.270901434024553E-02
  2.277348027723574E-02  2.277348205454687E-02  2.277348382007877E-02
  2.259195384076147E-02  2.259195545226062E-02  2.259195705292234E-02
  2.265575170290679E-02  2.265575337289424E-02  2.265575503171841E-02
  2.271975800582911E-02  2.271975973545930E-02  2.271976145359366E-02
  2.253922695739813E-02  2.253922852555365E-02  2.253923008313327E-02
  2.260256852862047E-02  2.260257015350751E-02  2.260257176750130E-02
  2.266611469479985E-02  2.266611637753700E-02  2.266611804905691E-02
  2.248657516003408E-02  2.248657668556116E-02  2.248657820076940E-02
  2.254946330547105E-02  2.254946488600530E-02  2.254946645591169E-02
  2.261255225240330E-02  2.261255388902831E-02  2.261255551471002E-02
  2.243400031595380E-02  2.243400179956152E-02  2.243400327310311E-02
  2.249643790030427E-02  2.249643943722671E-02  2.249644096378222E-02
  2.255907254475111E-02  2.255907413603770E-02  2.255907571665024E-02
  2.238150425174416E-02  2.238150569413533E-02  2.238150712670879E-02
  2.244349413885597E-02  2.244349563290086E-02  2.244349711683518E-02
  2.250567739622483E-02  2.250567894293951E-02  2.250568047924466E-02
  2.232908875428501E-02  2.232909015615600E-02  2.232909154845347E-02
  2.239063380625231E-02  2.239063525814694E-02  2.239063670018304E-02
  2.245236858992472E-02  2.245237009282640E-02  2.245237158557861E-02
  2.227675557059835E-02  2.227675693263908E-02  2.227675828534624E-02
  2.233785864734982E-02  2.233786005781441E-02  2.233786145866810E-02
  2.239914786809380E-02  2.239914932793376E-02  2.239915077787985E-02
  2.222450640855139E-02  2.222450773144499E-02  2.222450904524080E-02
  2.228517036719941E-02  2.228517173694697E-02  2.228517309732702E-02
  2.234601693256488E-02  2.234601835008673E-02  2.234601975796588E-02
  2.217234293726187E-02  2.217234422168475E-02  2.217234549724157E-02
  2.223257063147107E-02  2.223257196120734E-02  2.223257328181527E-02
  2.229297744519497E-02  2.229297882113455E-02  2.229298018767816E-02
  2.212026678736662E-02  2.212026803398829E-02  2.212026927197157E-02
  2.218006106686021E-02  2.218006235728351E-02  2.218006363881345E-02
  2.224003102830174E-02  2.224003236338696E-02  2.224003368931862E-02
  2.206827955162309E-02  2.206828076110610E-02  2.206828196217441E-02
  2.212764326152604E-02  2.212764451332730E-02  2.212764575646609E-02
  2.218717926510955E-02  2.218718056006032E-02  2.218718184609573E-02
  2.201638278493813E-02  2.201638395793791E-02  2.201638512274279E-02
  2.207531876548280E-02  2.207531997934542E-02  2.207532118477239E-02
  2.213442370019417E-02  2.213442495572233E-02  2.213442620256927E-02
  2.196457800538858E-02  2.196457914255356E-02  2.196458027173956E-02
  2.202308909112278E-02  2.202309026772249E-02  2.202309143610939E-02
  2.208176583993440E-02  2.208176705674384E-02  2.208176826510191E-02
  2.191286669422945E-02  2.191286779620082E-02  2.191286889040532E-02
  2.197095571358228E-02  2.197095685358730E-02  2.197095798559844E-02
  2.202920715295115E-02  2.202920833173762E-02  2.202920950229859E-02
  2.186125029630751E-02  2.186125136371939E-02  2.186125242357276E-02
  2.191892007115910E-02  2.191892117523008E-02  2.191892227152221E-02
  2.197674907054501E-02  2.197675021199626E-02  2.197675134544380E-02
  2.180973022057495E-02  2.180973125405431E-02  2.180973228017983E-02
  2.186698356576054E-02  2.186698463455051E-02  2.186698569577289E-02
  2.192439298714527E-02  2.192439409194086E-02  2.192439518895073E-02
  2.175830784054568E-02  2.175830884071232E-02  2.175830983372612E-02
  2.181514756333514E-02  2.181514859748965E-02  2.181514962428402E-02
  2.187214026074922E-02  2.187214132956089E-02  2.187214239080082E-02
  2.170698449470807E-02  2.170698546217479E-02  2.170698642268611E-02
  2.176341339428346E-02  2.176341439444071E-02  2.176341538744152E-02
  2.181999221335544E-02  2.181999324684691E-02  2.181999427297690E-02
