  3.444391703679589E+00  3.438210743905664E+00  3.432027062639965E+00

 -3.209896675468581E-01 -3.243575663349761E-01 -3.276823339559456E-01
 -3.031113431791683E-01 -3.064056872096529E-01 -3.096734913475962E-01
 -2.938598547068141E-01 -2.970927615661177E-01 -3.003077057453479E-01
 -3.211958537353273E-01 -3.245710944738948E-01 -3.279028755595732E-01
 -3.032759221656450E-01 -3.065779104730562E-01 -3.098531097024520E-01
 -2.940054647750657E-01 -2.972461297130289E-01 -3.004686249082044E-01
 -3.212951589535308E-01 -3.246739116563713E-01 -3.280090468214747E-01
 -3.033549393354588E-01 -3.066605849403831E-01 -3.099393224704973E-01
 -2.940752116161978E-01 -2.973195908843871E-01 -3.005457017060544E-01
 -3.212951589535308E-01 -3.246739116563713E-01 -3.280090468214747E-01
 -3.033549393354588E-01 -3.066605849403831E-01 -3.099393224704973E-01
 -2.940752116161978E-01 -2.973195908843871E-01 -3.005457017060544E-01
 -3.211958537353273E-01 -3.245710944738948E-01 -3.279028755595732E-01
 -3.032759221656450E-01 -3.065779104730562E-01 -3.098531097024520E-01
 -2.940054647750657E-01 -2.972461297130289E-01 -3.004686249082044E-01
 -3.209896675468581E-01 -3.243575663349761E-01 -3.276823339559456E-01
 -3.031113431791683E-01 -3.064056872096529E-01 -3.096734913475962E-01
 -2.938598547068141E-01 -2.970927615661177E-01 -3.003077057453479E-01
 -3.206608171451552E-01 -3.240168638501539E-01 -3.273302992840880E-01
 -3.028474760041636E-01 -3.061294868377096E-01 -3.093853591689313E-01
 -2.936255018441285E-01 -2.968459023079397E-01 -3.000486790859811E-01
 -3.201839297168813E-01 -3.235224982427895E-01 -3.268192088657794E-01
 -3.024620175884700E-01 -3.057258739994211E-01 -3.089641868398623E-01
 -2.932813545310159E-01 -2.964833736382252E-01 -2.996682809367404E-01
 -3.195219894075590E-01 -3.228358374274503E-01 -3.261088821679092E-01
 -3.019219261007911E-01 -3.051601898801272E-01 -3.083737637049938E-01
 -2.927959159252473E-01 -2.959720748779711E-01 -2.991318703077496E-01
 -3.186237435187969E-01 -3.219034532922432E-01 -3.251438121899125E-01
 -3.011805965004978E-01 -3.043836819380538E-01 -3.075632808456955E-01
 -2.921241765087073E-01 -2.952648772137141E-01 -2.983902883096381E-01
 -3.174210536661998E-01 -3.206544273958699E-01 -3.238504211808997E-01
 -3.001747988721568E-01 -3.033303821152424E-01 -3.064641422189548E-01
 -2.912042279647819E-01 -2.942971782378396E-01 -2.973763446068323E-01
 -3.158267896006992E-01 -3.189981394243505E-01 -3.221347219652893E-01
 -2.988215293819755E-01 -3.019137951656951E-01 -3.049864719750460E-01
 -2.899535507430780E-01 -2.929829961089284E-01 -2.960006997634293E-01
 -3.137323851918292E-01 -3.168215740363745E-01 -3.198793546967539E-01
 -2.970128615353926E-01 -3.000214355563244E-01 -3.030133287268922E-01
 -2.882622343777125E-01 -2.912078219004769E-01 -2.941443495739956E-01
 -3.110021063346562E-01 -3.139833548003385E-01 -3.169373936899952E-01
 -2.946055487331062E-01 -2.975043106228710E-01 -3.003900963947585E-01
 -2.859795914643450E-01 -2.888152042897094E-01 -2.916452227061465E-01
 -3.074630142267767E-01 -3.103040062107524E-01 -3.131229335921819E-01
 -2.914079523919146E-01 -2.941646504433079E-01 -2.969130469592969E-01
 -2.828996695615300E-01 -2.855934393536314E-01 -2.882860826093157E-01
 -3.028981475439218E-01 -3.055605063640155E-01 -3.082069976352104E-01
 -2.871797541901563E-01 -2.897577206864439E-01 -2.923332031397570E-01
 -2.787670971918264E-01 -2.812839755152797E-01 -2.838054117539561E-01
 -2.970619229888980E-01 -2.995041538451699E-01 -3.019377595834906E-01
 -2.816698693547461E-01 -2.840323336383003E-01 -2.863992707074602E-01
 -2.733322144551621E-01 -2.756389984693911E-01 -2.779572274903324E-01
 -2.897432798585753E-01 -2.919263995615803E-01 -2.941088822822005E-01
 -2.747140973034353E-01 -2.768298979086468E-01 -2.789578806351107E-01
 -2.664710560632645E-01 -2.685416446801938E-01 -2.706313088735955E-01
 -2.808910188979377E-01 -2.827849078228945E-01 -2.846861356135249E-01
 -2.663900952056951E-01 -2.682374084319490E-01 -2.701044499716016E-01
 -2.583507258460467E-01 -2.601675129479612E-01 -2.620107297363108E-01
 -2.707577883425907E-01 -2.723426803900335E-01 -2.739415997493282E-01
 -2.571353206282910E-01 -2.586970291465050E-01 -2.602844184309440E-01
 -2.495031738901111E-01 -2.510484095580303E-01 -2.526256846131034E-01
 -2.598678350105904E-01 -2.611249251337139E-01 -2.623999903698698E-01
 -2.475357670136183E-01 -2.487842500829709E-01 -2.500614350747827E-01
 -2.404746907810581E-01 -2.417140261429908E-01 -2.429881385078941E-01
 -2.485631578185836E-01 -2.494636186996080E-01 -2.503826118562498E-01
 -2.376629443834613E-01 -2.385560069109849E-01 -2.394776298731775E-01
 -2.311069595783147E-01 -2.319940961186362E-01 -2.329158522521783E-01
 -2.365405228746400E-01 -2.370581332626046E-01 -2.375920183132313E-01
 -2.268866886209410E-01 -2.273968496180882E-01 -2.279327115737600E-01
 -2.206642692346478E-01 -2.211781709209052E-01 -2.217236574287774E-01
 -2.232294440638415E-01 -2.233667755786210E-01 -2.235161219663596E-01
 -2.148037311221389E-01 -2.149406911395496E-01 -2.150978400298766E-01
 -2.090224883287959E-01 -2.091787929943749E-01 -2.093603021904511E-01
 -2.084010802231167E-01 -2.081913129073842E-01 -2.079881842606447E-01
 -2.016775308242208E-01 -2.014698137500721E-01 -2.012748329162604E-01
 -1.967961068150375E-01 -1.966157786235748E-01 -1.964518192901065E-01
 -1.919482500849729E-01 -1.914455245916408E-01 -1.909446881226863E-01
 -1.875865820638208E-01 -1.870688720963609E-01 -1.865567730829066E-01
 -1.841129493524474E-01 -1.836134850042799E-01 -1.831218219136087E-01
 -1.735176455777523E-01 -1.728008548713110E-01 -1.720836163622440E-01
 -1.718369597695293E-01 -1.710709184591872E-01 -1.703060944939968E-01
 -1.700214915569746E-01 -1.692500643727987E-01 -1.684808191609390E-01
 -1.528065334429636E-01 -1.519701324585500E-01 -1.511335146878619E-01
 -1.534824688861099E-01 -1.525640857962649E-01 -1.516458113150017E-01
 -1.531815851815310E-01 -1.522319167422509E-01 -1.512824851836376E-01
 -1.301038610532982E-01 -1.292243455784808E-01 -1.283466475022106E-01
 -1.322337671174744E-01 -1.312562683007156E-01 -1.302802237298315E-01
 -1.329494612998683E-01 -1.319242090111398E-01 -1.309001531230532E-01
 -1.065328679590357E-01 -1.056703120156412E-01 -1.048144284129842E-01
 -1.090057396701202E-01 -1.080400166924203E-01 -1.070800556335935E-01
 -1.100898986671234E-01 -1.090698008711696E-01 -1.080550837062125E-01
 -8.414475266363390E-02 -8.340617729762517E-02 -8.268428826831466E-02
 -8.599401121449579E-02 -8.514253778237604E-02 -8.430622731036187E-02
 -8.687806009815290E-02 -8.596757697630636E-02 -8.507178288804421E-02
 -6.593910867863675E-02 -6.550877193118050E-02 -6.510854173110768E-02
 -6.648979232496791E-02 -6.593325617771351E-02 -6.540536891060816E-02
 -6.678215664804552E-02 -6.616154444871794E-02 -6.556921094559609E-02
 -5.489603375360180E-02 -5.493862917440084E-02 -5.501961995703749E-02
 -5.392085974629136E-02 -5.384101639271152E-02 -5.379960946587749E-02
 -5.346524121152031E-02 -5.332368954925115E-02 -5.322084864578980E-02
 -5.183811339210889E-02 -5.234970657347814E-02 -5.289538420162712E-02
 -4.970688344147296E-02 -5.013146306892658E-02 -5.059224390227907E-02
 -4.865194874776496E-02 -4.903199693067373E-02 -4.944942621309520E-02
 -5.445694637994936E-02 -5.526406492985825E-02 -5.609417124302691E-02
 -5.192548437625527E-02 -5.269560368301103E-02 -5.349121081839607E-02
 -5.063896781137778E-02 -5.138972044459602E-02 -5.216729950971439E-02
 -5.975293183645740E-02 -6.074679156891221E-02 -6.176540291887014E-02
 -5.736343623941512E-02 -5.834284316709774E-02 -5.934679443885504E-02
 -5.614024693274437E-02 -5.711333327101611E-02 -5.811098600980913E-02
 -6.841662126494764E-02 -6.983976931990728E-02 -7.131857205353934E-02
 -6.599089352825238E-02 -6.736491837296739E-02 -6.879004064095577E-02
 -6.477883280328720E-02 -6.613143305498627E-02 -6.753294608372311E-02
 -8.674065300893659E-02 -8.921030372659540E-02 -9.178716690420427E-02
 -8.345768655465204E-02 -8.580281730340521E-02 -8.824844127629056E-02
 -8.186211562470155E-02 -8.414842619446700E-02 -8.653176391298063E-02
 -1.231165057835123E-01 -1.272390730604599E-01 -1.315029940688554E-01
 -1.182041848258328E-01 -1.221484634427927E-01 -1.262309241092308E-01
 -1.158131381098292E-01 -1.196684887571435E-01 -1.236600119890385E-01
 -1.806934534560706E-01 -1.864591074234436E-01 -1.923349974980821E-01
 -1.742839654259055E-01 -1.799107212239352E-01 -1.856541601242170E-01
 -1.711044016319653E-01 -1.766558669530501E-01 -1.823265681057069E-01
 -2.511750819710422E-01 -2.575349635502056E-01 -2.638836653090838E-01
 -2.447370840062363E-01 -2.511233292131490E-01 -2.575168180587211E-01
 -2.414434754211568E-01 -2.478310064219854E-01 -2.542343402557802E-01
 -3.143355236251089E-01 -3.192941030963552E-01 -3.240509465913464E-01
 -3.103567644097294E-01 -3.155988457369000E-01 -3.206658312197874E-01
 -3.081681504171259E-01 -3.135374407157656E-01 -3.187446567821400E-01
 -3.443419703765010E-01 -3.456054177534530E-01 -3.464728904927424E-01
 -3.453805901800477E-01 -3.471851677273723E-01 -3.486196341921204E-01
 -3.456047341864392E-01 -3.476681639297290E-01 -3.493746920480323E-01
 -3.200219179276768E-01 -3.159246686265594E-01 -3.113152271868326E-01
 -3.275899637588350E-01 -3.241847292371466E-01 -3.202821007035467E-01
 -3.310574678255348E-01 -3.279943701662575E-01 -3.244420997380650E-01
 -2.341108043738939E-01 -2.243762647650742E-01 -2.141492749550722E-01
 -2.479310141201224E-01 -2.388611711211598E-01 -2.292959782152479E-01
 -2.545944509301862E-01 -2.458630654240598E-01 -2.366359549086171E-01
 -9.708468184752951E-02 -8.304483241181690E-02 -6.867212036078796E-02
 -1.150653075676915E-01 -1.014833103771896E-01 -8.754809429825056E-02
 -1.239500542362181E-01 -1.106113082462948E-01 -9.691008120499711E-02
  6.612676377947883E-02  8.196465504540798E-02  9.788982396682303E-02
  4.720571995612459E-02  6.290387267431691E-02  7.872027515549902E-02
  3.768507929360423E-02  5.329559751011631E-02  6.903941975401037E-02
  2.248995973026082E-01  2.397346085099346E-01  2.544114954981015E-01
  2.083214190356791E-01  2.233421132102756E-01  2.382363521339337E-01
  1.998338864292551E-01  2.149317477381441E-01  2.299191307540145E-01
  3.531060364578171E-01  3.647591787970242E-01  3.760857621683266E-01
  3.412534517249360E-01  3.533336827305559E-01  3.651114423586845E-01
  3.350531921761508E-01  3.473373115957025E-01  3.593315649218999E-01
  4.362823880019959E-01  4.437331104895056E-01  4.507979483926270E-01
  4.301601457971702E-01  4.381530029773668E-01  4.457729539069191E-01
  4.268200373726526E-01  4.350814452544272E-01  4.429771427191060E-01
  4.730979750014592E-01  4.764560810932127E-01  4.794582775249456E-01
  4.724389986025254E-01  4.763392328784527E-01  4.798864392582444E-01
  4.718797967270139E-01  4.760544432222166E-01  4.798781250707657E-01
  4.716039590961623E-01  4.716603898175281E-01  4.714321727833705E-01
  4.753442506168769E-01  4.758679295645688E-01  4.761026698826041E-01
  4.770619812951941E-01  4.778261863888528E-01  4.782997397043149E-01
  4.433592844954970E-01  4.410606832469934E-01  4.385481995333748E-01
  4.501409848440926E-01  4.481980567245442E-01  4.460321767321416E-01
  4.534615887621723E-01  4.517047809377153E-01  4.497207185685438E-01
  3.988470514453217E-01  3.949795944657662E-01  3.909527126765952E-01
  4.073297569285674E-01  4.036914246108005E-01  3.998811164355511E-01
  4.115732402917789E-01  4.080575341006306E-01  4.043636316856229E-01
  3.457507857000630E-01  3.408961338918421E-01  3.359271169381327E-01
  3.547253756774372E-01  3.499682002447410E-01  3.450816877004383E-01
  3.592699372470379E-01  3.545682439411853E-01  3.497296324396049E-01
  2.894879910244358E-01  2.841319578462731E-01  2.787108647714245E-01
  2.979066269170715E-01  2.925202490084051E-01  2.870531354075299E-01
  3.022079679627376E-01  2.968111135066533E-01  2.913254714611850E-01
  2.344382461829376E-01  2.290743352822983E-01  2.237049319058249E-01
  2.414563998171354E-01  2.359518047489065E-01  2.304278205394760E-01
  2.450713960220162E-01  2.394987184352257E-01  2.338994128522665E-01
  1.846411482526404E-01  1.797783086786699E-01  1.749729484509946E-01
  1.896931705831681E-01  1.846132891874151E-01  1.795813934454783E-01
  1.923197917679059E-01  1.871311873728263E-01  1.819855094629903E-01
  1.435902658920633E-01  1.396647230647640E-01  1.358472881467336E-01
  1.464652842415844E-01  1.422934502698188E-01  1.382264438770279E-01
  1.479825968876338E-01  1.436853249042518E-01  1.394909705762170E-01
  1.134561234514269E-01  1.107105549408443E-01  1.080961548698688E-01
  1.143239897115077E-01  1.113531291514740E-01  1.085165507960722E-01
  1.148072197392748E-01  1.117200961032824E-01  1.087686457332194E-01
  9.439261994454989E-02  9.280371903401584E-02  9.133590955737578E-02
  9.374333279679811E-02  9.199020427102003E-02  9.036601675527389E-02
  9.343521398224629E-02  9.159605864084792E-02  8.988974172821519E-02
  8.448360969283888E-02  8.378813683658930E-02  8.317795314688041E-02
  8.298171937084894E-02  8.220221713005411E-02  8.151770982493463E-02
  8.221977261616842E-02  8.139504759979341E-02  8.067027013453450E-02
  8.046172551024891E-02  8.027050998652979E-02  8.011913463976077E-02
  7.876198660639770E-02  7.856221877715461E-02  7.841090365926009E-02
  7.788416007964591E-02  7.767826164242847E-02  7.752529586585796E-02
  7.885288897763215E-02  7.879269909662416E-02  7.873350000563364E-02
  7.744485543154364E-02  7.742888248733069E-02  7.741944586780676E-02
  7.670802415056223E-02  7.671378343836270E-02  7.672903056399427E-02
  7.698998865103622E-02  7.680721782517015E-02  7.660273455762109E-02
  7.612182329288783E-02  7.600626813394967E-02  7.587092479284040E-02
  7.565994562570234E-02  7.557876222757076E-02  7.547888176694283E-02
  7.350150785214861E-02  7.309544171233545E-02  7.266217486378980E-02
  7.319197606728689E-02  7.284983837403018E-02  7.247946162578069E-02
  7.301986735563133E-02  7.271102148949131E-02  7.237347257821926E-02
  6.822961772514115E-02  6.762495207591168E-02  6.699997589828091E-02
  6.834106322266970E-02  6.778064889170789E-02  6.719722758529989E-02
  6.839065326030677E-02  6.785369073986731E-02  6.729236074874277E-02
  6.179800822540767E-02  6.108847130789327E-02  6.037107848435697E-02
  6.212946837210200E-02  6.143943032349027E-02  6.073854083069585E-02
  6.229763820501056E-02  6.161829210519285E-02  6.092654254594086E-02
  5.510814810576940E-02  5.440106025610294E-02  5.369825075297759E-02
  5.547463670231062E-02  5.476618554150076E-02  5.405971665533995E-02
  5.566476274070432E-02  5.495604883443159E-02  5.424810354431467E-02
  4.895087651987078E-02  4.832881312996738E-02  4.771916505606115E-02
  4.923070106772680E-02  4.859509235042438E-02  4.797075931827228E-02
  4.937804582866113E-02  4.873562701694324E-02  4.810386156038871E-02
  4.379848681299418E-02  4.330180067998815E-02  4.282035038129886E-02
  4.394573840700106E-02  4.343255924738307E-02  4.293457702111265E-02
  4.402478287304277E-02  4.350304940366698E-02  4.299646639845790E-02
  3.976267064267380E-02  3.938991465236116E-02  3.903053177682401E-02
  3.979270141227140E-02  3.940723340581165E-02  3.903580717018246E-02
  3.981019847433123E-02  3.941800231181331E-02  3.904018061002438E-02
  3.667029145046322E-02  3.639080736023723E-02  3.612003544128392E-02
  3.663132889410722E-02  3.634583400958633E-02  3.606993122885890E-02
  3.661179875217180E-02  3.632301354411326E-02  3.604427541761347E-02
  3.419972172862298E-02  3.397152376799144E-02  3.374684725230243E-02
  3.414402888406833E-02  3.391599789095914E-02  3.369218319836406E-02
  3.411470205169642E-02  3.388662148550917E-02  3.366312475161670E-02
  3.202194440274478E-02  3.180814147260209E-02  3.159396686507315E-02
  3.198609666348531E-02  3.177609206280278E-02  3.156603734431094E-02
  3.196640950519232E-02  3.175830901495382E-02  3.155033510445240E-02
  2.990231344480779E-02  2.968114811573373E-02  2.945788791490281E-02
  2.990020015681708E-02  2.968355099026846E-02  2.946477384275597E-02
  2.989787126091238E-02  2.968356450194407E-02  2.946712061339222E-02
  2.774100376288386E-02  2.750781846277379E-02  2.727284765035161E-02
  2.776758222710155E-02  2.753756390071823E-02  2.730551887806445E-02
  2.778035871467931E-02  2.755202268031504E-02  2.732153878651147E-02
  2.555604221220736E-02  2.531877440377493E-02  2.508125238794329E-02
  2.559663792690712E-02  2.536043132282204E-02  2.512369390480869E-02
  2.561705097811025E-02  2.538144404342858E-02  2.514516286942654E-02
  2.343200829724015E-02  2.320376533348082E-02  2.297703736691538E-02
  2.347167469099658E-02  2.324273518984163E-02  2.301512034902102E-02
  2.349193395592467E-02  2.326267094764772E-02  2.303463164334746E-02
  2.146332677624412E-02  2.125565138572161E-02  2.105075984000115E-02
  2.149269008340253E-02  2.128345438346557E-02  2.107693971935993E-02
  2.150780603930038E-02  2.129777961269932E-02  2.109043896985146E-02
  1.971424342901172E-02  1.953331038690428E-02  1.935563263519717E-02
  1.973091062981645E-02  1.954843044286099E-02  1.936924471293655E-02
  1.973951144047409E-02  1.955623114700121E-02  1.937626374690521E-02
  1.820429856356910E-02  1.805045366855940E-02  1.789964506641499E-02
  1.821098719846646E-02  1.805612787494580E-02  1.790438949715070E-02
  1.821439921301940E-02  1.805900780202732E-02  1.790678054717313E-02
  1.691563248418767E-02  1.678527397579363E-02  1.665737152865946E-02
  1.691704594325845E-02  1.678630432201798E-02  1.665809668287163E-02
  1.691768269228591E-02  1.678673565147716E-02  1.665836322546358E-02
  1.581146231153823E-02  1.569970291195374E-02  1.558980189044799E-02
  1.581166180917476E-02  1.569996167313392E-02  1.559016316392107E-02
  1.581164342408062E-02  1.569997074889540E-02  1.559022273366099E-02
  1.485453633810838E-02  1.475732242864946E-02  1.466156812161490E-02
  1.485567479046611E-02  1.475868440774537E-02  1.466316051644105E-02
  1.485614559058978E-02  1.475927195098157E-02  1.466386890655586E-02
  1.401838841670343E-02  1.393343715156780E-02  1.384979394784574E-02
  1.402076581433351E-02  1.393598918730956E-02  1.385250565129419E-02
  1.402190336724638E-02  1.393722065647891E-02  1.385382351509586E-02
  1.328967715264654E-02  1.321629995739384E-02  1.314424991628835E-02
  1.329254019694381E-02  1.321920251055765E-02  1.314717277839021E-02
  1.329396198616730E-02  1.322064859029484E-02  1.314863315454349E-02
  1.266412063615081E-02  1.260243400349213E-02  1.254214248757275E-02
  1.266655034378587E-02  1.260478948899520E-02  1.254441198533912E-02
  1.266777580120229E-02  1.260597927103638E-02  1.254555980344529E-02
  1.214022064474674E-02  1.209031447621201E-02  1.204182278233309E-02
  1.214168769331564E-02  1.209166443881482E-02  1.204305438707925E-02
  1.214243241849618E-02  1.209234981048188E-02  1.204367954452016E-02
  1.171429286116053E-02  1.167572844314241E-02  1.163850881163396E-02
  1.171478409914251E-02  1.167612541722341E-02  1.163881758518333E-02
  1.171503135284686E-02  1.167632395899645E-02  1.163897042195052E-02
  1.137840499536069E-02  1.135012910329963E-02  1.132305098985485E-02
  1.137825656530255E-02  1.134994181501924E-02  1.132283309163177E-02
  1.137817382888976E-02  1.134983842201288E-02  1.132271325716156E-02
  1.112094619062997E-02  1.110149210627011E-02  1.108304923025304E-02
  1.112059158471900E-02  1.110115346303135E-02  1.108273315186629E-02
  1.112040016733159E-02  1.110096956075805E-02  1.108256017297157E-02
  1.092851985386823E-02  1.091629120282746E-02  1.090488408062457E-02
  1.092830743052235E-02  1.091613125004582E-02  1.090478025861493E-02
  1.092818652899540E-02  1.091603672335451E-02  1.090471400069878E-02
  1.078780912489616E-02  1.078128960505200E-02  1.077541855346227E-02
  1.078794147804577E-02  1.078149153328940E-02  1.077569146040675E-02
  1.078799524546745E-02  1.078158046429671E-02  1.077581626802710E-02
  1.068664893746106E-02  1.068448156991241E-02  1.068280820015124E-02
  1.068721488585166E-02  1.068512298271333E-02  1.068352561948745E-02
  1.068748814912898E-02  1.068543429427375E-02  1.068387523045623E-02
  1.061423454203978E-02  1.061519976775902E-02  1.061651528434543E-02
  1.061527357170953E-02  1.061631791379779E-02  1.061771329490139E-02
  1.061578511115311E-02  1.061686915507962E-02  1.061830458746529E-02
  1.056083165083878E-02  1.056378927067601E-02  1.056695592372235E-02
  1.056238310123803E-02  1.056542611794220E-02  1.056867947442269E-02
  1.056315145566637E-02  1.056623717754077E-02  1.056953387865303E-02
  1.051742574925509E-02  1.052127427222609E-02  1.052518966129213E-02
  1.051954535196758E-02  1.052348843268599E-02  1.052750004290875E-02
  1.052059776835677E-02  1.052458808774294E-02  1.052864776731246E-02
  1.047557278385636E-02  1.047924634771489E-02  1.048284575757465E-02
  1.047832408075128E-02  1.048210198600967E-02  1.048580737305954E-02
  1.047969229250614E-02  1.048352235116550E-02  1.048728071552310E-02
  1.042748201326479E-02  1.042997577898232E-02  1.043226037373408E-02
  1.043091952394655E-02  1.043352566705582E-02  1.043592396777265E-02
  1.043263106690148E-02  1.043529342788807E-02  1.043774861732755E-02
  1.036621571915377E-02  1.036661882105164E-02  1.036668840588761E-02
  1.037037291707312E-02  1.037089349806076E-02  1.037108150033621E-02
  1.037244482492531E-02  1.037302421020138E-02  1.037327148968227E-02
  1.028586859907550E-02  1.028338805166157E-02  1.028046316970017E-02
  1.029075495881583E-02  1.028839409677085E-02  1.028558950329905E-02
  1.029319213598239E-02  1.029089119560926E-02  1.028814682627259E-02
  1.018164987562964E-02  1.017562002783915E-02  1.016904960055784E-02
  1.018725448342830E-02  1.018134427397869E-02  1.017489384267206E-02
  1.019005150668399E-02  1.018420119491729E-02  1.017781083973519E-02
  1.004986611051723E-02  1.003974733686134E-02  1.002900642377737E-02
  1.005616321780714E-02  1.004616240583226E-02  1.003553962210872E-02
  1.005930717971936E-02  1.004936542275892E-02  1.003880177766523E-02
  9.887846471074310E-03  9.873219878718451E-03  9.857904339067244E-03
  9.894799771017567E-03  9.880288155561591E-03  9.865087578156332E-03
  9.898272480447085E-03  9.883818426149752E-03  9.868675403053367E-03
  9.693855880255885E-03  9.674418992673028E-03  9.654241536507463E-03
  9.701420682857715E-03  9.682094533690616E-03  9.662027599464690E-03
  9.705199778269195E-03  9.685929073481406E-03  9.665917476417124E-03
  9.467021838423665E-03  9.442586782476042E-03  9.417375473681173E-03
  9.475145880847261E-03  9.450816023346097E-03  9.425709473438834E-03
  9.479205230856541E-03  9.454928052086434E-03  9.429873962305744E-03
  9.207279295498401E-03  9.177772604555221E-03  9.147470723166609E-03
  9.215903208884435E-03  9.186494854510223E-03  9.156290636832889E-03
  9.220213131161529E-03  9.190854028616139E-03  9.160698727417149E-03
  8.915326792408300E-03  8.880789312864693E-03  8.845455095510711E-03
  8.924384773270472E-03  8.889937491053049E-03  8.854692565482176E-03
  8.928912360889689E-03  8.894510263744331E-03  8.859310071411181E-03
  8.592586297689876E-03  8.553172187623113E-03  8.512977550058235E-03
  8.602006998126950E-03  8.562673754076877E-03  8.522558850363815E-03
  8.606716563960186E-03  8.567423841261492E-03  8.527348893677371E-03
  8.241162680693423E-03  8.197137113306240E-03  8.152365039969793E-03
  8.250870109165339E-03  8.206914978169990E-03  8.162211990501418E-03
  8.255723640231945E-03  8.211803817332339E-03  8.167135463237388E-03
  7.863801109190551E-03  7.815536485409513E-03  7.766576887048733E-03
  7.873715408354529E-03  7.825509786488617E-03  7.776607631544388E-03
  7.878672958392037E-03  7.830496928820268E-03  7.781623587735972E-03
  7.463840141270788E-03  7.411810411349229E-03  7.359154010096488E-03
  7.473878285926166E-03  7.421895227076343E-03  7.369283747392639E-03
  7.478898325243820E-03  7.426938694418315E-03  7.374349768736151E-03
  7.045156295388893E-03  6.989928717678708E-03  6.934158262292481E-03
  7.055232867081416E-03  7.000038880376980E-03  6.944300101440547E-03
  7.060272668218386E-03  7.005095569954752E-03  6.949372722742766E-03
  6.612094575609281E-03  6.554318180099680E-03  6.496096274778133E-03
  6.622122773652825E-03  6.564366342980768E-03  6.506162359583990E-03
  6.627138914207096E-03  6.569392558166357E-03  6.511197628264654E-03
  6.169379965878086E-03  6.109770215740963E-03  6.049823308611191E-03
  6.179272946274465E-03  6.119669252779765E-03  6.059726278161329E-03
  6.184221975742215E-03  6.124621400499660E-03  6.064680482086239E-03
  5.722007156235477E-03  5.661326727773402E-03  5.600425250811959E-03
  5.731679706667741E-03  5.670991463467744E-03  5.610080022278129E-03
  5.736518981948187E-03  5.675826917203368E-03  5.614910579400419E-03
  5.275108919301501E-03  5.214145019996749E-03  5.153080173348910E-03
  5.284479412209663E-03  5.223494223076860E-03  5.162405973642548E-03
  5.289168072873676E-03  5.228172318562906E-03  5.167072446785301E-03
  4.833806833730583E-03  4.773345952247972E-03  4.712904092856670E-03
  4.842799353883953E-03  4.782304484289740E-03  4.721826624840476E-03
  4.847299385459224E-03  4.786787593446823E-03  4.726291804558254E-03
  4.403050977337829E-03  4.343852355262099E-03  4.284788333534172E-03
  4.411597488300494E-03  4.352353334448568E-03  4.293241933058893E-03
  4.415874805842169E-03  4.356607947752317E-03  4.297472916798447E-03
  3.987457533960822E-03  3.930226933686221E-03  3.873237989462402E-03
  3.995499925320800E-03  3.938213752906993E-03  3.881167609989640E-03
  3.999525398340878E-03  3.942211489913403E-03  3.885136796035361E-03
  3.591154760395677E-03  3.536520245694493E-03  3.482222193127143E-03
  3.598646608306011E-03  3.543948277183338E-03  3.489585050226691E-03
  3.602396943363318E-03  3.547666741317645E-03  3.493270962570375E-03
  3.217648201585811E-03  3.166139617464768E-03  3.115046989065082E-03
  3.224556084288883E-03  3.172977448473387E-03  3.121813712648546E-03
  3.228014485880800E-03  3.176400848118597E-03  3.125201580483941E-03
  2.869715228550593E-03  2.821748850097925E-03  2.774260422315878E-03
  2.876019468905748E-03  2.827978927666011E-03  2.780415601192078E-03
  2.879176014452200E-03  2.831098402347299E-03  2.783497635043612E-03
  2.549336884636524E-03  2.505206310401130E-03  2.461597012395785E-03
  2.555031640458943E-03  2.510824924612973E-03  2.467139069426410E-03
  2.557883329347050E-03  2.513638540496342E-03  2.469914402592944E-03
  2.257671888165806E-03  2.217545719848106E-03  2.177965376619311E-03
  2.262764571633866E-03  2.222562316691779E-03  2.182905775578701E-03
  2.265315038565300E-03  2.225074726614105E-03  2.185380071111297E-03
  1.995073892387415E-03  1.959000132063046E-03  1.923478878369957E-03
  1.999583963210433E-03  1.963436010362617E-03  1.927840726669715E-03
  2.001842877852324E-03  1.965657805252133E-03  1.930025481570546E-03
  1.761149272147125E-03  1.729065763044341E-03  1.697525367403053E-03
  1.765106506695910E-03  1.732952266044167E-03  1.701341533358705E-03
  1.767088710458442E-03  1.734899072785244E-03  1.703253139131510E-03
  1.554849260075813E-03  1.526598987144957E-03  1.498868833080370E-03
  1.558291642999846E-03  1.529975341178507E-03  1.502179735612553E-03
  1.560016096028286E-03  1.531666742959227E-03  1.503838373962983E-03
  1.374587538910979E-03  1.349937267032424E-03  1.325773424858185E-03
  1.377558949557746E-03  1.352848242392670E-03  1.328624673079292E-03
  1.379047574015380E-03  1.354306609050025E-03  1.330053135453155E-03
  1.218372670679839E-03  1.197033267415845E-03  1.176138988077369E-03
  1.220920541413841E-03  1.199526838120473E-03  1.178579046536665E-03
  1.222197049737226E-03  1.200776154964603E-03  1.179801565532508E-03
  1.083944248727492E-03  1.065591097246179E-03  1.047637149944309E-03
  1.086117357053406E-03  1.067716258298740E-03  1.049715184429900E-03
  1.087206146315619E-03  1.068781032930213E-03  1.050756354779415E-03
  9.689025737986868E-04  9.531946738433099E-04  9.378381705056016E-04
  9.707490987732165E-04  9.549995410952860E-04  9.396021938370314E-04
  9.716742766082883E-04  9.559038509846161E-04  9.404860428820909E-04
  8.708238973437047E-04  8.574205238964444E-04  8.443211645895827E-04
  8.723898293950632E-04  8.589507990393292E-04  8.458165582380269E-04
  8.731744163593710E-04  8.597175214331009E-04  8.465658041176839E-04
  7.873563049026692E-04  7.759304258794171E-04  7.647634340553116E-04
  7.886842539975433E-04  7.772282647235393E-04  7.660318770002392E-04
  7.893495850585614E-04  7.778785081958933E-04  7.666673905031914E-04
  7.162942208462842E-04  7.065422734185978E-04  6.970076751713197E-04
  7.174226270253307E-04  7.076455553563434E-04  6.980864719286901E-04
  7.179879544611273E-04  7.081982922029240E-04  6.986269382128226E-04
  6.556314907279540E-04  6.472795640521954E-04  6.391078936776935E-04
  6.565942078764403E-04  6.482215287964873E-04  6.400296630256417E-04
  6.570764911416295E-04  6.486934114504469E-04  6.404914240801814E-04
  6.035938770060388E-04  5.964007667076054E-04  5.893556837654843E-04
  6.044200767784250E-04  5.972099621867117E-04  5.901483492457486E-04
  6.048339328821567E-04  5.976152956386055E-04  5.905453976774131E-04
  5.586522100797750E-04  5.524100724086003E-04  5.462886355950325E-04
  5.593665387924800E-04  5.531105452965342E-04  5.469756481376883E-04
  5.597243196112726E-04  5.534613812850493E-04  5.473197374842616E-04
  5.195182515514257E-04  5.140516071464849E-04  5.086829768943707E-04
  5.201411676707030E-04  5.146632637478183E-04  5.092836975987628E-04
  5.204531280237816E-04  5.149695806135052E-04  5.095845331835105E-04
  4.851268662145769E-04  4.802905179968681E-04  4.755336734113540E-04
  4.856750890090553E-04  4.808295871353687E-04  4.760638493228850E-04
  4.859496106556168E-04  4.810995209711995E-04  4.763293259005023E-04
  4.546097020580012E-04  4.502858891868286E-04  4.460266872428072E-04
  4.550967114398341E-04  4.507654285849267E-04  4.464989631815278E-04
  4.553405529802926E-04  4.510055264520165E-04  4.467354209199109E-04
  4.272660682186209E-04  4.233610439859785E-04  4.195087904096527E-04
  4.277026094377702E-04  4.237914454489782E-04  4.199332138652616E-04
  4.279211588680955E-04  4.240069182005672E-04  4.201456910426857E-04
  4.025354388034031E-04  3.989756895769292E-04  3.954594019328582E-04
  4.029300004110046E-04  3.993651530146850E-04  3.958438926297225E-04
  4.031275144056293E-04  3.995601126320779E-04  3.960363607666867E-04
  3.799735787339460E-04  3.767020023525987E-04  3.734666475206697E-04
  3.803328249326512E-04  3.770569613463106E-04  3.738174159114464E-04
  3.805126454261682E-04  3.772346341306336E-04  3.739929894297527E-04
  3.592320907403196E-04  3.562044836873374E-04  3.532075193741794E-04
  3.595612388480285E-04  3.565299747473097E-04  3.535294275653079E-04
  3.597259821654634E-04  3.566928863504748E-04  3.536905446515853E-04
  3.400403053378090E-04  3.372224045519090E-04  3.344308696250763E-04
  3.403434451883892E-04  3.375223780437571E-04  3.347277338102871E-04
  3.404951621467480E-04  3.376725093290625E-04  3.348763080305669E-04
  3.221888617553717E-04  3.195540054928821E-04  3.169422308246211E-04
  3.224692181336701E-04  3.198315801083657E-04  3.172170678566798E-04
  3.226095256226426E-04  3.199704947490781E-04  3.173546117994818E-04
  3.055151785433609E-04  3.030425010408640E-04  3.005903594348565E-04
  3.057753207413075E-04  3.033001663199067E-04  3.008455824232763E-04
  3.059055067971217E-04  3.034291123415133E-04  3.009733057687520E-04
  2.898914083465079E-04  2.875644320758423E-04  2.852559872438025E-04
  2.901334131111954E-04  2.878042053688343E-04  2.854935566738134E-04
  2.902545186628676E-04  2.879241939023933E-04  2.856124420270319E-04
  2.752151857488667E-04  2.730207071571845E-04  2.708431502443480E-04
  2.754407612160841E-04  2.732442526133906E-04  2.710646881707237E-04
  2.755536422646201E-04  2.733561175901817E-04  2.711755483401789E-04
  2.614029049219948E-04  2.593301219502997E-04  2.572729390185757E-04
  2.616134832273755E-04  2.595388391515328E-04  2.574798138537492E-04
  2.617188573035607E-04  2.596432817710219E-04  2.575833344029233E-04
  2.483849038143597E-04  2.464247589632017E-04  2.444791031852762E-04
  2.485817093141901E-04  2.466198480313579E-04  2.446724918148555E-04
  2.486801897107190E-04  2.467174694294190E-04  2.447692622239444E-04
  2.361019472178973E-04  2.342466558392814E-04  2.324048968994485E-04
  2.362860461157927E-04  2.344291647054636E-04  2.325858296884307E-04
  2.363781668161055E-04  2.345204897016640E-04  2.326763659676918E-04
  2.245026148461909E-04  2.227453377611731E-04  2.210007502963910E-04
  2.246749509118538E-04  2.229161961452714E-04  2.211701434109068E-04
  2.247611845007432E-04  2.230016902790968E-04  2.212549043033445E-04
  2.135413818537148E-04  2.118760007143741E-04  2.102225517479069E-04
  2.137028018940407E-04  2.120360443414041E-04  2.103812301713074E-04
  2.137835723471229E-04  2.121161260337026E-04  2.104606287137579E-04
  2.031772517975086E-04  2.015982139706123E-04  2.000304168396769E-04
  2.033285237532584E-04  2.017482017824833E-04  2.001791307507602E-04
  2.034042155109444E-04  2.018232509649634E-04  2.002535424843938E-04
  1.933728162962312E-04  1.918750259838332E-04  1.903878380183558E-04
  1.935146421329502E-04  1.920156524176869E-04  1.905272744878149E-04
  1.935856065965800E-04  1.920860167193560E-04  1.905970433496332E-04
  1.840936256294138E-04  1.826723660524081E-04  1.812611152162242E-04
  1.842266506828750E-04  1.828042699633976E-04  1.813919067290439E-04
  1.842932108727204E-04  1.828702691574964E-04  1.814573493030649E-04
  1.753077683228731E-04  1.739586461462132E-04  1.726189781603887E-04
  1.754325881765402E-04  1.740824174003211E-04  1.727417089473280E-04
  1.754950422041399E-04  1.741443467360964E-04  1.728031176618559E-04
  1.669855728134800E-04  1.657044798450784E-04  1.644323213410153E-04
  1.671027386010513E-04  1.658206644340367E-04  1.645475323105285E-04
  1.671613623215836E-04  1.658787971953579E-04  1.646051779052116E-04
  1.590993711547166E-04  1.578824586950818E-04  1.566739924446763E-04
  1.592093937298528E-04  1.579915627882616E-04  1.567821851291795E-04
  1.592644428257681E-04  1.580461523080406E-04  1.568363186126484E-04
  1.516233026272469E-04  1.504669626378295E-04  1.493186095393865E-04
  1.517266560198186E-04  1.505694559509855E-04  1.494202493785263E-04
  1.517783677456776E-04  1.506207373295039E-04  1.494711037151707E-04
  1.445331612881429E-04  1.434340094095117E-04  1.423424122312574E-04
  1.446302856376392E-04  1.435303280959447E-04  1.424379314269129E-04
  1.446788802790259E-04  1.435785196206711E-04  1.424857229213753E-04
  1.378062860141164E-04  1.367611451198648E-04  1.357231524251462E-04
  1.378975901511562E-04  1.368516943100163E-04  1.358129524326561E-04
  1.379432723211916E-04  1.368969987405338E-04  1.358578820090607E-04
  1.314214709780537E-04  1.304273568627532E-04  1.294400086681339E-04
  1.315073347454594E-04  1.305125129558540E-04  1.295244624728375E-04
  1.315502945537728E-04  1.305551186831243E-04  1.295667168134994E-04
  1.253588721198792E-04  1.244129822611640E-04  1.234734987016554E-04
  1.254396485152872E-04  1.244930950530527E-04  1.235529529218662E-04
  1.254800626245344E-04  1.245331771344459E-04  1.235927054932465E-04
  1.195999071976208E-04  1.186996109825718E-04  1.178053826564108E-04
  1.196759243432137E-04  1.187750056157666E-04  1.178801594786809E-04
  1.197139569677593E-04  1.188127267749495E-04  1.179175715254102E-04
  1.141271660014144E-04  1.132699942006618E-04  1.124185718997986E-04
  1.141987289582552E-04  1.133409729649303E-04  1.124889708647815E-04
  1.142345327703243E-04  1.133764844873796E-04  1.125241922963246E-04
  1.089243398682797E-04  1.081079733440458E-04  1.072970568707015E-04
  1.089917323286601E-04  1.081748173566179E-04  1.073633565422088E-04
  1.090254493094434E-04  1.082082599330708E-04  1.073965267688444E-04
  1.039761592994071E-04  1.031984188100718E-04  1.024258466840789E-04
  1.040396451562064E-04  1.032613895709850E-04  1.024883061875371E-04
  1.040714073724909E-04  1.032928940721651E-04  1.025195548948725E-04
  9.926832435682098E-05  9.852716240310240E-05  9.779090363823978E-05
  9.932814917145083E-05  9.858650324833106E-05  9.784976410515813E-05
  9.935807951432052E-05  9.861619145301633E-05  9.787921196624035E-05
  9.478742966837218E-05  9.408092307744530E-05  9.337906991678370E-05
  9.484382203286699E-05  9.413686053445367E-05  9.343455582295584E-05
  9.487203489841612E-05  9.416484580203891E-05  9.346231517383544E-05
  9.052089921843637E-05  8.984724085400858E-05  8.917800071125115E-05
  9.057407200640167E-05  8.989998587636302E-05  8.923032111151789E-05
  9.060067392318385E-05  8.992637377665263E-05  8.925649656785610E-05
  8.645693753952749E-05  8.581442746912884E-05  8.517611417610591E-05
  8.650708905345405E-05  8.586417658017476E-05  8.522546382530500E-05
  8.653217926285980E-05  8.588906546453045E-05  8.525015285646308E-05
  8.258448618872918E-05  8.197152410427989E-05  8.136255020530623E-05
  8.263180124649689E-05  8.201846046647418E-05  8.140911062782806E-05
  8.265547223512824E-05  8.204194199282718E-05  8.143240406913563E-05
  7.889317247488427E-05  7.830825205195686E-05  7.772712310048100E-05
  7.893782340675163E-05  7.835254645829227E-05  7.777106356347023E-05
  7.896016141003222E-05  7.837470609312791E-05  7.779304612141705E-05
  7.537325312630075E-05  7.481495702382932E-05  7.426026672043424E-05
  7.541540069234020E-05  7.485676880907553E-05  7.430174514423962E-05
  7.543648616267423E-05  7.487768628932646E-05  7.432249584562575E-05
  7.201556687747123E-05  7.148256084372317E-05  7.095298536753362E-05
  7.205536111275847E-05  7.152203871207705E-05  7.099214913927920E-05
  7.207526912582842E-05  7.154178845019752E-05  7.101174173764673E-05
  6.881150164546192E-05  6.830252798568546E-05  6.779681954832944E-05
  6.884908264237693E-05  6.833981079571755E-05  6.783380630223869E-05
  6.886788329665595E-05  6.835846227231912E-05  6.785230966740448E-05
  6.575296639384637E-05  6.526683839765045E-05  6.478381957431079E-05
  6.578846500556147E-05  6.530205585880526E-05  6.481875788364672E-05
  6.580622379177308E-05  6.531967398949414E-05  6.483623635963919E-05
  6.283235603500229E-05  6.236795404367339E-05  6.190651375906356E-05
  6.286589456228982E-05  6.240122738450906E-05  6.193952379297806E-05
  6.288267267884383E-05  6.241787283363516E-05  6.195603751331709E-05
  6.004251139509620E-05  5.959877941741273E-05  5.915786966551031E-05
  6.007420419659788E-05  5.963022200236918E-05  5.918906379954165E-05
  6.009005885829372E-05  5.964595148849071E-05  5.920466899158448E-05
  5.737668566374817E-05  5.695262731874811E-05  5.653125926814281E-05
  5.740663970916819E-05  5.698234519378767E-05  5.656074263211885E-05
  5.742162444974275E-05  5.699721178535398E-05  5.657549190343977E-05
  5.482852211158213E-05  5.442319604829587E-05  5.402043552477772E-05
  5.485683751789581E-05  5.445128846710515E-05  5.404830651546452E-05
  5.487100242769448E-05  5.446534182184296E-05  5.406224909678901E-05
  5.239203519654934E-05  5.200455121885025E-05  5.161951475807083E-05
  5.241880570500017E-05  5.203111111485618E-05  5.164586551052421E-05
  5.243219769432735E-05  5.204439774295606E-05  5.165904751196308E-05
  5.006158603245789E-05  4.969110241019082E-05  4.932295452441007E-05
  5.008689945787895E-05  4.971621684952313E-05  4.934787136071282E-05
  5.009956246822966E-05  4.972878031505417E-05  4.936033597248786E-05
  4.783185410014605E-05  4.747757521872126E-05  4.712552612450603E-05
  4.785579274302159E-05  4.750132580126472E-05  4.714908994890467E-05
  4.786776795061043E-05  4.751320693076517E-05  4.716087765255696E-05
  4.569781436645124E-05  4.535898775339979E-05  4.502229052744494E-05
  4.572045538920345E-05  4.538145098805071E-05  4.504457719999038E-05
  4.573178140594139E-05  4.539268806482363E-05  4.505572595174038E-05
  4.365472302569520E-05  4.333063600829406E-05  4.300858326960167E-05
  4.367613881544382E-05  4.335188366847829E-05  4.302966395720354E-05
  4.368685185574219E-05  4.336251260150343E-05  4.304020936271870E-05
  4.169810504426110E-05  4.138808204455469E-05  4.108000317945200E-05
  4.171836352608950E-05  4.140818148584298E-05  4.109994467254379E-05
  4.172849758807327E-05  4.141823598668307E-05  4.110992015912254E-05
  3.982373632999034E-05  3.952713715340383E-05  3.923239655976219E-05
  3.984290129570912E-05  3.954615163204676E-05  3.925126158210397E-05
  3.985248828824988E-05  3.955566334384715E-05  3.926069852749823E-05
  3.802762272427210E-05  3.774384102573308E-05  3.746183665146158E-05
  3.804575408741329E-05  3.776182995581040E-05  3.747968412028692E-05
  3.805482399375110E-05  3.777082860989512E-05  3.748861200917863E-05
  3.630598374856647E-05  3.603444487617424E-05  3.576460617861269E-05
  3.632313781449407E-05  3.605146409501549E-05  3.578149146921201E-05
  3.633171880285780E-05  3.605997762584713E-05  3.578993800274003E-05
  3.465524369108277E-05  3.439540214861518E-05  3.413718758587248E-05
  3.467147339938883E-05  3.441150415587304E-05  3.415316276061852E-05
  3.467959196011835E-05  3.441955883494643E-05  3.416115399300235E-05
  3.307202404824447E-05  3.282336147047087E-05  3.257625639912832E-05
  3.308737919590204E-05  3.283859565217799E-05  3.259137043734059E-05
  3.309506023527926E-05  3.284621618194183E-05  3.259893086755563E-05
  3.155313103833900E-05  3.131515501952378E-05  3.107867047915234E-05
  3.156765848416650E-05  3.132956784993476E-05  3.109296947160070E-05
  3.157492545561987E-05  3.133677748537813E-05  3.110012216084072E-05
  3.009553995344241E-05  2.986778305761153E-05  2.964145483168994E-05
  3.010928383490582E-05  2.988141830984341E-05  2.965498219081751E-05
  3.011615881864361E-05  2.988823895369852E-05  2.966174886340950E-05
  2.869638306066513E-05  2.847840132263551E-05  2.826178853162965E-05
  2.870938494993769E-05  2.849130022973144E-05  2.827458515429964E-05
  2.871588874445937E-05  2.849775251045777E-05  2.828098627017422E-05
  2.735294343314076E-05  2.714431449244924E-05  2.693699775490456E-05
  2.736524251048953E-05  2.715651591584569E-05  2.694910218648737E-05
  2.737139472624395E-05  2.716261928144321E-05  2.695515703250800E-05
  2.606265017211473E-05  2.586297176225026E-05  2.566455163301506E-05
  2.607428339224485E-05  2.587451235478229E-05  2.567600022397832E-05
  2.608010250441717E-05  2.588028513419741E-05  2.568172698340836E-05
  2.482306980610095E-05  2.463195889146285E-05  2.444205495085279E-05
  2.483407201899850E-05  2.464287322407861E-05  2.445288199690895E-05
  2.483957547102381E-05  2.464833271597780E-05  2.445829782699464E-05
  2.363189422255580E-05  2.344898633626096E-05  2.326723659015663E-05
  2.364229833512341E-05  2.345930705129645E-05  2.327747447107688E-05
  2.364750259615727E-05  2.346446958984708E-05  2.328259557175418E-05
