  3.444391703679589E+00  3.438210743905664E+00  3.432027062639965E+00

  2.363189422255580E-05  2.344898633626096E-05  2.326723659015663E-05
  2.364229833512341E-05  2.345930705129645E-05  2.327747447107688E-05
  2.364750259615727E-05  2.346446958984708E-05  2.328259557175418E-05
  2.364750259615727E-05  2.346446958984708E-05  2.328259557175418E-05
  2.364229833512341E-05  2.345930705129645E-05  2.327747447107688E-05
  2.363189422255580E-05  2.344898633626096E-05  2.326723659015663E-05
  2.361629907447258E-05  2.343351620089880E-05  2.325189062027529E-05
  2.359552610229568E-05  2.341290973917829E-05  2.323144954124225E-05
  2.356959289700286E-05  2.338718439597185E-05  2.320593065412702E-05
  2.353852136514649E-05  2.335636190668560E-05  2.317535551899247E-05
  2.350233772157947E-05  2.332046826151586E-05  2.313974990925958E-05
  2.346107244417621E-05  2.327953368583756E-05  2.309914379853576E-05
  2.341476021457034E-05  2.323359258025262E-05  2.305357130181339E-05
  2.336343986190572E-05  2.318268344539947E-05  2.300307060475718E-05
  2.330715430196277E-05  2.312684884999998E-05  2.294768392273728E-05
  2.324595045218850E-05  2.306613532051912E-05  2.288745739480140E-05
  2.317987914857642E-05  2.300059327275796E-05  2.282244102421249E-05
  2.310899506785644E-05  2.293027693476750E-05  2.275268858958367E-05
  2.303335665429848E-05  2.285524426508921E-05  2.267825757102559E-05
  2.295302601842925E-05  2.277555686776883E-05  2.259920906561923E-05
  2.286806883100823E-05  2.269127986319932E-05  2.251560764923822E-05
  2.277855416983759E-05  2.260248176366085E-05  2.242752127307302E-05
  2.268455445802102E-05  2.250923440315878E-05  2.233502118516268E-05
  2.258614538479231E-05  2.241161283590761E-05  2.223818180931714E-05
  2.248340569443178E-05  2.230969516008023E-05  2.213708060366283E-05
  2.237641710463302E-05  2.220356242749852E-05  2.203179795739700E-05
  2.226526416960426E-05  2.209329849400533E-05  2.192241703343628E-05
  2.215003419062155E-05  2.197898993581006E-05  2.180902368914583E-05
  2.203081703858020E-05  2.186072588940825E-05  2.169170633205897E-05
  2.190770497945441E-05  2.173859786817386E-05  2.157055572344393E-05
  2.178079260405511E-05  2.161269967460369E-05  2.144566488951860E-05
  2.165017667038233E-05  2.148312728408998E-05  2.131712902449353E-05
  2.151595589518866E-05  2.134997859266628E-05  2.118504521605732E-05
  2.137823093694654E-05  2.121335343958273E-05  2.104951247956501E-05
  2.123710413535315E-05  2.107335332252149E-05  2.091063148439155E-05
  2.109267937758084E-05  2.093008128732910E-05  2.076850443693930E-05
  2.094506199672748E-05  2.078364179237633E-05  2.062323493056090E-05
  2.079435862835897E-05  2.063414060554620E-05  2.047492786999554E-05
  2.064067697753197E-05  2.048168454702679E-05  2.032368919625650E-05
  2.048412578386555E-05  2.032638147233146E-05  2.016962588922039E-05
  2.032481460868435E-05  2.016834005462492E-05  2.001284573563650E-05
  2.016285369580863E-05  2.000766962677134E-05  1.985345716750715E-05
  1.999835384130054E-05  1.984448008223296E-05  1.969156918358799E-05
  1.983142627476559E-05  1.967888175066245E-05  1.952729121532798E-05
  1.966218243979851E-05  1.951098516331201E-05  1.936073288887061E-05
  1.949073397447886E-05  1.934090105119509E-05  1.919200403790634E-05
  1.931719246130628E-05  1.916874009024007E-05  1.902121443354063E-05
  1.914166937703729E-05  1.899461284987364E-05  1.884847375053087E-05
  1.896427593208272E-05  1.881862964113110E-05  1.867389139879166E-05
  1.878512294859244E-05  1.864090038132536E-05  1.849757640211086E-05
  1.860432071117844E-05  1.846153446991944E-05  1.831963728197651E-05
  1.842197894311764E-05  1.828064073362038E-05  1.814018197073185E-05
  1.823820652989838E-05  1.809832718017062E-05  1.795931760883666E-05
  1.805311158787996E-05  1.791470105347126E-05  1.777715056631085E-05
  1.786680119590541E-05  1.772986856775368E-05  1.759378620717001E-05
  1.767938141872162E-05  1.754393492923126E-05  1.740932888169729E-05
  1.749095712860094E-05  1.735700416353196E-05  1.722388177400578E-05
  1.730163196538599E-05  1.716917908668845E-05  1.703754688273310E-05
  1.711150817157970E-05  1.698056110660877E-05  1.685042478606494E-05
  1.692068660891988E-05  1.679125028261519E-05  1.666261474545783E-05
  1.672926654617222E-05  1.660134508155073E-05  1.647421443567436E-05
  1.653734574696846E-05  1.641094248724219E-05  1.628532006103840E-05
  1.634502024168102E-05  1.622013776208301E-05  1.609602612379278E-05
  1.615238434973775E-05  1.602902446825860E-05  1.590642543023328E-05
  1.595953058361128E-05  1.583769437793308E-05  1.571660902416761E-05
  1.576654959872654E-05  1.564623742253154E-05  1.552666611159070E-05
  1.557353013724719E-05  1.545474164496213E-05  1.533668404304168E-05
  1.538055898434004E-05  1.526329313398660E-05  1.514674821670211E-05
  1.518772091225013E-05  1.507197598755629E-05  1.495694205902694E-05
  1.499509863587112E-05  1.488087226459349E-05  1.476734697648407E-05
  1.480277280678758E-05  1.469006197575735E-05  1.457804234602253E-05
  1.461082192213834E-05  1.449962300179047E-05  1.438910543120062E-05
  1.441932235088697E-05  1.430963110661005E-05  1.420061140219783E-05
  1.422834831253739E-05  1.412015992269734E-05  1.401263330085746E-05
  1.403797178797312E-05  1.393128085798177E-05  1.382524197066738E-05
  1.384826257129516E-05  1.374306317034687E-05  1.363850613435802E-05
  1.365928824412423E-05  1.355557390338127E-05  1.345249230178985E-05
  1.347111414567480E-05  1.336887788196690E-05  1.326726478607684E-05
  1.328380338869532E-05  1.318303772761113E-05  1.308288572362786E-05
  1.309741683489665E-05  1.299811383016002E-05  1.289941502928377E-05
  1.291201310579763E-05  1.281416434985607E-05  1.271691040970094E-05
  1.272764861599178E-05  1.263124526325639E-05  1.253542740687946E-05
  1.254437752398220E-05  1.244941031055251E-05  1.235501934000189E-05
  1.236225178030530E-05  1.226871103479904E-05  1.217573735306275E-05
  1.218132114495400E-05  1.208919681608394E-05  1.199763044577253E-05
  1.200163321683633E-05  1.191091488645837E-05  1.182074548732952E-05
  1.182323336675248E-05  1.173391026600287E-05  1.164512714587843E-05
  1.164616487391881E-05  1.155822590547567E-05  1.147081804642212E-05
  1.147046884461089E-05  1.138390259314948E-05  1.129785866467014E-05
  1.129618431284670E-05  1.121097906809937E-05  1.112628744245086E-05
  1.112334826256555E-05  1.103949202846761E-05  1.095614079751109E-05
  1.095199561496853E-05  1.086947614092261E-05  1.078745314012422E-05
  1.078215929417254E-05  1.070096407183048E-05  1.062025688197080E-05
  1.061387024773805E-05  1.053398654467463E-05  1.045458252270352E-05
  1.044715745011617E-05  1.036857231171397E-05  1.029045859420301E-05
  1.028204800635520E-05  1.020474827984505E-05  1.012791180864123E-05
  1.011856711994505E-05  1.004253946558138E-05  9.966966992302674E-06
  9.956738201867731E-06  9.881969112463131E-06  9.807647223544247E-06
  9.796582832774926E-06  9.723058635784055E-06  9.649973755184923E-06
  9.638120839345727E-06  9.565827722920745E-06  9.493966136421591E-06
  9.481370412795212E-06  9.410294430853978E-06  9.339642286863753E-06
  9.326347975595285E-06  9.256475069475604E-06  9.187018405722073E-06
  9.173068363778253E-06  9.104384378476849E-06  9.036109138251375E-06
  9.021544802627191E-06  8.954035490459619E-06  8.886927522243658E-06
  8.871788882891996E-06  8.805439936792494E-06  8.739485028901197E-06
  8.723810767402696E-06  8.658607786160766E-06  8.593791641799806E-06
  8.577619258728932E-06  8.513547769353656E-06  8.449856019515680E-06
  8.433221949479930E-06  8.370267401660454E-06  8.307685597484978E-06
  8.290625149073638E-06  8.228772961207354E-06  8.167286615154904E-06
  8.149833519822339E-06  8.089069173498972E-06  8.028663844336527E-06
  8.010849668455434E-06  7.951158810255493E-06  7.891820204936634E-06
  7.873673335007753E-06  7.815041930839901E-06  7.756756053467784E-06
  7.738300868938217E-06  7.680715283554088E-06  7.623468528627504E-06
  7.604724933731171E-06  7.548171968028460E-06  7.491951166153178E-06
  7.472934663320437E-06  7.417401529298372E-06  7.362193931610660E-06
  7.342916061828450E-06  7.288390298430702E-06  7.234183498802710E-06
  7.214652557058752E-06  7.161121973435802E-06  7.107903844449529E-06
  7.088125429929621E-06  7.035578062400901E-06  6.983336707552313E-06
  6.963313988921827E-06  6.911738100260298E-06  6.860461850626525E-06
  6.840195591153250E-06  6.789579690320139E-06  6.739257119632092E-06
  6.718745579837876E-06  6.669078435683184E-06  6.619698375142386E-06
  6.598937406452635E-06  6.550208048830392E-06  6.501759591421400E-06
  6.480742710567527E-06  6.432940404211067E-06  6.385412883099412E-06
  6.364131518970276E-06  6.317245761300535E-06  6.270628744096259E-06
  6.249072337154076E-06  6.203092882089770E-06  6.157376186882499E-06
  6.135531951343291E-06  6.090448802989943E-06  6.045622499403779E-06
  6.023475615362149E-06  5.979279037160484E-06  5.935333455542555E-06
  5.912867350741660E-06  5.869547794052988E-06  5.826473463403039E-06
  5.803670643251483E-06  5.761218674142515E-06  5.719006244624660E-06
  5.695848989346522E-06  5.654255271418294E-06  5.612895486442775E-06
  5.589365242771773E-06  5.548620692619047E-06  5.508104521765104E-06
  5.484179954209274E-06  5.444275980967069E-06  5.404594854853919E-06
  5.380249400561138E-06  5.341178071531480E-06  5.302324075983242E-06
  5.277526257423934E-06  5.239280070817521E-06  5.201245771256255E-06
  5.175964000457597E-06  5.138535095572097E-06  5.101312827300856E-06
  5.075525707010491E-06  5.038904689173542E-06  5.002485395215185E-06
  4.976193446581454E-06  4.940368326866992E-06  4.904740461500574E-06
  4.877974046863676E-06  4.842929882499236E-06  4.808078943144027E-06
  4.780897165058588E-06  4.746616667428787E-06  4.712525689251075E-06
  4.685005823602508E-06  4.651470720049226E-06  4.618121574627897E-06
  4.590343770830873E-06  4.557536273820698E-06  4.524911162157253E-06
  4.496945098503969E-06  4.464848863741688E-06  4.432931356645503E-06
  4.404830138038851E-06  4.373430420001678E-06  4.342205701066817E-06
  4.314007530492593E-06  4.283290751265708E-06  4.252745236964520E-06
  4.224479285232211E-06  4.194432435558256E-06  4.164553169498422E-06
  4.136245341266183E-06  4.106855574369077E-06  4.077629796984635E-06
  4.049305524842674E-06  4.020560074553850E-06  3.991975098617610E-06
  3.963659369031929E-06  3.935545636482741E-06  3.907588929156387E-06
  3.879305152002000E-06  3.851810827588527E-06  3.824470134190342E-06
  3.796239303423460E-06  3.769352384225357E-06  3.742615756404643E-06
  3.714456527843064E-06  3.688165286771199E-06  3.662021055291315E-06
  3.633950367826407E-06  3.608243306970710E-06  3.582680038471484E-06
  3.554713470079995E-06  3.529579293848003E-06  3.504585752502356E-06
  3.476737826875055E-06  3.452165433665211E-06  3.427730579650641E-06
  3.400014746699999E-06  3.375993229551204E-06  3.352106216215148E-06
  3.324534840456327E-06  3.301053497361746E-06  3.277703679455729E-06
  3.250288045055546E-06  3.227336380063765E-06  3.204513322573291E-06
  3.177263782516279E-06  3.154831481744021E-06  3.132524926434962E-06
  3.105450981622275E-06  3.083527913242224E-06  3.061727784932374E-06
  3.034838133409506E-06  3.013414338980036E-06  2.992110737442903E-06
  2.965413381285482E-06  2.944479090290852E-06  2.923662300707037E-06
  2.897164483880472E-06  2.876710104136660E-06  2.856370585324992E-06
  2.830078857129937E-06  2.810094963558757E-06  2.790223344149865E-06
  2.764143628380081E-06  2.744620966278275E-06  2.725208046905517E-06
  2.699345725473778E-06  2.680275206666800E-06  2.661311949103763E-06
  2.635671846970822E-06  2.617044545147642E-06  2.598522076011016E-06
  2.573108514003897E-06  2.554915671508474E-06  2.536825280427269E-06
  2.511642011119787E-06  2.493875028350955E-06  2.476208166284080E-06
  2.451258543127934E-06  2.433908980966434E-06  2.416657254342954E-06
  2.391944114120996E-06  2.375003681054446E-06  2.358158849136656E-06
  2.333684712469982E-06  2.317145274989181E-06  2.300699248208924E-06
  2.276466172876115E-06  2.260319747986226E-06  2.244264591371568E-06
  2.220274314002303E-06  2.204513074438941E-06  2.188841005808494E-06
  2.165094890466491E-06  2.149711142869344E-06  2.134414510638435E-06
  2.110913616859261E-06  2.095899820129067E-06  2.080971127734674E-06
  2.057716204125292E-06  2.043064956570637E-06  2.028496842121426E-06
  2.005488326659504E-06  1.991192372277432E-06  1.976977623605391E-06
  1.954215669551675E-06  1.940267895423111E-06  1.926399438611287E-06
  1.903883961517257E-06  1.890277384679366E-06  1.876748277344703E-06
  1.854478948984080E-06  1.841206714071216E-06  1.828010140712259E-06
  1.805986422033457E-06  1.793041818373641E-06  1.780171107034461E-06
  1.758392242872210E-06  1.745768691767670E-06  1.733217299190064E-06
  1.711682294103836E-06  1.699373339819283E-06  1.687134846704056E-06
  1.665842538736365E-06  1.653841848024676E-06  1.641909959713672E-06
  1.620859030880782E-06  1.609160400989656E-06  1.597528948494347E-06
  1.576717909958533E-06  1.565315264058514E-06  1.553978205614009E-06
  1.533405413680282E-06  1.522292800975150E-06  1.511244219390749E-06
  1.490907890752892E-06  1.480079467762982E-06  1.469313550663142E-06
  1.449211736865186E-06  1.438661783991329E-06  1.428172847690147E-06
  1.408303549031519E-06  1.398026458891932E-06  1.387808925081533E-06
  1.368169976600892E-06  1.358160260817464E-06  1.348208671797700E-06
  1.328797807652855E-06  1.319050090085851E-06  1.309359101425815E-06
  1.290173991493165E-06  1.280683004258582E-06  1.271247377093644E-06
  1.252285580282480E-06  1.243046164177893E-06  1.233860770085702E-06
  1.215119812934025E-06  1.206126920265723E-06  1.197186737734979E-06
  1.178664045892055E-06  1.169912728151904E-06  1.161212837549374E-06
  1.142905816140747E-06  1.134391234021326E-06  1.125926824485184E-06
  1.107832824318394E-06  1.099550238625220E-06  1.091316594405507E-06
  1.073432929468299E-06  1.065377696810347E-06  1.057370203689209E-06
  1.039694191652508E-06  1.031861774223158E-06  1.024075917713881E-06
  1.006604934876615E-06  9.989908934919197E-07  9.914222590600490E-07
  9.741536414700429E-07  9.667536254473734E-07  9.593978890299724E-07
  9.423291231651151E-07  9.351388805683882E-07  9.279918147208964E-07
  2.482306980610095E-05  2.463195889146285E-05  2.444205495085279E-05
  2.483407201899850E-05  2.464287322407861E-05  2.445288199690895E-05
  2.483957547102381E-05  2.464833271597780E-05  2.445829782699464E-05
  2.483957547102381E-05  2.464833271597780E-05  2.445829782699464E-05
  2.483407201899850E-05  2.464287322407861E-05  2.445288199690895E-05
  2.482306980610095E-05  2.463195889146285E-05  2.444205495085279E-05
  2.480657824800816E-05  2.461559905761063E-05  2.442582594844307E-05
  2.478461142181888E-05  2.459380768018420E-05  2.440420883231308E-05
  2.475718806683004E-05  2.456660334612829E-05  2.437722203732423E-05
  2.472433155581222E-05  2.453400923689343E-05  2.434488855370480E-05
  2.468606983472509E-05  2.449605306797875E-05  2.430723586860083E-05
  2.464243538232104E-05  2.445276704876455E-05  2.426429592547220E-05
  2.459346516088237E-05  2.440418783787388E-05  2.421610507985293E-05
  2.453920056714791E-05  2.435035648928365E-05  2.416270404670269E-05
  2.447968733427248E-05  2.429131836158611E-05  2.410413781068341E-05
  2.441497545676661E-05  2.422712303248582E-05  2.404045553926220E-05
  2.434511911950569E-05  2.415782424438703E-05  2.397171053089940E-05
  2.427017659410353E-05  2.408347979052536E-05  2.389796010841816E-05
  2.419021015528988E-05  2.400415143138215E-05  2.381926551796783E-05
  2.410528597081026E-05  2.391990478770390E-05  2.373569184070357E-05
  2.401547399799341E-05  2.383080924333229E-05  2.364730788726939E-05
  2.392084783427390E-05  2.373693778884645E-05  2.355418605020416E-05
  2.382148463729994E-05  2.363836695170226E-05  2.345640222770987E-05
  2.371746500099648E-05  2.353517665977072E-05  2.335403568709162E-05
  2.360887279502091E-05  2.342745009175518E-05  2.324716892355431E-05
  2.349579504278357E-05  2.331527356117921E-05  2.313588754130581E-05
  2.337832178556672E-05  2.319873636810217E-05  2.302028010793854E-05
  2.325654594506762E-05  2.307793066940723E-05  2.290043802083979E-05
  2.313056317649816E-05  2.295295133765761E-05  2.277645537470740E-05
  2.300047171810522E-05  2.282389580529760E-05  2.264842880142751E-05
  2.286637222243661E-05  2.269086390057195E-05  2.251645731165161E-05
  2.272836764342273E-05  2.255395773537072E-05  2.238064218002705E-05
  2.258656303299653E-05  2.241328150037503E-05  2.224108674428086E-05
  2.244106543439948E-05  2.226894136135193E-05  2.209789629829118E-05
  2.229198370560329E-05  2.212104528654328E-05  2.195117792583145E-05
  2.213942834900663E-05  2.196970287940947E-05  2.180104033735566E-05
  2.198351135006818E-05  2.181502521023079E-05  2.164759369659067E-05
  2.182434605358331E-05  2.165712469558688E-05  2.149094949652116E-05
  2.166204696755732E-05  2.149611490838485E-05  2.133122038247671E-05
  2.149672964124070E-05  2.133211046035284E-05  2.116852003482836E-05
  2.132851048569196E-05  2.116522681583487E-05  2.100296297824383E-05
  2.115750661613556E-05  2.099558013205946E-05  2.083466441914072E-05
  2.098383572414823E-05  2.082328714399207E-05  2.066374014248796E-05
  2.080761589649740E-05  2.064846498069939E-05  2.049030632459806E-05
  2.062896547951703E-05  2.047123102784750E-05  2.031447939954372E-05
  2.044800295442262E-05  2.029170280416247E-05  2.013637592911352E-05
  2.026484674732883E-05  2.010999777619566E-05  1.995611242695018E-05
  2.007961514114363E-05  1.992623327031881E-05  1.977380526986378E-05
  1.989242609704254E-05  1.974052629107588E-05  1.958957051182103E-05
  1.970339713563756E-05  1.955299340694858E-05  1.940352377665902E-05
  1.951264520709958E-05  1.936375062693047E-05  1.921578013707249E-05
  1.932028658604400E-05  1.917291328622239E-05  1.902645399905427E-05
  1.912643670543578E-05  1.898059588634732E-05  1.883565893518203E-05
  1.893121006796340E-05  1.878691200726958E-05  1.864350761091419E-05
  1.873472012500813E-05  1.859197418964085E-05  1.845011166144746E-05
  1.853707916777208E-05  1.839589382014492E-05  1.825558157591893E-05
  1.833839822877191E-05  1.819878103988123E-05  1.806002660903577E-05
  1.813878696938780E-05  1.800074463081948E-05  1.786355467147425E-05
  1.793835358778774E-05  1.780189192351514E-05  1.766627223068677E-05
  1.773720473723951E-05  1.760232871956670E-05  1.746828424083661E-05
  1.753544541884063E-05  1.740215917837006E-05  1.726969402881674E-05
  1.733317893729516E-05  1.720148578051536E-05  1.707060325420161E-05
  1.713050678588127E-05  1.700040920872164E-05  1.687111179497049E-05
  1.692752859250698E-05  1.679902829799886E-05  1.667131769790633E-05
  1.672434204862527E-05  1.659743996137452E-05  1.647131710495827E-05
  1.652104285204194E-05  1.639573913927171E-05  1.627120420280624E-05
  1.631772465824727E-05  1.619401874329732E-05  1.607107116261228E-05
  1.611447901498493E-05  1.599236959325072E-05  1.587100808442211E-05
  1.591139530108466E-05  1.579088036216477E-05  1.567110293757803E-05
  1.570856071462293E-05  1.558963755805950E-05  1.547144154556826E-05
  1.550606022080991E-05  1.538872547739984E-05  1.527210754031328E-05
  1.530397650447022E-05  1.518822615398271E-05  1.507318230823192E-05
  1.510238998269152E-05  1.498821937177606E-05  1.487474500523193E-05
  1.490137873080533E-05  1.478878259125519E-05  1.467687248034429E-05
  1.470101848227556E-05  1.458999095129623E-05  1.447963928328831E-05
  1.450138261470462E-05  1.439191725976514E-05  1.428311765155826E-05
  1.430254213839134E-05  1.419463197065325E-05  1.408737749145187E-05
  1.410456568195041E-05  1.399820317908910E-05  1.389248636569061E-05
  1.390751950936296E-05  1.380269662824125E-05  1.369850949999556E-05
  1.371146747606131E-05  1.360817568016714E-05  1.350550976488324E-05
  1.351647106561857E-05  1.341470134315419E-05  1.331354769921409E-05
  1.332258939228397E-05  1.322233227387175E-05  1.312268150313346E-05
  1.312987918413781E-05  1.303112476324062E-05  1.293296703214024E-05
  1.293839482974495E-05  1.284113278000542E-05  1.274445783911055E-05
  1.274818837726402E-05  1.265240797195699E-05  1.255720517656437E-05
  1.255930956885146E-05  1.246499970346156E-05  1.237125802699358E-05
  1.237180581765684E-05  1.227895502330673E-05  1.218666308299868E-05
  1.218572227417014E-05  1.209431873992178E-05  1.200346480952853E-05
  1.200110182382669E-05  1.191113341386936E-05  1.182170544345360E-05
  1.181798513586332E-05  1.172943940388803E-05  1.164142504009658E-05
  1.163641069985527E-05  1.154927491298588E-05  1.146266151169577E-05
  1.145641483667769E-05  1.137067598904642E-05  1.128545063819721E-05
  1.127803173826912E-05  1.119367656596934E-05  1.110982609573484E-05
  1.110129351416127E-05  1.101830851683467E-05  1.093581952208850E-05
  1.092623020282105E-05  1.084460165895421E-05  1.076346051335863E-05
  1.075286982807638E-05  1.067258380977069E-05  1.059277668594312E-05
  1.058123843911236E-05  1.050228082847189E-05  1.042379370525348E-05
  1.041136015875747E-05  1.033371666348170E-05  1.025653534892038E-05
  1.024325720731546E-05  1.016691337093721E-05  1.009102351057293E-05
  1.007694998327747E-05  1.000189120442285E-05  9.927278296894013E-06
  9.912457096320215E-06  9.838668640120524E-06  9.765318053387501E-06
  9.749795338887563E-06  9.677262363885519E-06  9.605159355846233E-06
  9.588979752331823E-06  9.517687324060804E-06  9.446817061985939E-06
  9.430023644024611E-06  9.359956742958858E-06  9.290304310595221E-06
  9.272938714586222E-06  9.204082236402081E-06  9.135632635757052E-06
  9.117735243714918E-06  9.050073978499839E-06  8.982812111966322E-06
  8.964422250644393E-06  8.897940890061868E-06  8.831851558986724E-06
  8.813007480134468E-06  8.747690659789288E-06  8.682758600062607E-06
  8.663496970041967E-06  8.599329385033053E-06  8.535539372045290E-06
  8.515894332655584E-06  8.452860895568934E-06  8.390197895197746E-06
  8.370199835655720E-06  8.308285845747687E-06  8.246735186402271E-06
  8.226409672770673E-06  8.165600927432070E-06  8.105148426187239E-06
  8.084515689204227E-06  8.024798496416916E-06  7.965430485111766E-06
  7.944505731668383E-06  7.885866834641010E-06  7.827570102339955E-06
  7.806364404168136E-06  7.748790865985110E-06  7.691552539226373E-06
  7.670073846157558E-06  7.613552941138126E-06  7.557360371946392E-06
  7.535614280971781E-06  7.480133454375209E-06  7.424974171230899E-06
  7.402964127925611E-06  7.348511023523805E-06  7.294372745405038E-06
  7.272099830480079E-06  7.218662338845752E-06  7.165533024648030E-06
  7.142995651148907E-06  7.090561949142697E-06  7.038429838645233E-06
  7.015623714321622E-06  6.964182252398107E-06  6.913035864536882E-06
  6.889954254985101E-06  6.839493727701119E-06  6.789321830293989E-06
  6.765955914016796E-06  6.716465229651613E-06  6.667256809739757E-06
  6.643595795752043E-06  6.595064099470789E-06  6.546808373401373E-06
  6.522839272897356E-06  6.475255987819711E-06  6.427942446014440E-06
  6.403649829043964E-06  6.357004669101377E-06  6.310623092135542E-06
  6.285989509365205E-06  6.240272396839085E-06  6.194812788691107E-06
  6.169819922431709E-06  6.125020859383751E-06  6.080473321787207E-06
  6.055103161861336E-06  6.011212169818168E-06  5.967566818601648E-06
  5.941801355069578E-06  5.898808635616921E-06  5.856055733961329E-06
  5.829874204174161E-06  5.787770529414045E-06  5.745900860966161E-06
  5.719275858479947E-06  5.678052900850952E-06  5.637058120442287E-06
  5.609954338038754E-06  5.569604487903617E-06  5.529477034789283E-06
  5.501856964031322E-06  5.462372338910495E-06  5.423104537675496E-06
  5.394941920581698E-06  5.356312743229551E-06  5.317895230382781E-06
  5.289191863563492E-06  5.251404946446538E-06  5.213825094374952E-06
  5.184622069273016E-06  5.147660308276355E-06  5.110901563966429E-06
  5.081277366814317E-06  5.045120711192673E-06  5.009163390505375E-06
  4.979217802324584E-06  4.943845319408607E-06  4.908668589454888E-06
  4.878499696922928E-06  4.843891720765640E-06  4.809475796921579E-06
  4.779161335482325E-06  4.745300682712792E-06  4.711628182263115E-06
  4.681219174626530E-06  4.648091049384643E-06  4.615147046143989E-06
  4.584673816468719E-06  4.552264825918635E-06  4.520035927453586E-06
  4.489519788757306E-06  4.457816867708076E-06  4.426290112578105E-06
  4.395752745574526E-06  4.364742592358803E-06  4.333904809556412E-06
  4.303371385965243E-06  4.273040491789552E-06  4.242878280464280E-06
  4.212375494199867E-06  4.182710473058064E-06  4.153210511999374E-06
  4.122763291436800E-06  4.093751127048101E-06  4.064900448718496E-06
  4.034530241996773E-06  4.006158336933045E-06  3.977944392800257E-06
  3.947669549255755E-06  3.919925619925544E-06  3.892336190151367E-06
  3.862173182842119E-06  3.835045161706810E-06  3.808068246343628E-06
  3.778032585722414E-06  3.751508574898134E-06  3.725132347790869E-06
  3.695238713082499E-06  3.669307005542706E-06  3.643519823420327E-06
  3.613781904265980E-06  3.588430998920908E-06  3.563221424110444E-06
  3.533651729505821E-06  3.508870346605046E-06  3.484227160188156E-06
  3.454837028315697E-06  3.430614103008118E-06  3.406526300465393E-06
  3.377326056640181E-06  3.353650719237594E-06  3.330107494155672E-06
  3.301106630146314E-06  3.277968196405195E-06  3.254958923407795E-06
  3.226166178525380E-06  3.203554143243903E-06  3.181068377961944E-06
  3.152491769327447E-06  3.130395818531102E-06  3.108423304703020E-06
  3.080070076687023E-06  3.058480088232120E-06  3.037010760609020E-06
  3.008887410137839E-06  2.987793446254141E-06  2.966817422970507E-06
  2.938929784877479E-06  2.918322079960686E-06  2.897829651800041E-06
  2.870183003399941E-06  2.850051965074211E-06  2.830033595019090E-06
  2.802632704034217E-06  2.782968911480281E-06  2.763415231187982E-06
  2.736264300983923E-06  2.717058507432586E-06  2.697960324295979E-06
  2.671063026308875E-06  2.652306157367794E-06  2.633654446988498E-06
  2.607013933689015E-06  2.588697079235536E-06  2.570482982964508E-06
  2.544101994093032E-06  2.526216405122887E-06  2.508431224435002E-06
  2.482312088676351E-06  2.464849176864656E-06  2.447484372432055E-06
  2.421629006464760E-06  2.404580348033742E-06  2.387627544580519E-06
  2.362037457668828E-06  2.345394786407516E-06  2.328845763409637E-06
  2.303522120176173E-06  2.287277320477929E-06  2.271124010425535E-06
  2.246067657021717E-06  2.230212764359352E-06  2.214447246825352E-06
  2.189658731191673E-06  2.174185933925361E-06  2.158800443649174E-06
  2.134279988659028E-06  2.119181625798682E-06  2.104168543725124E-06
  2.079916060457087E-06  2.065184619351539E-06  2.050536475372963E-06
  2.026551623048343E-06  2.012179734194984E-06  1.997889201906590E-06
  1.974171405320185E-06  1.960151838475761E-06  1.946211727949743E-06
  1.922760196276016E-06  1.909085861107533E-06  1.895489122544747E-06
  1.872302836879813E-06  1.858966788235855E-06  1.845706515880166E-06
  1.822784215538048E-06  1.809779643582149E-06  1.796849066587322E-06
  1.774189293007420E-06  1.761509518165359E-06  1.748901995061931E-06
  1.726503142340928E-06  1.714141616059901E-06  1.701850634569513E-06
  1.679710941752203E-06  1.667661247463873E-06  1.655680428206333E-06
  1.633797964466524E-06  1.622053815661257E-06  1.610376908768943E-06
  1.588749576374539E-06  1.577304816023636E-06  1.565925696792426E-06
  1.544551264014683E-06  1.533399854529523E-06  1.522312520669521E-06
  1.501188657008044E-06  1.490324682085286E-06  1.479523252472342E-06
  1.458647527080497E-06  1.448065192675032E-06  1.437543902742070E-06
  1.416913743171376E-06  1.406607375978817E-06  1.396360586359539E-06
  1.375973326331220E-06  1.365937370848668E-06  1.355959556041405E-06
  1.335812455561978E-06  1.326041469249323E-06  1.316327218962588E-06
  1.296417471029827E-06  1.286906123481220E-06  1.277450137512523E-06
  1.257774889136455E-06  1.248517964692175E-06  1.239315054126810E-06
  1.219871371632790E-06  1.210863761250300E-06  1.201908848546826E-06
  1.182693755758085E-06  1.173930463187096E-06  1.165218577438177E-06
  1.146229071167281E-06  1.137705200297493E-06  1.129231475269707E-06
  1.110464551249337E-06  1.102175313151137E-06  1.093934985426669E-06
  1.075387658022683E-06  1.067328368217469E-06  1.059316779373577E-06
  1.040986090944987E-06  1.033152165989774E-06  1.025364758735418E-06
  1.007247780343479E-06  9.996347365554695E-07  9.920670513793240E-07
  9.741610538927695E-07  9.667645045028115E-07  9.594121794595741E-07
  2.606265017211473E-05  2.586297176225026E-05  2.566455163301506E-05
  2.607428339224485E-05  2.587451235478229E-05  2.567600022397832E-05
  2.608010250441717E-05  2.588028513419741E-05  2.568172698340836E-05
  2.608010250441717E-05  2.588028513419741E-05  2.568172698340836E-05
  2.607428339224485E-05  2.587451235478229E-05  2.567600022397832E-05
  2.606265017211473E-05  2.586297176225026E-05  2.566455163301506E-05
  2.604521288495573E-05  2.584567330959444E-05  2.564739107368101E-05
  2.602198653865757E-05  2.582263188090733E-05  2.562453331251293E-05
  2.599299111480445E-05  2.579386729973714E-05  2.559599801116796E-05
  2.595825153645923E-05  2.575940427807365E-05  2.556180967484494E-05
  2.591779759970891E-05  2.571927236892328E-05  2.552199761542783E-05
  2.587166393454374E-05  2.567350591927730E-05  2.547659589552910E-05
  2.581988995368519E-05  2.562214401196133E-05  2.542564327660162E-05
  2.576251977595818E-05  2.556523041077895E-05  2.536918316428293E-05
  2.569960215197172E-05  2.550281346000853E-05  2.530726350091392E-05
  2.563119037719924E-05  2.543494601345452E-05  2.523993670549793E-05
  2.555734220672509E-05  2.536168535547872E-05  2.516725958945291E-05
  2.547811975561005E-05  2.528309309173444E-05  2.508929325702099E-05
  2.539358939133619E-05  2.519923504612949E-05  2.500610298991124E-05
  2.530382162419508E-05  2.511018114328745E-05  2.491775813198671E-05
  2.520889098362941E-05  2.501600530326921E-05  2.482433199780429E-05
  2.510887590143674E-05  2.491678531423994E-05  2.472590173948665E-05
  2.500385858929373E-05  2.481260271479481E-05  2.462254822321736E-05
  2.489392488214446E-05  2.470354263419813E-05  2.451435588062662E-05
  2.477916411796388E-05  2.458969367568373E-05  2.440141258440766E-05
  2.465966899015128E-05  2.447114777514113E-05  2.428380951681022E-05
  2.453553538355231E-05  2.434800003017955E-05  2.416164099747935E-05
  2.440686222920552E-05  2.422034856567226E-05  2.403500434822470E-05
  2.427375136852276E-05  2.408829438567346E-05  2.390399974194253E-05
  2.413630737888197E-05  2.395194121064519E-05  2.376873004905181E-05
  2.399463739656085E-05  2.381139530350936E-05  2.362930066501658E-05
  2.384885098117736E-05  2.366676532753133E-05  2.348581936362649E-05
  2.369905992138492E-05  2.351816216244093E-05  2.333839611962860E-05
  2.354537808563678E-05  2.336569874043696E-05  2.318714294105798E-05
  2.338792127083360E-05  2.320948991420995E-05  2.303217373878507E-05
  2.322680701261445E-05  2.304965226296799E-05  2.287360414177542E-05
  2.306215439222970E-05  2.288630390062265E-05  2.271155130562814E-05
  2.289408389366680E-05  2.271956432730475E-05  2.254613375157957E-05
  2.272271725538616E-05  2.254955428917224E-05  2.237747124538192E-05
  2.254817727938837E-05  2.237639559429507E-05  2.220568460230758E-05
  2.237058766386028E-05  2.220021093098318E-05  2.203089551063935E-05
  2.219007281915810E-05  2.202112370253718E-05  2.185322637466596E-05
  2.200675775526165E-05  2.183925790354681E-05  2.167280017664888E-05
  2.182076786750023E-05  2.165473791022677E-05  2.148974028581253E-05
  2.163222881370498E-05  2.146768836870064E-05  2.130417034140064E-05
  2.144126634725236E-05  2.127823401157037E-05  2.111621406185619E-05
  2.124800615713443E-05  2.108649950997215E-05  2.092599510929293E-05
  2.105257373357374E-05  2.089260934491960E-05  2.073363695896176E-05
  2.085509419966848E-05  2.069668762235684E-05  2.053926271125657E-05
  2.065569217445952E-05  2.049885796123975E-05  2.034299498880653E-05
  2.045449166497416E-05  2.029924336855018E-05  2.014495580711897E-05
  2.025161589989844E-05  2.009796608323069E-05  1.994526642193232E-05
  2.004718720581290E-05  1.989514744696227E-05  1.974404719535581E-05
  1.984132687859598E-05  1.969090777764978E-05  1.954141747707858E-05
  1.963415507394444E-05  1.948536627301743E-05  1.933749550952036E-05
  1.942579068086727E-05  1.927864086730050E-05  1.913239828098154E-05
  1.921635121982236E-05  1.907084813761843E-05  1.892624143459417E-05
  1.900595273225276E-05  1.886210320064915E-05  1.871913916138158E-05
  1.879470967540160E-05  1.865251959749435E-05  1.851120409880448E-05
  1.858273483254849E-05  1.844220921222502E-05  1.830254723469098E-05
  1.837013921289589E-05  1.823128217232835E-05  1.809327782066470E-05
  1.815703197591124E-05  1.801984676502993E-05  1.788350328105170E-05
  1.794352035348468E-05  1.780800936849388E-05  1.767332914010190E-05
  1.772970955740162E-05  1.759587435998064E-05  1.746285895182948E-05
  1.751570272093261E-05  1.738354405902235E-05  1.725219422583340E-05
  1.730160084300738E-05  1.717111866303953E-05  1.704143436256870E-05
  1.708750273167596E-05  1.695869619764572E-05  1.683067660842080E-05
  1.687350491584577E-05  1.674637243050769E-05  1.662001597777466E-05
  1.665970161452088E-05  1.653424083933215E-05  1.640954521125627E-05
  1.644618470543827E-05  1.632239257635494E-05  1.619935474235275E-05
  1.623304367430553E-05  1.611091642845668E-05  1.598953265855485E-05
  1.602036559051545E-05  1.589989877633436E-05  1.578016466198271E-05
  1.580823506718238E-05  1.568942357586649E-05  1.557133405011690E-05
  1.559673422848964E-05  1.547957230533089E-05  1.536312166378385E-05
  1.538594270017825E-05  1.527042396968643E-05  1.515560588986176E-05
  1.517593759449430E-05  1.506205508197663E-05  1.494886264457295E-05
  1.496679349358459E-05  1.485453964547757E-05  1.474296535854414E-05
  1.475858244075296E-05  1.464794914581378E-05  1.453798496179047E-05
  1.455137395195912E-05  1.444235255721898E-05  1.433398988940889E-05
  1.434523499145283E-05  1.423781632330333E-05  1.413104606921091E-05
  1.414022999666265E-05  1.403440439080662E-05  1.392921696201949E-05
  1.393642087911806E-05  1.383217819764057E-05  1.372856352802122E-05
  1.373386701662812E-05  1.363119665767129E-05  1.352914422795330E-05
  1.353262529051772E-05  1.343151622375357E-05  1.333101508550185E-05
  1.333275010837802E-05  1.323319088760630E-05  1.313422967878093E-05
  1.313429341219787E-05  1.303627219450601E-05  1.293883915828881E-05
  1.293730469234737E-05  1.284080925770455E-05  1.274489226398871E-05
  1.274183102192377E-05  1.264684879647545E-05  1.255243536254494E-05
  1.254791709091070E-05  1.245443516651441E-05  1.236151247660606E-05
  1.235560522723090E-05  1.226361037551757E-05  1.217216529917157E-05
  1.216493543974176E-05  1.207441413790121E-05  1.198443324581819E-05
  1.197594546599853E-05  1.188688390552712E-05  1.179835348954191E-05
  1.178867076452778E-05  1.170105487465880E-05  1.161396096232249E-05
  1.160314460504292E-05  1.151696006838304E-05  1.143128844666371E-05
  1.141939807342900E-05  1.133463034943636E-05  1.125036657684142E-05
  1.123746011737324E-05  1.115409445640263E-05  1.107122388663907E-05
  1.105735759293469E-05  1.097537904940843E-05  1.089388684316791E-05
  1.087911532173080E-05  1.079850876994208E-05  1.071837990763450E-05
  1.070275614246479E-05  1.062350629475017E-05  1.054472559354531E-05
  1.052830097288158E-05  1.045039238744555E-05  1.037294451466844E-05
  1.035576881909188E-05  1.027918592666232E-05  1.020305541882321E-05
  1.018517679316222E-05  1.010990391840992E-05  1.003507520726963E-05
  1.001654009660607E-05  9.942561484360438E-06  9.869018917151972E-06
  9.849872081450343E-06  9.777171889128353E-06  9.704899735734217E-06
  9.685184489477406E-06  9.613746773776513E-06  9.542729205746265E-06
  9.522487664812711E-06  9.452296360956999E-06  9.382517435104842E-06
  9.361790786660406E-06  9.292829705596856E-06  9.224273351621464E-06
  9.203101680027962E-06  9.135354599267025E-06  9.068004693504256E-06
  9.046426091667457E-06  8.979876934453540E-06  8.913717464830848E-06
  8.891766502313007E-06  8.826399573311160E-06  8.761414874159418E-06
  8.739120810341583E-06  8.674921012667089E-06  8.611095985562317E-06
  8.588481590726741E-06  8.525434510699392E-06  8.462754744245017E-06
  8.439836101874039E-06  8.377927954185295E-06  8.316379680954767E-06
  8.293167262742770E-06  8.232384698817076E-06  8.171954629690984E-06
  8.148455040900372E-06  8.088784942398760E-06  8.029460047264537E-06
  8.005677599163359E-06  7.947106939960356E-06  7.888874299705514E-06
  7.864811848706057E-06  7.807327680375108E-06  7.750174445223676E-06
  7.725833248470717E-06  7.669422787428147E-06  7.613336256413453E-06
  7.588715262729838E-06  7.533365996105795E-06  7.478333723999609E-06
  7.453428973070339E-06  7.399128709462391E-06  7.345138569944234E-06
  7.319943159058790E-06  7.266680002739197E-06  7.213720172203287E-06
  7.188224760120029E-06  7.135987038328074E-06  7.084045929543484E-06
  7.058239306552461E-06  7.007015540622524E-06  6.956081762315706E-06
  6.929950863753451E-06  6.879729812464507E-06  6.829792199675524E-06
  6.803321588442490E-06  6.754092323433426E-06  6.705140011820061E-06
  6.678311497584023E-06  6.630063415669232E-06  6.582085874999893E-06
  6.554879283646109E-06  6.507601951959127E-06  6.460588845723375E-06
  6.432983984337128E-06  6.386666935608373E-06  6.340607913255318E-06
  6.312586181087643E-06  6.267218855639929E-06  6.222103468812744E-06
  6.193646631431687E-06  6.149218726300316E-06  6.105036718542525E-06
  6.076121900920862E-06  6.032624014565022E-06  5.989365945975846E-06
  5.959959629292670E-06  5.917383689303224E-06  5.875041432662330E-06
  5.845099044872848E-06  5.803437816150449E-06  5.762004206359872E-06
  5.731481238224518E-06  5.690726545353278E-06  5.650193747796001E-06
  5.619068029713321E-06  5.579208268023462E-06  5.539565317525781E-06
  5.507860985080223E-06  5.468879189501520E-06  5.430109914784204E-06
  5.397908680644538E-06  5.359782541093733E-06  5.321865299685735E-06
  5.289294995411695E-06  5.251999160064359E-06  5.214908908464656E-06
  5.182112003543105E-06  5.145621665371370E-06  5.109333471982039E-06
  5.076430821838103E-06  5.040724738701125E-06  5.005216967297403E-06
  4.972285110162448E-06  4.937346611492364E-06  4.902602197591038E-06
  4.869673669408221E-06  4.835489516317571E-06  4.801495035306056E-06
  4.768576748243338E-06  4.735134952639091E-06  4.701878484032414E-06
  4.668973978772885E-06  4.636262040010850E-06  4.603731298316180E-06
  4.570854096845365E-06  4.538858437719402E-06  4.507040060239766E-06
  4.474214354520387E-06  4.442920791672455E-06  4.411800724700006E-06
  4.379054487568754E-06  4.348448980028327E-06  4.318013239109647E-06
  4.285371405888784E-06  4.255440492722914E-06  4.225675643935180E-06
  4.193157744481802E-06  4.163888522054266E-06  4.134781703867827E-06
  4.102403355327189E-06  4.073783251581355E-06  4.045321961693052E-06
  4.013097334294164E-06  3.985113926715474E-06  3.957285825745834E-06
  3.925228914884926E-06  3.897869896663743E-06  3.870662753942470E-06
  3.838787287194362E-06  3.812040518650891E-06  3.785442264645419E-06
  3.753761065852278E-06  3.727614635841552E-06  3.701613421385957E-06
  3.670138016813558E-06  3.644580257970854E-06  3.619164479029531E-06
  3.587905148697092E-06  3.562924613995376E-06  3.538082888185343E-06
  3.507048943010808E-06  3.482634381662392E-06  3.458355521118596E-06
  3.427555546677511E-06  3.403695886160643E-06  3.379968884581633E-06
  3.349410838847950E-06  3.326095189955343E-06  3.302909220949173E-06
  3.272600377623960E-06  3.249818057853136E-06  3.227162497302229E-06
  3.197109328281807E-06  3.174849852134752E-06  3.152714272644723E-06
  3.122922479897110E-06  3.101175552216217E-06  3.079549717542056E-06
  3.050024385939351E-06  3.028779887469048E-06  3.007653738193665E-06
  2.978399482907286E-06  2.957647470338594E-06  2.937011119517123E-06
  2.908032059887063E-06  2.887762769411177E-06  2.867606509994540E-06
  2.838906193588272E-06  2.819110050501592E-06  2.799424359759904E-06
  2.771005765939425E-06  2.751673368184148E-06  2.732448898698964E-06
  2.704314543233425E-06  2.685436659138283E-06  2.666664232895465E-06
  2.638816244901151E-06  2.620383803612959E-06  2.602054401973348E-06
  2.574494543947585E-06  2.556498652872988E-06  2.538603432543862E-06
  2.511333024471359E-06  2.493764957407070E-06  2.476295241057711E-06
  2.449315199514057E-06  2.432166396509696E-06  2.415113674957254E-06
  2.388424572690710E-06  2.371686627089371E-06  2.355042540530382E-06
  2.328644670914891E-06  2.312309334593602E-06  2.296065682950318E-06
  2.269959059864448E-06  2.254018244268843E-06  2.238166984595308E-06
  2.212351279312001E-06  2.196797054512899E-06  2.181330303186625E-06
  2.155804877368739E-06  2.140629467905372E-06  2.125539492172757E-06
  2.100303474250213E-06  2.085499246898310E-06  2.070778456759749E-06
  2.045830775334328E-06  2.031390244322419E-06  2.017031198075919E-06
  1.992370581857745E-06  1.978286411834926E-06  1.964281815226658E-06
  1.939906742752579E-06  1.926171746487660E-06  1.912514451886155E-06
  1.888423147005829E-06  1.875030278341651E-06  1.861713278952362E-06
  1.837903792145273E-06  1.824846142241082E-06  1.811862570340038E-06
  1.788332824615987E-06  1.775603621240334E-06  1.762946742586413E-06
  1.739694522779122E-06  1.727287127892477E-06  1.714950341977181E-06
  1.691973257310532E-06  1.679881170967810E-06  1.667858013880530E-06
  1.645153488416843E-06  1.633370344071844E-06  1.621654483613316E-06
  1.599219827489852E-06  1.587739383992269E-06  1.576324617753276E-06
  1.554157082845690E-06  1.542973227635288E-06  1.531853474482251E-06
  1.509950184629232E-06  1.499056925413047E-06  1.488226229153886E-06
  1.466584196323915E-06  1.455975671529296E-06  1.445428202770746E-06
  1.424044335484931E-06  1.413714806462403E-06  1.403444857799955E-06
  1.382315993765600E-06  1.372259838693998E-06  1.362261821205740E-06
  1.341384767814863E-06  1.331596480947001E-06  1.321864921021251E-06
  1.301236426753880E-06  1.291710618949306E-06  1.282240153955719E-06
  1.261856894183063E-06  1.252588292980733E-06  1.243373681770805E-06
  1.223232284015569E-06  1.214215728716909E-06  1.205251838898518E-06
  1.185348936467844E-06  1.176579374053663E-06  1.167861182563552E-06
  1.148193425023889E-06  1.139665913729649E-06  1.131188504703834E-06
  1.111752550234618E-06  1.103462253570522E-06  1.095220819110487E-06
  1.076013338834154E-06  1.067955528858318E-06  1.059945365893472E-06
  1.040963092795058E-06  1.033133146242964E-06  1.025349657718321E-06
  1.006589470043467E-06  9.989828624466733E-07  9.914215489247999E-07
