  3.444391703679589E+00  3.438210743905664E+00  3.432027062639965E+00

 -3.209896675468581E-01 -3.243575663349761E-01 -3.276823339559456E-01
 -3.031113431791683E-01 -3.064056872096529E-01 -3.096734913475962E-01
 -2.938598547068141E-01 -2.970927615661177E-01 -3.003077057453479E-01
 -2.938598547068141E-01 -2.970927615661177E-01 -3.003077057453479E-01
 -3.031113431791683E-01 -3.064056872096529E-01 -3.096734913475962E-01
 -3.209896675468581E-01 -3.243575663349761E-01 -3.276823339559456E-01
 -3.463699076789146E-01 -3.497176252834739E-01 -3.529986757796194E-01
 -3.773107205089429E-01 -3.803928152291585E-01 -3.833798221349317E-01
 -4.102107794910128E-01 -4.126333760468069E-01 -4.149314536484192E-01
 -4.393010777882467E-01 -4.405951052108067E-01 -4.417399020417306E-01
 -4.573706503269705E-01 -4.571093988695646E-01 -4.566852944302683E-01
 -4.575708641606821E-01 -4.554813364730110E-01 -4.532317282833440E-01
 -4.353084031220700E-01 -4.313449044019422E-01 -4.272432732418566E-01
 -3.894547824502617E-01 -3.838292101533682E-01 -3.781056389348220E-01
 -3.227048951532537E-01 -3.158684693826940E-01 -3.089868309150610E-01
 -2.411073626581510E-01 -2.336741168402228E-01 -2.262517640465495E-01
 -1.527728870743849E-01 -1.453957152968399E-01 -1.380784474507126E-01
 -6.603678860834301E-02 -5.927705461144869E-02 -5.261116549522228E-02
  1.226927255851381E-02  1.803183944378258E-02  2.368484401334828E-02
  7.782008056622171E-02  8.241426346396338E-02  8.689957880425252E-02
  1.289183865052963E-01  1.323526406142821E-01  1.356900937330686E-01
  1.659854250018035E-01  1.683882399276415E-01  1.707118105075856E-01
  1.907797013618657E-01  1.923356993700416E-01  1.938306666840407E-01
  2.056366164946226E-01  2.065366724961551E-01  2.073916381779942E-01
  2.129056955612051E-01  2.133178681301005E-01  2.136975025552629E-01
  2.146367693029423E-01  2.146955734644266E-01  2.147311132143500E-01
  2.124708467913594E-01  2.122781817912028E-01  2.120689258214465E-01
  2.076545636270535E-01  2.072857761455389E-01  2.069052414621342E-01
  2.011072552187745E-01  2.006180138965034E-01  2.001206595832756E-01
  1.934969299137955E-01  1.929288758746105E-01  1.923555393302478E-01
  1.853054281219513E-01  1.846901226020206E-01  1.840717875493771E-01
  1.768778228547514E-01  1.762392793984931E-01  1.755994955957562E-01
  1.684579579029235E-01  1.678142602486835E-01  1.671707093481108E-01
  1.602139490213445E-01  1.595783823406990E-01  1.589439955561784E-01
  1.522570484231336E-01  1.516390065057922E-01  1.510228747837189E-01
  1.446561455761688E-01  1.440619286341425E-01  1.434701052149362E-01
  1.374491754732886E-01  1.368827019639986E-01  1.363189140358895E-01
  1.306520861569936E-01  1.301155053011122E-01  1.295817606599570E-01
  1.242657404292433E-01  1.237599307228559E-01  1.232570069506644E-01
  1.182810556317807E-01  1.178060081801199E-01  1.173338259564578E-01
  1.126826935213594E-01  1.122377931694821E-01  1.117956887061192E-01
  1.074516211935574E-01  1.070358465045021E-01  1.066227650166771E-01
  1.025668432620712E-01  1.021789075316813E-01  1.017935398708978E-01
  9.800655648902783E-02  9.764500840568729E-02  9.728588891829823E-02
  9.374891603042745E-02  9.341221321289531E-02  9.307779143346419E-02
  8.977254323165959E-02  8.945910692833806E-02  8.914780091851260E-02
  8.605685828027027E-02  8.576511404289486E-02  8.547534993092583E-02
  8.258228969605963E-02  8.231069692580234E-02  8.204093745718839E-02
  7.933039428880470E-02  7.907746674115219E-02  7.882623092844095E-02
  7.628391144751154E-02  7.604823051680291E-02  7.581410623169139E-02
  7.342677030022976E-02  7.320699277488257E-02  7.298864397983551E-02
  7.074406464876638E-02  7.053892643946344E-02  7.033509654396150E-02
  6.822200737307471E-02  6.803032444221255E-02  6.783983698006953E-02
  6.584787296416400E-02  6.566854037918990E-02  6.549029789523521E-02
  6.360993416495793E-02  6.344192392255057E-02  6.327490568718719E-02
  6.149739658095778E-02  6.133975463754138E-02  6.118301360493082E-02
  5.950033362415359E-02  5.935217642457663E-02  5.920483571405342E-02
  5.760962318734279E-02  5.747013389259301E-02  5.733138298694646E-02
  5.581688685910181E-02  5.568531141662689E-02  5.555440221617564E-02
  5.411443213674647E-02  5.399007529837064E-02  5.386631813250273E-02
  5.249519787397683E-02  5.237741923822094E-02  5.226017890857381E-02
  5.095270305519099E-02  5.084091318948440E-02  5.072960509827568E-02
  4.948099889352059E-02  4.937465557606915E-02  4.926874197795574E-02
  4.807462419172939E-02  4.797322880183588E-02  4.787221520720088E-02
  4.672856387474826E-02  4.663165795306910E-02  4.653508970368919E-02
  4.543821059068612E-02  4.534537258599475E-02  4.525283161932400E-02
  4.419932927491241E-02  4.411017149032617E-02  4.402127330505156E-02
  4.300802457275152E-02  4.292219032120990E-02  4.283658115356232E-02
  4.186071101613615E-02  4.177787199180517E-02  4.169522620892577E-02
  4.075408584684136E-02  4.067393971585913E-02  4.059395742921514E-02
  3.968510437273909E-02  3.960737258328216E-02  3.952977748160760E-02
  3.865095773470830E-02  3.857538354269854E-02  3.849992094023817E-02
  3.764905294968961E-02  3.757539965251589E-02  3.750183474427897E-02
  3.667699507950498E-02  3.660504444558074E-02  3.653316075663367E-02
  3.573257135334487E-02  3.566212222981650E-02  3.559172023991568E-02
  3.481373704124505E-02  3.474460411500674E-02  3.467550003236327E-02
  3.391860283157082E-02  3.385061550913048E-02  3.378264015699743E-02
  3.304542340224966E-02  3.297842476084160E-02  3.291142252679843E-02
  3.219258678588859E-02  3.212643253041945E-02  3.206026030952434E-02
  3.135860400620397E-02  3.129316134285525E-02  3.122768738102507E-02
  3.054209830032205E-02  3.047724460685296E-02  3.041234711873571E-02
  2.974179303281727E-02  2.967741416688126E-02  2.961297956244368E-02
  2.895649715049067E-02  2.889248519056340E-02  2.882840569647666E-02
  2.818508672447177E-02  2.812133688392045E-02  2.805750729069507E-02
  2.742648078892930E-02  2.736288718525553E-02  2.729920039207344E-02
  2.667960933966411E-02  2.661605924365591E-02  2.655240021640544E-02
  2.594337105041587E-02  2.587973719501420E-02  2.581597491131381E-02
  2.521657808929265E-02  2.515270860395152E-02  2.508868555197284E-02
  2.449788551562890E-02  2.443359109767062E-02  2.436910995399947E-02
  2.378570331876965E-02  2.372074139893652E-02  2.365554867679579E-02
  2.307809050805946E-02  2.301214646613899E-02  2.294591325432379E-02
  2.237263314064744E-02  2.230529914628225E-02  2.223759962138916E-02
  2.166631223606158E-02  2.159706511264194E-02  2.152735438773305E-02
  2.095537370516098E-02  2.088355442846176E-02  2.081114858545933E-02
  2.023522117111076E-02  2.016002026366038E-02  2.008408313458078E-02
  1.950036380448627E-02  1.942081886704089E-02  1.934036213955213E-02
  1.874446358713884E-02  1.865947711020868E-02  1.857338216389963E-02
  1.796053596365543E-02  1.786892254125187E-02  1.777599315748328E-02
  1.714135809697663E-02  1.704192899344276E-02  1.694098245593974E-02
  1.628012183214385E-02  1.617181028851078E-02  1.606180921060170E-02
  1.537132775601415E-02  1.525334990823953E-02  1.513356800564437E-02
  1.441185296631294E-02  1.428388769951408E-02  1.415409087254970E-02
  1.340204980478126E-02  1.326440907618937E-02  1.312502164879247E-02
  1.234666847020887E-02  1.220042182037298E-02  1.205264095964717E-02
  1.125537095239045E-02  1.110238832111325E-02  1.094821161054328E-02
  1.014263910443687E-02  9.985526968389547E-03  9.827670670963013E-03
  9.026980181105961E-03  8.868906224633188E-03  8.710613127948305E-03
  7.929479055902999E-03  7.773905121624619E-03  7.618665540062033E-03
  6.871897557569302E-03  6.722262266608620E-03  6.573492390486942E-03
  5.874631315013121E-03  5.734035666796838E-03  5.594767456777852E-03
  4.954867974030322E-03  4.825815706165101E-03  4.698448849417626E-03
  4.125237906743014E-03  4.009468244343522E-03  3.895618867146064E-03
  3.393128677351468E-03  3.291557238099771E-03  3.192015518098458E-03
  2.760686920103697E-03  2.673447855515050E-03  2.588234381455835E-03
  2.225399520242587E-03  2.151964657248366E-03  2.080459241167910E-03
  1.781062083501066E-03  1.720404347692871E-03  1.661513958569365E-03
  1.418918183226836E-03  1.369687040045254E-03  1.322021213946959E-03
  1.128779373440972E-03  1.089462916580986E-03  1.051492615077490E-03
  8.999928074060995E-04  8.690508691182297E-04  8.392366767758572E-04
  7.221877103168009E-04  6.981497652086262E-04  6.750344820287470E-04
  5.857867758444076E-04  5.673155020874818E-04  5.495828578226839E-04
  4.823055046850383E-04  4.682310634288171E-04  4.547360531109192E-04
  4.044811539809014E-04  3.938129326473274E-04  3.835906354291064E-04
  3.462775358950750E-04  3.382000826605511E-04  3.304596142806052E-04
  3.028079312366547E-04  2.966668874467278E-04  2.907761288956010E-04
  2.702105736935085E-04  2.654931690455902E-04  2.609586526358894E-04
  2.455025836552322E-04  2.418160292975303E-04  2.382611483300784E-04
  2.264304594405821E-04  2.234805088549218E-04  2.206241793274754E-04
  2.113288348633299E-04  2.088999309371879E-04  2.065370116694054E-04
  1.989942359005514E-04  1.969320234726767E-04  1.949161893253611E-04
  1.885768838489136E-04  1.867734128563716E-04  1.850027459658381E-04
  1.794910508894338E-04  1.778726850130578E-04  1.762779601402547E-04
  1.713429354868234E-04  1.698607739862278E-04  1.683962243829850E-04
  1.638742920626608E-04  1.624967822605561E-04  1.611330143559120E-04
  1.569198178286268E-04  1.556271759555754E-04  1.543458473230269E-04
  1.503762202502263E-04  1.491562900838427E-04  1.479461780456620E-04
  1.441807332452979E-04  1.430259814019750E-04  1.418801394126504E-04
  1.382966564867981E-04  1.372020913670118E-04  1.361158815409215E-04
  1.327035198960130E-04  1.316653789865170E-04  1.306352332374360E-04
  1.273899594938542E-04  1.264050108992476E-04  1.254277802987210E-04
  1.223482711543270E-04  1.214135393520055E-04  1.204862562963197E-04
  1.175704849653174E-04  1.166831908133572E-04  1.158030426218908E-04
  1.130462044566747E-04  1.122037480552484E-04  1.113680903235833E-04
  1.087622324619886E-04  1.079621380026454E-04  1.071684612341072E-04
  1.047034708816868E-04  1.039433040997352E-04  1.031891600731861E-04
  1.008542399998844E-04  1.001315504104781E-04  9.941449211982266E-05
  9.719928919550655E-05  9.651161203249344E-05  9.582918827399045E-05
  9.372422991482038E-05  9.306913914736323E-05  9.241894135694604E-05
  9.041555468020289E-05  8.979073006311606E-05  8.917045692248944E-05
  8.726055498479314E-05  8.666382978219968E-05  8.607133514795832E-05
  8.424732954977852E-05  8.367670881093146E-05  8.311002044925775E-05
  8.136488144690051E-05  8.081854008884238E-05  8.027585722406282E-05
  7.860320965226994E-05  7.807948374122368E-05  7.755916703562121E-05
  7.595332853668945E-05  7.545070680756234E-05  7.495126862618418E-05
  7.340721554449477E-05  7.292433160493001E-05  7.244442747003153E-05
  7.095772196845956E-05  7.049334549168073E-05  7.003176501152133E-05
  6.859847771704848E-05  6.815150370735558E-05  6.770715988187538E-05
  6.632380529566256E-05  6.589324158341984E-05  6.546515847899346E-05
  6.412864658869085E-05  6.371360050117155E-05  6.330090006346609E-05
  6.200849794683865E-05  6.160816368640403E-05  6.121005315460846E-05
  5.995934526535636E-05  5.957299329277892E-05  5.918875455563265E-05
  5.797759565672721E-05  5.760456408133609E-05  5.723354516165995E-05
  5.606001241756149E-05  5.569969923558040E-05  5.534130675844244E-05
  5.420366309903949E-05  5.385551836459293E-05  5.350921000992913E-05
  5.240588194002487E-05  5.206940029453353E-05  5.173467746469116E-05
  5.066423790759797E-05  5.033895253280280E-05  5.001535432413708E-05
  4.897650068658569E-05  4.866197889789224E-05  4.834907774111751E-05
  4.734060732591665E-05  4.703644687557109E-05  4.673384498899405E-05
  4.575463710011351E-05  4.546046235313299E-05  4.516778808685325E-05
  4.421679592053004E-05  4.393225416120774E-05  4.364915837560940E-05
  4.272540333945626E-05  4.245016201208594E-05  4.217631530023357E-05
  4.127887639680607E-05  4.101262133592187E-05  4.074771228231076E-05
  3.987571310373191E-05  3.961814697573022E-05  3.936188070504718E-05
  3.851448200739690E-05  3.826532234584624E-05  3.801741866991796E-05
  3.719381828616313E-05  3.695279550884166E-05  3.671298695482364E-05
  3.591241995141313E-05  3.567927611665953E-05  3.544730662871886E-05
  3.466903951598417E-05  3.444352784347276E-05  3.421915228990589E-05
  3.346247439739226E-05  3.324435877630104E-05  3.302734255234395E-05
  3.229156212580275E-05  3.208061608936313E-05  3.187073417452802E-05
  3.115518087848116E-05  3.095118638788191E-05  3.074822213783835E-05
  3.005224966933526E-05  2.985499643009935E-05  2.965874082923073E-05
  2.898172407851167E-05  2.879100946109589E-05  2.860126102125008E-05
  2.794259018821414E-05  2.775821914216136E-05  2.757478386606792E-05
  2.693386201408963E-05  2.675564650889557E-05  2.657833740102546E-05
  2.595458293965875E-05  2.578234121771344E-05  2.561097753252375E-05
  2.500382670026305E-05  2.483738289748810E-05  2.467178971536756E-05
  2.408069471776823E-05  2.391987891414931E-05  2.375988717145976E-05
  2.318431207903150E-05  2.302896028123494E-05  2.287440679830445E-05
  2.231382631167334E-05  2.216378004470818E-05  2.201450716042653E-05
  2.146840916217802E-05  2.132351492776101E-05  2.117936995076829E-05
  2.064725755860937E-05  2.050736663901763E-05  2.036820159802480E-05
  1.984959134057866E-05  1.971455993481949E-05  1.958023170900015E-05
  1.907464995457000E-05  1.894433921891774E-05  1.881470961543037E-05
  1.832169173471211E-05  1.819596744504196E-05  1.807090290501949E-05
  1.758999574504865E-05  1.746872783896852E-05  1.734809896565503E-05
  1.687886284858541E-05  1.676192525726611E-05  1.664560660797983E-05
  1.618761391817914E-05  1.607488470874928E-05  1.596275491653195E-05
  1.551558701441418E-05  1.540694845827156E-05  1.529889033874278E-05
  1.486213655467358E-05  1.475747489241008E-05  1.465337523374470E-05
  1.422663471918531E-05  1.412583979377113E-05  1.402558899337831E-05
  1.360847237975545E-05  1.351143748472267E-05  1.341492936208360E-05
  1.300705778447175E-05  1.291367975428982E-05  1.282081162422106E-05
  1.242181392323443E-05  1.233199318694842E-05  1.224266594639859E-05
 -3.211958537353273E-01 -3.245710944738948E-01 -3.279028755595732E-01
 -3.032759221656450E-01 -3.065779104730562E-01 -3.098531097024520E-01
 -2.940054647750657E-01 -2.972461297130289E-01 -3.004686249082044E-01
 -2.940054647750657E-01 -2.972461297130289E-01 -3.004686249082044E-01
 -3.032759221656450E-01 -3.065779104730562E-01 -3.098531097024520E-01
 -3.211958537353273E-01 -3.245710944738948E-01 -3.279028755595732E-01
 -3.466445142305559E-01 -3.499988068732570E-01 -3.532859980432881E-01
 -3.776793399298158E-01 -3.807663461584568E-01 -3.837577149236242E-01
 -4.106890998648031E-01 -4.131136843341359E-01 -4.154130955526064E-01
 -4.398887633707796E-01 -4.411803446068777E-01 -4.423219642280986E-01
 -4.580468545509162E-01 -4.577769213243404E-01 -4.573433824939181E-01
 -4.582854469659987E-01 -4.561791133874151E-01 -4.539120432113842E-01
 -4.359731924773152E-01 -4.319838472747128E-01 -4.278560131589961E-01
 -3.899519256047697E-01 -3.842931393191742E-01 -3.785365312912063E-01
 -3.229223581159187E-01 -3.160504271550804E-01 -3.091341273003876E-01
 -2.409872702033153E-01 -2.335235477987745E-01 -2.260721370868619E-01
 -1.523425433700230E-01 -1.449466533834303E-01 -1.376123328431625E-01
 -6.540177645662898E-02 -5.863838399789693E-02 -5.197031145181764E-02
  1.296539782154725E-02  1.871784872880093E-02  2.435981066103824E-02
  7.844595250593019E-02  8.302113105459784E-02  8.748720549970285E-02
  1.293906520854678E-01  1.328032172949770E-01  1.361193412136345E-01
  1.662792533257208E-01  1.686629554118654E-01  1.709681229277692E-01
  1.909174804554246E-01  1.924599518365326E-01  1.939421762837383E-01
  2.056660033516824E-01  2.065587404045904E-01  2.074070369022127E-01
  2.128782481629980E-01  2.132882278972154E-01  2.136660874295495E-01
  2.145938993991416E-01  2.146538156860147E-01  2.146906555148264E-01
  2.124385167632008E-01  2.122485100593596E-01  2.120419322654918E-01
  2.076445466235380E-01  2.072787077511991E-01  2.069010522210596E-01
  2.011215704905431E-01  2.006349078239356E-01  2.001400383735018E-01
  1.935326125141866E-01  1.929665745285452E-01  1.923951742394320E-01
  1.853580559164434E-01  1.847442741695619E-01  1.841274101109968E-01
  1.769434043271506E-01  1.763060469131524E-01  1.756674199341441E-01
  1.685335108346465E-01  1.678907924689517E-01  1.672482051833014E-01
  1.602973486308190E-01  1.596626242325943E-01  1.590290681970983E-01
  1.523466491819266E-01  1.517293292029362E-01  1.511139065126003E-01
  1.447504735742708E-01  1.441568478339373E-01  1.435655998692210E-01
  1.375467886188465E-01  1.369807621914703E-01  1.364174038713196E-01
  1.307515742035891E-01  1.302152933218342E-01  1.296818314227502E-01
  1.243657917520841E-01  1.238601449810740E-01  1.233573687750317E-01
  1.183805266175250E-01  1.179055243186632E-01  1.174333745347638E-01
  1.127806469379918E-01  1.123356966424228E-01  1.118935322116332E-01
  1.075473284429200E-01  1.071314302434894E-01  1.067182174998222E-01
  1.026597616154370E-01  1.022716468492528E-01  1.018860941503833E-01
  9.809629618595796E-02  9.773452770421466E-02  9.737518310140093E-02
  9.383520837375119E-02  9.349825475899129E-02  9.316357843825596E-02
  8.985521488259746E-02  8.954150608997491E-02  8.922992463336582E-02
  8.613581227991113E-02  8.584378105187909E-02  8.555372766597338E-02
  8.265749144973998E-02  8.238560327746000E-02  8.211554671335854E-02
  7.940186043291549E-02  7.914863422734400E-02  7.889709857174061E-02
  7.635170019324113E-02  7.611572162023418E-02  7.588129893207472E-02
  7.349097267219584E-02  7.327090194456021E-02  7.305225952764764E-02
  7.080479657524587E-02  7.059937224871753E-02  7.039525608191974E-02
  6.827940277095054E-02  6.808744277311261E-02  6.789667829099905E-02
  6.590207791933669E-02  6.572247871577934E-02  6.554396980884544E-02
  6.366110219082519E-02  6.349283671722279E-02  6.332556355301147E-02
  6.154568484277549E-02  6.138779962836027E-02  6.123081570055339E-02
  5.954589997733305E-02  5.939751174957120E-02  5.924994043356975E-02
  5.765262388199541E-02  5.751291585580462E-02  5.737394666716372E-02
  5.585747478754376E-02  5.572569278607222E-02  5.559457748412569E-02
  5.415275552643131E-02  5.402820404105649E-02  5.390425268185581E-02
  5.253139934764182E-02  5.241343761555619E-02  5.229601462974255E-02
  5.098691899255535E-02  5.087495714827248E-02  5.076347749817242E-02
  4.951335903748072E-02  4.940685437862815E-02  4.930077983353100E-02
  4.810525144918469E-02  4.800370484595377E-02  4.790254040409308E-02
  4.675757426910779E-02  4.666052673952259E-02  4.656381721838123E-02
  4.546571332995673E-02  4.537274279819306E-02  4.528006961003370E-02
  4.422542690560337E-02  4.413614515693901E-02  4.404712328283972E-02
  4.303281319538457E-02  4.294686303810983E-02  4.286113821050384E-02
  4.188428054301329E-02  4.180133318443213E-02  4.171857928492715E-02
  4.077652028663974E-02  4.069627292698239E-02  4.061618960282523E-02
  3.970648213021150E-02  3.962865577478058E-02  3.955096627381292E-02
  3.867135191678229E-02  3.859568940302632E-02  3.852013862324979E-02
  3.766853167229085E-02  3.759479590450657E-02  3.752114865033936E-02
  3.669562177252286E-02  3.662359415242510E-02  3.655163358507624E-02
  3.575040506431535E-02  3.567988410023567E-02  3.560941036397283E-02
  3.483083274185830E-02  3.476163281227569E-02  3.469246181094041E-02
  3.393501173507553E-02  3.386696197265682E-02  3.379892426076715E-02
  3.306119330413407E-02  3.299413655341560E-02  3.292707629249510E-02
  3.220776244491999E-02  3.214155422904634E-02  3.207532814120130E-02
  3.137322758788748E-02  3.130773499613893E-02  3.124221122215040E-02
  3.055620990972002E-02  3.049131028678925E-02  3.042636702394919E-02
  2.975543136839839E-02  2.969101064770364E-02  2.962653440255277E-02
  2.896970031496795E-02  2.890565079143661E-02  2.884153403434355E-02
  2.819789323194475E-02  2.813411051554122E-02  2.807024846878058E-02
  2.743893080998720E-02  2.737530964247046E-02  2.731159587412139E-02
  2.669174622615844E-02  2.662817478572018E-02  2.656449522469740E-02
  2.595524317796410E-02  2.589159545050295E-02  2.582782039522390E-02
  2.522824104492566E-02  2.516436682507333E-02  2.510034050954349E-02
  2.450940463536137E-02  2.444511676342236E-02  2.438064410006956E-02
  2.379715653844302E-02  2.373221512116816E-02  2.366704540166593E-02
  2.308957142179873E-02  2.302366507808388E-02  2.295747273661880E-02
  2.238425405442265E-02  2.231697873886252E-02  2.224934183682181E-02
  2.167820684819109E-02  2.160904361906819E-02  2.153942158128245E-02
  2.096769883273638E-02  2.089599313501665E-02  2.082370654218283E-02
  2.024815667627739E-02  2.017310335258761E-02  2.009732030639358E-02
  1.951410959441286E-02  1.943474982081846E-02  1.935448541463184E-02
  1.875923235977928E-02  1.867447062920015E-02  1.858860791698748E-02
  1.797654040943848E-02  1.788519072043891E-02  1.779253237432019E-02
  1.715879174710361E-02  1.705966107282970E-02  1.695901938690508E-02
  1.629913382901816E-02  1.619114648126711E-02  1.608147430295918E-02
  1.539199350475299E-02  1.527435157751847E-02  1.515490770683191E-02
  1.443414461997799E-02  1.430650816020368E-02  1.417703889847132E-02
  1.342581224911938E-02  1.328847090900525E-02  1.314937780018344E-02
  1.237160715462430E-02  1.222560704512823E-02  1.207806379046785E-02
  1.128105694070255E-02  1.112824650950036E-02  1.097422968722765E-02
  1.016853393193773E-02  1.001150331895608E-02  9.853713845004027E-03
  9.052479007239865E-03  8.894387385579313E-03  8.736060895085357E-03
  7.953966290731947E-03  7.798276299802091E-03  7.642905410390806E-03
  6.894805947012419E-03  6.744966235098974E-03  6.595978563071624E-03
  5.895494450105514E-03  5.754623653385196E-03  5.615069862387133E-03
  4.973357694749846E-03  4.843982031996073E-03  4.716284882536706E-03
  4.141181606337810E-03  4.025064365718223E-03  3.910864132653805E-03
  3.406505946749246E-03  3.304585323398351E-03  3.204694409554658E-03
  2.771608991823311E-03  2.684037901256866E-03  2.598495006270095E-03
  2.234077565648880E-03  2.160341476269495E-03  2.088539260415978E-03
  1.787771177919747E-03  1.726851242056314E-03  1.667704112243786E-03
  1.423962895201274E-03  1.374511901736195E-03  1.326632036333046E-03
  1.132465083586917E-03  1.092970547642604E-03  1.054827810438301E-03
  9.026047463247357E-04  8.715232012182423E-04  8.415745320944974E-04
  7.239778949451990E-04  6.998339212228959E-04  6.766170360127092E-04
  5.869678118890500E-04  5.684185274735400E-04  5.506115284073830E-04
  4.830496389745850E-04  4.689196584064924E-04  4.553720130457806E-04
  4.049228679895340E-04  3.942164842845296E-04  3.839582499155720E-04
  3.465181789006842E-04  3.384155355355909E-04  3.306515227815616E-04
  3.029212284983317E-04  2.967643392714004E-04  2.908589091743304E-04
  2.702481972584744E-04  2.655214277150518E-04  2.609783515768049E-04
  2.454992804529000E-04  2.418076666588814E-04  2.382482542227155E-04
  2.264084707906459E-04  2.234561761506830E-04  2.205978299951717E-04
  2.113015128222963E-04  2.088718628262376E-04  2.065083855970907E-04
  1.989688736936714E-04  1.969067615406219E-04  1.948911233311095E-04
  1.885568425010920E-04  1.867538382734893E-04  1.849836758269197E-04
  1.794772942247024E-04  1.778594756720690E-04  1.762653021373521E-04
  1.713350924174211E-04  1.698534053487569E-04  1.683893169250223E-04
  1.638713573523167E-04  1.624941816770955E-04  1.611307278581554E-04
  1.569205876513747E-04  1.556281245584224E-04  1.543469540979801E-04
  1.503795411532216E-04  1.491596483716087E-04  1.479495558526884E-04
  1.441856259105208E-04  1.430307975161731E-04  1.418848652565440E-04
  1.383023601492131E-04  1.372076358334374E-04  1.361212574876871E-04
  1.327094902913174E-04  1.316711370881261E-04  1.306407737255452E-04
  1.273958425771955E-04  1.264106536117339E-04  1.254331806341696E-04
  1.223538668426256E-04  1.214188861092526E-04  1.204913546515147E-04
  1.175757093294435E-04  1.166881718061010E-04  1.158077825643232E-04
  1.130510549730863E-04  1.122083701496374E-04  1.113724874656023E-04
  1.087667586114658E-04  1.079664562418545E-04  1.071725756592308E-04
  1.047077509214508E-04  1.039473993666361E-04  1.031930748935646E-04
  1.008583638074890E-04  1.001355130726017E-04  9.941829791299601E-05
  9.720334651665700E-05  9.651553085926852E-05  9.583297264980633E-05
  9.372830294232033E-05  9.307309443738396E-05  9.242278260684420E-05
  9.041971387318979E-05  8.979478987876073E-05  8.917442066287424E-05
  8.726485715896908E-05  8.666804836007597E-05  8.607547301453906E-05
  8.425181752557309E-05  8.368112641807768E-05  8.311437016882179E-05
  8.136958472314851E-05  8.082318383445503E-05  8.028044354191341E-05
  7.860814571865977E-05  7.808436895893278E-05  7.756400316420118E-05
  7.595850449143700E-05  7.545583870811975E-05  7.495635793094612E-05
  7.341262985101060E-05  7.292970703553912E-05  7.244976522271071E-05
  7.096336616380917E-05  7.049895464142167E-05  7.003734009067431E-05
  6.860433795427288E-05  6.815733162368450E-05  6.771295626830756E-05
  6.632986374625277E-05  6.589926955000611E-05  6.547115659724264E-05
  6.413488263388419E-05  6.371980720012454E-05  6.330707792644058E-05
  6.201488917780462E-05  6.161452617395735E-05  6.121638730573613E-05
  5.996586830334855E-05  5.957948778562634E-05  5.919522083160588E-05
  5.798422682873044E-05  5.761116661684176E-05  5.724011932051662E-05
  5.606672828540928E-05  5.570638617093383E-05  5.534796497372188E-05
  5.421044085032041E-05  5.386226675802291E-05  5.351592921833193E-05
  5.241269968734195E-05  5.207618818876556E-05  5.174143564916638E-05
  5.067107488531703E-05  5.034575913506267E-05  5.002213067265482E-05
  4.898333741457845E-05  4.866878473576362E-05  4.835585279496440E-05
  4.734742568190356E-05  4.704323385960010E-05  4.674060069484364E-05
  4.576142036877540E-05  4.546721381632724E-05  4.517450783263784E-05
  4.422352880345259E-05  4.393895487092385E-05  4.365582699416024E-05
  4.273207194332017E-05  4.245679814108963E-05  4.218291903595884E-05
  4.128546818782660E-05  4.101918042939671E-05  4.075423875788700E-05
  3.988221686264803E-05  3.962461788821599E-05  3.936831885149206E-05
  3.852088776047174E-05  3.827169518384685E-05  3.802375867490325E-05
  3.720011724457331E-05  3.695906155965985E-05  3.671922018361705E-05
  3.591860443137985E-05  3.568542777293607E-05  3.545342554715979E-05
  3.467510289200847E-05  3.444955854284238E-05  3.422515040274859E-05
  3.346841100501525E-05  3.325026292352392E-05  3.303321432958337E-05
  3.229736717945238E-05  3.208638895802277E-05  3.187647495111873E-05
  3.116085042064525E-05  3.095682407573560E-05  3.075382806737710E-05
  3.005778049115768E-05  2.986049577886160E-05  2.966420880321697E-05
  2.898711366073452E-05  2.879636799780561E-05  2.860658861212507E-05
  2.794783665381247E-05  2.776343502946654E-05  2.757996927707024E-05
  2.693896404853148E-05  2.676071847135849E-05  2.658337939417994E-05
  2.595953973524365E-05  2.578726848049813E-05  2.561587536595823E-05
  2.500863791087642E-05  2.484216514303281E-05  2.467654309902850E-05
  2.408536040780829E-05  2.392451623029972E-05  2.376449621752407E-05
  2.318883268068465E-05  2.303345312060724E-05  2.287887198048434E-05
  2.231820260156213E-05  2.216812920172313E-05  2.201882929013534E-05
  2.147264221035561E-05  2.132772148786157E-05  2.118355012636089E-05
  2.065134868048114E-05  2.051143192893203E-05  2.037224116006199E-05
  1.985354206401114E-05  1.971848549360207E-05  1.958413220553161E-05
  1.907846201468749E-05  1.894812678562775E-05  1.881847279150977E-05
  1.832536702889434E-05  1.819961892413172E-05  1.807453067007245E-05
  1.759353631136566E-05  1.747224527127147E-05  1.735159336329113E-05
  1.688227084602040E-05  1.676531080416260E-05  1.664896980167987E-05
  1.619089161769389E-05  1.607814063576620E-05  1.596598916907973E-05
  1.551873675671510E-05  1.541007710532577E-05  1.530199798498383E-05
  1.486516074892312E-05  1.476047866555031E-05  1.465635867929739E-05
  1.422953581892904E-05  1.412872114181732E-05  1.402845068236635E-05
  1.361125287597191E-05  1.351419889536560E-05  1.341767177636179E-05
  1.300972018621749E-05  1.291632373131005E-05  1.282343726352621E-05
  1.242436075080332E-05  1.233452224103687E-05  1.224517731202684E-05
 -3.212951589535308E-01 -3.246739116563713E-01 -3.280090468214747E-01
 -3.033549393354588E-01 -3.066605849403831E-01 -3.099393224704973E-01
 -2.940752116161978E-01 -2.973195908843871E-01 -3.005457017060544E-01
 -2.940752116161978E-01 -2.973195908843871E-01 -3.005457017060544E-01
 -3.033549393354588E-01 -3.066605849403831E-01 -3.099393224704973E-01
 -3.212951589535308E-01 -3.246739116563713E-01 -3.280090468214747E-01
 -3.467770971519384E-01 -3.501345373388776E-01 -3.534246652872958E-01
 -3.778575492666030E-01 -3.809469061842547E-01 -3.839403567261950E-01
 -4.109204617987218E-01 -4.133459847170535E-01 -4.156460135508059E-01
 -4.401731025674475E-01 -4.414634777331620E-01 -4.426035352090828E-01
 -4.583742782786738E-01 -4.581001300674192E-01 -4.576620113652484E-01
 -4.586320844108444E-01 -4.565176065591438E-01 -4.542420737726874E-01
 -4.362966446041657E-01 -4.322947606804251E-01 -4.281542149206414E-01
 -3.901950119151264E-01 -3.845200875149770E-01 -3.787474286757086E-01
 -3.230303480906000E-01 -3.161411442626873E-01 -3.092079844191917E-01
 -2.409315401338012E-01 -2.334529807663625E-01 -2.259874270233458E-01
 -1.521358562004811E-01 -1.447308585445485E-01 -1.373882449069159E-01
 -6.509515682809638E-02 -5.833001094457872E-02 -5.166090564237281E-02
  1.330214028468991E-02  1.904961139101629E-02  2.468614272128831E-02
  7.874872293936258E-02  8.331458144057562E-02  8.777122456039990E-02
  1.296187154293884E-01  1.330206657820954E-01  1.363263564155973E-01
  1.664204976337095E-01  1.687948725445683E-01  1.710910653607082E-01
  1.909829302662234E-01  1.925188346978274E-01  1.939948790212198E-01
  2.056790514086576E-01  2.065682755384163E-01  2.074133777996423E-01
  2.128641445428497E-01  2.132731205257634E-01  2.136501792546254E-01
  2.145728432899827E-01  2.146333597905671E-01  2.146708889450802E-01
  2.124230709951140E-01  2.122344004912026E-01  2.120291656750599E-01
  2.076402986301345E-01  2.072759180231964E-01  2.068996846323128E-01
  2.011293540800416E-01  2.006439549125809E-01  2.001503020855469E-01
  1.935508755296451E-01  1.929858200353430E-01  1.924153632088120E-01
  1.853845926542901E-01  1.847715532638086E-01  1.841554063129216E-01
  1.769762643247407E-01  1.763394880415626E-01  1.757014285705800E-01
  1.685712584245770E-01  1.679290243027576E-01  1.672869140543984E-01
  1.603389681594599E-01  1.597046636487768E-01  1.590715220028098E-01
  1.523913486575828E-01  1.517743902848754E-01  1.511593227649320E-01
  1.447975320610475E-01  1.442042029537480E-01  1.436132436527170E-01
  1.375954914956325E-01  1.370296893967531E-01  1.364665465649512E-01
  1.308012184940421E-01  1.302650881040325E-01  1.297317680215662E-01
  1.244157229769945E-01  1.239101581126485E-01  1.234074561189905E-01
  1.184301748018290E-01  1.179551956631589E-01  1.174830627034913E-01
  1.128295456569833E-01  1.123845712045477E-01  1.119423776324723E-01
  1.075951152845617E-01  1.071791563390377E-01  1.067658789952785E-01
  1.027061662652681E-01  1.023179630816884E-01  1.019323189691430E-01
  9.814112382356385E-02  9.777924622714546E-02  9.741979014447802E-02
  9.387832389213813E-02  9.354124587151139E-02  9.320644325995293E-02
  8.989653035424165E-02  8.958268618213260E-02  8.927096785292334E-02
  8.617527777235554E-02  8.588310378161254E-02  8.559290647835915E-02
  8.269508822717779E-02  8.242305296544965E-02  8.215284845449712E-02
  7.943759549508642E-02  7.918422046749229E-02  7.893253538885064E-02
  7.638560147957141E-02  7.614947450301547E-02  7.591490302400247E-02
  7.352308467745146E-02  7.330286768944819E-02  7.308407879658652E-02
  7.083517638085371E-02  7.062960926997666E-02  7.042535023688118E-02
  6.830811657509099E-02  6.811601826060998E-02  6.792511548122114E-02
  6.592919811780930E-02  6.574946577285617E-02  6.557082381893679E-02
  6.368670499795916E-02  6.351831203565506E-02  6.335091153121776E-02
  6.156984839438125E-02  6.141184163761522E-02  6.125473635328524E-02
  5.956870283928523E-02  5.942019916322098E-02  5.927251260872853E-02
  5.767414389117851E-02  5.753432654315556E-02  5.739524825580231E-02
  5.587778816447895E-02  5.574590291005259E-02  5.561468458314929E-02
  5.417193621151298E-02  5.404728741559414E-02  5.392323897221110E-02
  5.254951852223128E-02  5.243146524442826E-02  5.231395093273055E-02
  5.100404475209906E-02  5.089199691297924E-02  5.078043147780593E-02
  4.952955618804919E-02  4.942297084697914E-02  4.931681581692680E-02
  4.812058140231774E-02  4.801895917656186E-02  4.791771929538247E-02
  4.677209501340681E-02  4.667497666096236E-02  4.657819648525155E-02
  4.547947946121348E-02  4.538644264496992E-02  4.529370332538391E-02
  4.423848970050843E-02  4.414914594760128E-02  4.406006220716738E-02
  4.304522071661573E-02  4.295921258359486E-02  4.287342990341898E-02
  4.189607776593815E-02  4.181307621711124E-02  4.173026823645229E-02
  4.078774923984581E-02  4.070745124279218E-02  4.062731737707792E-02
  3.971718204389530E-02  3.963930838268153E-02  3.956157165949373E-02
  3.868155937457141E-02  3.860585267751063E-02  3.853025778682170E-02
  3.767828076362606E-02  3.760450373847733E-02  3.753081528940672E-02
  3.670494424412497E-02  3.663287810916243E-02  3.656087908088045E-02
  3.575933047100671E-02  3.568877356493785E-02  3.561826393373194E-02
  3.483938859866963E-02  3.477015514539527E-02  3.470095066252216E-02
  3.394322367460486E-02  3.387514266929495E-02  3.380707375429319E-02
  3.306908524527460E-02  3.300199941527780E-02  3.293491011575639E-02
  3.221535678146851E-02  3.214912155788612E-02  3.208286850825042E-02
  3.138054540805086E-02  3.131502782015705E-02  3.124947910699175E-02
  3.056327126005967E-02  3.049834863400844E-02  3.043338244383397E-02
  2.976225557816368E-02  2.969781388274701E-02  2.963331676777970E-02
  2.897630639887515E-02  2.891223803420238E-02  2.884810258350745E-02
  2.820430039123952E-02  2.814050116198435E-02  2.807662281000771E-02
  2.744515905270638E-02  2.738152400861756E-02  2.731779665362350E-02
  2.669781712755457E-02  2.663423489586288E-02  2.657054494349445E-02
  2.596118080015953E-02  2.589752598811857E-02  2.583374439195641E-02
  2.523407302965086E-02  2.517019625900031E-02  2.510616812038898E-02
  2.451516347239799E-02  2.445087864926239E-02  2.438640999283154E-02
  2.380288099197537E-02  2.373794955558486E-02  2.367279105673453E-02
  2.309530806273853E-02  2.302942024669464E-02  2.296324800760434E-02
  2.239005879394713E-02  2.232281244198570E-02  2.225520646343354E-02
  2.168414629037589E-02  2.161502457764809E-02  2.154544644036580E-02
  2.097385115834194E-02  2.090220176829094E-02  2.082997430718935E-02
  2.025461163727807E-02  2.017963158305136E-02  2.010392504647955E-02
  1.952096705798469E-02  1.944169932268006E-02  1.936153052799956E-02
  1.876659873725658E-02  1.868194884520782E-02  1.859620171584836E-02
  1.798452232044409E-02  1.789330401424345E-02  1.780078071152377E-02
  1.716748650335032E-02  1.706850466220457E-02  1.696801503867283E-02
  1.630861685868985E-02  1.620079138651163E-02  1.609128346391975E-02
  1.540230367673194E-02  1.528482970009146E-02  1.516555487310295E-02
  1.444526942646109E-02  1.431779761286311E-02  1.418849242002590E-02
  1.343767567188395E-02  1.330048453576565E-02  1.316153914110926E-02
  1.238406339752752E-02  1.223818731674654E-02  1.209076366451840E-02
  1.129389274344710E-02  1.114116936589520E-02  1.098723347223127E-02
  1.018148080139885E-02  1.002449201470585E-02  9.866737033631305E-03
  9.065234657270748E-03  8.907135277159558E-03  8.748793163698370E-03
  7.966222415306137E-03  7.810475376885984E-03  7.655039798286182E-03
  6.906277832124164E-03  6.756336710891574E-03  6.607240913372279E-03
  5.905947392518756E-03  5.764939586271879E-03  5.625243533278638E-03
  4.982625925208720E-03  4.853088872527619E-03  4.725226846084556E-03
  4.149177171304444E-03  4.032886205624385E-03  3.918510573636474E-03
  3.413217222816593E-03  3.311121868425376E-03  3.211056190304977E-03
  2.777090532135493E-03  2.689353142315972E-03  2.603645230681561E-03
  2.238434295526081E-03  2.164547218889614E-03  2.092596217710178E-03
  1.791140356043162E-03  1.730088912118152E-03  1.670812999974348E-03
  1.426496839777718E-03  1.376935521577721E-03  1.328948238600722E-03
  1.134316740983520E-03  1.094732803211087E-03  1.056503491215446E-03
  9.039171184334339E-04  8.727654609712849E-04  8.427492517793486E-04
  7.248774292851499E-04  7.006801912590554E-04  6.774122628651754E-04
  5.875612450806715E-04  5.689727624958847E-04  5.511284006493378E-04
  4.834234860254590E-04  4.692655938165780E-04  4.556914954982380E-04
  4.051447001061983E-04  3.944191356287193E-04  3.841428384919120E-04
  3.466389344556164E-04  3.385236298954778E-04  3.307477830402320E-04
  3.029779702251593E-04  2.968131172677175E-04  2.909003135170693E-04
  2.702669057184544E-04  2.655354306564175E-04  2.609880537957309E-04
  2.454974282046978E-04  2.418032737702522E-04  2.382415861555640E-04
  2.263972424290455E-04  2.234437725517398E-04  2.205844157938382E-04
  2.112876224596740E-04  2.088576007090645E-04  2.064938463055803E-04
  1.989559880106779E-04  1.968939295487940E-04  1.948783931143436E-04
  1.885466502017767E-04  1.867438837406604E-04  1.849739779823772E-04
  1.794702781557567E-04  1.778527376189826E-04  1.762588440833520E-04
  1.713310639504534E-04  1.698496179573329E-04  1.683857639081186E-04
  1.638698089681868E-04  1.624928035277526E-04  1.611295098263148E-04
  1.569209120702655E-04  1.556285408212599E-04  1.543474518055235E-04
  1.503811566310733E-04  1.491612843352420E-04  1.479512032843072E-04
  1.441880384675760E-04  1.430331730375790E-04  1.418871968125873E-04
  1.383051859401091E-04  1.372103828274452E-04  1.361239209686935E-04
  1.327124545461021E-04  1.316739956692603E-04  1.306435239316899E-04
  1.273987663584895E-04  1.264134574505958E-04  1.254358634983592E-04
  1.223566487989647E-04  1.214215436869728E-04  1.204938880982864E-04
  1.175783066515456E-04  1.166906474320192E-04  1.158101376451034E-04
  1.130534658981428E-04  1.122106668024524E-04  1.113746715750381E-04
  1.087690076172319E-04  1.079686012096870E-04  1.071746186343655E-04
  1.047098770322667E-04  1.039494330062049E-04  1.031950182272505E-04
  1.008604119661518E-04  1.001374805838271E-04  9.942018691655237E-05
  9.720536165189250E-05  9.651747668888910E-05  9.583485119762988E-05
  9.373032622554687E-05  9.307505881019536E-05  9.242468992515372E-05
  9.042178062865267E-05  8.979680692110866E-05  8.917638964454954E-05
  8.726699587496706E-05  8.667014526979718E-05  8.607752956379164E-05
  8.425404967420481E-05  8.368332338916064E-05  8.311653320494987E-05
  8.137192510683009E-05  8.082549447164706E-05  8.028272548557644E-05
  7.861060311154365E-05  7.808680095786324E-05  7.756641065161026E-05
  7.596108247037146E-05  7.545839469625490E-05  7.495889265828328E-05
  7.341532765639342E-05  7.293238544467950E-05  7.245242483497733E-05
  7.096617954895760E-05  7.050175054644712E-05  7.004011900581822E-05
  6.860725999175081E-05  6.816023754613016E-05  6.771584647005254E-05
  6.633288549819423E-05  6.590227610645933E-05  6.547414827665599E-05
  6.413799376832491E-05  6.372290370790768E-05  6.331016006313441E-05
  6.201807845573095E-05  6.161770112567368E-05  6.121954813454861E-05
  5.996912401002598E-05  5.958272926441489E-05  5.919844824436931E-05
  5.798753710278046E-05  5.761446261405159E-05  5.724340117292973E-05
  5.607008136614882E-05  5.570972482685433E-05  5.535128930891078E-05
  5.421382530024574E-05  5.386563656680799E-05  5.351928447316970E-05
  5.241610453786932E-05  5.207957814640662E-05  5.174481078489658E-05
  5.067448972635943E-05  5.034915882100323E-05  5.002551526280676E-05
  4.898675246568593E-05  4.867218437278206E-05  4.835923706940306E-05
  4.735083186053807E-05  4.704662437847114E-05  4.674397560254787E-05
  4.576480929258536E-05  4.547058686390870E-05  4.517786504693196E-05
  4.422689280464635E-05  4.394230281001738E-05  4.365915891223725E-05
  4.273540404354216E-05  4.246011402768346E-05  4.218621874852483E-05
  4.128876210688264E-05  4.102245801661088E-05  4.075750005328934E-05
  3.988546696947948E-05  3.962785158985868E-05  3.937153618781151E-05
  3.852408904990738E-05  3.827488003153274E-05  3.802692712123958E-05
  3.720326530246333E-05  3.696219318061760E-05  3.672233540788200E-05
  3.592169540840515E-05  3.568850234969988E-05  3.545648376581651E-05
  3.467813344936949E-05  3.445257277567623E-05  3.422814835511123E-05
  3.347137830039058E-05  3.325321399944316E-05  3.303614923218315E-05
  3.230026882176921E-05  3.208927451758659E-05  3.187934447557551E-05
  3.116368440853137E-05  3.095964214642708E-05  3.075663026843671E-05
  3.006054520770874E-05  2.986324476687825E-05  2.966694211210195E-05
  2.898980784444053E-05  2.879904666453556E-05  2.860925181240366E-05
  2.795045935374022E-05  2.776604244719173E-05  2.758256146339871E-05
  2.694151460070067E-05  2.676325399323338E-05  2.658589993750783E-05
  2.596201773435709E-05  2.578973171878900E-05  2.561832389418492E-05
  2.501104317094114E-05  2.484455592625666E-05  2.467891945827780E-05
  2.408769295172753E-05  2.392683459274547E-05  2.376680045143599E-05
  2.319109272901420E-05  2.303569929020685E-05  2.288110432489451E-05
  2.232039053508657E-05  2.217030357039082E-05  2.202099014605258E-05
  2.147475855610274E-05  2.132982459157373E-05  2.118564004125893E-05
  2.065339409613304E-05  2.051346443311420E-05  2.037426080309496E-05
  1.985551731277558E-05  1.972044816337395E-05  1.958608234707495E-05
  1.908036795286925E-05  1.895002048259405E-05  1.882035429679510E-05
  1.832720460669658E-05  1.820144459642616E-05  1.807634448736941E-05
  1.759530654406765E-05  1.747400393773938E-05  1.735334051359054E-05
  1.688397481253382E-05  1.676700354475071E-05  1.665065136633643E-05
  1.619253044652933E-05  1.607976857979027E-05  1.596760627558589E-05
  1.552031162161947E-05  1.541164142332674E-05  1.530355180350586E-05
  1.486667284676546E-05  1.476198055482327E-05  1.465785040648332E-05
  1.423098638321585E-05  1.413016183230522E-05  1.402988154434304E-05
  1.361264314959489E-05  1.351557962746087E-05  1.341904301035097E-05
  1.301105141856635E-05  1.291764575076333E-05  1.282475011313833E-05
  1.242563420283840E-05  1.233578680755597E-05  1.224643303608470E-05
