  3.444391703679589E+00  3.438210743905664E+00  3.432027062639965E+00

  1.242181392323443E-05  1.233199318694842E-05  1.224266594639859E-05
  1.300705778447175E-05  1.291367975428982E-05  1.282081162422106E-05
  1.360847237975545E-05  1.351143748472267E-05  1.341492936208360E-05
  1.242436075080332E-05  1.233452224103687E-05  1.224517731202684E-05
  1.300972018621749E-05  1.291632373131005E-05  1.282343726352621E-05
  1.361125287597191E-05  1.351419889536560E-05  1.341767177636179E-05
  1.242563420283840E-05  1.233578680755597E-05  1.224643303608470E-05
  1.301105141856635E-05  1.291764575076333E-05  1.282475011313833E-05
  1.361264314959489E-05  1.351557962746087E-05  1.341904301035097E-05
  1.242563420283840E-05  1.233578680755597E-05  1.224643303608470E-05
  1.301105141856635E-05  1.291764575076333E-05  1.282475011313833E-05
  1.361264314959489E-05  1.351557962746087E-05  1.341904301035097E-05
  1.242436075080332E-05  1.233452224103687E-05  1.224517731202684E-05
  1.300972018621749E-05  1.291632373131005E-05  1.282343726352621E-05
  1.361125287597191E-05  1.351419889536560E-05  1.341767177636179E-05
  1.242181392323443E-05  1.233199318694842E-05  1.224266594639859E-05
  1.300705778447175E-05  1.291367975428982E-05  1.282081162422106E-05
  1.360847237975545E-05  1.351143748472267E-05  1.341492936208360E-05
  1.241799384043280E-05  1.232819976805093E-05  1.223889906209232E-05
  1.300306432700017E-05  1.290971393920888E-05  1.281687331849275E-05
  1.360430175398407E-05  1.350729548816464E-05  1.341081585908495E-05
  1.241290072904282E-05  1.232314220959128E-05  1.223387688543768E-05
  1.299773998787971E-05  1.290442645664275E-05  1.281162251879049E-05
  1.359874112761867E-05  1.350177303829655E-05  1.340533140803074E-05
  1.240653486812258E-05  1.231682079023671E-05  1.222759969345201E-05
  1.299108501475820E-05  1.289781756068600E-05  1.280505947936267E-05
  1.359179069248503E-05  1.349487033263117E-05  1.339847620733651E-05
  1.239889662425834E-05  1.230923588066870E-05  1.222006786142270E-05
  1.298309971553854E-05  1.288988756129613E-05  1.279718451655391E-05
  1.358345069565931E-05  1.348658762161631E-05  1.339025051102510E-05
  1.238998643615082E-05  1.230038792640540E-05  1.221128184097536E-05
  1.297378447118692E-05  1.288063684297154E-05  1.278799801737744E-05
  1.357372144922079E-05  1.347692521844453E-05  1.338065463758096E-05
  1.237980484835887E-05  1.229027746897034E-05  1.220124216953486E-05
  1.296313975890842E-05  1.287006588572197E-05  1.277750046307331E-05
  1.356260333382983E-05  1.346588351049519E-05  1.336968897637234E-05
  1.236835249536506E-05  1.227890515169230E-05  1.218994949986466E-05
  1.295116614090489E-05  1.285817525504167E-05  1.276569242335173E-05
  1.355009682789648E-05  1.345346297940376E-05  1.335735401603203E-05
  1.235563015064701E-05  1.226627174290084E-05  1.217740459812565E-05
  1.293786428840582E-05  1.284496562782885E-05  1.275257457970436E-05
  1.353620248828309E-05  1.343966419201291E-05  1.334365032882257E-05
  1.234163863850875E-05  1.225237807566725E-05  1.216360830257149E-05
  1.292323496989161E-05  1.283043777853539E-05  1.273814771489419E-05
  1.352092099191221E-05  1.342448783135223E-05  1.332857860576929E-05
  1.232637902425186E-05  1.223722521662877E-05  1.214856168013969E-05
  1.290727910210528E-05  1.281459262823134E-05  1.272241275045908E-05
  1.350425311622946E-05  1.340793468119846E-05  1.331213963816965E-05
  1.230985238620251E-05  1.222081424651203E-05  1.213226581737049E-05
  1.288999771816955E-05  1.279743120921216E-05  1.270537072187018E-05
  1.348619978279536E-05  1.339000566690986E-05  1.329433435344085E-05
  1.229206005684359E-05  1.220314649894461E-05  1.211472204554042E-05
  1.287139202213304E-05  1.277895473593760E-05  1.268702284894083E-05
  1.346676206227132E-05  1.337070186546904E-05  1.327516383625883E-05
  1.227300348967860E-05  1.218422343285405E-05  1.209593182890828E-05
  1.285146337856953E-05  1.275916457325435E-05  1.266737049978991E-05
  1.344594119442210E-05  1.335002452456859E-05  1.325462933743185E-05
  1.225268430535987E-05  1.216404666742234E-05  1.207589678731194E-05
  1.283021331055460E-05  1.273806225042976E-05  1.264641520950631E-05
  1.342373858123110E-05  1.332797505092800E-05  1.323273227370686E-05
  1.223110438595456E-05  1.214261807972580E-05  1.205461879312605E-05
  1.280764357459223E-05  1.271564952026676E-05  1.262415872653852E-05
  1.340015583123126E-05  1.330455505956528E-05  1.320947426201936E-05
  1.220826576839742E-05  1.211993970974248E-05  1.203209988533675E-05
  1.278375612442173E-05  1.269192833956900E-05  1.260060300980023E-05
  1.337519477056688E-05  1.327976637421626E-05  1.318485712830987E-05
  1.218417072190864E-05  1.209601383276810E-05  1.200834234593859E-05
  1.275855315002272E-05  1.266690090081571E-05  1.257575025581320E-05
  1.334885747915106E-05  1.325361107978037E-05  1.315888295817841E-05
  1.215882179187244E-05  1.207084297998670E-05  1.198334869665473E-05
  1.273203709222993E-05  1.264056964479973E-05  1.254960290248050E-05
  1.332114627646758E-05  1.322609150177264E-05  1.313155408276765E-05
  1.213222171779736E-05  1.204442989101529E-05  1.195712167170925E-05
  1.270421064510026E-05  1.261293726270682E-05  1.252216363939912E-05
  1.329206376105105E-05  1.319721023525609E-05  1.310287309613614E-05
  1.210437361518379E-05  1.201677767518366E-05  1.192966437585947E-05
  1.267507682109725E-05  1.258400675735147E-05  1.249343546057567E-05
  1.326161281895490E-05  1.316697016427915E-05  1.307284287562249E-05
  1.207528080198651E-05  1.198788963864429E-05  1.190098010207300E-05
  1.264463890285477E-05  1.255378140882980E-05  1.246342164084021E-05
  1.322979665955690E-05  1.313537449106350E-05  1.304146662246452E-05
  1.204494695485137E-05  1.195776945151933E-05  1.187107251580902E-05
  1.261290051266926E-05  1.252226483259048E-05  1.243212578940747E-05
  1.319661882314354E-05  1.310242675562413E-05  1.300874787033753E-05
  1.201337605164989E-05  1.192642108096193E-05  1.183994557280805E-05
  1.257986560117240E-05  1.248946096852304E-05  1.239955183732238E-05
  1.316208320405416E-05  1.306813084486303E-05  1.297469050096526E-05
  1.198057239856765E-05  1.189384881431471E-05  1.180760353995637E-05
  1.254553848212998E-05  1.245537411824459E-05  1.236570407027685E-05
  1.312619407239110E-05  1.303249101753812E-05  1.293929876093843E-05
  1.194654072684693E-05  1.186005736793622E-05  1.177405111906042E-05
  1.250992385804637E-05  1.242000896633486E-05  1.233058715800478E-05
  1.308895609349648E-05  1.299551192151368E-05  1.290257728379996E-05
  1.191128609956098E-05  1.182505178416876E-05  1.173929333271203E-05
  1.247302682436324E-05  1.238337059066343E-05  1.229420615986959E-05
  1.305037436215819E-05  1.295719863941219E-05  1.286453113383794E-05
  1.187481395081110E-05  1.178883747487568E-05  1.170333557147921E-05
  1.243485288339419E-05  1.234546447388738E-05  1.225656653641291E-05
  1.301045440269718E-05  1.291755667698702E-05  1.282516579951328E-05
  1.183713015338482E-05  1.175142028881770E-05  1.166618365491869E-05
  1.239540796368184E-05  1.230629652015871E-05  1.221767417029329E-05
  1.296920218457591E-05  1.287659197749226E-05  1.278448720112331E-05
  1.179824099850434E-05  1.171280648890235E-05  1.162784382229028E-05
  1.235469844727529E-05  1.226587308570769E-05  1.217753538750296E-05
  1.292662414949551E-05  1.283431095978302E-05  1.274250173362651E-05
  1.175815320328972E-05  1.167300275753684E-05  1.158832272094598E-05
  1.231273116479016E-05  1.222420096792493E-05  1.213615695845235E-05
  1.288272722493284E-05  1.279072052411264E-05  1.269921626579471E-05
  1.171687395574633E-05  1.163201625359894E-05  1.154762747670179E-05
  1.226951345256509E-05  1.218128746907582E-05  1.209354614603953E-05
  1.283751885801708E-05  1.274582807710717E-05  1.265463816836168E-05
  1.167441086927127E-05  1.158985454637167E-05  1.150576561803206E-05
  1.222505310599577E-05  1.213714034715024E-05  1.204971067183282E-05
  1.279100700485491E-05  1.269964154249245E-05  1.260877533077265E-05
  1.163077205919266E-05  1.154652570661119E-05  1.146274517065971E-05
  1.217935843485896E-05  1.209176786878264E-05  1.200465876174405E-05
  1.274320015717020E-05  1.265216937185479E-05  1.256163616335948E-05
  1.158596611948528E-05  1.150203828867259E-05  1.141857464778868E-05
  1.213243827890345E-05  1.204517882804663E-05  1.195839916046939E-05
  1.269410737469147E-05  1.260342057497689E-05  1.251322962772257E-05
  1.154000214863433E-05  1.145640133672368E-05  1.137326304383149E-05
  1.208430200469979E-05  1.199738254204140E-05  1.191094113906021E-05
  1.264373826989806E-05  1.255340471868261E-05  1.246356524347211E-05
  1.149288977701572E-05  1.140962442866554E-05  1.132681987820724E-05
  1.203495952187880E-05  1.194838886552123E-05  1.186229449419893E-05
  1.259210302856934E-05  1.250213192950389E-05  1.241265307844515E-05
  1.144463912082181E-05  1.136171761898996E-05  1.127925514557496E-05
  1.198442127131397E-05  1.189820817760326E-05  1.181246954489490E-05
  1.253921241192388E-05  1.244961291048401E-05  1.236050377711209E-05
  1.139526078737625E-05  1.131269145093829E-05  1.123057932781319E-05
  1.193269825481474E-05  1.184685141831484E-05  1.176147717026651E-05
  1.248507779027278E-05  1.239585896794392E-05  1.230712858422103E-05
  1.134476595659250E-05  1.126255704485552E-05  1.118080348364201E-05
  1.187980205780460E-05  1.179433010406259E-05  1.170932881676912E-05
  1.242971114225624E-05  1.234088201127419E-05  1.225253933665413E-05
  1.129316635508386E-05  1.121132605003912E-05  1.112993918497336E-05
  1.182574482447698E-05  1.174065630701516E-05  1.165603648565186E-05
  1.237312504798683E-05  1.228469454582164E-05  1.219674846809641E-05
  1.124047421722529E-05  1.115901063023002E-05  1.107799852591168E-05
  1.177053928329437E-05  1.168584267858408E-05  1.160161274966445E-05
  1.231533270757294E-05  1.222730969211861E-05  1.213976901711739E-05
  1.118670232888231E-05  1.110562348150055E-05  1.102499411474945E-05
  1.171419872860746E-05  1.162990242941840E-05  1.154607073780043E-05
  1.225634793393603E-05  1.216874118165216E-05  1.208161463456651E-05
  1.113186404961759E-05  1.105117788604387E-05  1.097093915185149E-05
  1.165673706193761E-05  1.157284937224772E-05  1.148942417263701E-05
  1.219618516835119E-05  1.210900335991977E-05  1.202229957339629E-05
  1.107597327533732E-05  1.099568764551491E-05  1.091584734937861E-05
  1.159816875605493E-05  1.151469788635301E-05  1.143168734308185E-05
  1.213485947829242E-05  1.204811120379117E-05  1.196183871563068E-05
  1.101904438369437E-05  1.093916704553241E-05  1.085973289846859E-05
  1.153850885490649E-05  1.145546292112289E-05  1.137287510029449E-05
  1.207238656129570E-05  1.198608030796339E-05  1.190024755767770E-05
  1.096109237437968E-05  1.088163098868601E-05  1.080261060790284E-05
  1.147777299642556E-05  1.139516001421318E-05  1.131300288442013E-05
  1.200878272934222E-05  1.192292688153298E-05  1.183754220100031E-05
  1.090213274024728E-05  1.082309486435529E-05  1.074449576081586E-05
  1.141597739660346E-05  1.133380527074739E-05  1.125208669063640E-05
  1.194406491452770E-05  1.185866774419479E-05  1.177373935875079E-05
  1.084218155569145E-05  1.076357463425332E-05  1.068540420807628E-05
  1.135313884619296E-05  1.127141537157390E-05  1.119014308871214E-05
  1.187825066358066E-05  1.179332032751705E-05  1.170885634354551E-05
  1.078125540842921E-05  1.070308677341136E-05  1.062535231181160E-05
  1.128927471528009E-05  1.120800756697220E-05  1.112718921165156E-05
  1.181135813447822E-05  1.172690266696737E-05  1.164291107238822E-05
  1.071937136715816E-05  1.064164824157801E-05  1.056435692639335E-05
  1.122440291039239E-05  1.114359964600947E-05  1.106324272862614E-05
  1.174340609230542E-05  1.165943340471264E-05  1.157592206179795E-05
  1.065654707618876E-05  1.057927655202022E-05  1.050243543030022E-05
  1.115854190938118E-05  1.107820995657186E-05  1.099832186088700E-05
  1.167441387750877E-05  1.159093174467266E-05  1.150790838265155E-05
  1.059280067532982E-05  1.051598972066874E-05  1.043960571865675E-05
  1.109171074172580E-05  1.101185739532565E-05  1.093244537282770E-05
  1.160440143429493E-05  1.152141749634059E-05  1.143888970905299E-05
  1.052815080195992E-05  1.045180626129089E-05  1.037588617920900E-05
  1.102392896707717E-05  1.094456139045744E-05  1.086563255794030E-05
  1.153338929116540E-05  1.145091104549364E-05  1.136888628485002E-05
  1.046261653942711E-05  1.038674511579935E-05  1.031129561879244E-05
  1.095521665563853E-05  1.087634187091014E-05  1.079790320915864E-05
  1.146139851819640E-05  1.137943332040323E-05  1.129791889380069E-05
  1.039621753448797E-05  1.032082579379535E-05  1.024585340674588E-05
  1.088559440707371E-05  1.080721928970236E-05  1.072927763089802E-05
  1.138845072355207E-05  1.130700577259383E-05  1.122600883720178E-05
  1.032897380630954E-05  1.025406817149153E-05  1.017957927564087E-05
  1.081508329996146E-05  1.073721457660371E-05  1.065977660714911E-05
  1.131456806660461E-05  1.123365040840103E-05  1.115317796661196E-05
  1.026090586709923E-05  1.018649261419109E-05  1.011249344699570E-05
  1.074370489942205E-05  1.066634914348662E-05  1.058942139387155E-05
  1.123977321169895E-05  1.115938973180987E-05  1.107944862624082E-05
  1.019203467583819E-05  1.011811993114747E-05  1.004461658181457E-05
  1.067148124110202E-05  1.059464486727272E-05  1.051823371429212E-05
  1.116408932180336E-05  1.108424674143171E-05  1.100484364945245E-05
  1.012238159488559E-05  1.004897132856247E-05  9.975969727865894E-06
  1.059843480636368E-05  1.052212407056200E-05  1.044623572917351E-05
  1.108754004503913E-05  1.100824491317241E-05  1.092938634459723E-05
  1.005196836977226E-05  9.979068392230143E-06  9.906574314793494E-06
  1.052458850529908E-05  1.044880949561571E-05  1.037345001512153E-05
  1.101014949426962E-05  1.093140819019959E-05  1.085310048380484E-05
  9.980817139481945E-06  9.908433106559879E-06  9.836452172152736E-06
  1.044996565305918E-05  1.037472428868676E-05  1.029989955292668E-05
  1.093194221232384E-05  1.085376093686420E-05  1.077601025199344E-05
  9.908950442477683E-06  9.837087836980916E-06  9.765625493621174E-06
  1.037458997149454E-05  1.029989199891502E-05  1.022560771575892E-05
  1.085294315483622E-05  1.077532792699636E-05  1.069814024793470E-05
  9.836391107934876E-06  9.765055255767752E-06  9.694116795156975E-06
  1.029848552986305E-05  1.022433652127615E-05  1.015059822768558E-05
  1.077317769495750E-05  1.069613435065554E-05  1.061951547388629E-05
  9.763162327751629E-06  9.692358369228896E-06  9.621948898644542E-06
  1.022167677217561E-05  1.014808211550017E-05  1.007489516610808E-05
  1.069267157005241E-05  1.061620575676462E-05  1.054016129425619E-05
  9.689287593021697E-06  9.619020500046721E-06  9.549144960980537E-06
  1.014418845524366E-05  1.007115336135795E-05  9.998522932659905E-06
  1.061145087254295E-05  1.053556804625440E-05  1.046010341858294E-05
  9.614790685621272E-06  9.545065263730154E-06  9.475728426799991E-06
  1.006604565485625E-05  9.993575151613912E-06  9.921506236548710E-06
  1.052954203095985E-05  1.045424745300781E-05  1.037936788705939E-05
  9.539695611197845E-06  9.470516477231675E-06  9.401722932673660E-06
  9.987273709645587E-06  9.915372630685466E-06  9.843870034958605E-06
  1.044697175582879E-05  1.037227049356808E-05  1.029798102320031E-05
  9.464026683134067E-06  9.395398273969728E-06  9.327152427522526E-06
  9.907898232470156E-06  9.836571223916611E-06  9.765639560153313E-06
  1.036376704065571E-05  1.028966395622467E-05  1.021596941262766E-05
  9.387808408594874E-06  9.319734979500606E-06  9.252041058187792E-06
  9.827945058342414E-06  9.757196573762539E-06  9.686840268645374E-06
  1.027995512682082E-05  1.020645488622586E-05  1.013335990398366E-05
  9.311065431183993E-06  9.243551052184534E-06  9.176413100110863E-06
  9.747440242340428E-06  9.677274543346747E-06  9.607497828604945E-06
  1.019556350193483E-05  1.012267056548687E-05  1.005017957623447E-05
  9.233822661863708E-06  9.166871218375127E-06  9.100293094542681E-06
  9.666410028764822E-06  9.596831177947830E-06  9.527638090334286E-06
  1.011061984292144E-05  1.003833846201500E-05  9.966455688312497E-06
  9.156105109525116E-06  9.089720295521305E-06  9.023705670666873E-06
  9.584880825391488E-06  9.515892689192569E-06  9.447287067988210E-06
  1.002515199746936E-05  9.953486220004947E-06  9.882215681782499E-06
  9.077937952296833E-06  9.012123273129573E-06  8.946675625393346E-06
  9.502879167883268E-06  9.434485415587732E-06  9.366470905548718E-06
  9.939187964316657E-06  9.868141627806424E-06  9.797487138208626E-06
  8.999346398380803E-06  8.934105168073292E-06  8.869227791927046E-06
  9.420431707413456E-06  9.352635804013606E-06  9.285215847311741E-06
  9.852755856759486E-06  9.782332586972769E-06  9.712297745447392E-06
  8.920355804643982E-06  8.855691145124961E-06  8.791387141440695E-06
  9.337565183685237E-06  9.270370393627805E-06  9.203548230950745E-06
  9.765883881250757E-06  9.696087092449636E-06  9.626675289916612E-06
  8.840991569081213E-06  8.776906414543759E-06  8.713178695238800E-06
  9.254306392590883E-06  9.187715780515170E-06  9.121494456755609E-06
  9.678600311377276E-06  9.609433205761430E-06  9.540647623587682E-06
  8.761279137759664E-06  8.697776225954288E-06  8.634627510750494E-06
  9.170682185548800E-06  9.104698611950016E-06  9.039080966916307E-06
  9.590933472350769E-06  9.522399040016082E-06  9.454242646925416E-06
  8.681243914110942E-06  8.618325789825404E-06  8.555758605256388E-06
  9.086719406310352E-06  9.021345527145995E-06  8.956334198298264E-06
  9.502911689190487E-06  9.435012705227585E-06  9.367488255853683E-06
  8.600911376488362E-06  8.538580392141337E-06  8.476597071503409E-06
  9.002444909695866E-06  8.937683180200191E-06  8.873280604638896E-06
  9.414563286721019E-06  9.347302310933974E-06  9.280412347391195E-06
  8.520306874231595E-06  8.458565188190914E-06  8.397167877144123E-06
  8.917885479808344E-06  8.853738151787093E-06  8.789946565197496E-06
  9.325916540623821E-06  9.259295922993331E-06  9.193042778330914E-06
  8.439455760933664E-06  8.378305335470078E-06  8.317495981691864E-06
  8.833067861574013E-06  8.769536984163934E-06  8.706358421371332E-06
  9.236999656932554E-06  9.171021536151769E-06  9.105407334038619E-06
  8.358383302315167E-06  8.297825916476199E-06  8.237606285006097E-06
  8.748018724988789E-06  8.685106143867972E-06  8.622542436137123E-06
  9.147840771494066E-06  9.082507070006300E-06  9.017533716113438E-06
  8.277114697692098E-06  8.217151926586615E-06  8.157523581532117E-06
  8.662764636378455E-06  8.600471994418097E-06  8.538524771345527E-06
  9.058467887687941E-06  8.993780315491208E-06  8.929449507983975E-06
  8.195674948235653E-06  8.136308185677588E-06  8.077272508236272E-06
  8.577332002216290E-06  8.515660742545346E-06  8.454331437360605E-06
  8.968908886155016E-06  8.904868941033797E-06  8.841182165365392E-06
  8.114088946594678E-06  8.055319390406499E-06  7.996877570385133E-06
  8.491747096969842E-06  8.430698464657677E-06  8.369988310772682E-06
  8.879191478461619E-06  8.815800451041463E-06  8.752758989574281E-06
  8.032381476498905E-06  7.974210136752614E-06  7.916363174044547E-06
  8.406036027308206E-06  8.345611064604819E-06  8.285521097188584E-06
  8.789343179584805E-06  8.726602150670913E-06  8.664207072489557E-06
  7.950577053117121E-06  7.893004749104785E-06  7.835753457330866E-06
  8.320224695122363E-06  8.260424248768330E-06  8.200955305828149E-06
  8.699391312849011E-06  8.637301155545907E-06  8.575553327209550E-06
  7.868700040599178E-06  7.811727416799808E-06  7.755072432636071E-06
  8.234338788672337E-06  8.175163513255540E-06  8.116316241728528E-06
  8.609362974904080E-06  8.547924355105450E-06  8.486824434476106E-06
  7.786774570991220E-06  7.730402072697845E-06  7.674343837323379E-06
  8.148403753694532E-06  8.089854105454792E-06  8.031628959278089E-06
  8.519284981242663E-06  8.458498365898895E-06  8.398046815144785E-06
  7.704824525549348E-06  7.649052423714240E-06  7.593591203275298E-06
  8.062444777150384E-06  8.004521024563117E-06  7.946918265350871E-06
  8.429183888475765E-06  8.369049542416026E-06  8.309246621520553E-06
  7.622873528348226E-06  7.567701908268132E-06  7.512837788499282E-06
  7.976486772076729E-06  7.919188989155973E-06  7.862208690782456E-06
  8.339085950891636E-06  8.279603941035957E-06  8.220449714680762E-06
  7.540944943466665E-06  7.486373718888136E-06  7.432106608077153E-06
  7.890554369542680E-06  7.833882448206175E-06  7.777524498611508E-06
  8.249017121408351E-06  8.190187312838591E-06  8.131681644121875E-06
  7.459061854725798E-06  7.405090756457628E-06  7.351420384862980E-06
  7.804671888470308E-06  7.748625527164852E-06  7.692889625686386E-06
  8.159003033155805E-06  8.100825089237447E-06  8.042967643672477E-06
  7.377246973021154E-06  7.323875555985136E-06  7.270801483302452E-06
  7.718863339617381E-06  7.663442051205654E-06  7.608327711890334E-06
  8.069069007168583E-06  8.011542398087578E-06  7.954332645827445E-06
  7.295522805724507E-06  7.242750454450836E-06  7.190272062099146E-06
  7.633152399811085E-06  7.578355519759285E-06  7.523862078222294E-06
  7.979239988195802E-06  7.922363996234251E-06  7.865801220270592E-06
  7.213911443013219E-06  7.161737370244441E-06  7.109853876259122E-06
  7.547562346850989E-06  7.493389040264804E-06  7.439515663499860E-06
  7.889540482297205E-06  7.833314225205107E-06  7.777397541303013E-06
  7.132434614867408E-06  7.080857878290339E-06  7.029568341736956E-06
  7.462116007940890E-06  7.408565283280930E-06  7.355310980503157E-06
  7.799994453177762E-06  7.744416888533872E-06  7.689145255651920E-06
  7.051113645729996E-06  7.000133151828289E-06  6.949436481406736E-06
  7.376835732027316E-06  7.323906437608496E-06  7.271270061166163E-06
  7.710625340739520E-06  7.655695255036746E-06  7.601067465866814E-06
  6.969969421352881E-06  6.919583909618877E-06  6.869478852294572E-06
  7.291743497849409E-06  7.239434292919729E-06  7.187414514823652E-06
  7.621456257633234E-06  7.567172222153567E-06  7.513186865595670E-06
  6.889022486477583E-06  6.839230534736823E-06  6.789715677592109E-06
  7.206861119072686E-06  7.155170444135575E-06  7.103765723759315E-06
  7.532510325508218E-06  7.478870643551386E-06  7.425526046716742E-06
  6.808293168758573E-06  6.759093152105858E-06  6.710166887178077E-06
  7.122210366960706E-06  7.071136433303979E-06  7.020344997782695E-06
  7.443810801564145E-06  7.390813512576138E-06  7.338107737207091E-06
  6.727801656815941E-06  6.679191761577903E-06  6.630852289437587E-06
  7.037812835100820E-06  6.987353680720645E-06  6.937173573341435E-06
  7.355380727804046E-06  7.303023719834575E-06  7.250954645841998E-06
  6.647567789171769E-06  6.599546062066606E-06  6.551791431178603E-06
  6.953689245186830E-06  6.903842892534887E-06  6.854272107816290E-06
  7.267241778796934E-06  7.215523036285685E-06  7.164088596636920E-06
  6.567610579900831E-06  6.520175041718122E-06  6.473003252919611E-06
  6.869858350827345E-06  6.820623013017524E-06  6.771659704640355E-06
  7.179412516447302E-06  7.128330438863385E-06  7.077528925883607E-06
  6.487947336799630E-06  6.441096143089933E-06  6.394505306484859E-06
  6.786335576793031E-06  6.737709884817132E-06  6.689352587912892E-06
  7.091906538523099E-06  7.041460215021301E-06  6.991290581000539E-06
  6.408592718417746E-06  6.362324330805813E-06  6.316312835392163E-06
  6.703131969614162E-06  6.655115102889695E-06  6.607362891962250E-06
  7.004731364890886E-06  6.954920686237075E-06  6.905382678118664E-06
  6.329557788329226E-06  6.283871099904616E-06  6.238437753550821E-06
  6.620253836128588E-06  6.572845534578414E-06  6.525698053579125E-06
  6.917888580032164E-06  6.868714126967804E-06  6.819808217938424E-06
  6.250849658482610E-06  6.205744008711631E-06  6.160888071086333E-06
  6.537703180834131E-06  6.490903620227741E-06  6.444360976244514E-06
  6.831375088622898E-06  6.782837872533333E-06  6.734565016904651E-06
  6.172471680526772E-06  6.127946809809762E-06  6.083667954219069E-06
  6.455478723946332E-06  6.409288344538839E-06  6.363350939256686E-06
  6.745184999981184E-06  6.697286153229136E-06  6.649647476082533E-06
  6.094424016881291E-06  6.050479968763057E-06  6.006778193375328E-06
  6.373576993161804E-06  6.327996344611501E-06  6.282664712699456E-06
  6.659311205159879E-06  6.612051786308121E-06  6.565048357302371E-06
  6.016704279779459E-06  5.973341280012677E-06  5.930216778181125E-06
  6.291992930732892E-06  6.247022609326253E-06  6.202297333288687E-06
  6.573745951827929E-06  6.527126925948427E-06  6.480759714296873E-06
  5.939308116606129E-06  5.896526517767518E-06  5.853979620764985E-06
  6.210720003038779E-06  6.166360675187423E-06  6.122242401091639E-06
  6.488480541130563E-06  6.442502883453004E-06  6.396772849522362E-06
  5.862229334724117E-06  5.820029610556700E-06  5.778060768414400E-06
  6.129749912541698E-06  6.086002380672192E-06  6.042491881660551E-06
  6.403504572788149E-06  6.358169403212557E-06  6.313077633893809E-06
  5.785460000359507E-06  5.743842765296827E-06  5.702452567609689E-06
  6.049072368361971E-06  6.005937599854846E-06  5.963035816524668E-06
  6.318805411862961E-06  6.274114052079523E-06  6.229661836014191E-06
  5.708990293902106E-06  5.667956314664228E-06  5.627145503416949E-06
  5.968675075298395E-06  5.926154191124635E-06  5.883862222004169E-06
  6.234368279511107E-06  6.190322202872722E-06  6.146510992693129E-06
  5.632808593949659E-06  5.592358760809764E-06  5.552128204890226E-06
  5.888544044963944E-06  5.846638257490048E-06  5.804957300606588E-06
  6.150176822220906E-06  6.106777551736483E-06  6.063608868706455E-06
  5.556901625732416E-06  5.517036944099698E-06  5.477387634248585E-06
  5.808663946060170E-06  5.767374518292542E-06  5.726305833884651E-06
  6.066213634007363E-06  6.023462692856154E-06  5.980938059808877E-06
  5.481254717972899E-06  5.441976272552349E-06  5.402909283805993E-06
  5.729018197257642E-06  5.688346456252161E-06  5.647891360126023E-06
  5.982460231804234E-06  5.940359181852295E-06  5.898480154835893E-06
  5.405851796725748E-06  5.367160762835656E-06  5.328677257970437E-06
  5.649588734069878E-06  5.609536110842153E-06  5.569696020327149E-06
  5.898896539432436E-06  5.857447062721353E-06  5.816215308880168E-06
  5.330675338908605E-06  5.292572995333094E-06  5.254674244158521E-06
  5.570355861230661E-06  5.530923893378287E-06  5.491700338823465E-06
  5.815500642399933E-06  5.774704541052966E-06  5.734121851825220E-06
  5.255706447770360E-06  5.218194143356855E-06  5.180881488723502E-06
  5.491298746842487E-06  5.452488980141748E-06  5.413883514661589E-06
  5.732249708534725E-06  5.692108724905365E-06  5.652176868052065E-06
  5.180925265656056E-06  5.144004361544925E-06  5.107279173747057E-06
  5.412396610666076E-06  5.374210439213541E-06  5.336224487271523E-06
  5.649121918334745E-06  5.609637488016695E-06  5.570357950655616E-06
  5.106311889966012E-06  5.069983641632618E-06  5.033847194616773E-06
  5.333629739521433E-06  5.296068331238668E-06  5.258703092175785E-06
  5.566097741769222E-06  5.527270934377941E-06  5.488644828380745E-06
  5.031846785309106E-06  4.996112339197249E-06  4.960565797422542E-06
  5.254978913177054E-06  5.218043398688067E-06  5.181299995871320E-06
  5.483158363472105E-06  5.444990270161785E-06  5.407018658942124E-06
  4.957510106043901E-06  4.922370656377526E-06  4.887415200354603E-06
  5.176422591522260E-06  5.140114493113275E-06  5.103994384926635E-06
  5.400280652533401E-06  5.362773107267228E-06  5.325457707949428E-06
  4.883279709271069E-06  4.848736772073191E-06  4.814373873260600E-06
  5.097933393346279E-06  5.062254981812458E-06  5.026760353459983E-06
  5.317431930160284E-06  5.280587978689293E-06  5.243931706153639E-06
  4.809129237100842E-06  4.775184822864485E-06  4.741416444683914E-06
  5.019477740202907E-06  4.984431793873576E-06  4.949565417362923E-06
  5.234570924093127E-06  5.198394191629136E-06  5.162400693861950E-06
  4.735028760955396E-06  4.701685069158518E-06  4.668513435619758E-06
  4.941022334551769E-06  4.906610938780269E-06  4.872375085712254E-06
  5.151659974769020E-06  5.116152567423915E-06  5.080824293009696E-06
  4.660950385341912E-06  4.628208854632635E-06  4.595635575762576E-06
  4.862547909787013E-06  4.828770540936621E-06  4.795165118133775E-06
  5.068687245563669E-06  5.033846803906925E-06  4.999182093145687E-06
  4.586878484130974E-06  4.554738394299420E-06  4.522763097092004E-06
  4.784065161289309E-06  4.750916891138804E-06  4.717937580775171E-06
  4.985688928828601E-06  4.951506378274362E-06  4.917497038472920E-06
  4.512820876450174E-06  4.481278103565892E-06  4.449897137701136E-06
  4.705624224679353E-06  4.673095147023625E-06  4.640732638907323E-06
  4.902757539589725E-06  4.869217121606421E-06  4.835848130451580E-06
  4.438815414913472E-06  4.407862017225752E-06  4.377067908299217E-06
  4.627310748327727E-06  4.595387147062168E-06  4.563628104085090E-06
  4.820027701746389E-06  4.787109735435859E-06  4.754361713752949E-06
  4.364927457350177E-06  4.334552413111880E-06  4.304334467983045E-06
  4.549228577344152E-06  4.517895413066859E-06  4.486724854387510E-06
  4.737643633966050E-06  4.705328819473350E-06  4.673182255502833E-06
  4.291238387516747E-06  4.261429245212735E-06  4.231775127879800E-06
  4.471476899990574E-06  4.440720409572296E-06  4.410124363320783E-06
  4.655724168105679E-06  4.623997227468109E-06  4.592436304153885E-06
  4.217830239930366E-06  4.188574909528349E-06  4.159472458174604E-06
  4.394132902353756E-06  4.363942081640141E-06  4.333909242688193E-06
  4.574342774933965E-06  4.543193693787967E-06  4.512207852490452E-06
  4.144773139185968E-06  4.116061043136963E-06  4.087499515734175E-06
  4.317247044385899E-06  4.287613555463525E-06  4.258135363183961E-06
  4.493530408282814E-06  4.462953096552411E-06  4.432535955961028E-06
  4.072120247650646E-06  4.043942536677617E-06  4.015912939019933E-06
  4.240850157736859E-06  4.211767154738540E-06  4.182836697515079E-06
  4.413295000800920E-06  4.383284689325438E-06  4.353431490127940E-06
  3.999910178956313E-06  3.972259215195413E-06  3.944753842788076E-06
  4.164965193337128E-06  4.136426030690546E-06  4.108036725650263E-06
  4.333643086395110E-06  4.304194189752630E-06  4.274899539001253E-06
  3.928173127969560E-06  3.901041754207036E-06  3.874053459856807E-06
  4.089616029960408E-06  4.061613564869246E-06  4.033758369180684E-06
  4.254591646351913E-06  4.225697069783995E-06  4.196954070227436E-06
  3.856936402470256E-06  3.830317468068571E-06  3.803839147427640E-06
  4.014829858513956E-06  3.987356487482765E-06  3.960027869177337E-06
  4.176167568849915E-06  4.147819254245397E-06  4.119619946775967E-06
  3.786226818696367E-06  3.760113067122983E-06  3.734137504773063E-06
  3.940634780636557E-06  3.913682834928246E-06  3.886873149075873E-06
  4.098400328824888E-06  4.070590166679522E-06  4.042926448757445E-06
  3.716070410609993E-06  3.690454596526026E-06  3.664974575164475E-06
  3.867056576707618E-06  3.840618632955866E-06  3.814320455492960E-06
  4.021315512476323E-06  3.994035881231650E-06  3.966900104174999E-06
  3.646491268816608E-06  3.621366292930256E-06  3.596374724223456E-06
  3.794117201440126E-06  3.768186139635699E-06  3.742392357437961E-06
  3.944932982454353E-06  3.918176732160043E-06  3.891561742323819E-06
  3.577510782499926E-06  3.552869736111185E-06  3.528359728071379E-06
  3.721835383154446E-06  3.696404272649697E-06  3.671107976253071E-06
  3.869268739683772E-06  3.843028916551871E-06  3.816927788434432E-06
  3.509147888963145E-06  3.484984016468738E-06  3.460948832621846E-06
  3.650227928711913E-06  3.625289904686438E-06  3.600484262283118E-06
  3.794337380009107E-06  3.768607004914074E-06  3.743012806450987E-06
  3.441419584655388E-06  3.417726221778014E-06  3.394159225583039E-06
  3.579310522217182E-06  3.554858734229937E-06  3.530536928188735E-06
  3.720153214094414E-06  3.694925246383501E-06  3.669830977245933E-06
  3.374341396960581E-06  3.351111935215334E-06  3.328006547535823E-06
  3.509097842429945E-06  3.485125470799496E-06  3.461280712129624E-06
  3.646730027969465E-06  3.621997429137168E-06  3.597396080572243E-06
  3.307927634945734E-06  3.285155525493127E-06  3.262505222689415E-06
  3.439603368493572E-06  3.416103661402091E-06  3.392729225025911E-06
  3.574080451507702E-06  3.549836255369647E-06  3.525720889738538E-06
  3.242191351211324E-06  3.219870109567433E-06  3.197668434749406E-06
  3.370839197429673E-06  3.347805484071304E-06  3.324894725727113E-06
  3.502215613386461E-06  3.478452953615291E-06  3.454816731185284E-06
  3.177144295345181E-06  3.155267511932556E-06  3.133508082835732E-06
  3.302816084359686E-06  3.280241769131345E-06  3.257788122521725E-06
  3.431145224126976E-06  3.407857315172901E-06  3.384693478900777E-06
  3.112797065720663E-06  3.091358395236330E-06  3.070034892592853E-06
  3.235543612949833E-06  3.213422158148904E-06  3.191419114658671E-06
  3.360877852021352E-06  3.338057952830543E-06  3.315359797151820E-06
  3.049159049451422E-06  3.028152200445625E-06  3.007258363634281E-06
  3.169030360079633E-06  3.147355270627470E-06  3.125796367554096E-06
  3.291421212859310E-06  3.269062620496233E-06  3.246823474432967E-06
  2.986238671023610E-06  2.965657411598349E-06  2.945187035121657E-06
  3.103284024120116E-06  3.082048855603393E-06  3.060927677896396E-06
  3.222782255063428E-06  3.200878297515082E-06  3.179091523036143E-06
  2.924043461006947E-06  2.903881618510455E-06  2.883828559307961E-06
  3.038311411652733E-06  3.017509776969047E-06  2.996819965205160E-06
  3.154967028781111E-06  3.133511100378095E-06  3.112170117002199E-06
  2.862580026420334E-06  2.842831475636104E-06  2.823189635733133E-06
  2.974118369658198E-06  2.953743940342857E-06  2.933479196456651E-06
  3.087980597443610E-06  3.066966164322264E-06  3.046064470616684E-06
  2.801854096155222E-06  2.782512771184869E-06  2.763276112928313E-06
  2.910709846351213E-06  2.890756359537573E-06  2.870910449600847E-06
  3.021827117730170E-06  3.001247708747927E-06  2.980778863067900E-06
  2.741870580568539E-06  2.722930472173710E-06  2.704093014891091E-06
  2.848090026741021E-06  2.828551267609925E-06  2.809118007333256E-06
  2.956510015035239E-06  2.936359199065040E-06  2.916316805109723E-06
  2.682633594899465E-06  2.664088745094311E-06  2.645644560987676E-06
  2.786262397008337E-06  2.767132193765971E-06  2.748105441092382E-06
  2.892032099229723E-06  2.872303484645603E-06  2.852681178930465E-06
  2.624146611211216E-06  2.605991117112020E-06  2.587934328219307E-06
  2.725229767636847E-06  2.706502001412542E-06  2.687875666596942E-06
  2.828395527805795E-06  2.809082772313371E-06  2.789874246423340E-06
  2.566412360440994E-06  2.548640361213694E-06  2.530965138412788E-06
  2.664994242360270E-06  2.646662854696590E-06  2.628430907848226E-06
  2.765601725452423E-06  2.746698567145668E-06  2.727897584430050E-06
  2.509432976057644E-06  2.492038675362623E-06  2.474739247917565E-06
  2.605557245787457E-06  2.587616238868527E-06  2.569772712259985E-06
  2.703651410502138E-06  2.685151641308421E-06  2.666752026104238E-06
  2.453209924398144E-06  2.436187580660634E-06  2.419258235241705E-06
  2.546919602594456E-06  2.529363029927277E-06  2.511902004938326E-06
  2.642544712462748E-06  2.624442176223104E-06  2.606437804088045E-06
  2.397744102926745E-06  2.381088023231817E-06  2.364523094106709E-06
  2.489081584287931E-06  2.471903549241453E-06  2.454819159037033E-06
  2.582281271378403E-06  2.564569858439396E-06  2.546954648962916E-06
  2.343035825473657E-06  2.326740373595283E-06  2.310534252062175E-06
  2.432042936373707E-06  2.415237600171607E-06  2.398524034897518E-06
  2.522860233228078E-06  2.505533893418922E-06  2.488301826543343E-06
  2.289084936892665E-06  2.273144532355268E-06  2.257291667633460E-06
  2.375802874039457E-06  2.359364456531827E-06  2.343015963328622E-06
  2.464280164927221E-06  2.447332914734984E-06  2.430478033359972E-06
  2.235890772502489E-06  2.220299883005203E-06  2.204794765596301E-06
  2.320360088825162E-06  2.304282866251642E-06  2.288293749526781E-06
  2.406539096225905E-06  2.389965008969068E-06  2.373481419087181E-06
  2.183452149950672E-06  2.168205299297947E-06  2.153042484632847E-06
  2.265712808208331E-06  2.249991107558060E-06  2.234355723754244E-06
  2.349634630151642E-06  2.333427834005660E-06  2.317309691858018E-06
  2.131767469384615E-06  2.116859237585818E-06  2.102033331180736E-06
  2.211858863167071E-06  2.196487068586845E-06  2.181199828165672E-06
  2.293563995489973E-06  2.277718670574169E-06  2.261960185504877E-06
  2.080834743120422E-06  2.066259767837435E-06  2.051765432029843E-06
  2.158795666473345E-06  2.143768220980724E-06  2.128823594175247E-06
  2.238324017758421E-06  2.222834408320348E-06  2.207429850691211E-06
  2.030651516073116E-06  2.016404483762265E-06  2.002236432735037E-06
  2.106520205577430E-06  2.091831612451157E-06  2.077224130866503E-06
  2.183911061168120E-06  2.168771482225519E-06  2.153715197185874E-06
  1.981215027896140E-06  1.967290689007385E-06  1.953443699179974E-06
  2.055029074656385E-06  2.040673900820100E-06  2.026398157431378E-06
  2.130321088148736E-06  2.115525911177366E-06  2.100812298301447E-06
  1.932522092949452E-06  1.918915253661324E-06  1.905384156890434E-06
  2.004318530228240E-06  1.990291392225761E-06  1.976342031473560E-06
  2.077549759460456E-06  2.063093408279068E-06  2.048716919003237E-06
  1.884569186728857E-06  1.871274707575687E-06  1.858054390344602E-06
  1.954384519776685E-06  1.940680090880334E-06  1.927051812185021E-06
  2.025592461103639E-06  2.011469417379127E-06  1.997424560039462E-06
  1.837352531953382E-06  1.824365326498369E-06  1.811450726886140E-06
  1.905222692361188E-06  1.891835705880864E-06  1.878523268600070E-06
  1.974444273008338E-06  1.960649083320403E-06  1.946930433499234E-06
  1.790867972700614E-06  1.778183010564046E-06  1.765569123588972E-06
  1.856828356790300E-06  1.843753611623626E-06  1.830751839478947E-06
  1.924099924563055E-06  1.910627206904961E-06  1.897229406542925E-06
  1.745111131862371E-06  1.732723447849569E-06  1.720405333220694E-06
  1.809196532229854E-06  1.796428886386416E-06  1.783732664488483E-06
  1.874553825066848E-06  1.861398259616119E-06  1.848316016483259E-06
  1.700077317416667E-06  1.687982000487889E-06  1.675954771584489E-06
  1.762321979631282E-06  1.749856351418739E-06  1.737460621638052E-06
  1.825800158297230E-06  1.812956481880273E-06  1.800184558168584E-06
  1.655761624294799E-06  1.643953819461319E-06  1.632212644821342E-06
  1.716199246622357E-06  1.704030607203892E-06  1.691930367700842E-06
  1.777832921679553E-06  1.765295928188190E-06  1.752829146390240E-06
  1.612158895274275E-06  1.600633804935441E-06  1.589173912997750E-06
  1.670822665761148E-06  1.658946048455369E-06  1.647136356414005E-06
  1.730645902627132E-06  1.718410451967401E-06  1.706243696052958E-06
  1.569263757913729E-06  1.558016641933557E-06  1.546833314256793E-06
  1.626186326884869E-06  1.614596828543369E-06  1.603072805712242E-06
  1.684232625696429E-06  1.672293646978522E-06  1.660421870062523E-06
  1.527070652366569E-06  1.516096831793121E-06  1.505185413780389E-06
  1.582284107737706E-06  1.570976887290702E-06  1.559733716317791E-06
  1.638586400921007E-06  1.626938886701522E-06  1.615357106459079E-06
  1.485573787208280E-06  1.474868633596741E-06  1.464224520890536E-06
  1.539109702556224E-06  1.528079974482188E-06  1.517112894508540E-06
  1.593700374897484E-06  1.582339374938432E-06  1.571042668331900E-06
  1.444767235345118E-06  1.434326190207685E-06  1.423944844439513E-06
  1.496656664274144E-06  1.485899704997884E-06  1.475204015924962E-06
  1.549567576177490E-06  1.538488200006372E-06  1.527471699558857E-06
  1.404644897808149E-06  1.394463451526129E-06  1.384340386389096E-06
  1.454918397048841E-06  1.444429544478776E-06  1.434000605985985E-06
  1.506180877775423E-06  1.495378305263948E-06  1.484637213825861E-06
  1.365200501834007E-06  1.355274207094818E-06  1.345404998769537E-06
  1.413888123210014E-06  1.403662779064428E-06  1.393496016872865E-06
  1.463532972170879E-06  1.453002448843586E-06  1.442532036774362E-06
  1.326427693408854E-06  1.316752159315658E-06  1.307132438967609E-06
  1.373558943505931E-06  1.363592566832340E-06  1.353683462927243E-06
  1.421616403394733E-06  1.411353236348808E-06  1.401148834534572E-06
  1.288319939142410E-06  1.278890836854276E-06  1.269516296714094E-06
  1.333923844181062E-06  1.324211956686125E-06  1.314556055149282E-06
  1.380423667308384E-06  1.370423222476196E-06  1.360480218803828E-06
  1.250870627240421E-06  1.241683683087636E-06  1.232550070974954E-06
  1.294975739352394E-06  1.285513920672639E-06  1.276106823325429E-06
  1.339947174776696E-06  1.330204880174633E-06  1.320518727201265E-06
  1.214073055484340E-06  1.205124048229436E-06  1.196227163617706E-06
  1.256707448600615E-06  1.247491339544111E-06  1.238328708247889E-06
  1.300179239668857E-06  1.290690591112103E-06  1.281256806057232E-06
  1.177920417443827E-06  1.169205198573957E-06  1.160540913574804E-06
  1.219111686169936E-06  1.210136994296601E-06  1.201214557635703E-06
  1.261112087743060E-06  1.251872648039258E-06  1.242686814406800E-06
  1.142405845370238E-06  1.133920315116474E-06  1.125484551920967E-06
  1.182181115891454E-06  1.173443605374793E-06  1.164757149202529E-06
  1.222737870986644E-06  1.213743263750388E-06  1.204801028467178E-06
  1.107522436172389E-06  1.099262552836948E-06  1.091051288270105E-06
  1.145908358749949E-06  1.137403852337876E-06  1.128949222262781E-06
  1.185048736843597E-06  1.176294645179647E-06  1.167591712755290E-06
  1.073263193884123E-06  1.065224973637147E-06  1.057234244835978E-06
  1.110286022239544E-06  1.102010404305292E-06  1.093783502543924E-06
  1.148036841224878E-06  1.139519011156796E-06  1.131051149114547E-06
  1.039621187820951E-06  1.031800706836647E-06  1.024026610151177E-06
  1.075306726737088E-06  1.067255940880255E-06  1.059252732367047E-06
  1.111694325163919E-06  1.103408568479855E-06  1.095171608991183E-06
  1.006589470043467E-06  9.989828624466733E-07  9.914215489247999E-07
  1.040963092795058E-06  1.033133146242964E-06  1.025349657718321E-06
  1.076013338834154E-06  1.067955528858318E-06  1.059945365893472E-06
  9.741610538927695E-07  9.667645045028115E-07  9.594121794595741E-07
  1.007247780343479E-06  9.996347365554695E-07  9.920670513793240E-07
  1.040986090944987E-06  1.033152165989774E-06  1.025364758735418E-06
  9.423291231651151E-07  9.351388805683882E-07  9.279918147208964E-07
  9.741536414700429E-07  9.667536254473734E-07  9.593978890299724E-07
  1.006604934876615E-06  9.989908934919197E-07  9.914222590600490E-07
